L -381.0000, -1345.0000, 681.0000,  -389.0000, -1360.0000, 681.0000,  153, 153, 153
L -364.0000, -1344.0000, 681.0000,  -381.0000, -1345.0000, 681.0000,  153, 153, 153
L -354.0000, -1359.0000, 681.0000,  -364.0000, -1344.0000, 681.0000,  153, 153, 153
L -362.0000, -1375.0000, 681.0000,  -354.0000, -1359.0000, 681.0000,  153, 153, 153
L -380.0000, -1375.0000, 6812.0000,  -362.0000, -1375.0000, 681.0000,  153, 153, 153
L -353.0000, -1387.0000, 682.0000,  -385.0000, -1387.0000, 681.0000,  153, 153, 153
L -338.0000, -1356.0000, 682.0000,  -353.0000, -1387.0000, 682.0000,  153, 153, 153
L -357.0000, -1330.0000, 682.0000,  -338.0000, -1356.0000, 682.0000,  153, 153, 153
L -388.0000, -1335.0000, 680.0000,  -357.0000, -1330.0000, 682.0000,  153, 153, 153
L -402.0000, -1363.0000, 678.0000,  -388.0000, -1335.0000, 680.0000,  153, 153, 153
L -386.0000, -1388.0000, 6815.0000,  -402.0000, -1363.0000, 678.0000,  153, 153, 153
L -521.0000, -1601.0000, 682.0000,  -539.0000, -1598.0000, 682.0000,  153, 153, 153
L -516.0000, -1617.0000, 682.0000,  -521.0000, -1601.0000, 682.0000,  153, 153, 153
L -527.0000, -1631.0000, 682.0000,  -516.0000, -1617.0000, 682.0000,  153, 153, 153
L -544.0000, -1628.0000, 682.0000,  -527.0000, -1631.0000, 682.0000,  153, 153, 153
L -550.0000, -1611.0000, 682.0000,  -544.0000, -1628.0000, 682.0000,  153, 153, 153
L -539.0000, -1598.0000, 6823.0000,  -550.0000, -1611.0000, 682.0000,  153, 153, 153
L -553.0000, -1639.0000, 683.0000,  -564.0000, -1609.0000, 683.0000,  153, 153, 153
L -521.0000, -1644.0000, 683.0000,  -553.0000, -1639.0000, 683.0000,  153, 153, 153
L -502.0000, -1619.0000, 682.0000,  -521.0000, -1644.0000, 683.0000,  153, 153, 153
L -514.0000, -1590.0000, 681.0000,  -502.0000, -1619.0000, 682.0000,  153, 153, 153
L -544.0000, -1586.0000, 680.0000,  -514.0000, -1590.0000, 681.0000,  153, 153, 153
L -565.0000, -1608.0000, 6831.0000,  -544.0000, -1586.0000, 680.0000,  153, 153, 153
L -833.0000, -1435.0000, 682.0000,  -823.0000, -1419.0000, 681.0000,  153, 153, 153
L -851.0000, -1434.0000, 682.0000,  -833.0000, -1435.0000, 682.0000,  153, 153, 153
L -859.0000, -1418.0000, 682.0000,  -851.0000, -1434.0000, 682.0000,  153, 153, 153
L -848.0000, -1403.0000, 682.0000,  -859.0000, -1418.0000, 682.0000,  153, 153, 153
L -831.0000, -1404.0000, 682.0000,  -848.0000, -1403.0000, 682.0000,  153, 153, 153
L -824.0000, -1420.0000, 6826.0000,  -831.0000, -1404.0000, 682.0000,  153, 153, 153
L -823.0000, -1392.0000, 681.0000,  -810.0000, -1420.0000, 682.0000,  153, 153, 153
L -855.0000, -1390.0000, 683.0000,  -823.0000, -1392.0000, 681.0000,  153, 153, 153
L -873.0000, -1417.0000, 683.0000,  -855.0000, -1390.0000, 683.0000,  153, 153, 153
L -858.0000, -1445.0000, 682.0000,  -873.0000, -1417.0000, 683.0000,  153, 153, 153
L -828.0000, -1447.0000, 682.0000,  -858.0000, -1445.0000, 682.0000,  153, 153, 153
L -809.0000, -1421.0000, 6824.0000,  -828.0000, -1447.0000, 682.0000,  153, 153, 153
L 1480.0000, 253.0000, -1250.0000,  1471.0000, 267.0000, -1250.0000,  153, 153, 153
L 1496.0000, 253.0000, -1250.0000,  1480.0000, 253.0000, -1250.0000,  153, 153, 153
L 1505.0000, 268.0000, -1250.0000,  1496.0000, 253.0000, -1250.0000,  153, 153, 153
L 1496.0000, 282.0000, -1250.0000,  1505.0000, 268.0000, -1250.0000,  153, 153, 153
L 1480.0000, 282.0000, -1250.0000,  1496.0000, 282.0000, -1250.0000,  153, 153, 153
L 1471.0000, 268.0000, -12508.0000,  1480.0000, 282.0000, -1250.0000,  153, 153, 153
L 1436.0000, 262.0000, -1250.0000,  1436.0000, 240.0000, -1250.0000,  153, 153, 153
L 1432.0000, 262.0000, -1247.0000,  1436.0000, 262.0000, -1250.0000,  153, 153, 153
L 1431.0000, 238.0000, -1247.0000,  1432.0000, 262.0000, -1247.0000,  153, 153, 153
L 1485.0000, 206.0000, -1247.0000,  1431.0000, 238.0000, -1247.0000,  153, 153, 153
L 1540.0000, 237.0000, -1247.0000,  1485.0000, 206.0000, -1247.0000,  153, 153, 153
L 1540.0000, 300.0000, -1247.0000,  1540.0000, 237.0000, -1247.0000,  153, 153, 153
L 1486.0000, 331.0000, -1247.0000,  1540.0000, 300.0000, -1247.0000,  153, 153, 153
L 1433.0000, 301.0000, -1247.0000,  1486.0000, 331.0000, -1247.0000,  153, 153, 153
L 1432.0000, 274.0000, -1247.0000,  1433.0000, 301.0000, -1247.0000,  153, 153, 153
L 1436.0000, 274.0000, -1250.0000,  1432.0000, 274.0000, -1247.0000,  153, 153, 153
L 1436.0000, 297.0000, -1250.0000,  1436.0000, 274.0000, -1250.0000,  153, 153, 153
L 1486.0000, 326.0000, -1250.0000,  1436.0000, 297.0000, -1250.0000,  153, 153, 153
L 1535.0000, 297.0000, -1250.0000,  1486.0000, 326.0000, -1250.0000,  153, 153, 153
L 1535.0000, 240.0000, -1250.0000,  1535.0000, 297.0000, -1250.0000,  153, 153, 153
L 1486.0000, 212.0000, -1250.0000,  1535.0000, 240.0000, -1250.0000,  153, 153, 153
L 1436.0000, 240.0000, -12508.0000,  1486.0000, 212.0000, -1250.0000,  153, 153, 153
L 1423.0000, 257.0000, -1243.0000,  1417.0000, 256.0000, -1244.0000,  153, 153, 153
L 1423.0000, 232.0000, -1242.0000,  1423.0000, 257.0000, -1243.0000,  153, 153, 153
L 1486.0000, 195.0000, -1242.0000,  1423.0000, 232.0000, -1242.0000,  153, 153, 153
L 1549.0000, 233.0000, -1239.0000,  1486.0000, 195.0000, -1242.0000,  153, 153, 153
L 1549.0000, 304.0000, -1241.0000,  1549.0000, 233.0000, -1239.0000,  153, 153, 153
L 1485.0000, 340.0000, -1241.0000,  1549.0000, 304.0000, -1241.0000,  153, 153, 153
L 1423.0000, 304.0000, -1242.0000,  1485.0000, 340.0000, -1241.0000,  153, 153, 153
L 1423.0000, 277.0000, -1244.0000,  1423.0000, 304.0000, -1242.0000,  153, 153, 153
L 1411.0000, 277.0000, -12428.0000,  1423.0000, 277.0000, -1244.0000,  153, 153, 153
L 803.0000, 1103.0000, -1087.0000,  804.0000, 1092.0000, -1087.0000,  153, 153, 153
L 794.0000, 1108.0000, -1087.0000,  803.0000, 1103.0000, -1087.0000,  153, 153, 153
L 785.0000, 1103.0000, -1087.0000,  794.0000, 1108.0000, -1087.0000,  153, 153, 153
L 785.0000, 1092.0000, -1087.0000,  785.0000, 1103.0000, -1087.0000,  153, 153, 153
L 794.0000, 1087.0000, -1087.0000,  785.0000, 1092.0000, -1087.0000,  153, 153, 153
L 804.0000, 1092.0000, -10873.0000,  794.0000, 1087.0000, -1087.0000,  153, 153, 153
L 1008.0000, 1109.0000, -1087.0000,  998.0000, 1103.0000, -1087.0000,  153, 153, 153
L 1007.0000, 1119.0000, -1087.0000,  1008.0000, 1109.0000, -1087.0000,  153, 153, 153
L 998.0000, 1125.0000, -1087.0000,  1007.0000, 1119.0000, -1087.0000,  153, 153, 153
L 989.0000, 1119.0000, -1087.0000,  998.0000, 1125.0000, -1087.0000,  153, 153, 153
L 989.0000, 1109.0000, -1087.0000,  989.0000, 1119.0000, -1087.0000,  153, 153, 153
L 998.0000, 1103.0000, -10873.0000,  989.0000, 1109.0000, -1087.0000,  153, 153, 153
L 989.0000, 948.0000, -1087.0000,  989.0000, 960.0000, -1087.0000,  153, 153, 153
L 999.0000, 944.0000, -1087.0000,  989.0000, 948.0000, -1087.0000,  153, 153, 153
L 1008.0000, 950.0000, -1087.0000,  999.0000, 944.0000, -1087.0000,  153, 153, 153
L 1007.0000, 960.0000, -1087.0000,  1008.0000, 950.0000, -1087.0000,  153, 153, 153
L 998.0000, 965.0000, -1087.0000,  1007.0000, 960.0000, -1087.0000,  153, 153, 153
L 989.0000, 960.0000, -10873.0000,  998.0000, 965.0000, -1087.0000,  153, 153, 153
L 803.0000, 976.0000, -1087.0000,  804.0000, 965.0000, -1087.0000,  153, 153, 153
L 794.0000, 981.0000, -1087.0000,  803.0000, 976.0000, -1087.0000,  153, 153, 153
L 785.0000, 975.0000, -1087.0000,  794.0000, 981.0000, -1087.0000,  153, 153, 153
L 785.0000, 964.0000, -1087.0000,  785.0000, 975.0000, -1087.0000,  153, 153, 153
L 794.0000, 959.0000, -1087.0000,  785.0000, 964.0000, -1087.0000,  153, 153, 153
L 803.0000, 965.0000, -10873.0000,  794.0000, 959.0000, -1087.0000,  153, 153, 153
L 883.0000, 1022.0000, -1091.0000,  884.0000, 990.0000, -1091.0000,  153, 153, 153
L 877.0000, 1021.0000, -1087.0000,  883.0000, 1022.0000, -1091.0000,  153, 153, 153
L 878.0000, 983.0000, -1087.0000,  877.0000, 1021.0000, -1087.0000,  153, 153, 153
L 979.0000, 983.0000, -1087.0000,  878.0000, 983.0000, -1087.0000,  153, 153, 153
L 979.0000, 1083.0000, -1087.0000,  979.0000, 983.0000, -1087.0000,  153, 153, 153
L 877.0000, 1086.0000, -1087.0000,  979.0000, 1083.0000, -1087.0000,  153, 153, 153
L 877.0000, 1047.0000, -1087.0000,  877.0000, 1086.0000, -1087.0000,  153, 153, 153
L 884.0000, 1047.0000, -1091.0000,  877.0000, 1047.0000, -1087.0000,  153, 153, 153
L 884.0000, 1078.0000, -1091.0000,  884.0000, 1047.0000, -1091.0000,  153, 153, 153
L 972.0000, 1078.0000, -1091.0000,  884.0000, 1078.0000, -1091.0000,  153, 153, 153
L 972.0000, 990.0000, -1091.0000,  972.0000, 1078.0000, -1091.0000,  153, 153, 153
L 884.0000, 990.0000, -10919.0000,  972.0000, 990.0000, -1091.0000,  153, 153, 153
L 791.0000, 1049.0000, -1087.0000,  782.0000, 1035.0000, -1087.0000,  153, 153, 153
L 808.0000, 1049.0000, -1087.0000,  791.0000, 1049.0000, -1087.0000,  153, 153, 153
L 815.0000, 1034.0000, -1087.0000,  808.0000, 1049.0000, -1087.0000,  153, 153, 153
L 806.0000, 1020.0000, -1087.0000,  815.0000, 1034.0000, -1087.0000,  153, 153, 153
L 790.0000, 1019.0000, -1087.0000,  806.0000, 1020.0000, -1087.0000,  153, 153, 153
L 781.0000, 1034.0000, -10876.0000,  790.0000, 1019.0000, -1087.0000,  153, 153, 153
L 783.0000, 1006.0000, -1087.0000,  767.0000, 1034.0000, -1087.0000,  153, 153, 153
L 816.0000, 1008.0000, -1087.0000,  783.0000, 1006.0000, -1087.0000,  153, 153, 153
L 830.0000, 1033.0000, -1087.0000,  816.0000, 1008.0000, -1087.0000,  153, 153, 153
L 815.0000, 1063.0000, -1087.0000,  830.0000, 1033.0000, -1087.0000,  153, 153, 153
L 784.0000, 1061.0000, -1088.0000,  815.0000, 1063.0000, -1087.0000,  153, 153, 153
L 766.0000, 1034.0000, -10873.0000,  784.0000, 1061.0000, -1088.0000,  153, 153, 153
L 725.0000, 1023.0000, -1058.0000,  646.0000, 1023.0000, -1053.0000,  153, 153, 153
L 725.0000, 933.0000, -1066.0000,  725.0000, 1023.0000, -1058.0000,  153, 153, 153
L 1028.0000, 934.0000, -1057.0000,  725.0000, 933.0000, -1066.0000,  153, 153, 153
L 1028.0000, 1132.0000, -1048.0000,  1028.0000, 934.0000, -1057.0000,  153, 153, 153
L 726.0000, 1136.0000, -1059.0000,  1028.0000, 1132.0000, -1048.0000,  153, 153, 153
L 725.0000, 1046.0000, -1054.0000,  726.0000, 1136.0000, -1059.0000,  153, 153, 153
L 650.0000, 1046.0000, -10541.0000,  725.0000, 1046.0000, -1054.0000,  153, 153, 153
L -152.0000, 1171.0000, -781.0000,  -176.0000, 1161.0000, -783.0000,  153, 153, 153
L -151.0000, 1170.0000, -781.0000,  -152.0000, 1171.0000, -781.0000,  153, 153, 153
L -123.0000, 1155.0000, -786.0000,  -151.0000, 1170.0000, -781.0000,  153, 153, 153
L -160.0000, 1129.0000, -791.0000,  -123.0000, 1155.0000, -786.0000,  153, 153, 153
L -159.0000, 1127.0000, -792.0000,  -160.0000, 1129.0000, -791.0000,  153, 153, 153
L -217.0000, 1094.0000, -802.0000,  -159.0000, 1127.0000, -792.0000,  153, 153, 153
L -235.0000, 1127.0000, -785.0000,  -217.0000, 1094.0000, -802.0000,  153, 153, 153
L -179.0000, 1163.0000, -781.0000,  -235.0000, 1127.0000, -785.0000,  153, 153, 153
L -176.0000, 1161.0000, -7833.0000,  -179.0000, 1163.0000, -781.0000,  153, 153, 153
L -255.0000, 1071.0000, -809.0000,  -275.0000, 1100.0000, -787.0000,  153, 153, 153
L -298.0000, 1025.0000, -790.0000,  -255.0000, 1071.0000, -809.0000,  153, 153, 153
L -302.0000, 1028.0000, -790.0000,  -298.0000, 1025.0000, -790.0000,  153, 153, 153
L -336.0000, 1009.0000, -790.0000,  -302.0000, 1028.0000, -790.0000,  153, 153, 153
L -340.0000, 1048.0000, -789.0000,  -336.0000, 1009.0000, -790.0000,  153, 153, 153
L -331.0000, 1056.0000, -790.0000,  -340.0000, 1048.0000, -789.0000,  153, 153, 153
L -333.0000, 1061.0000, -790.0000,  -331.0000, 1056.0000, -790.0000,  153, 153, 153
L -276.0000, 1100.0000, -7880.0000,  -333.0000, 1061.0000, -790.0000,  153, 153, 153
L -1074.0000, 781.0000, -509.0000,  -1104.0000, 795.0000, -509.0000,  153, 153, 153
L -1087.0000, 749.0000, -509.0000,  -1074.0000, 781.0000, -509.0000,  153, 153, 153
L -1116.0000, 764.0000, -509.0000,  -1087.0000, 749.0000, -509.0000,  153, 153, 153
L -1103.0000, 793.0000, -5096.0000,  -1116.0000, 764.0000, -509.0000,  153, 153, 153
L -1104.0000, 772.0000, -509.0000,  -1106.0000, 768.0000, -509.0000,  153, 153, 153
L -1107.0000, 774.0000, -509.0000,  -1104.0000, 772.0000, -509.0000,  153, 153, 153
L -1110.0000, 767.0000, -509.0000,  -1107.0000, 774.0000, -509.0000,  153, 153, 153
L -1091.0000, 757.0000, -509.0000,  -1110.0000, 767.0000, -509.0000,  153, 153, 153
L -1087.0000, 765.0000, -509.0000,  -1091.0000, 757.0000, -509.0000,  153, 153, 153
L -1090.0000, 766.0000, -509.0000,  -1087.0000, 765.0000, -509.0000,  153, 153, 153
L -1092.0000, 762.0000, -509.0000,  -1090.0000, 766.0000, -509.0000,  153, 153, 153
L -1106.0000, 768.0000, -5096.0000,  -1092.0000, 762.0000, -509.0000,  153, 153, 153
L -1087.0000, 771.0000, -509.0000,  -1086.0000, 775.0000, -509.0000,  153, 153, 153
L -1085.0000, 770.0000, -509.0000,  -1087.0000, 771.0000, -509.0000,  153, 153, 153
L -1082.0000, 777.0000, -509.0000,  -1085.0000, 770.0000, -509.0000,  153, 153, 153
L -1101.0000, 786.0000, -509.0000,  -1082.0000, 777.0000, -509.0000,  153, 153, 153
L -1105.0000, 779.0000, -509.0000,  -1101.0000, 786.0000, -509.0000,  153, 153, 153
L -1102.0000, 778.0000, -509.0000,  -1105.0000, 779.0000, -509.0000,  153, 153, 153
L -1100.0000, 782.0000, -509.0000,  -1102.0000, 778.0000, -509.0000,  153, 153, 153
L -1086.0000, 775.0000, -5096.0000,  -1100.0000, 782.0000, -509.0000,  153, 153, 153
L -1078.0000, 508.0000, -519.0000,  -1086.0000, 478.0000, -519.0000,  153, 153, 153
L -1046.0000, 500.0000, -519.0000,  -1078.0000, 508.0000, -519.0000,  153, 153, 153
L -1055.0000, 472.0000, -519.0000,  -1046.0000, 500.0000, -519.0000,  153, 153, 153
L -1085.0000, 479.0000, -5192.0000,  -1055.0000, 472.0000, -519.0000,  153, 153, 153
L -1061.0000, 497.0000, -519.0000,  -1057.0000, 496.0000, -519.0000,  153, 153, 153
L -1060.0000, 500.0000, -519.0000,  -1061.0000, 497.0000, -519.0000,  153, 153, 153
L -1053.0000, 498.0000, -519.0000,  -1060.0000, 500.0000, -519.0000,  153, 153, 153
L -1058.0000, 477.0000, -519.0000,  -1053.0000, 498.0000, -519.0000,  153, 153, 153
L -1065.0000, 480.0000, -519.0000,  -1058.0000, 477.0000, -519.0000,  153, 153, 153
L -1064.0000, 482.0000, -519.0000,  -1065.0000, 480.0000, -519.0000,  153, 153, 153
L -1060.0000, 481.0000, -519.0000,  -1064.0000, 482.0000, -519.0000,  153, 153, 153
L -1057.0000, 496.0000, -5192.0000,  -1060.0000, 481.0000, -519.0000,  153, 153, 153
L -1067.0000, 498.0000, -519.0000,  -1071.0000, 499.0000, -519.0000,  153, 153, 153
L -1066.0000, 502.0000, -519.0000,  -1067.0000, 498.0000, -519.0000,  153, 153, 153
L -1074.0000, 503.0000, -519.0000,  -1066.0000, 502.0000, -519.0000,  153, 153, 153
L -1078.0000, 482.0000, -519.0000,  -1074.0000, 503.0000, -519.0000,  153, 153, 153
L -1070.0000, 480.0000, -519.0000,  -1078.0000, 482.0000, -519.0000,  153, 153, 153
L -1070.0000, 483.0000, -519.0000,  -1070.0000, 480.0000, -519.0000,  153, 153, 153
L -1074.0000, 484.0000, -519.0000,  -1070.0000, 483.0000, -519.0000,  153, 153, 153
L -1071.0000, 499.0000, -5192.0000,  -1074.0000, 484.0000, -519.0000,  153, 153, 153
L -721.0000, 524.0000, -510.0000,  -699.0000, 505.0000, -510.0000,  153, 153, 153
L -700.0000, 549.0000, -510.0000,  -721.0000, 524.0000, -510.0000,  153, 153, 153
L -678.0000, 529.0000, -510.0000,  -700.0000, 549.0000, -510.0000,  153, 153, 153
L -697.0000, 506.0000, -5108.0000,  -678.0000, 529.0000, -510.0000,  153, 153, 153
L -694.0000, 520.0000, -510.0000,  -698.0000, 517.0000, -510.0000,  153, 153, 153
L -693.0000, 518.0000, -510.0000,  -694.0000, 520.0000, -510.0000,  153, 153, 153
L -699.0000, 512.0000, -510.0000,  -693.0000, 518.0000, -510.0000,  153, 153, 153
L -715.0000, 526.0000, -510.0000,  -699.0000, 512.0000, -510.0000,  153, 153, 153
L -709.0000, 532.0000, -510.0000,  -715.0000, 526.0000, -510.0000,  153, 153, 153
L -707.0000, 530.0000, -510.0000,  -709.0000, 532.0000, -510.0000,  153, 153, 153
L -710.0000, 526.0000, -510.0000,  -707.0000, 530.0000, -510.0000,  153, 153, 153
L -698.0000, 517.0000, -5108.0000,  -710.0000, 526.0000, -510.0000,  153, 153, 153
L -704.0000, 534.0000, -510.0000,  -701.0000, 538.0000, -510.0000,  153, 153, 153
L -706.0000, 537.0000, -510.0000,  -704.0000, 534.0000, -510.0000,  153, 153, 153
L -701.0000, 543.0000, -510.0000,  -706.0000, 537.0000, -510.0000,  153, 153, 153
L -684.0000, 529.0000, -510.0000,  -701.0000, 543.0000, -510.0000,  153, 153, 153
L -689.0000, 523.0000, -510.0000,  -684.0000, 529.0000, -510.0000,  153, 153, 153
L -692.0000, 525.0000, -510.0000,  -689.0000, 523.0000, -510.0000,  153, 153, 153
L -689.0000, 528.0000, -510.0000,  -692.0000, 525.0000, -510.0000,  153, 153, 153
L -701.0000, 538.0000, -5108.0000,  -689.0000, 528.0000, -510.0000,  153, 153, 153
L 595.0000, -782.0000, -174.0000,  587.0000, -768.0000, -174.0000,  153, 153, 153
L 613.0000, -782.0000, -174.0000,  595.0000, -782.0000, -174.0000,  153, 153, 153
L 621.0000, -768.0000, -174.0000,  613.0000, -782.0000, -174.0000,  153, 153, 153
L 612.0000, -754.0000, -174.0000,  621.0000, -768.0000, -174.0000,  153, 153, 153
L 596.0000, -754.0000, -174.0000,  612.0000, -754.0000, -174.0000,  153, 153, 153
L 587.0000, -768.0000, -1749.0000,  596.0000, -754.0000, -174.0000,  153, 153, 153
L 600.0000, -823.0000, -174.0000,  551.0000, -795.0000, -174.0000,  153, 153, 153
L 649.0000, -795.0000, -174.0000,  600.0000, -823.0000, -174.0000,  153, 153, 153
L 649.0000, -738.0000, -174.0000,  649.0000, -795.0000, -174.0000,  153, 153, 153
L 600.0000, -709.0000, -174.0000,  649.0000, -738.0000, -174.0000,  153, 153, 153
L 551.0000, -738.0000, -174.0000,  600.0000, -709.0000, -174.0000,  153, 153, 153
L 551.0000, -761.0000, -174.0000,  551.0000, -738.0000, -174.0000,  153, 153, 153
L 546.0000, -760.0000, -172.0000,  551.0000, -761.0000, -174.0000,  153, 153, 153
L 546.0000, -735.0000, -172.0000,  546.0000, -760.0000, -172.0000,  153, 153, 153
L 600.0000, -704.0000, -172.0000,  546.0000, -735.0000, -172.0000,  153, 153, 153
L 654.0000, -735.0000, -172.0000,  600.0000, -704.0000, -172.0000,  153, 153, 153
L 654.0000, -798.0000, -172.0000,  654.0000, -735.0000, -172.0000,  153, 153, 153
L 600.0000, -829.0000, -172.0000,  654.0000, -798.0000, -172.0000,  153, 153, 153
L 546.0000, -797.0000, -172.0000,  600.0000, -829.0000, -172.0000,  153, 153, 153
L 546.0000, -773.0000, -172.0000,  546.0000, -797.0000, -172.0000,  153, 153, 153
L 551.0000, -774.0000, -174.0000,  546.0000, -773.0000, -172.0000,  153, 153, 153
L 551.0000, -795.0000, -1749.0000,  551.0000, -774.0000, -174.0000,  153, 153, 153
L 536.0000, -778.0000, -162.0000,  514.0000, -777.0000, -161.0000,  153, 153, 153
L 535.0000, -804.0000, -159.0000,  536.0000, -778.0000, -162.0000,  153, 153, 153
L 600.0000, -842.0000, -159.0000,  535.0000, -804.0000, -159.0000,  153, 153, 153
L 665.0000, -804.0000, -164.0000,  600.0000, -842.0000, -159.0000,  153, 153, 153
L 664.0000, -730.0000, -170.0000,  665.0000, -804.0000, -164.0000,  153, 153, 153
L 599.0000, -693.0000, -163.0000,  664.0000, -730.0000, -170.0000,  153, 153, 153
L 536.0000, -730.0000, -163.0000,  599.0000, -693.0000, -163.0000,  153, 153, 153
L 536.0000, -756.0000, -164.0000,  536.0000, -730.0000, -163.0000,  153, 153, 153
L 514.0000, -756.0000, -1627.0000,  536.0000, -756.0000, -164.0000,  153, 153, 153
L -1094.0000, -365.0000, -9.0000,  -1086.0000, -379.0000, -9.0000,  153, 153, 153
L -1111.0000, -365.0000, -9.0000,  -1094.0000, -365.0000, -9.0000,  153, 153, 153
L -1119.0000, -379.0000, -9.0000,  -1111.0000, -365.0000, -9.0000,  153, 153, 153
L -1111.0000, -393.0000, -9.0000,  -1119.0000, -379.0000, -9.0000,  153, 153, 153
L -1094.0000, -393.0000, -9.0000,  -1111.0000, -393.0000, -9.0000,  153, 153, 153
L -1086.0000, -379.0000, -98.0000,  -1094.0000, -393.0000, -9.0000,  153, 153, 153
L -1052.0000, -371.0000, -9.0000,  -1052.0000, -350.0000, -9.0000,  153, 153, 153
L -1047.0000, -370.0000, -7.0000,  -1052.0000, -371.0000, -9.0000,  153, 153, 153
L -1048.0000, -346.0000, -7.0000,  -1047.0000, -370.0000, -7.0000,  153, 153, 153
L -1102.0000, -315.0000, -7.0000,  -1048.0000, -346.0000, -7.0000,  153, 153, 153
L -1156.0000, -346.0000, -7.0000,  -1102.0000, -315.0000, -7.0000,  153, 153, 153
L -1156.0000, -409.0000, -7.0000,  -1156.0000, -346.0000, -7.0000,  153, 153, 153
L -1101.0000, -440.0000, -7.0000,  -1156.0000, -409.0000, -7.0000,  153, 153, 153
L -1048.0000, -409.0000, -7.0000,  -1101.0000, -440.0000, -7.0000,  153, 153, 153
L -1047.0000, -384.0000, -7.0000,  -1048.0000, -409.0000, -7.0000,  153, 153, 153
L -1052.0000, -384.0000, -9.0000,  -1047.0000, -384.0000, -7.0000,  153, 153, 153
L -1052.0000, -407.0000, -9.0000,  -1052.0000, -384.0000, -9.0000,  153, 153, 153
L -1101.0000, -435.0000, -9.0000,  -1052.0000, -407.0000, -9.0000,  153, 153, 153
L -1151.0000, -407.0000, -9.0000,  -1101.0000, -435.0000, -9.0000,  153, 153, 153
L -1151.0000, -350.0000, -9.0000,  -1151.0000, -407.0000, -9.0000,  153, 153, 153
L -1101.0000, -321.0000, -9.0000,  -1151.0000, -350.0000, -9.0000,  153, 153, 153
L -1052.0000, -350.0000, -98.0000,  -1101.0000, -321.0000, -9.0000,  153, 153, 153
L -1037.0000, -366.0000, 1.0000,  -1013.0000, -367.0000, 4.0000,  153, 153, 153
L -1037.0000, -340.0000, 7.0000,  -1037.0000, -366.0000, 1.0000,  153, 153, 153
L -1102.0000, -303.0000, 12.0000,  -1037.0000, -340.0000, 7.0000,  153, 153, 153
L -1166.0000, -340.0000, 6.0000,  -1102.0000, -303.0000, 12.0000,  153, 153, 153
L -1165.0000, -415.0000, -3.0000,  -1166.0000, -340.0000, 6.0000,  153, 153, 153
L -1102.0000, -451.0000, -2.0000,  -1165.0000, -415.0000, -3.0000,  153, 153, 153
L -1037.0000, -414.0000, 3.0000,  -1102.0000, -451.0000, -2.0000,  153, 153, 153
L -1037.0000, -388.0000, -1.0000,  -1037.0000, -414.0000, 3.0000,  153, 153, 153
L -1013.0000, -388.0000, 44.0000,  -1037.0000, -388.0000, -1.0000,  153, 153, 153
L -602.0000, -1489.0000, 766.0000,  -603.0000, -1581.0000, 766.0000,  0, 0, 0
L -565.0000, -1488.0000, 766.0000,  -602.0000, -1489.0000, 766.0000,  0, 0, 0
L -565.0000, -1410.0000, 766.0000,  -565.0000, -1488.0000, 766.0000,  0, 0, 0
L -555.0000, -1409.0000, 766.0000,  -565.0000, -1410.0000, 766.0000,  0, 0, 0
L -555.0000, -1293.0000, 764.0000,  -555.0000, -1409.0000, 766.0000,  0, 0, 0
L -671.0000, -1293.0000, 766.0000,  -555.0000, -1293.0000, 764.0000,  0, 0, 0
L -671.0000, -1410.0000, 766.0000,  -671.0000, -1293.0000, 766.0000,  0, 0, 0
L -583.0000, -1411.0000, 766.0000,  -671.0000, -1410.0000, 766.0000,  0, 0, 0
L -584.0000, -1453.0000, 766.0000,  -583.0000, -1411.0000, 766.0000,  0, 0, 0
L -661.0000, -1453.0000, 766.0000,  -584.0000, -1453.0000, 766.0000,  0, 0, 0
L -660.0000, -1490.0000, 766.0000,  -661.0000, -1453.0000, 766.0000,  0, 0, 0
L -621.0000, -1490.0000, 766.0000,  -660.0000, -1490.0000, 766.0000,  0, 0, 0
L -620.0000, -1584.0000, 7668.0000,  -621.0000, -1490.0000, 766.0000,  0, 0, 0
L -193.0000, -597.0000, 55.0000,  -201.0000, -593.0000, 55.0000,  153, 153, 153
L -185.0000, -593.0000, 55.0000,  -193.0000, -597.0000, 55.0000,  153, 153, 153
L -185.0000, -584.0000, 55.0000,  -185.0000, -593.0000, 55.0000,  153, 153, 153
L -193.0000, -579.0000, 55.0000,  -185.0000, -584.0000, 55.0000,  153, 153, 153
L -201.0000, -584.0000, 55.0000,  -193.0000, -579.0000, 55.0000,  153, 153, 153
L -201.0000, -593.0000, 557.0000,  -201.0000, -584.0000, 55.0000,  153, 153, 153
L -243.0000, -645.0000, 55.0000,  -252.0000, -640.0000, 55.0000,  153, 153, 153
L -236.0000, -640.0000, 55.0000,  -243.0000, -645.0000, 55.0000,  153, 153, 153
L -236.0000, -630.0000, 55.0000,  -236.0000, -640.0000, 55.0000,  153, 153, 153
L -243.0000, -626.0000, 55.0000,  -236.0000, -630.0000, 55.0000,  153, 153, 153
L -251.0000, -631.0000, 55.0000,  -243.0000, -626.0000, 55.0000,  153, 153, 153
L -251.0000, -640.0000, 557.0000,  -251.0000, -631.0000, 55.0000,  153, 153, 153
L -409.0000, -640.0000, 55.0000,  -410.0000, -632.0000, 55.0000,  153, 153, 153
L -402.0000, -645.0000, 55.0000,  -409.0000, -640.0000, 55.0000,  153, 153, 153
L -393.0000, -640.0000, 55.0000,  -402.0000, -645.0000, 55.0000,  153, 153, 153
L -394.0000, -631.0000, 55.0000,  -393.0000, -640.0000, 55.0000,  153, 153, 153
L -401.0000, -626.0000, 55.0000,  -394.0000, -631.0000, 55.0000,  153, 153, 153
L -410.0000, -631.0000, 557.0000,  -401.0000, -626.0000, 55.0000,  153, 153, 153
L -450.0000, -578.0000, 55.0000,  -442.0000, -582.0000, 55.0000,  153, 153, 153
L -457.0000, -582.0000, 55.0000,  -450.0000, -578.0000, 55.0000,  153, 153, 153
L -457.0000, -592.0000, 55.0000,  -457.0000, -582.0000, 55.0000,  153, 153, 153
L -449.0000, -596.0000, 55.0000,  -457.0000, -592.0000, 55.0000,  153, 153, 153
L -442.0000, -592.0000, 55.0000,  -449.0000, -596.0000, 55.0000,  153, 153, 153
L -441.0000, -582.0000, 557.0000,  -442.0000, -592.0000, 55.0000,  153, 153, 153
L -333.0000, -600.0000, 55.0000,  -365.0000, -600.0000, 55.0000,  153, 153, 153
L -333.0000, -591.0000, 55.0000,  -333.0000, -600.0000, 55.0000,  153, 153, 153
L -373.0000, -592.0000, 55.0000,  -333.0000, -591.0000, 55.0000,  153, 153, 153
L -372.0000, -682.0000, 55.0000,  -373.0000, -592.0000, 55.0000,  153, 153, 153
L -272.0000, -682.0000, 55.0000,  -372.0000, -682.0000, 55.0000,  153, 153, 153
L -272.0000, -592.0000, 55.0000,  -272.0000, -682.0000, 55.0000,  153, 153, 153
L -315.0000, -591.0000, 55.0000,  -272.0000, -592.0000, 55.0000,  153, 153, 153
L -314.0000, -600.0000, 55.0000,  -315.0000, -591.0000, 55.0000,  153, 153, 153
L -280.0000, -600.0000, 55.0000,  -314.0000, -600.0000, 55.0000,  153, 153, 153
L -280.0000, -673.0000, 55.0000,  -280.0000, -600.0000, 55.0000,  153, 153, 153
L -365.0000, -673.0000, 55.0000,  -280.0000, -673.0000, 55.0000,  153, 153, 153
L -365.0000, -600.0000, 557.0000,  -365.0000, -673.0000, 55.0000,  153, 153, 153
L -343.0000, -550.0000, 76.0000,  -342.0000, -484.0000, 75.0000,  153, 153, 153
L -482.0000, -551.0000, 74.0000,  -343.0000, -550.0000, 76.0000,  153, 153, 153
L -408.0000, -714.0000, 68.0000,  -482.0000, -551.0000, 74.0000,  153, 153, 153
L -238.0000, -714.0000, 76.0000,  -408.0000, -714.0000, 68.0000,  153, 153, 153
L -163.0000, -551.0000, 71.0000,  -238.0000, -714.0000, 76.0000,  153, 153, 153
L -179.0000, -550.0000, 75.0000,  -163.0000, -551.0000, 71.0000,  153, 153, 153
L -299.0000, -550.0000, 76.0000,  -179.0000, -550.0000, 75.0000,  153, 153, 153
L -300.0000, -489.0000, 735.0000,  -299.0000, -550.0000, 76.0000,  153, 153, 153
L -1219.0000, -481.0000, 0.0000,  -1263.0000, -439.0000, 0.0000,  153, 153, 153
L -1185.0000, -502.0000, 0.0000,  -1219.0000, -481.0000, 0.0000,  153, 153, 153
L -1164.0000, -509.0000, 0.0000,  -1185.0000, -502.0000, 0.0000,  153, 153, 153
L -1126.0000, -530.0000, 0.0000,  -1164.0000, -509.0000, 0.0000,  153, 153, 153
L -1114.0000, -542.0000, 0.0000,  -1126.0000, -530.0000, 0.0000,  153, 153, 153
L -1091.0000, -546.0000, 0.0000,  -1114.0000, -542.0000, 0.0000,  153, 153, 153
L -1070.0000, -531.0000, 0.0000,  -1091.0000, -546.0000, 0.0000,  153, 153, 153
L -1060.0000, -510.0000, 0.0000,  -1070.0000, -531.0000, 0.0000,  153, 153, 153
L -1047.0000, -498.0000, 0.0000,  -1060.0000, -510.0000, 0.0000,  153, 153, 153
L -1036.0000, -478.0000, 0.0000,  -1047.0000, -498.0000, 0.0000,  153, 153, 153
L -1018.0000, -462.0000, 0.0000,  -1036.0000, -478.0000, 0.0000,  153, 153, 153
L -1005.0000, -442.0000, 0.0000,  -1018.0000, -462.0000, 0.0000,  153, 153, 153
L -977.0000, -382.0000, 0.0000,  -1005.0000, -442.0000, 0.0000,  153, 153, 153
L -967.0000, -363.0000, 0.0000,  -977.0000, -382.0000, 0.0000,  153, 153, 153
L -980.0000, -339.0000, 0.0000,  -967.0000, -363.0000, 0.0000,  153, 153, 153
L -1003.0000, -311.0000, 0.0000,  -980.0000, -339.0000, 0.0000,  153, 153, 153
L -1021.0000, -301.0000, 0.0000,  -1003.0000, -311.0000, 0.0000,  153, 153, 153
L -1035.0000, -286.0000, 0.0000,  -1021.0000, -301.0000, 0.0000,  153, 153, 153
L -1052.0000, -278.0000, 0.0000,  -1035.0000, -286.0000, 0.0000,  153, 153, 153
L -1076.0000, -268.0000, 0.0000,  -1052.0000, -278.0000, 0.0000,  153, 153, 153
L -1095.0000, -263.0000, 0.0000,  -1076.0000, -268.0000, 0.0000,  153, 153, 153
L -1109.0000, -253.0000, 0.0000,  -1095.0000, -263.0000, 0.0000,  153, 153, 153
L -1137.0000, -258.0000, 0.0000,  -1109.0000, -253.0000, 0.0000,  153, 153, 153
L -1159.0000, -271.0000, 0.0000,  -1137.0000, -258.0000, 0.0000,  153, 153, 153
L -1172.0000, -283.0000, 0.0000,  -1159.0000, -271.0000, 0.0000,  153, 153, 153
L -1189.0000, -300.0000, 0.0000,  -1172.0000, -283.0000, 0.0000,  153, 153, 153
L -1212.0000, -335.0000, 0.0000,  -1189.0000, -300.0000, 0.0000,  153, 153, 153
L -1224.0000, -360.0000, 0.0000,  -1212.0000, -335.0000, 0.0000,  153, 153, 153
L -1235.0000, -379.0000, 0.0000,  -1224.0000, -360.0000, 0.0000,  153, 153, 153
L -1243.0000, -401.0000, 0.0000,  -1235.0000, -379.0000, 0.0000,  153, 153, 153
L -1255.0000, -420.0000, 0.0000,  -1243.0000, -401.0000, 0.0000,  153, 153, 153
L -1263.0000, -440.0000, 0.0000,  -1255.0000, -420.0000, 0.0000,  153, 153, 153
L 1313.0000, 462.0000, -1247.0000,  1350.0000, 501.0000, -1247.0000,  153, 153, 153
L 1267.0000, 396.0000, -1247.0000,  1313.0000, 462.0000, -1247.0000,  153, 153, 153
L 1252.0000, 354.0000, -1247.0000,  1267.0000, 396.0000, -1247.0000,  153, 153, 153
L 1240.0000, 324.0000, -1247.0000,  1252.0000, 354.0000, -1247.0000,  153, 153, 153
L 1229.0000, 284.0000, -1247.0000,  1240.0000, 324.0000, -1247.0000,  153, 153, 153
L 1231.0000, 244.0000, -1247.0000,  1229.0000, 284.0000, -1247.0000,  153, 153, 153
L 1230.0000, 213.0000, -1247.0000,  1231.0000, 244.0000, -1247.0000,  153, 153, 153
L 1218.0000, 176.0000, -1247.0000,  1230.0000, 213.0000, -1247.0000,  153, 153, 153
L 1245.0000, 117.0000, -1247.0000,  1218.0000, 176.0000, -1247.0000,  153, 153, 153
L 1320.0000, 76.0000, -1247.0000,  1245.0000, 117.0000, -1247.0000,  153, 153, 153
L 1359.0000, 57.0000, -1247.0000,  1320.0000, 76.0000, -1247.0000,  153, 153, 153
L 1445.0000, 36.0000, -1247.0000,  1359.0000, 57.0000, -1247.0000,  153, 153, 153
L 1486.0000, 27.0000, -1247.0000,  1445.0000, 36.0000, -1247.0000,  153, 153, 153
L 1528.0000, 21.0000, -1247.0000,  1486.0000, 27.0000, -1247.0000,  153, 153, 153
L 1567.0000, 20.0000, -1247.0000,  1528.0000, 21.0000, -1247.0000,  153, 153, 153
L 1612.0000, 8.0000, -1247.0000,  1567.0000, 20.0000, -1247.0000,  153, 153, 153
L 1655.0000, 6.0000, -1247.0000,  1612.0000, 8.0000, -1247.0000,  153, 153, 153
L 1699.0000, 86.0000, -1247.0000,  1655.0000, 6.0000, -1247.0000,  153, 153, 153
L 1715.0000, 125.0000, -1247.0000,  1699.0000, 86.0000, -1247.0000,  153, 153, 153
L 1733.0000, 193.0000, -1247.0000,  1715.0000, 125.0000, -1247.0000,  153, 153, 153
L 1737.0000, 234.0000, -1247.0000,  1733.0000, 193.0000, -1247.0000,  153, 153, 153
L 1745.0000, 260.0000, -1247.0000,  1737.0000, 234.0000, -1247.0000,  153, 153, 153
L 1751.0000, 301.0000, -1247.0000,  1745.0000, 260.0000, -1247.0000,  153, 153, 153
L 1773.0000, 336.0000, -1247.0000,  1751.0000, 301.0000, -1247.0000,  153, 153, 153
L 1764.0000, 379.0000, -1247.0000,  1773.0000, 336.0000, -1247.0000,  153, 153, 153
L 1727.0000, 406.0000, -1247.0000,  1764.0000, 379.0000, -1247.0000,  153, 153, 153
L 1685.0000, 410.0000, -1247.0000,  1727.0000, 406.0000, -1247.0000,  153, 153, 153
L 1644.0000, 432.0000, -1247.0000,  1685.0000, 410.0000, -1247.0000,  153, 153, 153
L 1604.0000, 441.0000, -1247.0000,  1644.0000, 432.0000, -1247.0000,  153, 153, 153
L 1557.0000, 466.0000, -1247.0000,  1604.0000, 441.0000, -1247.0000,  153, 153, 153
L 1475.0000, 478.0000, -1247.0000,  1557.0000, 466.0000, -1247.0000,  153, 153, 153
L 1422.0000, 488.0000, -1247.0000,  1475.0000, 478.0000, -1247.0000,  153, 153, 153
L 1382.0000, 495.0000, -1247.0000,  1422.0000, 488.0000, -1247.0000,  153, 153, 153
L 1351.0000, 499.0000, -1247.0000,  1382.0000, 495.0000, -1247.0000,  153, 153, 153
L 1315.0000, 461.0000, -1247.0000,  1351.0000, 499.0000, -1247.0000,  153, 153, 153
L 1271.0000, 403.0000, -12472.0000,  1315.0000, 461.0000, -1247.0000,  153, 153, 153
L -20.0000, 702.0000, -784.0000,  -23.0000, 700.0000, -784.0000,  153, 153, 153
L 21.0000, 724.0000, -784.0000,  -20.0000, 702.0000, -784.0000,  153, 153, 153
L 40.0000, 776.0000, -784.0000,  21.0000, 724.0000, -784.0000,  153, 153, 153
L 31.0000, 827.0000, -784.0000,  40.0000, 776.0000, -784.0000,  153, 153, 153
L 46.0000, 877.0000, -784.0000,  31.0000, 827.0000, -784.0000,  153, 153, 153
L 68.0000, 925.0000, -784.0000,  46.0000, 877.0000, -784.0000,  153, 153, 153
L 71.0000, 968.0000, -784.0000,  68.0000, 925.0000, -784.0000,  153, 153, 153
L 48.0000, 1031.0000, -784.0000,  71.0000, 968.0000, -784.0000,  153, 153, 153
L 61.0000, 1090.0000, -784.0000,  48.0000, 1031.0000, -784.0000,  153, 153, 153
L 30.0000, 1132.0000, -784.0000,  61.0000, 1090.0000, -784.0000,  153, 153, 153
L 29.0000, 1184.0000, -784.0000,  30.0000, 1132.0000, -784.0000,  153, 153, 153
L 21.0000, 1237.0000, -784.0000,  29.0000, 1184.0000, -784.0000,  153, 153, 153
L -80.0000, 1277.0000, -784.0000,  21.0000, 1237.0000, -784.0000,  153, 153, 153
L -115.0000, 1290.0000, -784.0000,  -80.0000, 1277.0000, -784.0000,  153, 153, 153
L -160.0000, 1293.0000, -784.0000,  -115.0000, 1290.0000, -784.0000,  153, 153, 153
L -205.0000, 1285.0000, -784.0000,  -160.0000, 1293.0000, -784.0000,  153, 153, 153
L -252.0000, 1302.0000, -784.0000,  -205.0000, 1285.0000, -784.0000,  153, 153, 153
L -298.0000, 1281.0000, -784.0000,  -252.0000, 1302.0000, -784.0000,  153, 153, 153
L -347.0000, 1274.0000, -784.0000,  -298.0000, 1281.0000, -784.0000,  153, 153, 153
L -389.0000, 1277.0000, -784.0000,  -347.0000, 1274.0000, -784.0000,  153, 153, 153
L -435.0000, 1234.0000, -784.0000,  -389.0000, 1277.0000, -784.0000,  153, 153, 153
L -457.0000, 1182.0000, -784.0000,  -435.0000, 1234.0000, -784.0000,  153, 153, 153
L -463.0000, 1135.0000, -784.0000,  -457.0000, 1182.0000, -784.0000,  153, 153, 153
L -487.0000, 1033.0000, -784.0000,  -463.0000, 1135.0000, -784.0000,  153, 153, 153
L -492.0000, 981.0000, -784.0000,  -487.0000, 1033.0000, -784.0000,  153, 153, 153
L -464.0000, 930.0000, -784.0000,  -492.0000, 981.0000, -784.0000,  153, 153, 153
L -463.0000, 879.0000, -784.0000,  -464.0000, 930.0000, -784.0000,  153, 153, 153
L -448.0000, 825.0000, -784.0000,  -463.0000, 879.0000, -784.0000,  153, 153, 153
L -445.0000, 767.0000, -784.0000,  -448.0000, 825.0000, -784.0000,  153, 153, 153
L -436.0000, 725.0000, -784.0000,  -445.0000, 767.0000, -784.0000,  153, 153, 153
L -325.0000, 693.0000, -784.0000,  -436.0000, 725.0000, -784.0000,  153, 153, 153
L -300.0000, 685.0000, -784.0000,  -325.0000, 693.0000, -784.0000,  153, 153, 153
L -238.0000, 686.0000, -784.0000,  -300.0000, 685.0000, -784.0000,  153, 153, 153
L -161.0000, 707.0000, -784.0000,  -238.0000, 686.0000, -784.0000,  153, 153, 153
L -115.0000, 708.0000, -784.0000,  -161.0000, 707.0000, -784.0000,  153, 153, 153
L -70.0000, 714.0000, -784.0000,  -115.0000, 708.0000, -784.0000,  153, 153, 153
L -24.0000, 702.0000, -7842.0000,  -70.0000, 714.0000, -784.0000,  153, 153, 153
L -597.0000, 387.0000, -468.0000,  -631.0000, 291.0000, -468.0000,  153, 153, 153
L -597.0000, 441.0000, -468.0000,  -597.0000, 387.0000, -468.0000,  153, 153, 153
L -564.0000, 524.0000, -468.0000,  -597.0000, 441.0000, -468.0000,  153, 153, 153
L -556.0000, 602.0000, -468.0000,  -564.0000, 524.0000, -468.0000,  153, 153, 153
L -562.0000, 677.0000, -468.0000,  -556.0000, 602.0000, -468.0000,  153, 153, 153
L -562.0000, 731.0000, -468.0000,  -562.0000, 677.0000, -468.0000,  153, 153, 153
L -553.0000, 818.0000, -468.0000,  -562.0000, 731.0000, -468.0000,  153, 153, 153
L -552.0000, 873.0000, -468.0000,  -553.0000, 818.0000, -468.0000,  153, 153, 153
L -638.0000, 930.0000, -468.0000,  -552.0000, 873.0000, -468.0000,  153, 153, 153
L -708.0000, 969.0000, -468.0000,  -638.0000, 930.0000, -468.0000,  153, 153, 153
L -757.0000, 991.0000, -468.0000,  -708.0000, 969.0000, -468.0000,  153, 153, 153
L -819.0000, 1001.0000, -468.0000,  -757.0000, 991.0000, -468.0000,  153, 153, 153
L -882.0000, 1026.0000, -468.0000,  -819.0000, 1001.0000, -468.0000,  153, 153, 153
L -960.0000, 1036.0000, -468.0000,  -882.0000, 1026.0000, -468.0000,  153, 153, 153
L -1046.0000, 1023.0000, -468.0000,  -960.0000, 1036.0000, -468.0000,  153, 153, 153
L -1097.0000, 1016.0000, -468.0000,  -1046.0000, 1023.0000, -468.0000,  153, 153, 153
L -1172.0000, 1029.0000, -468.0000,  -1097.0000, 1016.0000, -468.0000,  153, 153, 153
L -1247.0000, 981.0000, -468.0000,  -1172.0000, 1029.0000, -468.0000,  153, 153, 153
L -1294.0000, 908.0000, -468.0000,  -1247.0000, 981.0000, -468.0000,  153, 153, 153
L -1321.0000, 829.0000, -468.0000,  -1294.0000, 908.0000, -468.0000,  153, 153, 153
L -1346.0000, 741.0000, -468.0000,  -1321.0000, 829.0000, -468.0000,  153, 153, 153
L -1359.0000, 621.0000, -468.0000,  -1346.0000, 741.0000, -468.0000,  153, 153, 153
L -1363.0000, 534.0000, -468.0000,  -1359.0000, 621.0000, -468.0000,  153, 153, 153
L -1367.0000, 480.0000, -468.0000,  -1363.0000, 534.0000, -468.0000,  153, 153, 153
L -1357.0000, 407.0000, -468.0000,  -1367.0000, 480.0000, -468.0000,  153, 153, 153
L -1365.0000, 320.0000, -468.0000,  -1357.0000, 407.0000, -468.0000,  153, 153, 153
L -1360.0000, 262.0000, -468.0000,  -1365.0000, 320.0000, -468.0000,  153, 153, 153
L -1222.0000, 216.0000, -468.0000,  -1360.0000, 262.0000, -468.0000,  153, 153, 153
L -1148.0000, 187.0000, -468.0000,  -1222.0000, 216.0000, -468.0000,  153, 153, 153
L -1008.0000, 169.0000, -468.0000,  -1148.0000, 187.0000, -468.0000,  153, 153, 153
L -923.0000, 170.0000, -468.0000,  -1008.0000, 169.0000, -468.0000,  153, 153, 153
L -867.0000, 165.0000, -468.0000,  -923.0000, 170.0000, -468.0000,  153, 153, 153
L -804.0000, 162.0000, -468.0000,  -867.0000, 165.0000, -468.0000,  153, 153, 153
L -741.0000, 132.0000, -468.0000,  -804.0000, 162.0000, -468.0000,  153, 153, 153
L -668.0000, 152.0000, -468.0000,  -741.0000, 132.0000, -468.0000,  153, 153, 153
L -626.0000, 222.0000, -468.0000,  -668.0000, 152.0000, -468.0000,  153, 153, 153
L -631.0000, 291.0000, -4686.0000,  -626.0000, 222.0000, -468.0000,  153, 153, 153
L 15.0000, 142.0000, -4.0000,  -43.0000, 173.0000, -4.0000,  153, 153, 153
L 41.0000, 134.0000, -4.0000,  15.0000, 142.0000, -4.0000,  153, 153, 153
L 104.0000, 92.0000, -4.0000,  41.0000, 134.0000, -4.0000,  153, 153, 153
L 118.0000, 77.0000, -4.0000,  104.0000, 92.0000, -4.0000,  153, 153, 153
L 142.0000, 73.0000, -4.0000,  118.0000, 77.0000, -4.0000,  153, 153, 153
L 158.0000, 52.0000, -4.0000,  142.0000, 73.0000, -4.0000,  153, 153, 153
L 159.0000, 32.0000, -4.0000,  158.0000, 52.0000, -4.0000,  153, 153, 153
L 140.0000, 10.0000, -4.0000,  159.0000, 32.0000, -4.0000,  153, 153, 153
L 123.0000, -25.0000, -4.0000,  140.0000, 10.0000, -4.0000,  153, 153, 153
L 89.0000, -83.0000, -4.0000,  123.0000, -25.0000, -4.0000,  153, 153, 153
L 50.0000, -130.0000, -4.0000,  89.0000, -83.0000, -4.0000,  153, 153, 153
L 1.0000, -111.0000, -4.0000,  50.0000, -130.0000, -4.0000,  153, 153, 153
L -34.0000, -95.0000, -4.0000,  1.0000, -111.0000, -4.0000,  153, 153, 153
L -81.0000, -75.0000, -4.0000,  -34.0000, -95.0000, -4.0000,  153, 153, 153
L -134.0000, -33.0000, -4.0000,  -81.0000, -75.0000, -4.0000,  153, 153, 153
L -151.0000, -16.0000, -4.0000,  -134.0000, -33.0000, -4.0000,  153, 153, 153
L -157.0000, 13.0000, -4.0000,  -151.0000, -16.0000, -4.0000,  153, 153, 153
L -148.0000, 34.0000, -4.0000,  -157.0000, 13.0000, -4.0000,  153, 153, 153
L -147.0000, 41.0000, -4.0000,  -148.0000, 34.0000, -4.0000,  153, 153, 153
L -131.0000, 89.0000, -4.0000,  -147.0000, 41.0000, -4.0000,  153, 153, 153
L -113.0000, 108.0000, -4.0000,  -131.0000, 89.0000, -4.0000,  153, 153, 153
L -101.0000, 128.0000, -4.0000,  -113.0000, 108.0000, -4.0000,  153, 153, 153
L -42.0000, 173.0000, -41.0000,  -101.0000, 128.0000, -4.0000,  153, 153, 153
L -315.0000, -1380.0000, 608.0000,  -314.0000, -1334.0000, 608.0000,  153, 153, 153
L -346.0000, -1408.0000, 608.0000,  -315.0000, -1380.0000, 608.0000,  153, 153, 153
L -383.0000, -1481.0000, 608.0000,  -346.0000, -1408.0000, 608.0000,  153, 153, 153
L -394.0000, -1515.0000, 608.0000,  -383.0000, -1481.0000, 608.0000,  153, 153, 153
L -425.0000, -1575.0000, 608.0000,  -394.0000, -1515.0000, 608.0000,  153, 153, 153
L -514.0000, -1671.0000, 608.0000,  -425.0000, -1575.0000, 608.0000,  153, 153, 153
L -596.0000, -1633.0000, 608.0000,  -514.0000, -1671.0000, 608.0000,  153, 153, 153
L -634.0000, -1623.0000, 608.0000,  -596.0000, -1633.0000, 608.0000,  153, 153, 153
L -665.0000, -1608.0000, 608.0000,  -634.0000, -1623.0000, 608.0000,  153, 153, 153
L -710.0000, -1590.0000, 608.0000,  -665.0000, -1608.0000, 608.0000,  153, 153, 153
L -784.0000, -1549.0000, 608.0000,  -710.0000, -1590.0000, 608.0000,  153, 153, 153
L -853.0000, -1490.0000, 608.0000,  -784.0000, -1549.0000, 608.0000,  153, 153, 153
L -883.0000, -1446.0000, 608.0000,  -853.0000, -1490.0000, 608.0000,  153, 153, 153
L -892.0000, -1400.0000, 608.0000,  -883.0000, -1446.0000, 608.0000,  153, 153, 153
L -875.0000, -1371.0000, 608.0000,  -892.0000, -1400.0000, 608.0000,  153, 153, 153
L -844.0000, -1267.0000, 608.0000,  -875.0000, -1371.0000, 608.0000,  153, 153, 153
L -784.0000, -1192.0000, 608.0000,  -844.0000, -1267.0000, 608.0000,  153, 153, 153
L -723.0000, -1137.0000, 608.0000,  -784.0000, -1192.0000, 608.0000,  153, 153, 153
L -682.0000, -1115.0000, 608.0000,  -723.0000, -1137.0000, 608.0000,  153, 153, 153
L -542.0000, -1177.0000, 608.0000,  -682.0000, -1115.0000, 608.0000,  153, 153, 153
L -388.0000, -1285.0000, 608.0000,  -542.0000, -1177.0000, 608.0000,  153, 153, 153
L -344.0000, -1301.0000, 608.0000,  -388.0000, -1285.0000, 608.0000,  153, 153, 153
L -315.0000, -1333.0000, 6082.0000,  -344.0000, -1301.0000, 608.0000,  153, 153, 153
L 392.0000, 117.0000, 295.0000,  408.0000, 38.0000, 295.0000,  153, 153, 153
L 384.0000, 207.0000, 295.0000,  392.0000, 117.0000, 295.0000,  153, 153, 153
L 372.0000, 272.0000, 295.0000,  384.0000, 207.0000, 295.0000,  153, 153, 153
L 387.0000, 412.0000, 295.0000,  372.0000, 272.0000, 295.0000,  153, 153, 153
L 408.0000, 468.0000, 295.0000,  387.0000, 412.0000, 295.0000,  153, 153, 153
L 454.0000, 499.0000, 295.0000,  408.0000, 468.0000, 295.0000,  153, 153, 153
L 483.0000, 503.0000, 295.0000,  454.0000, 499.0000, 295.0000,  153, 153, 153
L 582.0000, 527.0000, 295.0000,  483.0000, 503.0000, 295.0000,  153, 153, 153
L 689.0000, 516.0000, 295.0000,  582.0000, 527.0000, 295.0000,  153, 153, 153
L 796.0000, 466.0000, 295.0000,  689.0000, 516.0000, 295.0000,  153, 153, 153
L 807.0000, 389.0000, 295.0000,  796.0000, 466.0000, 295.0000,  153, 153, 153
L 820.0000, 270.0000, 295.0000,  807.0000, 389.0000, 295.0000,  153, 153, 153
L 812.0000, 209.0000, 295.0000,  820.0000, 270.0000, 295.0000,  153, 153, 153
L 803.0000, 130.0000, 295.0000,  812.0000, 209.0000, 295.0000,  153, 153, 153
L 813.0000, 78.0000, 295.0000,  803.0000, 130.0000, 295.0000,  153, 153, 153
L 794.0000, 35.0000, 295.0000,  813.0000, 78.0000, 295.0000,  153, 153, 153
L 774.0000, 31.0000, 295.0000,  794.0000, 35.0000, 295.0000,  153, 153, 153
L 707.0000, 24.0000, 295.0000,  774.0000, 31.0000, 295.0000,  153, 153, 153
L 577.0000, 14.0000, 295.0000,  707.0000, 24.0000, 295.0000,  153, 153, 153
L 410.0000, 42.0000, 2952.0000,  577.0000, 14.0000, 295.0000,  153, 153, 153
L 173.0000, -400.0000, 103.0000,  70.0000, -278.0000, 103.0000,  153, 153, 153
L 223.0000, -476.0000, 103.0000,  173.0000, -400.0000, 103.0000,  153, 153, 153
L 196.0000, -546.0000, 103.0000,  223.0000, -476.0000, 103.0000,  153, 153, 153
L 155.0000, -618.0000, 103.0000,  196.0000, -546.0000, 103.0000,  153, 153, 153
L 124.0000, -689.0000, 103.0000,  155.0000, -618.0000, 103.0000,  153, 153, 153
L 97.0000, -772.0000, 103.0000,  124.0000, -689.0000, 103.0000,  153, 153, 153
L 59.0000, -839.0000, 103.0000,  97.0000, -772.0000, 103.0000,  153, 153, 153
L 0.0000, -898.0000, 103.0000,  59.0000, -839.0000, 103.0000,  153, 153, 153
L -27.0000, -974.0000, 103.0000,  0.0000, -898.0000, 103.0000,  153, 153, 153
L -91.0000, -1031.0000, 103.0000,  -27.0000, -974.0000, 103.0000,  153, 153, 153
L -118.0000, -1110.0000, 103.0000,  -91.0000, -1031.0000, 103.0000,  153, 153, 153
L -185.0000, -1160.0000, 103.0000,  -118.0000, -1110.0000, 103.0000,  153, 153, 153
L -270.0000, -1151.0000, 103.0000,  -185.0000, -1160.0000, 103.0000,  153, 153, 153
L -323.0000, -1094.0000, 103.0000,  -270.0000, -1151.0000, 103.0000,  153, 153, 153
L -396.0000, -1064.0000, 103.0000,  -323.0000, -1094.0000, 103.0000,  153, 153, 153
L -464.0000, -1025.0000, 103.0000,  -396.0000, -1064.0000, 103.0000,  153, 153, 153
L -534.0000, -1003.0000, 103.0000,  -464.0000, -1025.0000, 103.0000,  153, 153, 153
L -663.0000, -926.0000, 103.0000,  -534.0000, -1003.0000, 103.0000,  153, 153, 153
L -718.0000, -873.0000, 103.0000,  -663.0000, -926.0000, 103.0000,  153, 153, 153
L -843.0000, -766.0000, 103.0000,  -718.0000, -873.0000, 103.0000,  153, 153, 153
L -822.0000, -688.0000, 103.0000,  -843.0000, -766.0000, 103.0000,  153, 153, 153
L -782.0000, -619.0000, 103.0000,  -822.0000, -688.0000, 103.0000,  153, 153, 153
L -761.0000, -539.0000, 103.0000,  -782.0000, -619.0000, 103.0000,  153, 153, 153
L -727.0000, -477.0000, 103.0000,  -761.0000, -539.0000, 103.0000,  153, 153, 153
L -695.0000, -389.0000, 103.0000,  -727.0000, -477.0000, 103.0000,  153, 153, 153
L -616.0000, -259.0000, 103.0000,  -695.0000, -389.0000, 103.0000,  153, 153, 153
L -557.0000, -196.0000, 103.0000,  -616.0000, -259.0000, 103.0000,  153, 153, 153
L -508.0000, -132.0000, 103.0000,  -557.0000, -196.0000, 103.0000,  153, 153, 153
L -434.0000, -86.0000, 103.0000,  -508.0000, -132.0000, 103.0000,  153, 153, 153
L -339.0000, -70.0000, 103.0000,  -434.0000, -86.0000, 103.0000,  153, 153, 153
L -275.0000, -113.0000, 103.0000,  -339.0000, -70.0000, 103.0000,  153, 153, 153
L -189.0000, -129.0000, 103.0000,  -275.0000, -113.0000, 103.0000,  153, 153, 153
L -124.0000, -147.0000, 103.0000,  -189.0000, -129.0000, 103.0000,  153, 153, 153
L -51.0000, -192.0000, 103.0000,  -124.0000, -147.0000, 103.0000,  153, 153, 153
L 0.0000, -243.0000, 103.0000,  -51.0000, -192.0000, 103.0000,  153, 153, 153
L 72.0000, -278.0000, 1035.0000,  0.0000, -243.0000, 103.0000,  153, 153, 153
L 268.0000, -548.0000, -143.0000,  197.0000, -627.0000, -143.0000,  153, 153, 153
L 335.0000, -399.0000, -143.0000,  268.0000, -548.0000, -143.0000,  153, 153, 153
L 387.0000, -327.0000, -143.0000,  335.0000, -399.0000, -143.0000,  153, 153, 153
L 550.0000, -177.0000, -143.0000,  387.0000, -327.0000, -143.0000,  153, 153, 153
L 720.0000, -56.0000, -143.0000,  550.0000, -177.0000, -143.0000,  153, 153, 153
L 840.0000, -4.0000, -143.0000,  720.0000, -56.0000, -143.0000,  153, 153, 153
L 925.0000, -50.0000, -143.0000,  840.0000, -4.0000, -143.0000,  153, 153, 153
L 981.0000, -102.0000, -143.0000,  925.0000, -50.0000, -143.0000,  153, 153, 153
L 1087.0000, -174.0000, -143.0000,  981.0000, -102.0000, -143.0000,  153, 153, 153
L 1183.0000, -221.0000, -143.0000,  1087.0000, -174.0000, -143.0000,  153, 153, 153
L 1267.0000, -291.0000, -143.0000,  1183.0000, -221.0000, -143.0000,  153, 153, 153
L 1329.0000, -377.0000, -143.0000,  1267.0000, -291.0000, -143.0000,  153, 153, 153
L 1420.0000, -433.0000, -143.0000,  1329.0000, -377.0000, -143.0000,  153, 153, 153
L 1476.0000, -522.0000, -143.0000,  1420.0000, -433.0000, -143.0000,  153, 153, 153
L 1565.0000, -573.0000, -143.0000,  1476.0000, -522.0000, -143.0000,  153, 153, 153
L 1620.0000, -672.0000, -143.0000,  1565.0000, -573.0000, -143.0000,  153, 153, 153
L 1591.0000, -768.0000, -143.0000,  1620.0000, -672.0000, -143.0000,  153, 153, 153
L 1508.0000, -831.0000, -143.0000,  1591.0000, -768.0000, -143.0000,  153, 153, 153
L 1456.0000, -913.0000, -143.0000,  1508.0000, -831.0000, -143.0000,  153, 153, 153
L 1389.0000, -991.0000, -143.0000,  1456.0000, -913.0000, -143.0000,  153, 153, 153
L 1342.0000, -1084.0000, -143.0000,  1389.0000, -991.0000, -143.0000,  153, 153, 153
L 1217.0000, -1230.0000, -143.0000,  1342.0000, -1084.0000, -143.0000,  153, 153, 153
L 1139.0000, -1287.0000, -143.0000,  1217.0000, -1230.0000, -143.0000,  153, 153, 153
L 980.0000, -1418.0000, -143.0000,  1139.0000, -1287.0000, -143.0000,  153, 153, 153
L 894.0000, -1382.0000, -143.0000,  980.0000, -1418.0000, -143.0000,  153, 153, 153
L 813.0000, -1314.0000, -143.0000,  894.0000, -1382.0000, -143.0000,  153, 153, 153
L 712.0000, -1267.0000, -143.0000,  813.0000, -1314.0000, -143.0000,  153, 153, 153
L 552.0000, -1170.0000, -143.0000,  712.0000, -1267.0000, -143.0000,  153, 153, 153
L 380.0000, -1021.0000, -143.0000,  552.0000, -1170.0000, -143.0000,  153, 153, 153
L 248.0000, -869.0000, -143.0000,  380.0000, -1021.0000, -143.0000,  153, 153, 153
L 198.0000, -751.0000, -143.0000,  248.0000, -869.0000, -143.0000,  153, 153, 153
L 200.0000, -621.0000, -143.0000,  198.0000, -751.0000, -143.0000,  153, 153, 153
L 268.0000, -553.0000, -1439.0000,  200.0000, -621.0000, -143.0000,  153, 153, 153
L 1143.0000, 1713.0000, -1093.0000,  1244.0000, 1690.0000, -1093.0000,  153, 153, 153
L 942.0000, 1737.0000, -1093.0000,  1143.0000, 1713.0000, -1093.0000,  153, 153, 153
L 845.0000, 1730.0000, -1093.0000,  942.0000, 1737.0000, -1093.0000,  153, 153, 153
L 642.0000, 1713.0000, -1093.0000,  845.0000, 1730.0000, -1093.0000,  153, 153, 153
L 450.0000, 1601.0000, -1093.0000,  642.0000, 1713.0000, -1093.0000,  153, 153, 153
L 354.0000, 1587.0000, -1093.0000,  450.0000, 1601.0000, -1093.0000,  153, 153, 153
L 283.0000, 1490.0000, -1093.0000,  354.0000, 1587.0000, -1093.0000,  153, 153, 153
L 248.0000, 1372.0000, -1093.0000,  283.0000, 1490.0000, -1093.0000,  153, 153, 153
L 264.0000, 1080.0000, -1093.0000,  248.0000, 1372.0000, -1093.0000,  153, 153, 153
L 337.0000, 875.0000, -1093.0000,  264.0000, 1080.0000, -1093.0000,  153, 153, 153
L 359.0000, 778.0000, -1093.0000,  337.0000, 875.0000, -1093.0000,  153, 153, 153
L 417.0000, 672.0000, -1093.0000,  359.0000, 778.0000, -1093.0000,  153, 153, 153
L 440.0000, 570.0000, -1093.0000,  417.0000, 672.0000, -1093.0000,  153, 153, 153
L 490.0000, 476.0000, -1093.0000,  440.0000, 570.0000, -1093.0000,  153, 153, 153
L 664.0000, 480.0000, -1093.0000,  490.0000, 476.0000, -1093.0000,  153, 153, 153
L 981.0000, 521.0000, -1093.0000,  664.0000, 480.0000, -1093.0000,  153, 153, 153
L 1083.0000, 480.0000, -1093.0000,  981.0000, 521.0000, -1093.0000,  153, 153, 153
L 1173.0000, 543.0000, -1093.0000,  1083.0000, 480.0000, -1093.0000,  153, 153, 153
L 1267.0000, 622.0000, -1093.0000,  1173.0000, 543.0000, -1093.0000,  153, 153, 153
L 1371.0000, 616.0000, -1093.0000,  1267.0000, 622.0000, -1093.0000,  153, 153, 153
L 1480.0000, 680.0000, -1093.0000,  1371.0000, 616.0000, -1093.0000,  153, 153, 153
L 1476.0000, 790.0000, -1093.0000,  1480.0000, 680.0000, -1093.0000,  153, 153, 153
L 1432.0000, 888.0000, -1093.0000,  1476.0000, 790.0000, -1093.0000,  153, 153, 153
L 1438.0000, 995.0000, -1093.0000,  1432.0000, 888.0000, -1093.0000,  153, 153, 153
L 1403.0000, 1082.0000, -1093.0000,  1438.0000, 995.0000, -1093.0000,  153, 153, 153
L 1402.0000, 1194.0000, -1093.0000,  1403.0000, 1082.0000, -1093.0000,  153, 153, 153
L 1387.0000, 1299.0000, -1093.0000,  1402.0000, 1194.0000, -1093.0000,  153, 153, 153
L 1302.0000, 1492.0000, -1093.0000,  1387.0000, 1299.0000, -1093.0000,  153, 153, 153
L 1244.0000, 1693.0000, -10936.0000,  1302.0000, 1492.0000, -1093.0000,  153, 153, 153
