P -1100.0000, 1600.0000, 0.0000,  255, 255, 255,  2,  X_-_Place_you_port_to_when_you_take_the_pad
P 1294.0000, 262.0000, 0.0000,  153, 153, 153,  2,  X
P 1350.0000, 0.0000, 0.0000,  255, 255, 255,  2,  Veeshan_-_8
P 388.0000, 906.0000, 0.0000,  153, 153, 153,  2,  X
P 1136.0000, 717.0000, 0.0000,  153, 153, 153,  2,  Pad_to_Veeshan
P 600.0000, 1800.0000, 0.0000,  255, 255, 255,  2,  Drake/Sphinx_-_7
P -408.0000, 775.0000, 0.0000,  153, 153, 153,  2,  X
P -410.0000, 1181.0000, 0.0000,  153, 153, 153,  2,  Pad_to_Sphinx
P -400.0000, 1400.0000, 0.0000,  255, 255, 255,  2,  Bzzazzt_-_6
P -1111.0000, 855.0000, 0.0000,  153, 153, 153,  2,  X
P -729.0000, 193.0000, 0.0000,  153, 153, 153,  2,  Pad_to_Bzzazzt
P -1100.0000, 1100.0000, 0.0000,  255, 255, 255,  2,  Spiroc_-_5
P 787.0000, -1196.0000, 0.0000,  153, 153, 153,  2,  X
P 344.0000, -493.0000, 0.0000,  153, 153, 153,  2,  Pad_to_Spiroc
P 800.0000, -1400.0000, 0.0000,  255, 255, 255,  2,  Horse_-_4
P -320.0000, -563.0000, 0.0000,  153, 153, 153,  2,  X
P -231.0000, -189.0000, 0.0000,  153, 153, 153,  2,  Pad_to_Horses
P -550.0000, 0.0000, 0.0000,  255, 255, 255,  2,  Gorgalisk_-_3
P 434.0000, 103.0000, 0.0000,  153, 153, 153,  2,  X
P 580.0000, 460.0000, 0.0000,  153, 153, 153,  2,  Pad_to_Gorgalisk
P 100.0000, 350.0000, 0.0000,  255, 255, 255,  2,  Azarack_-_2
P -1108.0000, -516.0000, 0.0000,  153, 153, 153,  2,  X
P -1171.0000, -454.0000, 0.0000,  153, 153, 153,  2,  Pad_to_Azarack
P -1700.0000, -300.0000, 0.0000,  255, 255, 255,  2,  Noble_Dojorn/Gwan
P -547.0000, -1415.0000, 0.0000,  153, 153, 153,  2,  X
P -370.0000, -1360.0000, 0.0000,  153, 153, 153,  2,  Pad_to_Azarack
P -533.0000, -1612.0000, 0.0000,  153, 153, 153,  2,  Pad_to_Quest_Room
P -839.0000, -1419.0000, 0.0000,  153, 153, 153,  2,  Pad_to_Noble
P -1250.0000, -1200.0000, 0.0000,  255, 255, 255,  2,  Thunder_Spirit_-_1
