P 0.0000, 0.0000, 0.0000,  0, 0, 0,  1,  Interrogator_Silth
P 6424.1841, 686.7014, -711.9726,  0, 127, 0,  1,  Interrogator_Silth
P 6420.5908, 697.5182, -711.9726,  0, 127, 0,  1,  Viskal_the_Apothecary
P 5125.2925, 443.1183, -335.1480,  0, 127, 0,  1,  Military_doc
P 5215.7070, 418.3528, -338.1791,  0, 127, 0,  1,  military_doc
P 5081.3501, 267.4027, -333.6533,  0, 127, 0,  1,  Military_doc
P 5072.5386, 335.1413, -335.1533,  0, 127, 0,  1,  Military_Doc
P 5122.6479, 552.8076, -331.8331,  0, 127, 0,  1,  Military_doc
P 3723.7388, 65.8696, -341.8819,  0, 127, 0,  1,  Kelethin
P 4579.3750, 383.1436, -353.9985,  0, 127, 0,  1,  Felwithe
P 5012.6392, 412.9593, -341.3185,  0, 127, 0,  1,  Firiona_Vie
P 3629.5195, 71.6027, -361.0388,  0, 127, 0,  1,  Priest_of_Discord
P 4174.1353, 271.6033, -333.4889,  0, 127, 0,  1,  Ogrol
P 122.5129, 136.5520, -0.6793,  0, 127, 0,  1,  Nymlee
P -970.8213, -140.6457, -24.0905,  0, 127, 0,  1,  Snugum_Witgone
P -77.2585, -311.2249, -66.1037,  0, 127, 0,  1,  Hilnie
P -359.0650, -113.6294, -31.3039,  0, 127, 0,  1,  Dabner_Drednever
P -32.4072, -338.5301, -66.1037,  0, 127, 0,  1,  bandit_camp
P -893.9899, 244.9197, -27.0761,  0, 127, 0,  1,  medicine
P -1008.1364, -244.3240, -27.5693,  0, 127, 0,  1,  food
P -929.8785, 200.0385, -26.7592,  0, 127, 0,  1,  medicine
P -903.1342, 130.0065, -24.0905,  0, 127, 0,  1,  medicine
P -866.5145, 135.4127, -24.0905,  0, 127, 0,  1,  food
P -944.8670, -104.8908, -24.0905,  0, 127, 0,  1,  food
P -967.0853, -300.9499, -29.3992,  0, 127, 0,  1,  food
P 6518.4434, 442.5241, -711.9726,  0, 127, 0,  1,  Zisak
P -1027.5767, -57.6259, -30.3076,  240, 0, 0,  1,  Dreezil_Stickens_Pocketdip_(Quest)
P -355.9585, -129.6093, -31.3039,  240, 0, 0,  1,  Gimble_Shamrook_(Quest)
P 4553.4619, 204.7822, -326.8286,  240, 0, 0,  1,  Seria_Woodwind_(Quest)
P 4531.2969, 342.6775, -353.4433,  240, 0, 0,  1,  Sionachie_Heartsinger_(Quest)
P 2803.8462, -224.4309, -220.5205,  240, 0, 0,  1,  Avaden_O'Leary_(Quest)
P 2677.3430, -474.8273, -230.3613,  240, 0, 0,  1,  Tresla_McKindle_(Quest)
P 1494.4104, -303.5568, -210.3174,  240, 0, 0,  1,  Dagda_Icefury_(quest)
P 3454.9187, 292.3822, -317.2711,  240, 0, 0,  1,  Lyrin_Woodsing_(Quest)
P 400.7373, -452.4968, -1.9583,  240, 0, 0,  1,  Chorra_Clearsky_(Quest)
P 6401.6406, 487.8884, -711.9726,  240, 0, 0,  1,  Raobez_Kraykru_(Quest)
P 6530.2612, 739.5615, -711.9726,  240, 0, 0,  1,  Serilis_(Quest)
