P 261.0000, 2048.0000, 108.0000,  0, 240, 0,  3,  Lichen_Creep
P 276.0000, 1885.0000, 118.0000,  0, 240, 0,  3,  Volska's_Husk
P -1398.0000, -1324.0000, 225.0000,  0, 240, 0,  3,  Volska's_Husk
P 269.0000, 1888.0000, 118.0000,  0, 0, 0,  2,  Bobert_Nightbridge
P -425.0000, 1697.0000, 195.0000,  240, 0, 0,  2,  Grogald_Elderhammer_(Mission_Raid)
P 238.9194, 2055.5225, 106.1719,  0, 0, 0,  2,  Drun_Thunder
P -941.6852, 258.3983, 2.2564,  240, 0, 0,  2,  Mardan_Howlinblade_(Quests)
P -1129.3740, 197.8213, -0.3826,  0, 240, 0,  3,  Fungal_Forest
P -420.5380, 1674.7943, 194.6590,  240, 0, 0,  2,  Ardan_Thinkton_(Quests)
P -424.6216, 1697.2391, 194.6589,  240, 0, 0,  2,  Grogald_Elderhammer
P -521.3192, 1623.0736, 198.2755,  0, 240, 0,  3,  Underquarry
P 326.8109, 1872.2146, 55.9289,  0, 240, 240,  2,  Ramp_out_of_lava
P -445.6107, 1445.5745, 193.8150,  240, 0, 0,  2,  Caedwin_Axebreaker_(Quests)
P -468.5327, 1457.8240, 193.8150,  240, 0, 0,  2,  Garn_Ironfist_(Quests)
P -1191.4846, -1434.6797, 156.3703,  240, 0, 0,  2,  Nurvin_Dwalgrun
P -1319.4836, -614.2358, 2.9590,  255, 0, 0,  2,  Entricalla
P -1804.2203, -1495.4055, 305.6839,  0, 0, 0,  2,  Pit_/_fake_floor
