P 308.8572, -214.4682, -32.3425,  19, 33, 0,  3,  Oven
P 773.0109, -746.9164, -32.3424,  240, 0, 0,  3,  Ruby
P 426.4219, -135.8511, -32.3425,  19, 33, 0,  3,  Forge
P 213.8830, -158.4330, -32.3430,  19, 33, 0,  3,  Kiln
P 329.7890, -215.4030, -32.3430,  19, 33, 0,  3,  Kiln
P -133.1510, 255.4700, 29.4060,  19, 33, 0,  3,  Forge
P 385.7250, 198.6470, 0.5120,  0, 0, 0,  3,  To_Shadowhaven
P 384.7250, 103.9770, 0.3180,  0, 0, 0,  3,  To_Shadowhaven
P -260.4700, 115.5130, 13.3050,  0, 0, 0,  3,  To_Nexus
P 427.0120, -172.0120, -32.3430,  19, 33, 0,  3,  Forge
P 203.9730, -174.8410, -32.3430,  19, 33, 0,  3,  Pottery_Wheel
P 205.7870, -131.6950, -32.3430,  19, 33, 0,  3,  Loom
P 50.9770, -340.9450, 29.4060,  240, 0, 0,  3,  Teleporter_to_Red_Dragon_Hall
P 887.8550, -1177.3540, -1.4680,  0, 0, 0,  3,  Teleporter_to_Hub
P -925.6050, -1175.6060, -1.4680,  0, 0, 0,  3,  Teleporter_to_Hub
P 865.6890, -1104.1270, -1.4680,  0, 0, 0,  3,  Bankers
P -944.6540, -1104.1240, -1.4680,  0, 0, 0,  3,  Bankers
P 834.7750, -1800.7920, -15.2770,  240, 0, 0,  3,  Hall_of_the_Red_Dragon
P -956.6880, -1800.7939, 14.4970,  0, 0, 240,  3,  Hall_of_the_Blue_Griffin
P -841.1630, -1464.0420, -32.3420,  0, 0, 240,  3,  Copper
P -689.0660, -1295.7870, 29.4060,  0, 0, 240,  3,  Silver
P -585.4970, -1016.0860, -32.3420,  0, 0, 240,  3,  Gold
P -758.6360, -865.2680, 29.4060,  0, 0, 240,  3,  Platinum
P -1037.1880, -760.3720, -32.3420,  0, 0, 240,  3,  Ruby
P -1184.5710, -933.9240, 29.4060,  0, 0, 240,  3,  Emerald
P -1293.2321, -1210.2720, -32.3420,  0, 0, 240,  3,  Sapphire
P -1120.6650, -1364.3409, 29.4060,  0, 0, 240,  3,  Diamond
P 970.1480, -1453.5140, -32.3420,  240, 0, 0,  3,  Copper
P 1119.6090, -1283.7581, 29.4060,  240, 0, 0,  3,  Silver
P 1225.8240, -1001.0980, -32.3420,  240, 0, 0,  3,  Gold
P 1050.5300, -851.9550, 29.4060,  240, 0, 0,  3,  Platinum
P 621.4290, -928.3830, 29.4060,  240, 0, 0,  3,  Emerald
P 488.8770, -1250.6570, -32.3420,  240, 0, 0,  3,  Sapphire
P 688.1740, -1425.0120, 29.4060,  240, 0, 0,  3,  Diamond
P -304.5150, -84.9150, 29.3890,  0, 0, 240,  3,  Teleporter_to_Blue_Griffin_Hall
P -183.2030, 298.4570, 29.4060,  19, 39, 106,  3,  Stables
P -0.1200, -7.3640, 4.7220,  19, 39, 106,  3,  Merchants
P 834.7750, -1800.7920, -15.2770,  240, 0, 0,  3,  (BAZAAR)
P -956.6880, -1800.7939, 14.4970,  0, 0, 240,  3,  (BARTER)
P 435.8240, -0.0030, -32.3480,  0, 0, 0,  3,  To_Plane_of_Knowledge
