P -2791.0000, 2854.0000, 257.5785,  0, 0, 240,  2,  a_waterlogged_chest
P -1059.3171, 4156.7046, 305.4063,  0, 0, 240,  2,  a_waterlogged_chest
P -3386.2830, -1868.9419, 262.8044,  0, 0, 240,  2,  a_waterlogged_chest
P -4680.7202, -1581.8507, 134.3094,  0, 0, 240,  2,  a_waterlogged_chest
P -5140.4629, -2718.6846, 275.2842,  0, 0, 240,  2,  a_waterlogged_chest
P -3740.4248, -4386.9180, 103.8982,  0, 0, 240,  2,  a_waterlogged_chest
P -2938.6572, -2914.7327, 200.2566,  0, 0, 240,  2,  a_waterlogged_chest
P -2623.0000, 4091.0000, 277.4057,  0, 0, 240,  2,  a_waterlogged_chest
P 4414.9692, -2514.5647, 477.1237,  0, 0, 240,  2,  Lake_Slikernx
P -2971.0000, 60.0000, 306.0000,  240, 0, 0,  3,  Bilgewater_Bill_(solo_tasks)
P -2630.0000, 990.0000, 311.0000,  240, 0, 0,  3,  Pirates
P -2873.0000, 807.0000, 307.0000,  240, 0, 0,  3,  Jardell's_Inn
P -3920.0000, 355.0000, 310.0000,  0, 240, 240,  3,  Jardel's_Hook
P 2161.0000, 361.0000, 311.0000,  0, 240, 240,  3,  suncrest_island
P 2889.0000, -3342.0000, 308.0000,  0, 240, 240,  3,  Deadbone_Reef
P -3956.0000, -1659.0000, 309.0000,  0, 240, 240,  3,  maiden's_grave
P 2358.0000, 1040.0000, 321.0000,  240, 0, 0,  3,  drakes
P -3045.0000, -130.0000, 311.0000,  240, 0, 0,  3,  Scurv-acious_Bella_Straw_(group_tasks)
P -3034.0000, -142.0000, 307.0000,  240, 0, 0,  3,  Breal_the_Minstrel_(group_tasks)
P -2985.0000, 57.0000, 310.0000,  240, 0, 0,  3,  Murderous_Mal_(solo_tasks)
P -585.0000, -3800.0000, 310.0000,  0, 240, 240,  3,  Blacksail_Folly
P -1465.0000, -4562.0000, 316.0000,  240, 0, 0,  3,  Pirates
P -880.0000, 200.0000, 344.0000,  0, 240, 0,  3,  To_Katta_Castrum
P -4653.0000, 734.0000, 371.0000,  240, 0, 0,  3,  pirates
P -4690.0000, 810.0000, 372.0000,  240, 0, 0,  3,  Jelly_Bones_Bud
P -3920.0000, 355.0000, 310.0000,  240, 0, 0,  3,  Pirates
P 3313.0000, 4612.0000, 519.0000,  240, 0, 0,  3,  undead_tower
P 3203.0000, 4223.0000, 341.0000,  240, 0, 0,  3,  diseased_animals
P 4228.0000, 224.0000, 312.0000,  240, 0, 0,  3,  Helushka
P 4309.0000, -3129.0000, 313.0000,  240, 0, 0,  3,  Garayy_Gali
P 2771.0000, -44.0000, 335.0000,  240, 0, 0,  3,  Lutzan
P 3878.0000, 1650.0000, 200.0000,  240, 0, 0,  3,  Maleko
P 3445.0000, -198.0000, 400.0000,  240, 0, 0,  3,  goblins
P 2161.0000, 361.0000, 311.0000,  240, 0, 0,  3,  raptor/tiger_island
P 4152.0000, -3863.0000, 313.0000,  240, 0, 0,  3,  Garayy_Yuundu
P 4347.0000, -3319.0000, 309.0000,  240, 0, 0,  3,  undead_island
P 3663.0000, -2938.0000, 310.0000,  240, 0, 0,  3,  Reefrunner
P -448.0000, -4660.0000, 334.0000,  240, 0, 0,  3,  locked_door
P -31.0000, 3654.0000, 304.0000,  240, 0, 0,  3,  regrua_crabs
P -1746.0000, 4211.0000, 308.0000,  240, 0, 0,  3,  a_waterlogged_chest
P -3266.0000, -413.0000, 305.0000,  240, 0, 0,  3,  Gus_Longear_(group_task)
P -3250.0000, -399.0000, 304.0000,  240, 0, 0,  3,  Darius_Blythe_(solo_tasks)
P -3082.0000, -195.0000, 305.0000,  240, 0, 0,  3,  Macon_Teach_(group_tasks)
P -3066.0000, -201.0000, 303.0000,  240, 0, 0,  3,  Logan_Grimm_(solo_tasks)
P -2877.0000, 818.0000, 360.0000,  0, 240, 240,  3,  Locked_Door
P -2877.0000, 813.0000, 360.0000,  240, 0, 0,  3,  Karl_Scarmonger
P -2887.0000, 819.0000, 360.0000,  240, 0, 0,  3,  Jert_Scarmonger
P 3844.8640, -3363.6882, 462.9193,  0, 0, 240,  2,  Bay_of_Slikernx
P -1076.0000, 3892.0000, 502.0000,  240, 0, 0,  3,  king_peleke
P 2773.5120, 123.6234, 407.7453,  240, 0, 0,  3,  Sunstone_Flame_Reaver
P 2703.0137, 200.9606, 403.3273,  240, 0, 0,  3,  Sunstone_Ash_Priest
P -669.2286, 3597.0520, 573.7991,  0, 0, 0,  3,  Luitl_the_Prophet
P -3130.0000, 1721.0000, 304.4740,  240, 240, 240,  3,  Succor_Point
P -3454.6116, 1469.5178, 302.6367,  0, 0, 0,  3,  Captain_Pete_(Quests)
P -4455.7144, -2103.6257, 304.6628,  0, 0, 0,  3,  Stonejaw
P 3048.0000, 1030.0000, 334.0000,  0, 127, 0,  3,  Suncrest_Ridge
P -3344.9351, 1567.0400, 305.5602,  0, 0, 0,  3,  Sid_Hacke_(Merchant)
P -3423.2524, 1512.3666, 303.2480,  0, 0, 0,  3,  Pirate_Smythe_(Quests)
P 3338.0000, 4142.0000, 357.0000,  0, 127, 0,  3,  Monkey_Rock_(Island)
P -603.7723, 3659.9634, 573.4518,  0, 0, 0,  3,  Stormscape_Crusader
P -1579.0000, 3605.0000, 338.0000,  0, 127, 0,  3,  Redfeather_Isle
P 3976.9878, 3500.9102, 399.2180,  240, 0, 0,  3,  Terraraptor
P 2537.9790, 3840.8743, 375.9275,  240, 0, 0,  3,  Pythos
P 3812.3877, 1292.0765, 209.4891,  240, 0, 0,  3,  Here_be_Tidewater_Goblins
P 4074.3723, 3241.3142, 327.1366,  240, 0, 0,  3,  a_Goblin_Maurader
P 3426.9243, 3368.2004, 400.2894,  240, 0, 0,  3,  Thunderstep
P 3160.1641, 3779.6392, 338.5192,  0, 127, 0,  3,  Monkey_Statue
P 2901.6267, 3901.3601, 377.4734,  0, 127, 0,  3,  Druid_Ring
P 3291.4751, -2912.0791, 161.8630,  0, 127, 0,  3,  Underwater_Cave
P -3261.3474, 1652.9850, 305.3252,  0, 0, 0,  3,  Johnny_the_Black_Crow_(Quests)
P -3259.3223, 1670.5216, 304.5690,  0, 0, 0,  3,  Rickan_(Quests)
P -3277.5964, 1657.8430, 304.9253,  0, 0, 0,  3,  Chum_Chum
P -3039.0000, -143.0000, 308.6509,  0, 0, 240,  2,  Beal_the_Minstrel
P -594.6800, 3611.0200, 575.6973,  240, 0, 0,  2,  Stormscape_High_Priest
P -1106.3882, 3775.0186, 505.9944,  240, 0, 0,  2,  Stormscape_Warder
P 3314.0000, 4739.0000, 538.0666,  0, 0, 240,  2,  Researcher_Aeglos
