P 444.0000, 261.0000, 0.0000,  0, 0, 0,  2,  to_Swamp_of_No_Hope
P 641.0000, 73.0000, 0.0000,  0, 0, 0,  2,  to_Swamp_of_No_Hope
P -286.0000, 69.0000, 0.0000,  0, 0, 0,  2,  to_Western_Cabilis
P 414.0000, -1355.0000, 0.0000,  0, 0, 0,  2,  to_Field_of_Bone
P 28.0000, 620.0000, 0.0000,  0, 0, 0,  2,  Ygen_(Weapons)
P 7.0000, 639.0000, 0.0000,  0, 0, 0,  2,  Phlegyl_(Armor)
P 83.0000, -49.0000, 0.0000,  0, 0, 0,  2,  Loom
P 133.0000, -53.0000, 0.0000,  0, 0, 0,  2,  Scaznar_(Armor)
P 47.0000, -1081.0000, 0.0000,  0, 0, 0,  2,  Dexl_(GM_Shaman)
P 105.0000, -1000.0000, 0.0000,  0, 0, 0,  2,  Gristle_(Spells)
P 260.0000, -1126.0000, 0.0000,  0, 0, 0,  2,  Grazik_(Spells)
P 266.0000, -1000.0000, 0.0000,  0, 0, 0,  2,  Rygle_(Spells)
P 173.0000, -1062.0000, 0.0000,  0, 0, 0,  2,  Korzin_(GM_Shadow_Knight)
P 7.0000, 525.0000, 0.0000,  0, 0, 0,  2,  Qag_(Weapons)
P 311.0000, 508.0000, 0.0000,  0, 0, 0,  2,  Granthrow_(Weapons)
P 242.0000, 596.0000, 0.0000,  0, 0, 0,  2,  Kobl_(Merchant)
P 202.0000, 437.0000, 0.0000,  0, 0, 0,  2,  Krikt_(Smith)
P 215.0000, 427.0000, 0.0000,  0, 0, 0,  2,  Vyx_(Smith)
P 33.0000, 432.0000, 0.0000,  0, 0, 0,  2,  Grugl_(Weapons)
P 34.0000, 377.0000, 0.0000,  0, 0, 0,  2,  Forge
P 8.0000, -58.0000, 0.0000,  0, 0, 0,  2,  Vednir_(Merchant)
P 9.0000, -128.0000, 0.0000,  0, 0, 0,  2,  Stitch_(Tailor)
P 19.0000, -142.0000, 0.0000,  0, 0, 0,  2,  Tempar_(Armor)
P 127.0000, -129.0000, 0.0000,  0, 0, 0,  2,  Ephmir_(Merchant)
P 204.0000, -143.0000, 0.0000,  0, 0, 0,  2,  Gogon_(Fletcher)
P 201.0000, -123.0000, 0.0000,  0, 0, 0,  2,  Foxmyr_(Merchant)
P 197.0000, -51.0000, 0.0000,  0, 0, 0,  2,  Dytar_(Merchant)
P 298.0000, -93.0000, 0.0000,  0, 0, 0,  2,  Wartol_(Tailor)
P 303.0000, -190.0000, 0.0000,  0, 0, 0,  2,  Toren_(Smith)
P 315.0000, -219.0000, 0.0000,  0, 0, 0,  2,  Forge
P 290.0000, -239.0000, 0.0000,  0, 0, 0,  2,  Nalgoz_(Smith)
P 275.0000, -239.0000, 0.0000,  0, 0, 0,  2,  Grots_(Pottery)
P 195.0000, -232.0000, 0.0000,  0, 0, 0,  2,  Pottery_Wheel
P 218.0000, -259.0000, 0.0000,  0, 0, 0,  2,  Kiln
P 202.0000, -253.0000, 0.0000,  0, 0, 0,  2,  Hoga_(Pottery)
P 469.0000, -450.0000, 0.0000,  0, 0, 0,  2,  Wyga_(Merchant)
P 215.0000, -386.0000, 0.0000,  0, 0, 0,  2,  Mugruk_(Armor)
P 51.0000, -285.0000, 0.0000,  0, 0, 0,  2,  Bain_(GM_Monk)
P -37.0000, -458.0000, 0.0000,  0, 0, 0,  2,  Niska_(GM_Monk)
P -48.0000, -351.0000, 0.0000,  0, 0, 0,  2,  Chronicler_(Merchant)
P -11.0000, -348.0000, 0.0000,  0, 0, 0,  2,  Rastok_(Weapons)
P 12.0000, -685.0000, 0.0000,  0, 0, 0,  2,  Brew_Barrel
P -147.0000, -522.0000, 0.0000,  0, 0, 0,  2,  Oven
P -159.0000, -551.0000, 0.0000,  0, 0, 0,  2,  Sweetzie_(Baking)
P -162.0000, -531.0000, 0.0000,  0, 0, 0,  2,  Unlar_(Baking)
P -158.0000, -593.0000, 0.0000,  0, 0, 0,  2,  Gritchit_(Baking)
P -157.0000, -638.0000, 0.0000,  0, 0, 0,  2,  Oxmod_(Jewelry)
P -156.0000, -659.0000, 0.0000,  0, 0, 0,  2,  Ixmid_(Gems)
P -64.0000, -707.0000, 0.0000,  0, 0, 0,  2,  Rakra_(Bank)
P 26.0000, -678.0000, 0.0000,  0, 0, 0,  2,  Prixal_(Brewer)
P 38.0000, -667.0000, 0.0000,  0, 0, 0,  2,  Sass_(Brewer)
P 27.0000, -720.0000, 0.0000,  0, 0, 0,  2,  Shakar_(Soulbinder)
P 195.0000, -783.0000, 0.0000,  0, 0, 0,  2,  Granix_(GM_Shaman)
P 189.0000, -1014.0000, 0.0000,  0, 0, 0,  2,  Xog_(GM_Shadow_Knight)
P 214.0000, -1032.0000, 0.0000,  0, 0, 0,  2,  Spell_Merchants
P 610.0000, -1164.0000, 0.0000,  0, 0, 0,  2,  to_Field_of_Bone
P 132.0000, -419.0000, 0.0000,  255, 255, 255,  2,  Court_of_Pain
P 164.0000, -92.0000, 0.0000,  255, 255, 255,  2,  Merchant_Isle
P 193.0000, -981.0000, 0.0000,  255, 255, 255,  2,  Temple_Of_Terror
P -56.0000, -642.0000, 0.0000,  255, 255, 255,  2,  The_Block_(Bank)
P 125.0000, 521.0000, 0.0000,  255, 255, 255,  2,  Warrior_Guild
P 417.0000, -1362.0000, 0.0000,  255, 255, 255,  2,  Succor_Point
P 125.0000, 658.0000, 17.0010,  0, 0, 0,  3,  Eator_(GM_Warrior)
P 97.0040, -1134.0000, -27.9990,  0, 0, 0,  3,  Vizaroth_(Spells)
P 293.0000, -1149.0000, -27.9980,  0, 0, 0,  3,  Vessel_(Spells)
P 189.0000, -1026.0000, 55.9700,  0, 0, 0,  3,  Zreezas_(Spells)
P -8.0000, 512.0000, 55.9700,  0, 0, 0,  3,  Zern_(Smith)
P 25.5630, 531.0630, 55.9700,  0, 0, 0,  3,  Forge
P -21.0000, 541.0000, 55.9700,  0, 0, 0,  3,  Xzatik_(Smith)
P -37.0000, 527.0000, 55.9700,  0, 0, 0,  3,  Bashdyn_(Armor)
P -30.0000, 455.0000, 55.9700,  0, 0, 0,  3,  Vygan_(GM_Warrior)
P 317.0000, 425.0000, 28.0010,  0, 0, 0,  3,  Kyg_(GM_Warrior)
P 124.0000, 248.0000, 28.0010,  0, 0, 0,  3,  Dal_(GM_Warrior)
P -122.0000, -387.0000, 4.0010,  0, 0, 0,  3,  Raska_(GM_Monk)
P 30.0000, -420.0000, 3.0010,  0, 0, 0,  3,  Glox_(GM_Monk)
P -45.0000, -708.0000, -13.9990,  0, 0, 0,  3,  Margar_(Bank)
P 205.0000, -1059.0000, 41.9700,  0, 0, 0,  3,  Vuzx_(GM_Beastlord)
P 151.0000, -1005.0000, 41.9700,  0, 0, 0,  3,  Qyzar_(GM_Shadow_Knight)
P 189.0000, -1044.0000, 18.0010,  0, 0, 0,  3,  Vek_(GM_Shaman)
P 360.0000, -792.0000, 14.0010,  0, 0, 0,  3,  Priest_of_Discord
