P -559.5630, 974.3660, 0.0010,  0, 0, 0,  3,  to_Lake_of_ill_Omen
P -767.0000, 783.0000, 0.0010,  0, 0, 0,  3,  to_Lake_of_ill_Omen
P -1128.4561, -855.1480, 0.0010,  0, 0, 0,  3,  to_Warslik's_Woods
P -1310.7460, -667.2620, 0.0010,  0, 0, 0,  3,  to_Warslik's_Woods
P -321.9540, 74.9330, 8.3040,  0, 0, 0,  3,  to_East_Cabilis
P -374.5300, 539.0930, 4.0010,  0, 0, 0,  3,  Arena
P 118.0000, 343.0000, -55.9680,  0, 0, 0,  3,  Marthor_(GM_Monk)
P -536.0000, 88.0000, -12.9990,  0, 0, 0,  3,  Sartar_(GM_Monk)
P -778.0000, -317.0000, 72.9700,  0, 0, 0,  3,  Necromancer_Guild
P -514.0260, -404.3260, 1.0880,  0, 0, 0,  3,  Klok_(Alchemy)
P -253.0000, 379.0000, -0.9990,  0, 0, 0,  3,  Bile_(Spells)
P -233.2840, 391.7220, 1.0350,  0, 0, 0,  3,  Plight_(Spells)
P -229.0000, 412.0000, 0.0010,  0, 0, 0,  3,  Pestilence_(Spells)
P -235.3400, 443.4460, 0.7130,  0, 0, 0,  3,  Rott_(Spells)
P -254.1040, 453.0350, 0.4750,  0, 0, 0,  3,  Pain_(Spells)
P -511.1240, 36.1090, -0.4660,  0, 0, 0,  3,  Jondin_(Potions)
P -755.2600, -329.6980, 42.8920,  0, 0, 0,  3,  Visar_(Gems)
P -656.8750, -172.2840, 1.2380,  0, 0, 0,  3,  Lithriss_(Spells)
