L -1104.0000, -870.0000, 1.0000,  -1104.0000, -706.0000, 1.0000,  64, 64, 64
L -1143.0000, -857.0000, 3.0000,  -1104.0000, -870.0000, 3.0000,  150, 0, 200
L -1143.0000, -712.0000, 1.0000,  -1143.0000, -857.0000, 1.0000,  64, 64, 64
L -1141.0000, -707.0000, -1.0000,  -1143.0000, -712.0000, 1.0000,  64, 64, 64
L -1141.0000, -704.0000, -1.0000,  -1141.0000, -707.0000, -1.0000,  64, 64, 64
L -1144.0000, -700.0000, -1.0000,  -1141.0000, -704.0000, -1.0000,  64, 64, 64
L -1149.0000, -702.0000, -1.0000,  -1144.0000, -700.0000, -1.0000,  64, 64, 64
L -1158.0000, -693.0000, -1.0000,  -1149.0000, -702.0000, -1.0000,  64, 64, 64
L -1155.0000, -689.0000, -1.0000,  -1158.0000, -693.0000, -1.0000,  64, 64, 64
L -1160.0000, -682.0000, -1.0000,  -1155.0000, -689.0000, -1.0000,  64, 64, 64
L -1166.0000, -681.0000, 1.0000,  -1160.0000, -682.0000, -1.0000,  64, 64, 64
L -1170.0000, -687.0000, 1.0000,  -1166.0000, -681.0000, 1.0000,  64, 64, 64
L -1313.0000, -687.0000, 1.0000,  -1170.0000, -687.0000, 1.0000,  64, 64, 64
L -1313.0000, -687.0000, 1.0000,  -1342.0000, -648.0000, 1.0000,  150, 0, 200
L -783.0000, 762.0000, 1.0000,  -783.0000, 801.0000, 1.0000,  64, 64, 64
L -769.0000, -277.0000, 43.0000,  -800.0000, -278.0000, 63.0000,  64, 64, 64
L -799.0000, -268.0000, 63.0000,  -799.0000, -278.0000, 63.0000,  64, 64, 64
L -797.0000, -268.0000, 62.0000,  -797.0000, -278.0000, 62.0000,  64, 64, 64
L -795.0000, -268.0000, 61.0000,  -795.0000, -278.0000, 61.0000,  64, 64, 64
L -793.0000, -268.0000, 60.0000,  -793.0000, -278.0000, 60.0000,  64, 64, 64
L -791.0000, -268.0000, 59.0000,  -791.0000, -278.0000, 59.0000,  64, 64, 64
L -789.0000, -268.0000, 58.0000,  -789.0000, -278.0000, 58.0000,  64, 64, 64
L -787.0000, -268.0000, 57.0000,  -787.0000, -278.0000, 57.0000,  64, 64, 64
L -785.0000, -268.0000, 56.0000,  -785.0000, -278.0000, 56.0000,  64, 64, 64
L -783.0000, -268.0000, 55.0000,  -783.0000, -278.0000, 55.0000,  64, 64, 64
L -781.0000, -268.0000, 54.0000,  -781.0000, -278.0000, 54.0000,  64, 64, 64
L -779.0000, -268.0000, 53.0000,  -779.0000, -278.0000, 53.0000,  64, 64, 64
L -777.0000, -268.0000, 52.0000,  -777.0000, -278.0000, 52.0000,  64, 64, 64
L -775.0000, -268.0000, 51.0000,  -775.0000, -278.0000, 51.0000,  64, 64, 64
L -773.0000, -268.0000, 50.0000,  -773.0000, -277.0000, 50.0000,  64, 64, 64
L -771.0000, -268.0000, 49.0000,  -771.0000, -277.0000, 49.0000,  64, 64, 64
L -769.0000, -268.0000, 48.0000,  -769.0000, -277.0000, 48.0000,  64, 64, 64
L -767.0000, -268.0000, 47.0000,  -767.0000, -276.0000, 47.0000,  64, 64, 64
L -765.0000, -268.0000, 46.0000,  -765.0000, -276.0000, 46.0000,  64, 64, 64
L -763.0000, -268.0000, 45.0000,  -763.0000, -276.0000, 45.0000,  64, 64, 64
L -761.0000, -268.0000, 44.0000,  -761.0000, -276.0000, 44.0000,  64, 64, 64
L -759.0000, -268.0000, 43.0000,  -759.0000, -277.0000, 43.0000,  64, 64, 64
L -797.0000, -334.0000, 74.0000,  -770.0000, -334.0000, 74.0000,  64, 64, 64
L -797.0000, -296.0000, 74.0000,  -797.0000, -334.0000, 74.0000,  64, 64, 64
L -760.0000, -296.0000, 74.0000,  -797.0000, -296.0000, 74.0000,  64, 64, 64
L -760.0000, -348.0000, 74.0000,  -760.0000, -296.0000, 74.0000,  64, 64, 64
L -788.0000, -348.0000, 64.0000,  -760.0000, -348.0000, 74.0000,  64, 64, 64
L -823.0000, -347.0000, 64.0000,  -788.0000, -348.0000, 64.0000,  64, 64, 64
L -823.0000, -268.0000, 64.0000,  -823.0000, -347.0000, 64.0000,  64, 64, 64
L -759.0000, -268.0000, 43.0000,  -823.0000, -268.0000, 64.0000,  64, 64, 64
L -302.0000, 35.0000, 3.0000,  -302.0000, 56.0000, 4.0000,  150, 0, 200
L -363.0000, 84.0000, 1.0000,  -350.0000, 98.0000, 1.0000,  64, 64, 64
L -364.0000, 28.0000, 1.0000,  -363.0000, 84.0000, 1.0000,  64, 64, 64
L -378.0000, 14.0000, 1.0000,  -364.0000, 28.0000, 1.0000,  64, 64, 64
L -420.0000, 14.0000, 1.0000,  -378.0000, 14.0000, 1.0000,  64, 64, 64
L -434.0000, 28.0000, 1.0000,  -420.0000, 14.0000, 1.0000,  64, 64, 64
L -434.0000, 84.0000, 1.0000,  -434.0000, 28.0000, 1.0000,  64, 64, 64
L -420.0000, 98.0000, 1.0000,  -434.0000, 84.0000, 1.0000,  64, 64, 64
L -364.0000, 98.0000, 1.0000,  -420.0000, 98.0000, 1.0000,  64, 64, 64
L -350.0000, 112.0000, 1.0000,  -364.0000, 98.0000, 1.0000,  64, 64, 64
L -350.0000, 336.0000, 1.0000,  -350.0000, 112.0000, 1.0000,  64, 64, 64
L -336.0000, 350.0000, 1.0000,  -350.0000, 336.0000, 1.0000,  64, 64, 64
L -294.0000, 350.0000, 1.0000,  -336.0000, 350.0000, 1.0000,  64, 64, 64
L -294.0000, 390.0000, 2.0000,  -294.0000, 350.0000, 1.0000,  64, 64, 64
L -292.0000, 392.0000, 2.0000,  -294.0000, 390.0000, 2.0000,  64, 64, 64
L -292.0000, 378.0000, 2.0000,  -292.0000, 392.0000, 2.0000,  64, 64, 64
L -282.0000, 378.0000, 0.0000,  -292.0000, 378.0000, 2.0000,  64, 64, 64
L -262.0000, 374.0000, 0.0000,  -282.0000, 378.0000, 0.0000,  64, 64, 64
L -249.0000, 374.0000, 0.0000,  -262.0000, 374.0000, 0.0000,  64, 64, 64
L -233.0000, 384.0000, 0.0000,  -249.0000, 374.0000, 0.0000,  64, 64, 64
L -231.0000, 384.0000, 3.0000,  -233.0000, 384.0000, 0.0000,  64, 64, 64
L -228.0000, 391.0000, 1.0000,  -231.0000, 384.0000, 3.0000,  64, 64, 64
L -226.0000, 394.0000, 1.0000,  -228.0000, 391.0000, 1.0000,  64, 64, 64
L -224.0000, 421.0000, 1.0000,  -226.0000, 394.0000, 1.0000,  64, 64, 64
L -226.0000, 443.0000, 1.0000,  -224.0000, 421.0000, 1.0000,  64, 64, 64
L -242.0000, 459.0000, 1.0000,  -226.0000, 443.0000, 1.0000,  64, 64, 64
L -266.0000, 457.0000, 0.0000,  -242.0000, 459.0000, 1.0000,  64, 64, 64
L -292.0000, 461.0000, 0.0000,  -266.0000, 457.0000, 0.0000,  64, 64, 64
L -291.0000, 441.0000, 0.0000,  -292.0000, 461.0000, 0.0000,  64, 64, 64
L -294.0000, 438.0000, 1.0000,  -291.0000, 441.0000, 0.0000,  64, 64, 64
L -294.0000, 671.0000, 1.0000,  -294.0000, 438.0000, 1.0000,  64, 64, 64
L -422.0000, 671.0000, 1.0000,  -294.0000, 671.0000, 1.0000,  64, 64, 64
L -422.0000, 674.0000, 1.0000,  -422.0000, 671.0000, 1.0000,  64, 64, 64
L -434.0000, 686.0000, 1.0000,  -422.0000, 674.0000, 1.0000,  64, 64, 64
L -434.0000, 714.0000, 1.0000,  -434.0000, 686.0000, 1.0000,  64, 64, 64
L -420.0000, 728.0000, 1.0000,  -434.0000, 714.0000, 1.0000,  64, 64, 64
L -434.0000, 755.0000, 1.0000,  -420.0000, 728.0000, 1.0000,  64, 64, 64
L -448.0000, 769.0000, 1.0000,  -434.0000, 755.0000, 1.0000,  64, 64, 64
L -462.0000, 770.0000, 1.0000,  -448.0000, 769.0000, 1.0000,  64, 64, 64
L -462.0000, 783.0000, 1.0000,  -462.0000, 770.0000, 1.0000,  64, 64, 64
L -489.0000, 783.0000, 1.0000,  -462.0000, 783.0000, 1.0000,  64, 64, 64
L -504.0000, 797.0000, 1.0000,  -489.0000, 783.0000, 1.0000,  64, 64, 64
L -518.0000, 797.0000, 1.0000,  -504.0000, 797.0000, 1.0000,  64, 64, 64
L -532.0000, 783.0000, -1.0000,  -518.0000, 797.0000, 1.0000,  64, 64, 64
L -546.0000, 784.0000, -1.0000,  -532.0000, 783.0000, -1.0000,  64, 64, 64
L -544.0000, 802.0000, -1.0000,  -546.0000, 784.0000, -1.0000,  64, 64, 64
L -545.0000, 816.0000, -1.0000,  -544.0000, 802.0000, -1.0000,  64, 64, 64
L -550.0000, 818.0000, -1.0000,  -545.0000, 816.0000, -1.0000,  64, 64, 64
L -552.0000, 825.0000, 1.0000,  -550.0000, 818.0000, -1.0000,  64, 64, 64
L -548.0000, 830.0000, 1.0000,  -552.0000, 825.0000, 1.0000,  64, 64, 64
L -544.0000, 831.0000, 1.0000,  -548.0000, 830.0000, 1.0000,  64, 64, 64
L -544.0000, 1001.0000, 1.0000,  -544.0000, 831.0000, 1.0000,  64, 64, 64
L -583.0000, 829.0000, 1.0000,  -583.0000, 970.0000, 1.0000,  64, 64, 64
L -578.0000, 821.0000, -1.0000,  -583.0000, 829.0000, 1.0000,  64, 64, 64
L -585.0000, 819.0000, -1.0000,  -578.0000, 821.0000, -1.0000,  64, 64, 64
L -596.0000, 809.0000, -1.0000,  -585.0000, 819.0000, -1.0000,  64, 64, 64
L -596.0000, 801.0000, -1.0000,  -596.0000, 809.0000, -1.0000,  64, 64, 64
L -602.0000, 798.0000, -1.0000,  -596.0000, 801.0000, -1.0000,  64, 64, 64
L -610.0000, 800.0000, 1.0000,  -602.0000, 798.0000, -1.0000,  64, 64, 64
L -610.0000, 801.0000, 1.0000,  -610.0000, 800.0000, 1.0000,  64, 64, 64
L -753.0000, 801.0000, 1.0000,  -610.0000, 801.0000, 1.0000,  64, 64, 64
L -753.0000, 801.0000, 1.0000,  -783.0000, 801.0000, 1.0000,  150, 0, 200
L -313.0000, 98.0000, 1.0000,  -313.0000, 85.0000, 1.0000,  150, 0, 200
L -312.0000, 98.0000, 1.0000,  -350.0000, 98.0000, 1.0000,  64, 64, 64
L -302.0000, 35.0000, 1.0000,  -308.0000, 28.0000, 1.0000,  64, 64, 64
L -308.0000, 28.0000, 1.0000,  -308.0000, -28.0000, 1.0000,  64, 64, 64
L -308.0000, -28.0000, 1.0000,  -322.0000, -42.0000, 1.0000,  64, 64, 64
L -322.0000, -42.0000, 1.0000,  -546.0000, -42.0000, 1.0000,  64, 64, 64
L -546.0000, -42.0000, 1.0000,  -560.0000, -56.0000, 1.0000,  64, 64, 64
L -560.0000, -56.0000, 1.0000,  -672.0000, -56.0000, 1.0000,  64, 64, 64
L -672.0000, -56.0000, 1.0000,  -672.0000, -70.0000, 1.0000,  64, 64, 64
L -672.0000, -70.0000, 1.0000,  -686.0000, -70.0000, 1.0000,  64, 64, 64
L -686.0000, -70.0000, 1.0000,  -686.0000, -125.0000, 1.0000,  64, 64, 64
L -686.0000, -125.0000, 1.0000,  -672.0000, -140.0000, 1.0000,  64, 64, 64
L -672.0000, -140.0000, 1.0000,  -620.0000, -140.0000, 1.0000,  64, 64, 64
L -620.0000, -140.0000, 1.0000,  -620.0000, -145.0000, 1.0000,  64, 64, 64
L -620.0000, -145.0000, 1.0000,  -616.0000, -150.0000, 1.0000,  64, 64, 64
L -616.0000, -150.0000, 1.0000,  -615.0000, -150.0000, 1.0000,  64, 64, 64
L -615.0000, -150.0000, 1.0000,  -615.0000, -140.0000, 1.0000,  64, 64, 64
L -615.0000, -140.0000, 1.0000,  -601.0000, -126.0000, 7.0000,  64, 64, 64
L -601.0000, -126.0000, 7.0000,  -574.0000, -126.0000, 8.0000,  64, 64, 64
L -574.0000, -126.0000, 8.0000,  -561.0000, -140.0000, -1.0000,  64, 64, 64
L -561.0000, -140.0000, -1.0000,  -552.0000, -140.0000, -12.0000,  64, 64, 64
L -552.0000, -140.0000, -12.0000,  -518.0000, -140.0000, -12.0000,  64, 64, 64
L -505.0000, -166.0000, -12.0000,  -490.0000, -210.0000, -12.0000,  64, 64, 64
L -490.0000, -210.0000, -12.0000,  -490.0000, -234.0000, -12.0000,  64, 64, 64
L -490.0000, -234.0000, -12.0000,  -490.0000, -252.0000, 2.0000,  64, 64, 64
L -490.0000, -252.0000, 2.0000,  -503.0000, -252.0000, -2.0000,  64, 64, 64
L -503.0000, -252.0000, -2.0000,  -490.0000, -308.0000, -12.0000,  64, 64, 64
L -490.0000, -308.0000, -12.0000,  -504.0000, -322.0000, -12.0000,  64, 64, 64
L -504.0000, -322.0000, -12.0000,  -545.0000, -321.0000, -12.0000,  64, 64, 64
L -643.0000, -224.0000, -12.0000,  -623.0000, -224.0000, -12.0000,  64, 64, 64
L -623.0000, -224.0000, -12.0000,  -619.0000, -222.0000, -12.0000,  64, 64, 64
L -619.0000, -222.0000, -12.0000,  -615.0000, -215.0000, -12.0000,  64, 64, 64
L -615.0000, -215.0000, -12.0000,  -615.0000, -168.0000, -3.0000,  64, 64, 64
L -686.0000, -154.0000, 1.0000,  -643.0000, -154.0000, 1.0000,  64, 64, 64
L -643.0000, -154.0000, 1.0000,  -643.0000, -210.0000, 1.0000,  64, 64, 64
L -643.0000, -210.0000, 1.0000,  -686.0000, -210.0000, 1.0000,  64, 64, 64
L -686.0000, -210.0000, 1.0000,  -686.0000, -166.0000, 1.0000,  64, 64, 64
L -671.0000, -196.0000, 1.0000,  -646.0000, -196.0000, 1.0000,  64, 64, 64
L -646.0000, -196.0000, 1.0000,  -646.0000, -156.0000, 1.0000,  64, 64, 64
L -646.0000, -156.0000, 1.0000,  -686.0000, -156.0000, 1.0000,  64, 64, 64
L -686.0000, -154.0000, 1.0000,  -686.0000, -156.0000, 1.0000,  64, 64, 64
L -683.0000, -167.0000, 1.0000,  -683.0000, -180.0000, 1.0000,  64, 64, 64
L -683.0000, -208.0000, 10.0000,  -683.0000, -180.0000, 1.0000,  64, 64, 64
L -683.0000, -208.0000, 10.0000,  -674.0000, -208.0000, 10.0000,  64, 64, 64
L -674.0000, -208.0000, 10.0000,  -646.0000, -208.0000, 13.0000,  64, 64, 64
L -646.0000, -208.0000, 13.0000,  -646.0000, -196.0000, 13.0000,  64, 64, 64
L -646.0000, -196.0000, 13.0000,  -646.0000, -156.0000, 14.0000,  64, 64, 64
L -646.0000, -156.0000, 14.0000,  -671.0000, -156.0000, 14.0000,  64, 64, 64
L -671.0000, -156.0000, 14.0000,  -671.0000, -196.0000, 14.0000,  64, 64, 64
L -670.0000, -208.0000, 12.0000,  -670.0000, -196.0000, 12.0000,  64, 64, 64
L -672.0000, -208.0000, 11.0000,  -672.0000, -196.0000, 11.0000,  64, 64, 64
L -674.0000, -196.0000, 10.0000,  -674.0000, -180.0000, 2.0000,  64, 64, 64
L -670.0000, -196.0000, 12.0000,  -674.0000, -196.0000, 10.0000,  64, 64, 64
L -674.0000, -208.0000, 10.0000,  -674.0000, -196.0000, 10.0000,  64, 64, 64
L -674.0000, -196.0000, 9.0000,  -683.0000, -196.0000, 9.0000,  64, 64, 64
L -683.0000, -194.0000, 8.0000,  -674.0000, -194.0000, 8.0000,  64, 64, 64
L -683.0000, -192.0000, 7.0000,  -674.0000, -192.0000, 7.0000,  64, 64, 64
L -683.0000, -190.0000, 6.0000,  -674.0000, -190.0000, 6.0000,  64, 64, 64
L -683.0000, -188.0000, 5.0000,  -674.0000, -188.0000, 5.0000,  64, 64, 64
L -683.0000, -186.0000, 4.0000,  -674.0000, -186.0000, 4.0000,  64, 64, 64
L -683.0000, -184.0000, 3.0000,  -674.0000, -184.0000, 3.0000,  64, 64, 64
L -683.0000, -182.0000, 2.0000,  -674.0000, -182.0000, 2.0000,  64, 64, 64
L -672.0000, -196.0000, 11.0000,  -646.0000, -196.0000, 13.0000,  64, 64, 64
L -673.0000, -194.0000, 1.0000,  -671.0000, -194.0000, 1.0000,  64, 64, 64
L -671.0000, -196.0000, 1.0000,  -671.0000, -194.0000, 1.0000,  64, 64, 64
L -673.0000, -194.0000, 1.0000,  -673.0000, -180.0000, 1.0000,  64, 64, 64
L -674.0000, -180.0000, 1.0000,  -683.0000, -180.0000, 1.0000,  64, 64, 64
L -727.0000, -279.0000, 1.0000,  -727.0000, -252.0000, 1.0000,  64, 64, 64
L -756.0000, -252.0000, 1.0000,  -727.0000, -252.0000, 1.0000,  64, 64, 64
L -727.0000, -336.0000, 1.0000,  -727.0000, -364.0000, 1.0000,  64, 64, 64
L -727.0000, -364.0000, 1.0000,  -755.0000, -364.0000, 1.0000,  64, 64, 64
L -812.0000, -364.0000, 1.0000,  -840.0000, -364.0000, 1.0000,  64, 64, 64
L -840.0000, -364.0000, 1.0000,  -840.0000, -336.0000, 1.0000,  64, 64, 64
L -840.0000, -280.0000, 1.0000,  -840.0000, -252.0000, 1.0000,  64, 64, 64
L -812.0000, -252.0000, 1.0000,  -840.0000, -252.0000, 1.0000,  64, 64, 64
L -772.0000, -266.0000, 15.0000,  -741.0000, -266.0000, 15.0000,  64, 64, 64
L -741.0000, -266.0000, 15.0000,  -741.0000, -350.0000, 15.0000,  64, 64, 64
L -741.0000, -350.0000, 15.0000,  -826.0000, -350.0000, 15.0000,  64, 64, 64
L -826.0000, -350.0000, 15.0000,  -826.0000, -266.0000, 15.0000,  64, 64, 64
L -826.0000, -266.0000, 15.0000,  -795.0000, -266.0000, 15.0000,  64, 64, 64
L -795.0000, -268.0000, 15.0000,  -823.0000, -268.0000, 15.0000,  64, 64, 64
L -823.0000, -268.0000, 15.0000,  -823.0000, -294.0000, 15.0000,  64, 64, 64
L -823.0000, -296.0000, 15.0000,  -823.0000, -347.0000, 15.0000,  64, 64, 64
L -823.0000, -347.0000, 15.0000,  -802.0000, -348.0000, 15.0000,  64, 64, 64
L -802.0000, -348.0000, 15.0000,  -793.0000, -348.0000, 23.0000,  64, 64, 64
L -793.0000, -348.0000, 25.0000,  -793.0000, -361.0000, 25.0000,  64, 64, 64
L -793.0000, -361.0000, 25.0000,  -742.0000, -361.0000, 33.0000,  64, 64, 64
L -742.0000, -361.0000, 33.0000,  -730.0000, -349.0000, 33.0000,  64, 64, 64
L -730.0000, -349.0000, 33.0000,  -730.0000, -322.0000, 42.0000,  64, 64, 64
L -730.0000, -322.0000, 42.0000,  -730.0000, -308.0000, 43.0000,  64, 64, 64
L -730.0000, -308.0000, 43.0000,  -744.0000, -308.0000, 43.0000,  64, 64, 64
L -744.0000, -308.0000, 43.0000,  -744.0000, -268.0000, 43.0000,  64, 64, 64
L -744.0000, -268.0000, 43.0000,  -759.0000, -268.0000, 43.0000,  64, 64, 64
L -800.0000, -336.0000, 64.0000,  -800.0000, -278.0000, 64.0000,  64, 64, 64
L -788.0000, -348.0000, 64.0000,  -788.0000, -336.0000, 64.0000,  64, 64, 64
L -786.0000, -348.0000, 65.0000,  -786.0000, -336.0000, 65.0000,  64, 64, 64
L -784.0000, -348.0000, 66.0000,  -784.0000, -336.0000, 66.0000,  64, 64, 64
L -782.0000, -348.0000, 67.0000,  -782.0000, -336.0000, 67.0000,  64, 64, 64
L -780.0000, -348.0000, 68.0000,  -780.0000, -336.0000, 68.0000,  64, 64, 64
L -778.0000, -348.0000, 69.0000,  -778.0000, -336.0000, 69.0000,  64, 64, 64
L -776.0000, -348.0000, 70.0000,  -776.0000, -336.0000, 70.0000,  64, 64, 64
L -774.0000, -348.0000, 71.0000,  -774.0000, -336.0000, 71.0000,  64, 64, 64
L -772.0000, -348.0000, 72.0000,  -772.0000, -336.0000, 72.0000,  64, 64, 64
L -770.0000, -348.0000, 73.0000,  -770.0000, -334.0000, 73.0000,  64, 64, 64
L -770.0000, -336.0000, 73.0000,  -800.0000, -336.0000, 65.0000,  64, 64, 64
L -799.0000, -278.0000, 43.0000,  -799.0000, -347.0000, 43.0000,  64, 64, 64
L -799.0000, -347.0000, 43.0000,  -744.0000, -348.0000, 43.0000,  64, 64, 64
L -744.0000, -348.0000, 43.0000,  -744.0000, -322.0000, 43.0000,  64, 64, 64
L -744.0000, -322.0000, 43.0000,  -742.0000, -322.0000, 43.0000,  64, 64, 64
L -741.0000, -322.0000, 42.0000,  -741.0000, -350.0000, 33.0000,  64, 64, 64
L -741.0000, -350.0000, 32.0000,  -774.0000, -350.0000, 25.0000,  64, 64, 64
L -774.0000, -348.0000, 25.0000,  -774.0000, -350.0000, 25.0000,  64, 64, 64
L -765.0000, -347.0000, 15.0000,  -774.0000, -348.0000, 23.0000,  64, 64, 64
L -765.0000, -347.0000, 15.0000,  -744.0000, -348.0000, 15.0000,  64, 64, 64
L -744.0000, -268.0000, 15.0000,  -772.0000, -268.0000, 15.0000,  64, 64, 64
L -769.0000, -293.0000, 15.0000,  -769.0000, -322.0000, 15.0000,  255, 0, 0
L -769.0000, -322.0000, 15.0000,  -798.0000, -322.0000, 15.0000,  255, 0, 0
L -798.0000, -322.0000, 15.0000,  -798.0000, -293.0000, 15.0000,  255, 0, 0
L -798.0000, -293.0000, 15.0000,  -769.0000, -293.0000, 15.0000,  255, 0, 0
L -799.0000, -324.0000, 15.0000,  -799.0000, -294.0000, 15.0000,  64, 64, 64
L -799.0000, -294.0000, 15.0000,  -812.0000, -294.0000, 15.0000,  64, 64, 64
L -812.0000, -294.0000, 15.0000,  -812.0000, -296.0000, 15.0000,  64, 64, 64
L -802.0000, -296.0000, 15.0000,  -812.0000, -296.0000, 15.0000,  64, 64, 64
L -802.0000, -296.0000, 15.0000,  -802.0000, -326.0000, 15.0000,  64, 64, 64
L -799.0000, -323.0000, 15.0000,  -768.0000, -324.0000, 15.0000,  64, 64, 64
L -768.0000, -324.0000, 15.0000,  -768.0000, -294.0000, 15.0000,  64, 64, 64
L -755.0000, -293.0000, 15.0000,  -768.0000, -294.0000, 15.0000,  64, 64, 64
L -755.0000, -293.0000, 15.0000,  -755.0000, -296.0000, 15.0000,  64, 64, 64
L -755.0000, -296.0000, 15.0000,  -765.0000, -296.0000, 15.0000,  64, 64, 64
L -765.0000, -296.0000, 15.0000,  -765.0000, -326.0000, 15.0000,  64, 64, 64
L -765.0000, -326.0000, 15.0000,  -802.0000, -326.0000, 15.0000,  64, 64, 64
L -823.0000, -296.0000, 15.0000,  -821.0000, -296.0000, 15.0000,  64, 64, 64
L -821.0000, -296.0000, 15.0000,  -821.0000, -293.0000, 15.0000,  64, 64, 64
L -823.0000, -294.0000, 15.0000,  -821.0000, -293.0000, 15.0000,  64, 64, 64
L -744.0000, -268.0000, 15.0000,  -744.0000, -294.0000, 15.0000,  64, 64, 64
L -744.0000, -294.0000, 15.0000,  -746.0000, -294.0000, 15.0000,  64, 64, 64
L -746.0000, -294.0000, 15.0000,  -746.0000, -296.0000, 15.0000,  64, 64, 64
L -744.0000, -296.0000, 15.0000,  -746.0000, -296.0000, 15.0000,  64, 64, 64
L -744.0000, -296.0000, 15.0000,  -744.0000, -348.0000, 15.0000,  64, 64, 64
L -772.0000, -268.0000, 15.0000,  -772.0000, -266.0000, 15.0000,  64, 64, 64
L -795.0000, -266.0000, 15.0000,  -795.0000, -268.0000, 15.0000,  64, 64, 64
L -802.0000, -347.0000, 15.0000,  -802.0000, -326.0000, 15.0000,  64, 64, 64
L -800.0000, -347.0000, 17.0000,  -800.0000, -327.0000, 17.0000,  64, 64, 64
L -798.0000, -347.0000, 19.0000,  -798.0000, -327.0000, 19.0000,  64, 64, 64
L -796.0000, -327.0000, 21.0000,  -796.0000, -347.0000, 21.0000,  64, 64, 64
L -794.0000, -347.0000, 23.0000,  -794.0000, -327.0000, 23.0000,  64, 64, 64
L -773.0000, -347.0000, 23.0000,  -773.0000, -327.0000, 23.0000,  64, 64, 64
L -771.0000, -327.0000, 21.0000,  -771.0000, -347.0000, 21.0000,  64, 64, 64
L -769.0000, -347.0000, 19.0000,  -769.0000, -327.0000, 19.0000,  64, 64, 64
L -767.0000, -327.0000, 17.0000,  -767.0000, -347.0000, 17.0000,  64, 64, 64
L -765.0000, -347.0000, 15.0000,  -765.0000, -326.0000, 15.0000,  64, 64, 64
L -302.0000, 56.0000, 1.0000,  -307.0000, 56.0000, 1.0000,  0, 0, 255
L -307.0000, 56.0000, 1.0000,  -322.0000, 41.0000, 1.0000,  0, 0, 255
L -322.0000, 41.0000, 1.0000,  -322.0000, -15.0000, 1.0000,  0, 0, 255
L -322.0000, -15.0000, 1.0000,  -336.0000, -28.0000, 1.0000,  0, 0, 255
L -336.0000, -28.0000, 1.0000,  -559.0000, -29.0000, 1.0000,  0, 0, 255
L -559.0000, -29.0000, 1.0000,  -574.0000, -42.0000, 0.0000,  0, 0, 255
L -574.0000, -42.0000, 0.0000,  -687.0000, -43.0000, 1.0000,  0, 0, 255
L -687.0000, -43.0000, 1.0000,  -700.0000, -57.0000, 1.0000,  0, 0, 255
L -700.0000, -57.0000, 1.0000,  -699.0000, -225.0000, 1.0000,  0, 0, 255
L -699.0000, -225.0000, 1.0000,  -672.0000, -224.0000, 1.0000,  0, 0, 255
L -672.0000, -224.0000, 1.0000,  -672.0000, -392.0000, 1.0000,  0, 0, 255
L -672.0000, -392.0000, 1.0000,  -699.0000, -392.0000, 1.0000,  0, 0, 255
L -699.0000, -392.0000, 1.0000,  -700.0000, -420.0000, 1.0000,  0, 0, 255
L -700.0000, -420.0000, 1.0000,  -868.0000, -420.0000, 1.0000,  0, 0, 255
L -868.0000, -420.0000, 1.0000,  -868.0000, -393.0000, 1.0000,  0, 0, 255
L -868.0000, -393.0000, 1.0000,  -896.0000, -393.0000, 2.0000,  0, 0, 255
L -896.0000, -393.0000, 2.0000,  -896.0000, -224.0000, 1.0000,  0, 0, 255
L -896.0000, -224.0000, 1.0000,  -868.0000, -223.0000, 1.0000,  0, 0, 255
L -868.0000, -223.0000, 1.0000,  -867.0000, -14.0000, 1.0000,  0, 0, 255
L -839.0000, -16.0000, 1.0000,  -839.0000, -196.0000, 1.0000,  0, 0, 255
L -839.0000, -196.0000, 1.0000,  -807.0000, -196.0000, 1.0000,  0, 0, 255
L -760.0000, -195.0000, 1.0000,  -728.0000, -196.0000, 1.0000,  0, 0, 255
L -728.0000, -196.0000, 1.0000,  -728.0000, -27.0000, 1.0000,  0, 0, 255
L -728.0000, -27.0000, 1.0000,  -713.0000, -14.0000, 1.0000,  0, 0, 255
L -713.0000, -14.0000, 1.0000,  -601.0000, -14.0000, 1.0000,  0, 0, 255
L -601.0000, -14.0000, 1.0000,  -588.0000, 1.0000, 1.0000,  0, 0, 255
L -588.0000, 1.0000, 1.0000,  -587.0000, 127.0000, 1.0000,  0, 0, 255
L -587.0000, 127.0000, 1.0000,  -573.0000, 140.0000, 1.0000,  0, 0, 255
L -573.0000, 140.0000, 1.0000,  -405.0000, 140.0000, 1.0000,  0, 0, 255
L -405.0000, 140.0000, 1.0000,  -392.0000, 155.0000, 1.0000,  0, 0, 255
L -392.0000, 155.0000, 1.0000,  -392.0000, 349.0000, 1.0000,  0, 0, 255
L -392.0000, 349.0000, 1.0000,  -405.0000, 364.0000, 1.0000,  0, 0, 255
L -405.0000, 364.0000, 1.0000,  -420.0000, 364.0000, 1.0000,  0, 0, 255
L -420.0000, 364.0000, 1.0000,  -434.0000, 378.0000, 1.0000,  0, 0, 255
L -434.0000, 378.0000, 1.0000,  -434.0000, 420.0000, 1.0000,  0, 0, 255
L -434.0000, 420.0000, 1.0000,  -419.0000, 434.0000, 1.0000,  0, 0, 255
L -419.0000, 434.0000, 1.0000,  -405.0000, 434.0000, 1.0000,  0, 0, 255
L -405.0000, 434.0000, 1.0000,  -405.0000, 421.0000, 1.0000,  0, 0, 255
L -406.0000, 421.0000, 1.0000,  -349.0000, 421.0000, 1.0000,  0, 0, 255
L -349.0000, 421.0000, 1.0000,  -350.0000, 434.0000, 2.0000,  0, 0, 255
L -350.0000, 434.0000, 2.0000,  -336.0000, 434.0000, 1.0000,  0, 0, 255
L -336.0000, 434.0000, 1.0000,  -322.0000, 420.0000, 1.0000,  0, 0, 255
L -322.0000, 420.0000, 1.0000,  -322.0000, 415.0000, 1.0000,  0, 0, 255
L -322.0000, 415.0000, 1.0000,  -316.0000, 414.0000, 1.0000,  0, 0, 255
L -316.0000, 414.0000, 1.0000,  -305.0000, 414.0000, 1.0000,  0, 0, 255
L -305.0000, 414.0000, 1.0000,  -292.0000, 421.0000, 0.0000,  0, 0, 255
L -292.0000, 421.0000, 0.0000,  -289.0000, 423.0000, 0.0000,  0, 0, 255
L -289.0000, 423.0000, 0.0000,  -288.0000, 433.0000, 0.0000,  0, 0, 255
L -288.0000, 433.0000, 0.0000,  -264.0000, 447.0000, 1.0000,  0, 0, 255
L -245.0000, 405.0000, 1.0000,  -270.0000, 392.0000, 0.0000,  0, 0, 255
L -270.0000, 392.0000, 0.0000,  -283.0000, 391.0000, 0.0000,  0, 0, 255
L -283.0000, 391.0000, 0.0000,  -295.0000, 395.0000, 2.0000,  0, 0, 255
L -295.0000, 395.0000, 2.0000,  -305.0000, 392.0000, 2.0000,  0, 0, 255
L -305.0000, 392.0000, 2.0000,  -313.0000, 392.0000, 1.0000,  0, 0, 255
L -313.0000, 392.0000, 1.0000,  -322.0000, 386.0000, 1.0000,  0, 0, 255
L -322.0000, 386.0000, 1.0000,  -323.0000, 377.0000, 1.0000,  0, 0, 255
L -323.0000, 377.0000, 1.0000,  -336.0000, 363.0000, 1.0000,  0, 0, 255
L -336.0000, 363.0000, 1.0000,  -351.0000, 364.0000, 1.0000,  0, 0, 255
L -351.0000, 364.0000, 1.0000,  -364.0000, 350.0000, 1.0000,  0, 0, 255
L -364.0000, 350.0000, 1.0000,  -365.0000, 126.0000, 1.0000,  0, 0, 255
L -365.0000, 126.0000, 1.0000,  -380.0000, 111.0000, 1.0000,  0, 0, 255
L -380.0000, 111.0000, 1.0000,  -435.0000, 111.0000, 1.0000,  0, 0, 255
L -435.0000, 111.0000, 1.0000,  -448.0000, 98.0000, 0.0000,  0, 0, 255
L -448.0000, 98.0000, 0.0000,  -447.0000, 13.0000, 1.0000,  0, 0, 255
L -447.0000, 13.0000, 1.0000,  -433.0000, 0.0000, 1.0000,  0, 0, 255
L -433.0000, 0.0000, 1.0000,  -364.0000, 0.0000, 1.0000,  0, 0, 255
L -364.0000, 0.0000, 1.0000,  -350.0000, 14.0000, 1.0000,  0, 0, 255
L -350.0000, 14.0000, 1.0000,  -350.0000, 71.0000, 1.0000,  0, 0, 255
L -350.0000, 71.0000, 1.0000,  -335.0000, 85.0000, 1.0000,  0, 0, 255
L -313.0000, 85.0000, 1.0000,  -335.0000, 85.0000, 1.0000,  0, 0, 255
L -741.0000, -109.0000, 1.0000,  -741.0000, -14.0000, 1.0000,  64, 64, 64
L -741.0000, -14.0000, 1.0000,  -727.0000, 0.0000, 1.0000,  64, 64, 64
L -727.0000, 0.0000, 1.0000,  -699.0000, 0.0000, 1.0000,  64, 64, 64
L -699.0000, 0.0000, 1.0000,  -699.0000, 28.0000, 1.0000,  64, 64, 64
L -699.0000, 28.0000, 1.0000,  -671.0000, 28.0000, 1.0000,  64, 64, 64
L -671.0000, 28.0000, 1.0000,  -672.0000, 42.0000, 1.0000,  64, 64, 64
L -672.0000, 42.0000, 1.0000,  -699.0000, 42.0000, 1.0000,  64, 64, 64
L -699.0000, 42.0000, 1.0000,  -699.0000, 62.0000, 1.0000,  64, 64, 64
L -699.0000, 62.0000, 1.0000,  -697.0000, 62.0000, 1.0000,  64, 64, 64
L -699.0000, 64.0000, 1.0000,  -697.0000, 64.0000, 1.0000,  64, 64, 64
L -697.0000, 62.0000, 1.0000,  -697.0000, 64.0000, 1.0000,  64, 64, 64
L -699.0000, 64.0000, 1.0000,  -699.0000, 70.0000, 1.0000,  64, 64, 64
L -699.0000, 70.0000, 1.0000,  -713.0000, 70.0000, 1.0000,  64, 64, 64
L -713.0000, 70.0000, 1.0000,  -713.0000, 84.0000, 1.0000,  64, 64, 64
L -713.0000, 84.0000, 1.0000,  -727.0000, 84.0000, 1.0000,  64, 64, 64
L -727.0000, 84.0000, 1.0000,  -727.0000, 98.0000, 1.0000,  64, 64, 64
L -727.0000, 98.0000, 1.0000,  -714.0000, 98.0000, 1.0000,  64, 64, 64
L -714.0000, 98.0000, 1.0000,  -713.0000, 112.0000, 1.0000,  64, 64, 64
L -713.0000, 112.0000, 1.0000,  -672.0000, 112.0000, 1.0000,  64, 64, 64
L -672.0000, 112.0000, 1.0000,  -672.0000, 70.0000, 1.0000,  64, 64, 64
L -672.0000, 70.0000, 1.0000,  -686.0000, 70.0000, 1.0000,  64, 64, 64
L -686.0000, 70.0000, 1.0000,  -686.0000, 64.0000, 1.0000,  64, 64, 64
L -686.0000, 64.0000, 1.0000,  -688.0000, 64.0000, 1.0000,  64, 64, 64
L -686.0000, 62.0000, 1.0000,  -688.0000, 62.0000, 1.0000,  64, 64, 64
L -688.0000, 64.0000, 1.0000,  -688.0000, 62.0000, 1.0000,  64, 64, 64
L -686.0000, 62.0000, 1.0000,  -686.0000, 56.0000, 1.0000,  64, 64, 64
L -686.0000, 56.0000, 1.0000,  -658.0000, 56.0000, 1.0000,  64, 64, 64
L -658.0000, 56.0000, 1.0000,  -658.0000, 28.0000, 1.0000,  64, 64, 64
L -658.0000, 28.0000, 1.0000,  -643.0000, 28.0000, 1.0000,  64, 64, 64
L -643.0000, 28.0000, 1.0000,  -643.0000, 76.0000, 1.0000,  64, 64, 64
L -643.0000, 76.0000, 1.0000,  -641.0000, 76.0000, 1.0000,  64, 64, 64
L -643.0000, 78.0000, 1.0000,  -643.0000, 84.0000, 1.0000,  64, 64, 64
L -643.0000, 78.0000, 1.0000,  -641.0000, 78.0000, 1.0000,  64, 64, 64
L -641.0000, 76.0000, 1.0000,  -641.0000, 78.0000, 1.0000,  64, 64, 64
L -657.0000, 84.0000, 1.0000,  -643.0000, 84.0000, 1.0000,  64, 64, 64
L -657.0000, 84.0000, 1.0000,  -657.0000, 126.0000, 1.0000,  64, 64, 64
L -657.0000, 126.0000, 1.0000,  -643.0000, 126.0000, 1.0000,  64, 64, 64
L -643.0000, 140.0000, 1.0000,  -643.0000, 126.0000, 1.0000,  64, 64, 64
L -643.0000, 140.0000, 1.0000,  -630.0000, 140.0000, 1.0000,  64, 64, 64
L -630.0000, 140.0000, 1.0000,  -630.0000, 126.0000, 1.0000,  64, 64, 64
L -616.0000, 126.0000, 1.0000,  -630.0000, 126.0000, 1.0000,  64, 64, 64
L -616.0000, 126.0000, 1.0000,  -616.0000, 84.0000, 1.0000,  64, 64, 64
L -616.0000, 84.0000, 1.0000,  -630.0000, 84.0000, 1.0000,  64, 64, 64
L -630.0000, 78.0000, 1.0000,  -630.0000, 84.0000, 1.0000,  64, 64, 64
L -630.0000, 78.0000, 1.0000,  -632.0000, 78.0000, 1.0000,  64, 64, 64
L -630.0000, 76.0000, 1.0000,  -632.0000, 76.0000, 1.0000,  64, 64, 64
L -632.0000, 78.0000, 1.0000,  -632.0000, 76.0000, 1.0000,  64, 64, 64
L -630.0000, 76.0000, 1.0000,  -630.0000, 28.0000, 1.0000,  64, 64, 64
L -601.0000, 28.0000, 1.0000,  -630.0000, 28.0000, 1.0000,  64, 64, 64
L -601.0000, 28.0000, 1.0000,  -601.0000, 140.0000, 1.0000,  64, 64, 64
L -601.0000, 140.0000, 1.0000,  -586.0000, 154.0000, 1.0000,  64, 64, 64
L -586.0000, 154.0000, 1.0000,  -420.0000, 154.0000, 1.0000,  64, 64, 64
L -420.0000, 154.0000, 1.0000,  -405.0000, 168.0000, 1.0000,  64, 64, 64
L -405.0000, 168.0000, 1.0000,  -405.0000, 336.0000, 1.0000,  64, 64, 64
L -405.0000, 336.0000, 1.0000,  -420.0000, 350.0000, 1.0000,  64, 64, 64
L -420.0000, 350.0000, 1.0000,  -461.0000, 350.0000, 1.0000,  64, 64, 64
L -461.0000, 350.0000, 1.0000,  -461.0000, 671.0000, 1.0000,  64, 64, 64
L -686.0000, 0.0000, 1.0000,  -629.0000, 0.0000, 1.0000,  64, 64, 64
L -629.0000, 0.0000, 1.0000,  -629.0000, 14.0000, 1.0000,  64, 64, 64
L -629.0000, 14.0000, 1.0000,  -686.0000, 14.0000, 1.0000,  64, 64, 64
L -686.0000, 14.0000, 1.0000,  -686.0000, 0.0000, 1.0000,  64, 64, 64
L -741.0000, -108.0000, 1.0000,  -741.0000, -125.0000, 1.0000,  64, 64, 64
L -741.0000, -125.0000, 1.0000,  -756.0000, -140.0000, 1.0000,  64, 64, 64
L -756.0000, -140.0000, 1.0000,  -812.0000, -140.0000, 1.0000,  64, 64, 64
L -812.0000, -140.0000, 1.0000,  -826.0000, -125.0000, 1.0000,  64, 64, 64
L -826.0000, -125.0000, 1.0000,  -826.0000, -42.0000, 1.0000,  64, 64, 64
L -881.0000, -42.0000, 1.0000,  -882.0000, -126.0000, 1.0000,  64, 64, 64
L -882.0000, -126.0000, 1.0000,  -896.0000, -140.0000, 1.0000,  64, 64, 64
L -896.0000, -140.0000, 1.0000,  -923.0000, -140.0000, 1.0000,  64, 64, 64
L -923.0000, -140.0000, 1.0000,  -923.0000, -177.0000, 1.0000,  64, 64, 64
L -924.0000, -518.0000, -1.0000,  -875.0000, -517.0000, -1.0000,  64, 64, 64
L -875.0000, -517.0000, -1.0000,  -877.0000, -512.0000, 1.0000,  64, 64, 64
L -877.0000, -512.0000, 1.0000,  -872.0000, -504.0000, -1.0000,  64, 64, 64
L -872.0000, -504.0000, -1.0000,  -869.0000, -501.0000, -1.0000,  64, 64, 64
L -869.0000, -501.0000, -1.0000,  -860.0000, -506.0000, -1.0000,  64, 64, 64
L -860.0000, -506.0000, -1.0000,  -840.0000, -476.0000, -1.0000,  64, 64, 64
L -840.0000, -476.0000, -1.0000,  -797.0000, -475.0000, 0.0000,  64, 64, 64
L -797.0000, -475.0000, 0.0000,  -761.0000, -466.0000, 0.0000,  64, 64, 64
L -761.0000, -466.0000, 0.0000,  -765.0000, -463.0000, 0.0000,  64, 64, 64
L -765.0000, -463.0000, 0.0000,  -766.0000, -453.0000, 0.0000,  64, 64, 64
L -766.0000, -453.0000, 0.0000,  -768.0000, -451.0000, 0.0000,  64, 64, 64
L -768.0000, -451.0000, 0.0000,  -773.0000, -454.0000, 0.0000,  64, 64, 64
L -773.0000, -454.0000, 0.0000,  -778.0000, -449.0000, 0.0000,  64, 64, 64
L -778.0000, -449.0000, 0.0000,  -779.0000, -444.0000, 1.0000,  64, 64, 64
L -779.0000, -444.0000, 1.0000,  -772.0000, -442.0000, 1.0000,  64, 64, 64
L -772.0000, -442.0000, 1.0000,  -767.0000, -435.0000, 1.0000,  64, 64, 64
L -767.0000, -435.0000, 1.0000,  -752.0000, -447.0000, 1.0000,  64, 64, 64
L -752.0000, -447.0000, 1.0000,  -644.0000, -447.0000, 1.0000,  64, 64, 64
L -644.0000, -447.0000, 1.0000,  -644.0000, -364.0000, 1.0000,  64, 64, 64
L -644.0000, -365.0000, 1.0000,  -644.0000, -224.0000, 1.0000,  0, 0, 255
L -644.0000, -224.0000, 1.0000,  -624.0000, -223.0000, 1.0000,  0, 0, 255
L -624.0000, -223.0000, 1.0000,  -619.0000, -221.0000, 1.0000,  0, 0, 255
L -619.0000, -221.0000, 1.0000,  -615.0000, -214.0000, 1.0000,  0, 0, 255
L -641.0000, -224.0000, -12.0000,  -616.0000, -238.0000, -12.0000,  0, 0, 255
L -616.0000, -238.0000, -12.0000,  -588.0000, -265.0000, -12.0000,  0, 0, 255
L -588.0000, -265.0000, -12.0000,  -588.0000, -238.0000, -12.0000,  0, 0, 255
L -588.0000, -238.0000, -12.0000,  -559.0000, -224.0000, -12.0000,  0, 0, 255
L -559.0000, -224.0000, -12.0000,  -545.0000, -239.0000, -12.0000,  0, 0, 255
L -545.0000, -239.0000, -12.0000,  -560.0000, -268.0000, -14.0000,  0, 0, 255
L -560.0000, -268.0000, -14.0000,  -545.0000, -321.0000, -12.0000,  0, 0, 255
L -560.0000, -140.0000, 1.0000,  -588.0000, -168.0000, 1.0000,  64, 64, 64
L -588.0000, -168.0000, 1.0000,  -615.0000, -168.0000, 1.0000,  64, 64, 64
L -560.0000, 0.0000, 1.0000,  -476.0000, 0.0000, 1.0000,  0, 0, 255
L -476.0000, 0.0000, 1.0000,  -476.0000, 71.0000, 1.0000,  0, 0, 255
L -476.0000, 71.0000, 1.0000,  -476.0000, 111.0000, -12.0000,  0, 0, 255
L -476.0000, 111.0000, -12.0000,  -560.0000, 112.0000, -12.0000,  0, 0, 255
L -560.0000, 112.0000, -12.0000,  -560.0000, 84.0000, -12.0000,  0, 0, 255
L -560.0000, 84.0000, -12.0000,  -560.0000, 0.0000, 1.0000,  0, 0, 255
L -601.0000, 14.0000, 1.0000,  -616.0000, -1.0000, 1.0000,  64, 64, 64
L -616.0000, -1.0000, 1.0000,  -616.0000, 14.0000, 1.0000,  64, 64, 64
L -616.0000, 14.0000, 1.0000,  -601.0000, 14.0000, 1.0000,  64, 64, 64
L -924.0000, -179.0000, 0.0000,  -928.0000, -180.0000, 0.0000,  64, 64, 64
L -928.0000, -180.0000, 0.0000,  -928.0000, -143.0000, 0.0000,  64, 64, 64
L -928.0000, -143.0000, 0.0000,  -937.0000, -147.0000, 0.0000,  64, 64, 64
L -937.0000, -147.0000, 0.0000,  -937.0000, -152.0000, 0.0000,  64, 64, 64
L -937.0000, -152.0000, 0.0000,  -949.0000, -161.0000, 1.0000,  64, 64, 64
L -949.0000, -161.0000, 1.0000,  -951.0000, -165.0000, 1.0000,  64, 64, 64
L -951.0000, -165.0000, 1.0000,  -950.0000, -185.0000, 2.0000,  64, 64, 64
L -950.0000, -185.0000, 2.0000,  -936.0000, -211.0000, 0.0000,  64, 64, 64
L -936.0000, -211.0000, 0.0000,  -924.0000, -223.0000, 0.0000,  64, 64, 64
L -924.0000, -223.0000, 0.0000,  -923.0000, -227.0000, 1.0000,  64, 64, 64
L -923.0000, -227.0000, 1.0000,  -923.0000, -252.0000, 1.0000,  64, 64, 64
L -923.0000, -252.0000, 1.0000,  -923.0000, -252.0000, -12.0000,  64, 64, 64
L -923.0000, -252.0000, -12.0000,  -923.0000, -280.0000, -12.0000,  64, 64, 64
L -923.0000, -280.0000, -12.0000,  -923.0000, -338.0000, 1.0000,  64, 64, 64
L -923.0000, -338.0000, 1.0000,  -923.0000, -364.0000, 1.0000,  64, 64, 64
L -923.0000, -364.0000, 1.0000,  -952.0000, -379.0000, -1.0000,  64, 64, 64
L -952.0000, -379.0000, -1.0000,  -965.0000, -408.0000, -1.0000,  64, 64, 64
L -965.0000, -408.0000, -1.0000,  -966.0000, -448.0000, -1.0000,  64, 64, 64
L -966.0000, -448.0000, -1.0000,  -993.0000, -462.0000, -1.0000,  64, 64, 64
L -993.0000, -462.0000, -1.0000,  -993.0000, -505.0000, -1.0000,  64, 64, 64
L -993.0000, -505.0000, -1.0000,  -984.0000, -522.0000, -1.0000,  64, 64, 64
L -984.0000, -522.0000, -1.0000,  -980.0000, -525.0000, -1.0000,  64, 64, 64
L -980.0000, -525.0000, -1.0000,  -977.0000, -532.0000, -1.0000,  64, 64, 64
L -977.0000, -532.0000, -1.0000,  -981.0000, -537.0000, 0.0000,  64, 64, 64
L -981.0000, -537.0000, 0.0000,  -986.0000, -538.0000, -1.0000,  64, 64, 64
L -986.0000, -538.0000, -1.0000,  -989.0000, -537.0000, -1.0000,  64, 64, 64
L -989.0000, -537.0000, -1.0000,  -998.0000, -541.0000, -1.0000,  64, 64, 64
L -998.0000, -541.0000, -1.0000,  -995.0000, -544.0000, -1.0000,  64, 64, 64
L -995.0000, -544.0000, -1.0000,  -991.0000, -552.0000, -1.0000,  64, 64, 64
L -991.0000, -552.0000, -1.0000,  -996.0000, -560.0000, -1.0000,  64, 64, 64
L -996.0000, -560.0000, -1.0000,  -1000.0000, -561.0000, -1.0000,  64, 64, 64
L -1000.0000, -561.0000, -1.0000,  -993.0000, -573.0000, -1.0000,  64, 64, 64
L -976.0000, -572.0000, 0.0000,  -938.0000, -560.0000, -1.0000,  64, 64, 64
L -938.0000, -560.0000, -1.0000,  -947.0000, -541.0000, 1.0000,  64, 64, 64
L -947.0000, -541.0000, 1.0000,  -954.0000, -529.0000, -1.0000,  64, 64, 64
L -954.0000, -529.0000, -1.0000,  -945.0000, -526.0000, -1.0000,  64, 64, 64
L -945.0000, -526.0000, -1.0000,  -944.0000, -527.0000, -1.0000,  64, 64, 64
L -944.0000, -527.0000, -1.0000,  -924.0000, -518.0000, -1.0000,  64, 64, 64
L -505.0000, -166.0000, -12.0000,  -518.0000, -141.0000, -8.0000,  64, 64, 64
L -807.0000, -196.0000, 1.0000,  -807.0000, -229.0000, 3.0000,  64, 64, 64
L -807.0000, -229.0000, 3.0000,  -807.0000, -242.0000, 10.0000,  64, 64, 64
L -807.0000, -242.0000, 10.0000,  -812.0000, -242.0000, 10.0000,  64, 64, 64
L -812.0000, -242.0000, 10.0000,  -812.0000, -252.0000, 15.0000,  64, 64, 64
L -760.0000, -195.0000, 1.0000,  -760.0000, -243.0000, 10.0000,  64, 64, 64
L -760.0000, -243.0000, 10.0000,  -756.0000, -243.0000, 11.0000,  64, 64, 64
L -756.0000, -243.0000, 11.0000,  -756.0000, -252.0000, 13.0000,  64, 64, 64
L -826.0000, -42.0000, 1.0000,  -840.0000, -14.0000, 1.0000,  64, 64, 64
L -840.0000, -14.0000, 1.0000,  -867.0000, -14.0000, 1.0000,  64, 64, 64
L -867.0000, -14.0000, 1.0000,  -881.0000, -42.0000, 1.0000,  64, 64, 64
L -907.0000, -251.0000, 1.0000,  -907.0000, -262.0000, 3.0000,  100, 50, 0
L -907.0000, -262.0000, 3.0000,  -907.0000, -280.0000, 1.0000,  100, 50, 0
L -907.0000, -280.0000, 1.0000,  -898.0000, -280.0000, 1.0000,  100, 50, 0
L -898.0000, -280.0000, 1.0000,  -898.0000, -270.0000, 3.0000,  100, 50, 0
L -898.0000, -270.0000, 3.0000,  -898.0000, -262.0000, 3.0000,  100, 50, 0
L -898.0000, -262.0000, 3.0000,  -899.0000, -251.0000, 1.0000,  100, 50, 0
L -899.0000, -251.0000, 1.0000,  -907.0000, -251.0000, 1.0000,  100, 50, 0
L -923.0000, -252.0000, -12.0000,  -898.0000, -252.0000, -12.0000,  0, 0, 255
L -898.0000, -252.0000, -12.0000,  -898.0000, -280.0000, -12.0000,  64, 64, 64
L -898.0000, -280.0000, -12.0000,  -910.0000, -280.0000, -12.0000,  64, 64, 64
L -910.0000, -280.0000, -12.0000,  -910.0000, -336.0000, 1.0000,  64, 64, 64
L -461.0000, 671.0000, 1.0000,  -448.0000, 685.0000, 1.0000,  64, 64, 64
L -448.0000, 685.0000, 1.0000,  -447.0000, 714.0000, 1.0000,  64, 64, 64
L -447.0000, 714.0000, 1.0000,  -461.0000, 714.0000, 1.0000,  64, 64, 64
L -461.0000, 714.0000, 1.0000,  -462.0000, 742.0000, 1.0000,  64, 64, 64
L -462.0000, 742.0000, 1.0000,  -475.0000, 742.0000, 1.0000,  64, 64, 64
L -475.0000, 742.0000, 1.0000,  -476.0000, 770.0000, 1.0000,  64, 64, 64
L -476.0000, 770.0000, 1.0000,  -532.0000, 770.0000, 1.0000,  64, 64, 64
L -532.0000, 770.0000, 1.0000,  -532.0000, 756.0000, -1.0000,  64, 64, 64
L -532.0000, 756.0000, -1.0000,  -532.0000, 742.0000, 1.0000,  64, 64, 64
L -532.0000, 742.0000, 1.0000,  -518.0000, 741.0000, 1.0000,  64, 64, 64
L -517.0000, 728.0000, 1.0000,  -545.0000, 728.0000, 1.0000,  64, 64, 64
L -545.0000, 728.0000, 1.0000,  -545.0000, 756.0000, 1.0000,  64, 64, 64
L -517.0000, 728.0000, 1.0000,  -517.0000, 714.0000, 1.0000,  64, 64, 64
L -517.0000, 714.0000, 1.0000,  -504.0000, 714.0000, 1.0000,  64, 64, 64
L -504.0000, 714.0000, 1.0000,  -490.0000, 728.0000, 1.0000,  64, 64, 64
L -490.0000, 728.0000, 1.0000,  -490.0000, 742.0000, 1.0000,  64, 64, 64
L -490.0000, 742.0000, 1.0000,  -504.0000, 755.0000, 1.0000,  64, 64, 64
L -504.0000, 755.0000, 1.0000,  -518.0000, 741.0000, 1.0000,  64, 64, 64
L -545.0000, 756.0000, -1.0000,  -559.0000, 769.0000, -1.0000,  64, 64, 64
L -559.0000, 769.0000, -1.0000,  -585.0000, 762.0000, -1.0000,  64, 64, 64
L -585.0000, 762.0000, -1.0000,  -599.0000, 762.0000, -1.0000,  64, 64, 64
L -599.0000, 762.0000, -1.0000,  -601.0000, 764.0000, -1.0000,  64, 64, 64
L -601.0000, 764.0000, -1.0000,  -603.0000, 765.0000, -1.0000,  64, 64, 64
L -603.0000, 765.0000, -1.0000,  -610.0000, 765.0000, 1.0000,  64, 64, 64
L -610.0000, 765.0000, 1.0000,  -610.0000, 762.0000, 1.0000,  64, 64, 64
L -610.0000, 762.0000, 1.0000,  -783.0000, 762.0000, 1.0000,  64, 64, 64
L -583.0000, 970.0000, 1.0000,  -544.0000, 1001.0000, 1.0000,  150, 0, 200
L -993.0000, -573.0000, -1.0000,  -1022.0000, -587.0000, 1.0000,  64, 64, 64
L -1022.0000, -587.0000, 1.0000,  -1036.0000, -546.0000, 1.0000,  64, 64, 64
L -1036.0000, -546.0000, 1.0000,  -1050.0000, -560.0000, 1.0000,  64, 64, 64
L -1050.0000, -560.0000, 1.0000,  -1077.0000, -546.0000, 1.0000,  64, 64, 64
L -1077.0000, -546.0000, 1.0000,  -1091.0000, -574.0000, 1.0000,  64, 64, 64
L -1091.0000, -574.0000, 1.0000,  -1077.0000, -602.0000, 1.0000,  64, 64, 64
L -1077.0000, -602.0000, 1.0000,  -1119.0000, -630.0000, 1.0000,  64, 64, 64
L -1119.0000, -630.0000, 1.0000,  -1147.0000, -630.0000, -1.0000,  64, 64, 64
L -1147.0000, -630.0000, -1.0000,  -1158.0000, -642.0000, -1.0000,  64, 64, 64
L -1158.0000, -642.0000, -1.0000,  -1167.0000, -648.0000, 1.0000,  64, 64, 64
L -1167.0000, -648.0000, 1.0000,  -1343.0000, -648.0000, 1.0000,  64, 64, 64
L -978.0000, -573.0000, -1.0000,  -980.0000, -602.0000, 1.0000,  64, 64, 64
L -980.0000, -602.0000, 1.0000,  -1008.0000, -615.0000, 1.0000,  64, 64, 64
L -1008.0000, -615.0000, 1.0000,  -1022.0000, -616.0000, 1.0000,  64, 64, 64
L -1022.0000, -616.0000, 1.0000,  -1022.0000, -630.0000, 1.0000,  64, 64, 64
L -1022.0000, -630.0000, 1.0000,  -1007.0000, -644.0000, 1.0000,  64, 64, 64
L -1007.0000, -644.0000, 1.0000,  -980.0000, -630.0000, 1.0000,  64, 64, 64
L -980.0000, -630.0000, 1.0000,  -938.0000, -686.0000, 1.0000,  64, 64, 64
L -938.0000, -686.0000, 1.0000,  -909.0000, -672.0000, 1.0000,  64, 64, 64
L -909.0000, -672.0000, 1.0000,  -896.0000, -658.0000, 1.0000,  64, 64, 64
L -896.0000, -658.0000, 1.0000,  -868.0000, -672.0000, 1.0000,  64, 64, 64
L -868.0000, -672.0000, 1.0000,  -854.0000, -700.0000, 1.0000,  64, 64, 64
L -854.0000, -700.0000, 1.0000,  -882.0000, -727.0000, 1.0000,  64, 64, 64
L -882.0000, -727.0000, 1.0000,  -910.0000, -727.0000, 1.0000,  64, 64, 64
L -910.0000, -727.0000, 1.0000,  -953.0000, -713.0000, 1.0000,  64, 64, 64
L -953.0000, -713.0000, 1.0000,  -993.0000, -713.0000, 1.0000,  64, 64, 64
L -993.0000, -713.0000, 1.0000,  -1007.0000, -671.0000, 1.0000,  64, 64, 64
L -1007.0000, -671.0000, 1.0000,  -1021.0000, -671.0000, 1.0000,  64, 64, 64
L -1021.0000, -671.0000, 1.0000,  -1036.0000, -627.0000, 1.0000,  64, 64, 64
L -1036.0000, -627.0000, 1.0000,  -1050.0000, -601.0000, 1.0000,  64, 64, 64
L -1050.0000, -601.0000, 1.0000,  -1064.0000, -602.0000, 1.0000,  64, 64, 64
L -1064.0000, -602.0000, 1.0000,  -1050.0000, -672.0000, 1.0000,  64, 64, 64
L -1050.0000, -672.0000, 1.0000,  -1064.0000, -699.0000, 1.0000,  64, 64, 64
L -1064.0000, -699.0000, 1.0000,  -1078.0000, -699.0000, 1.0000,  64, 64, 64
L -1078.0000, -699.0000, 1.0000,  -1104.0000, -706.0000, -1.0000,  64, 64, 64
L -639.0000, -365.0000, 1.0000,  -639.0000, -448.0000, 1.0000,  64, 64, 64
L -639.0000, -448.0000, 1.0000,  -627.0000, -447.0000, 1.0000,  64, 64, 64
L -627.0000, -447.0000, 1.0000,  -620.0000, -457.0000, 1.0000,  64, 64, 64
L -620.0000, -457.0000, 1.0000,  -628.0000, -464.0000, 1.0000,  64, 64, 64
L -628.0000, -464.0000, 1.0000,  -631.0000, -467.0000, 1.0000,  64, 64, 64
L -631.0000, -467.0000, 1.0000,  -616.0000, -489.0000, 1.0000,  64, 64, 64
L -616.0000, -489.0000, 1.0000,  -586.0000, -489.0000, 1.0000,  64, 64, 64
L -586.0000, -489.0000, 1.0000,  -549.0000, -476.0000, 1.0000,  64, 64, 64
L -549.0000, -476.0000, 1.0000,  -547.0000, -471.0000, 1.0000,  64, 64, 64
L -547.0000, -471.0000, 1.0000,  -544.0000, -471.0000, 1.0000,  64, 64, 64
L -544.0000, -471.0000, 1.0000,  -545.0000, -465.0000, 1.0000,  64, 64, 64
L -545.0000, -465.0000, 1.0000,  -540.0000, -463.0000, 1.0000,  64, 64, 64
L -540.0000, -463.0000, 1.0000,  -538.0000, -460.0000, 1.0000,  64, 64, 64
L -538.0000, -460.0000, 1.0000,  -540.0000, -450.0000, 1.0000,  64, 64, 64
L -540.0000, -450.0000, 1.0000,  -538.0000, -446.0000, 1.0000,  64, 64, 64
L -538.0000, -446.0000, 1.0000,  -532.0000, -441.0000, 1.0000,  64, 64, 64
L -532.0000, -441.0000, 1.0000,  -523.0000, -444.0000, 1.0000,  64, 64, 64
L -523.0000, -444.0000, 1.0000,  -520.0000, -447.0000, 1.0000,  64, 64, 64
L -520.0000, -447.0000, 1.0000,  -504.0000, -447.0000, 1.0000,  64, 64, 64
L -504.0000, -447.0000, 1.0000,  -490.0000, -434.0000, 1.0000,  64, 64, 64
L -490.0000, -434.0000, 1.0000,  -477.0000, -363.0000, 1.0000,  64, 64, 64
L -477.0000, -363.0000, 1.0000,  -491.0000, -336.0000, 1.0000,  64, 64, 64
L -491.0000, -336.0000, 1.0000,  -504.0000, -322.0000, 1.0000,  64, 64, 64
L -546.0000, -323.0000, 1.0000,  -560.0000, -336.0000, 1.0000,  0, 0, 255
L -560.0000, -336.0000, 1.0000,  -588.0000, -336.0000, 1.0000,  0, 0, 255
L -588.0000, -336.0000, 1.0000,  -616.0000, -365.0000, 1.0000,  0, 0, 255
L -616.0000, -365.0000, 1.0000,  -639.0000, -365.0000, 1.0000,  0, 0, 255
L -574.0000, -364.0000, 1.0000,  -544.0000, -378.0000, 1.0000,  0, 0, 255
L -544.0000, -378.0000, 1.0000,  -558.0000, -406.0000, 1.0000,  0, 0, 255
L -558.0000, -406.0000, 1.0000,  -573.0000, -407.0000, 1.0000,  0, 0, 255
L -573.0000, -407.0000, 1.0000,  -588.0000, -377.0000, 1.0000,  0, 0, 255
L -588.0000, -377.0000, 1.0000,  -574.0000, -364.0000, 1.0000,  0, 0, 255
L -266.0000, 447.0000, 1.0000,  -245.0000, 421.0000, 1.0000,  0, 0, 255
L -245.0000, 421.0000, 1.0000,  -245.0000, 405.0000, 1.0000,  0, 0, 255
L -350.0000, 421.0000, -12.0000,  -350.0000, 405.0000, -12.0000,  64, 64, 64
L -350.0000, 405.0000, -12.0000,  -407.0000, 406.0000, -10.0000,  64, 64, 64
L -407.0000, 406.0000, -10.0000,  -406.0000, 421.0000, -12.0000,  64, 64, 64
L -382.0000, 419.0000, -12.0000,  -382.0000, 414.0000, -12.0000,  64, 64, 64
L -380.0000, 419.0000, -11.0000,  -380.0000, 414.0000, -11.0000,  64, 64, 64
L -370.0000, 419.0000, -1.0000,  -370.0000, 414.0000, -1.0000,  64, 64, 64
L -372.0000, 419.0000, -3.0000,  -372.0000, 414.0000, -3.0000,  64, 64, 64
L -374.0000, 419.0000, -5.0000,  -374.0000, 414.0000, -5.0000,  64, 64, 64
L -376.0000, 419.0000, -7.0000,  -376.0000, 414.0000, -7.0000,  64, 64, 64
L -378.0000, 419.0000, -9.0000,  -378.0000, 414.0000, -9.0000,  64, 64, 64
L -382.0000, 414.0000, -12.0000,  -362.0000, 414.0000, 1.0000,  64, 64, 64
L -362.0000, 414.0000, 1.0000,  -362.0000, 419.0000, 1.0000,  64, 64, 64
L -382.0000, 419.0000, -12.0000,  -370.0000, 420.0000, 1.0000,  64, 64, 64
L -377.0000, 461.0000, 5.0000,  -392.0000, 461.0000, 5.0000,  64, 64, 64
L -392.0000, 461.0000, 5.0000,  -392.0000, 476.0000, 5.0000,  64, 64, 64
L -392.0000, 476.0000, 5.0000,  -377.0000, 476.0000, 5.0000,  64, 64, 64
L -377.0000, 476.0000, 5.0000,  -377.0000, 461.0000, 5.0000,  64, 64, 64
L -364.0000, 476.0000, 5.0000,  -364.0000, 461.0000, 5.0000,  64, 64, 64
L -364.0000, 461.0000, 5.0000,  -350.0000, 461.0000, 5.0000,  64, 64, 64
L -350.0000, 461.0000, 5.0000,  -349.0000, 476.0000, 5.0000,  64, 64, 64
L -349.0000, 476.0000, 5.0000,  -364.0000, 476.0000, 5.0000,  64, 64, 64
L -364.0000, 489.0000, 5.0000,  -364.0000, 504.0000, 5.0000,  64, 64, 64
L -364.0000, 504.0000, 5.0000,  -350.0000, 504.0000, 5.0000,  64, 64, 64
L -350.0000, 504.0000, 5.0000,  -349.0000, 489.0000, 5.0000,  64, 64, 64
L -349.0000, 489.0000, 5.0000,  -364.0000, 489.0000, 5.0000,  64, 64, 64
L -364.0000, 517.0000, 5.0000,  -364.0000, 532.0000, 5.0000,  64, 64, 64
L -364.0000, 532.0000, 5.0000,  -350.0000, 532.0000, 5.0000,  64, 64, 64
L -350.0000, 532.0000, 5.0000,  -349.0000, 517.0000, 5.0000,  64, 64, 64
L -349.0000, 517.0000, 5.0000,  -364.0000, 517.0000, 5.0000,  64, 64, 64
L -364.0000, 545.0000, 5.0000,  -364.0000, 560.0000, 5.0000,  64, 64, 64
L -364.0000, 560.0000, 5.0000,  -350.0000, 560.0000, 5.0000,  64, 64, 64
L -350.0000, 560.0000, 5.0000,  -349.0000, 545.0000, 5.0000,  64, 64, 64
L -349.0000, 545.0000, 5.0000,  -364.0000, 545.0000, 5.0000,  64, 64, 64
L -364.0000, 573.0000, 5.0000,  -364.0000, 588.0000, 5.0000,  64, 64, 64
L -364.0000, 588.0000, 5.0000,  -350.0000, 588.0000, 5.0000,  64, 64, 64
L -350.0000, 588.0000, 5.0000,  -349.0000, 573.0000, 5.0000,  64, 64, 64
L -349.0000, 573.0000, 5.0000,  -364.0000, 573.0000, 5.0000,  64, 64, 64
L -364.0000, 601.0000, 5.0000,  -364.0000, 616.0000, 5.0000,  64, 64, 64
L -364.0000, 616.0000, 5.0000,  -349.0000, 616.0000, 5.0000,  64, 64, 64
L -349.0000, 616.0000, 5.0000,  -350.0000, 601.0000, 5.0000,  64, 64, 64
L -350.0000, 601.0000, 5.0000,  -364.0000, 601.0000, 5.0000,  64, 64, 64
L -361.0000, 627.0000, 6.0000,  -380.0000, 627.0000, 6.0000,  64, 64, 64
L -380.0000, 627.0000, 6.0000,  -380.0000, 646.0000, 6.0000,  64, 64, 64
L -380.0000, 646.0000, 6.0000,  -361.0000, 646.0000, 6.0000,  64, 64, 64
L -361.0000, 646.0000, 6.0000,  -361.0000, 627.0000, 6.0000,  64, 64, 64
L -364.0000, 627.0000, 6.0000,  -374.0000, 627.0000, 6.0000,  64, 64, 64
L -377.0000, 616.0000, 5.0000,  -392.0000, 616.0000, 5.0000,  64, 64, 64
L -392.0000, 616.0000, 5.0000,  -392.0000, 601.0000, 5.0000,  64, 64, 64
L -392.0000, 601.0000, 5.0000,  -377.0000, 601.0000, 5.0000,  64, 64, 64
L -377.0000, 601.0000, 5.0000,  -377.0000, 616.0000, 5.0000,  64, 64, 64
L -377.0000, 588.0000, 5.0000,  -378.0000, 573.0000, 5.0000,  64, 64, 64
L -378.0000, 573.0000, 5.0000,  -392.0000, 573.0000, 5.0000,  64, 64, 64
L -392.0000, 573.0000, 5.0000,  -392.0000, 588.0000, 5.0000,  64, 64, 64
L -392.0000, 588.0000, 5.0000,  -377.0000, 588.0000, 5.0000,  64, 64, 64
L -377.0000, 560.0000, 5.0000,  -377.0000, 545.0000, 5.0000,  64, 64, 64
L -377.0000, 545.0000, 5.0000,  -392.0000, 545.0000, 5.0000,  64, 64, 64
L -392.0000, 545.0000, 5.0000,  -392.0000, 560.0000, 5.0000,  64, 64, 64
L -392.0000, 560.0000, 5.0000,  -377.0000, 560.0000, 5.0000,  64, 64, 64
L -377.0000, 532.0000, 5.0000,  -377.0000, 517.0000, 5.0000,  64, 64, 64
L -377.0000, 517.0000, 5.0000,  -392.0000, 517.0000, 5.0000,  64, 64, 64
L -392.0000, 517.0000, 5.0000,  -392.0000, 532.0000, 5.0000,  64, 64, 64
L -392.0000, 532.0000, 5.0000,  -377.0000, 532.0000, 5.0000,  64, 64, 64
L -377.0000, 504.0000, 5.0000,  -377.0000, 489.0000, 5.0000,  64, 64, 64
L -377.0000, 489.0000, 5.0000,  -392.0000, 489.0000, 5.0000,  64, 64, 64
L -392.0000, 489.0000, 5.0000,  -392.0000, 504.0000, 5.0000,  64, 64, 64
L -392.0000, 504.0000, 5.0000,  -377.0000, 504.0000, 5.0000,  64, 64, 64
L -406.0000, 441.0000, 1.0000,  -437.0000, 450.0000, 1.0000,  150, 100, 0
L -437.0000, 450.0000, 1.0000,  -449.0000, 467.0000, 1.0000,  150, 100, 0
L -449.0000, 467.0000, 1.0000,  -446.0000, 492.0000, 1.0000,  150, 100, 0
L -446.0000, 492.0000, 1.0000,  -437.0000, 510.0000, 1.0000,  150, 100, 0
L -437.0000, 510.0000, 1.0000,  -416.0000, 516.0000, 1.0000,  150, 100, 0
L -416.0000, 516.0000, 1.0000,  -412.0000, 522.0000, 1.0000,  150, 100, 0
L -412.0000, 522.0000, 1.0000,  -409.0000, 526.0000, 1.0000,  150, 100, 0
L -409.0000, 526.0000, 1.0000,  -420.0000, 533.0000, 1.0000,  150, 100, 0
L -420.0000, 533.0000, 1.0000,  -428.0000, 541.0000, 1.0000,  150, 100, 0
L -428.0000, 541.0000, 1.0000,  -441.0000, 566.0000, 1.0000,  150, 100, 0
L -441.0000, 566.0000, 1.0000,  -436.0000, 585.0000, 1.0000,  150, 100, 0
L -436.0000, 585.0000, 1.0000,  -426.0000, 591.0000, 1.0000,  150, 100, 0
L -426.0000, 591.0000, 1.0000,  -439.0000, 609.0000, 1.0000,  150, 100, 0
L -439.0000, 609.0000, 1.0000,  -430.0000, 652.0000, 1.0000,  150, 100, 0
L -430.0000, 652.0000, 1.0000,  -407.0000, 662.0000, 1.0000,  150, 100, 0
L -407.0000, 662.0000, 1.0000,  -332.0000, 664.0000, 1.0000,  150, 100, 0
L -332.0000, 664.0000, 1.0000,  -303.0000, 630.0000, 1.0000,  150, 100, 0
L -303.0000, 630.0000, 1.0000,  -298.0000, 611.0000, 1.0000,  150, 100, 0
L -298.0000, 611.0000, 1.0000,  -300.0000, 596.0000, 1.0000,  150, 100, 0
L -300.0000, 596.0000, 1.0000,  -308.0000, 585.0000, 1.0000,  150, 100, 0
L -308.0000, 585.0000, 1.0000,  -299.0000, 558.0000, 1.0000,  150, 100, 0
L -299.0000, 558.0000, 1.0000,  -305.0000, 540.0000, 1.0000,  150, 100, 0
L -305.0000, 540.0000, 1.0000,  -313.0000, 528.0000, 1.0000,  150, 100, 0
L -313.0000, 528.0000, 1.0000,  -308.0000, 517.0000, 1.0000,  150, 100, 0
L -308.0000, 517.0000, 1.0000,  -316.0000, 509.0000, 1.0000,  150, 100, 0
L -316.0000, 509.0000, 1.0000,  -311.0000, 481.0000, 1.0000,  150, 100, 0
L -311.0000, 481.0000, 1.0000,  -328.0000, 454.0000, 1.0000,  150, 100, 0
L -328.0000, 454.0000, 1.0000,  -347.0000, 442.0000, 1.0000,  150, 100, 0
L -347.0000, 442.0000, 1.0000,  -406.0000, 441.0000, 1.0000,  150, 100, 0
L 126.0000, 336.0000, -55.0000,  125.0000, 350.0000, -55.0000,  64, 64, 64
L 125.0000, 350.0000, -55.0000,  140.0000, 350.0000, -55.0000,  64, 64, 64
L 140.0000, 350.0000, -55.0000,  140.0000, 336.0000, -55.0000,  64, 64, 64
L 140.0000, 336.0000, -55.0000,  154.0000, 336.0000, -55.0000,  64, 64, 64
L 154.0000, 336.0000, -55.0000,  154.0000, 322.0000, -55.0000,  64, 64, 64
L 154.0000, 322.0000, -55.0000,  126.0000, 322.0000, -55.0000,  64, 64, 64
L 126.0000, 322.0000, -55.0000,  126.0000, 308.0000, -55.0000,  64, 64, 64
L 126.0000, 308.0000, -55.0000,  98.0000, 308.0000, -55.0000,  64, 64, 64
L 98.0000, 308.0000, -55.0000,  98.0000, 336.0000, -55.0000,  64, 64, 64
L 98.0000, 336.0000, -55.0000,  83.0000, 336.0000, -55.0000,  64, 64, 64
L 83.0000, 336.0000, -55.0000,  84.0000, 350.0000, -55.0000,  64, 64, 64
L 84.0000, 350.0000, -55.0000,  98.0000, 350.0000, -55.0000,  64, 64, 64
L 98.0000, 350.0000, -55.0000,  98.0000, 363.0000, -55.0000,  64, 64, 64
L 98.0000, 363.0000, -55.0000,  70.0000, 363.0000, -55.0000,  64, 64, 64
L 70.0000, 363.0000, -55.0000,  70.0000, 322.0000, -55.0000,  64, 64, 64
L 70.0000, 322.0000, -55.0000,  84.0000, 322.0000, -55.0000,  64, 64, 64
L 84.0000, 322.0000, -55.0000,  83.0000, 306.0000, -55.0000,  64, 64, 64
L 83.0000, 306.0000, -55.0000,  70.0000, 308.0000, -55.0000,  64, 64, 64
L 70.0000, 308.0000, -55.0000,  70.0000, 294.0000, -55.0000,  64, 64, 64
L 70.0000, 294.0000, -55.0000,  84.0000, 294.0000, -55.0000,  64, 64, 64
L 84.0000, 294.0000, -55.0000,  84.0000, 279.0000, -55.0000,  64, 64, 64
L 84.0000, 279.0000, -55.0000,  42.0000, 279.0000, -55.0000,  64, 64, 64
L 42.0000, 279.0000, -55.0000,  42.0000, 296.0000, -55.0000,  64, 64, 64
L 42.0000, 296.0000, -55.0000,  56.0000, 308.0000, -55.0000,  64, 64, 64
L 56.0000, 308.0000, -55.0000,  55.0000, 322.0000, -55.0000,  64, 64, 64
L 55.0000, 322.0000, -55.0000,  41.0000, 335.0000, -55.0000,  64, 64, 64
L 41.0000, 335.0000, -55.0000,  28.0000, 335.0000, -55.0000,  64, 64, 64
L 28.0000, 335.0000, -55.0000,  13.0000, 321.0000, -55.0000,  64, 64, 64
L 13.0000, 321.0000, -55.0000,  8.0000, 322.0000, -55.0000,  64, 64, 64
L 6.0000, 322.0000, -55.0000,  -14.0000, 322.0000, -55.0000,  64, 64, 64
L -14.0000, 322.0000, -55.0000,  -14.0000, 363.0000, -41.0000,  64, 64, 64
L -14.0000, 363.0000, -41.0000,  -42.0000, 363.0000, -41.0000,  64, 64, 64
L -42.0000, 363.0000, -41.0000,  -42.0000, 433.0000, -41.0000,  64, 64, 64
L -42.0000, 433.0000, -41.0000,  -98.0000, 433.0000, -41.0000,  64, 64, 64
L -98.0000, 433.0000, -41.0000,  -98.0000, 406.0000, -41.0000,  64, 64, 64
L -98.0000, 406.0000, -41.0000,  -84.0000, 406.0000, -41.0000,  64, 64, 64
L -84.0000, 406.0000, -41.0000,  -84.0000, 420.0000, -41.0000,  64, 64, 64
L -84.0000, 420.0000, -41.0000,  -56.0000, 420.0000, -41.0000,  64, 64, 64
L -56.0000, 420.0000, -41.0000,  -56.0000, 363.0000, -41.0000,  64, 64, 64
L -56.0000, 363.0000, -41.0000,  -85.0000, 364.0000, -41.0000,  64, 64, 64
L -85.0000, 364.0000, -41.0000,  -84.0000, 378.0000, -41.0000,  64, 64, 64
L -84.0000, 378.0000, -41.0000,  -70.0000, 378.0000, -41.0000,  64, 64, 64
L -70.0000, 378.0000, -41.0000,  -70.0000, 391.0000, -41.0000,  64, 64, 64
L -70.0000, 391.0000, -41.0000,  -98.0000, 391.0000, -41.0000,  64, 64, 64
L -98.0000, 391.0000, -41.0000,  -98.0000, 350.0000, -41.0000,  64, 64, 64
L -98.0000, 350.0000, -41.0000,  -70.0000, 350.0000, -41.0000,  64, 64, 64
L -70.0000, 350.0000, -41.0000,  -70.0000, 308.0000, -41.0000,  64, 64, 64
L -70.0000, 308.0000, -41.0000,  -57.0000, 308.0000, -41.0000,  64, 64, 64
L -57.0000, 308.0000, -41.0000,  -57.0000, 293.0000, -41.0000,  64, 64, 64
L -57.0000, 293.0000, -41.0000,  -84.0000, 294.0000, -41.0000,  64, 64, 64
L -84.0000, 294.0000, -41.0000,  -84.0000, 265.0000, -41.0000,  64, 64, 64
L -84.0000, 265.0000, -41.0000,  -98.0000, 251.0000, -41.0000,  64, 64, 64
L -98.0000, 251.0000, -41.0000,  -113.0000, 252.0000, -41.0000,  64, 64, 64
L -113.0000, 252.0000, -41.0000,  -112.0000, 267.0000, -41.0000,  64, 64, 64
L -112.0000, 267.0000, -41.0000,  -98.0000, 266.0000, -41.0000,  64, 64, 64
L -98.0000, 266.0000, -41.0000,  -98.0000, 308.0000, -27.0000,  64, 64, 64
L -98.0000, 308.0000, -27.0000,  -84.0000, 308.0000, -27.0000,  64, 64, 64
L -84.0000, 308.0000, -27.0000,  -84.0000, 322.0000, -27.0000,  64, 64, 64
L -84.0000, 322.0000, -27.0000,  -126.0000, 321.0000, -27.0000,  64, 64, 64
L -126.0000, 321.0000, -27.0000,  -126.0000, 336.0000, -27.0000,  64, 64, 64
L -126.0000, 336.0000, -27.0000,  -112.0000, 336.0000, -27.0000,  64, 64, 64
L -112.0000, 336.0000, -27.0000,  -112.0000, 377.0000, -14.0000,  64, 64, 64
L -112.0000, 377.0000, -14.0000,  -112.0000, 383.0000, -13.0000,  64, 64, 64
L -112.0000, 383.0000, -13.0000,  -115.0000, 384.0000, -13.0000,  64, 64, 64
L -115.0000, 384.0000, -13.0000,  -114.0000, 386.0000, -13.0000,  64, 64, 64
L -114.0000, 386.0000, -13.0000,  -112.0000, 386.0000, -13.0000,  64, 64, 64
L -112.0000, 386.0000, -13.0000,  -112.0000, 399.0000, -14.0000,  64, 64, 64
L -112.0000, 399.0000, -14.0000,  -105.0000, 404.0000, -14.0000,  64, 64, 64
L -105.0000, 404.0000, -14.0000,  -104.0000, 425.0000, -14.0000,  64, 64, 64
L -104.0000, 425.0000, -14.0000,  -113.0000, 434.0000, -14.0000,  64, 64, 64
L -113.0000, 434.0000, -14.0000,  -129.0000, 437.0000, -14.0000,  64, 64, 64
L -129.0000, 437.0000, -14.0000,  -140.0000, 433.0000, -14.0000,  64, 64, 64
L -140.0000, 433.0000, -14.0000,  -152.0000, 419.0000, -14.0000,  64, 64, 64
L -152.0000, 419.0000, -14.0000,  -151.0000, 408.0000, -14.0000,  64, 64, 64
L -151.0000, 408.0000, -14.0000,  -150.0000, 402.0000, -14.0000,  64, 64, 64
L -150.0000, 402.0000, -14.0000,  -153.0000, 392.0000, -14.0000,  64, 64, 64
L -153.0000, 392.0000, -14.0000,  -154.0000, 392.0000, -14.0000,  64, 64, 64
L -154.0000, 392.0000, -14.0000,  -154.0000, 392.0000, -15.0000,  64, 64, 64
L -154.0000, 392.0000, -15.0000,  -156.0000, 400.0000, -12.0000,  64, 64, 64
L -156.0000, 400.0000, -12.0000,  -160.0000, 404.0000, -11.0000,  64, 64, 64
L -160.0000, 404.0000, -11.0000,  -157.0000, 426.0000, -14.0000,  64, 64, 64
L -157.0000, 426.0000, -14.0000,  -166.0000, 456.0000, -14.0000,  64, 64, 64
L -166.0000, 456.0000, -14.0000,  -143.0000, 462.0000, -13.0000,  64, 64, 64
L -143.0000, 462.0000, -13.0000,  -136.0000, 454.0000, -11.0000,  64, 64, 64
L -136.0000, 454.0000, -11.0000,  -120.0000, 458.0000, -17.0000,  64, 64, 64
L -120.0000, 458.0000, -17.0000,  -118.0000, 458.0000, -18.0000,  64, 64, 64
L -118.0000, 458.0000, -18.0000,  -96.0000, 456.0000, -28.0000,  64, 64, 64
L -96.0000, 456.0000, -28.0000,  -81.0000, 467.0000, -22.0000,  64, 64, 64
L -81.0000, 467.0000, -22.0000,  -76.0000, 466.0000, -24.0000,  64, 64, 64
L -76.0000, 466.0000, -24.0000,  -57.0000, 475.0000, -30.0000,  64, 64, 64
L -57.0000, 475.0000, -30.0000,  -47.0000, 480.0000, -31.0000,  64, 64, 64
L -47.0000, 480.0000, -31.0000,  -45.0000, 472.0000, -37.0000,  64, 64, 64
L -45.0000, 472.0000, -37.0000,  -42.0000, 468.0000, -37.0000,  64, 64, 64
L -42.0000, 468.0000, -37.0000,  -34.0000, 466.0000, -38.0000,  64, 64, 64
L -34.0000, 466.0000, -38.0000,  -30.0000, 470.0000, -38.0000,  64, 64, 64
L -30.0000, 470.0000, -38.0000,  -12.0000, 472.0000, -40.0000,  64, 64, 64
L -12.0000, 472.0000, -40.0000,  -4.0000, 499.0000, -42.0000,  64, 64, 64
L -4.0000, 499.0000, -42.0000,  -4.0000, 513.0000, -43.0000,  64, 64, 64
L -4.0000, 513.0000, -43.0000,  -26.0000, 515.0000, -40.0000,  64, 64, 64
L -26.0000, 515.0000, -40.0000,  -44.0000, 503.0000, -39.0000,  64, 64, 64
L -44.0000, 503.0000, -39.0000,  -67.0000, 499.0000, -39.0000,  64, 64, 64
L -67.0000, 499.0000, -39.0000,  -84.0000, 491.0000, -41.0000,  64, 64, 64
L -84.0000, 491.0000, -41.0000,  -87.0000, 481.0000, -42.0000,  64, 64, 64
L 126.0000, 336.0000, -55.0000,  112.0000, 336.0000, -55.0000,  64, 64, 64
L 112.0000, 336.0000, -55.0000,  112.0000, 363.0000, -55.0000,  64, 64, 64
L 112.0000, 363.0000, -55.0000,  154.0000, 363.0000, -55.0000,  64, 64, 64
L 154.0000, 363.0000, -55.0000,  154.0000, 350.0000, -55.0000,  64, 64, 64
L 154.0000, 350.0000, -55.0000,  169.0000, 350.0000, -55.0000,  64, 64, 64
L 169.0000, 350.0000, -55.0000,  168.0000, 364.0000, -55.0000,  64, 64, 64
L 168.0000, 364.0000, -55.0000,  154.0000, 378.0000, -55.0000,  64, 64, 64
L 154.0000, 378.0000, -55.0000,  155.0000, 392.0000, -55.0000,  64, 64, 64
L 155.0000, 392.0000, -55.0000,  168.0000, 405.0000, -55.0000,  64, 64, 64
L 168.0000, 405.0000, -55.0000,  168.0000, 411.0000, -55.0000,  64, 64, 64
L 168.0000, 411.0000, -55.0000,  170.0000, 412.0000, -55.0000,  64, 64, 64
L 170.0000, 412.0000, -55.0000,  170.0000, 414.0000, -55.0000,  64, 64, 64
L 170.0000, 414.0000, -55.0000,  168.0000, 414.0000, -55.0000,  64, 64, 64
L 168.0000, 414.0000, -55.0000,  168.0000, 434.0000, -55.0000,  64, 64, 64
L 168.0000, 434.0000, -55.0000,  153.0000, 434.0000, -55.0000,  64, 64, 64
L 153.0000, 434.0000, -55.0000,  154.0000, 406.0000, -55.0000,  64, 64, 64
L 154.0000, 406.0000, -55.0000,  140.0000, 406.0000, -55.0000,  64, 64, 64
L 140.0000, 406.0000, -55.0000,  140.0000, 378.0000, -55.0000,  64, 64, 64
L 140.0000, 378.0000, -55.0000,  113.0000, 378.0000, -55.0000,  64, 64, 64
L 113.0000, 378.0000, -55.0000,  112.0000, 391.0000, -55.0000,  64, 64, 64
L 112.0000, 391.0000, -55.0000,  126.0000, 391.0000, -55.0000,  64, 64, 64
L 126.0000, 391.0000, -55.0000,  126.0000, 419.0000, -55.0000,  64, 64, 64
L 126.0000, 419.0000, -55.0000,  139.0000, 419.0000, -55.0000,  64, 64, 64
L 139.0000, 419.0000, -55.0000,  140.0000, 448.0000, -55.0000,  64, 64, 64
L 140.0000, 448.0000, -55.0000,  140.0000, 503.0000, -82.0000,  64, 64, 64
L 140.0000, 503.0000, -82.0000,  126.0000, 518.0000, -83.0000,  64, 64, 64
L 126.0000, 518.0000, -83.0000,  112.0000, 518.0000, -83.0000,  64, 64, 64
L 112.0000, 518.0000, -83.0000,  98.0000, 504.0000, -83.0000,  64, 64, 64
L 98.0000, 504.0000, -83.0000,  98.0000, 448.0000, -83.0000,  64, 64, 64
L 98.0000, 448.0000, -83.0000,  111.0000, 434.0000, -83.0000,  64, 64, 64
L 111.0000, 434.0000, -83.0000,  112.0000, 420.0000, -83.0000,  64, 64, 64
L 112.0000, 420.0000, -83.0000,  98.0000, 406.0000, -83.0000,  64, 64, 64
L 98.0000, 406.0000, -83.0000,  98.0000, 378.0000, -83.0000,  64, 64, 64
L 98.0000, 378.0000, -83.0000,  76.0000, 378.0000, -83.0000,  64, 64, 64
L 76.0000, 378.0000, -83.0000,  76.0000, 380.0000, -83.0000,  64, 64, 64
L 76.0000, 380.0000, -83.0000,  74.0000, 380.0000, -83.0000,  64, 64, 64
L 74.0000, 380.0000, -83.0000,  74.0000, 378.0000, -83.0000,  64, 64, 64
L 74.0000, 378.0000, -83.0000,  55.0000, 378.0000, -83.0000,  64, 64, 64
L 55.0000, 378.0000, -83.0000,  42.0000, 364.0000, -83.0000,  64, 64, 64
L 42.0000, 364.0000, -83.0000,  29.0000, 364.0000, -83.0000,  64, 64, 64
L 29.0000, 364.0000, -83.0000,  14.0000, 378.0000, -83.0000,  64, 64, 64
L 14.0000, 378.0000, -83.0000,  -7.0000, 378.0000, -83.0000,  64, 64, 64
L -7.0000, 378.0000, -83.0000,  -14.0000, 381.0000, -84.0000,  64, 64, 64
L -14.0000, 381.0000, -84.0000,  -14.0000, 434.0000, -84.0000,  64, 64, 64
L -27.0000, 448.0000, -86.0000,  -13.0000, 461.0000, -86.0000,  64, 64, 64
L -13.0000, 461.0000, -86.0000,  0.0000, 461.0000, -86.0000,  64, 64, 64
L 0.0000, 461.0000, -86.0000,  13.0000, 448.0000, -88.0000,  64, 64, 64
L 13.0000, 448.0000, -88.0000,  0.0000, 434.0000, -93.0000,  64, 64, 64
L -14.0000, 435.0000, -90.0000,  -27.0000, 448.0000, -84.0000,  64, 64, 64
L 0.0000, 434.0000, -84.0000,  0.0000, 392.0000, -84.0000,  64, 64, 64
L 0.0000, 392.0000, -84.0000,  14.0000, 392.0000, -83.0000,  64, 64, 64
L 14.0000, 392.0000, -83.0000,  28.0000, 405.0000, -83.0000,  64, 64, 64
L 28.0000, 405.0000, -83.0000,  41.0000, 405.0000, -83.0000,  64, 64, 64
L 41.0000, 405.0000, -83.0000,  56.0000, 391.0000, -83.0000,  64, 64, 64
L 56.0000, 391.0000, -83.0000,  74.0000, 391.0000, -83.0000,  64, 64, 64
L 74.0000, 391.0000, -83.0000,  74.0000, 389.0000, -83.0000,  64, 64, 64
L 74.0000, 389.0000, -83.0000,  76.0000, 389.0000, -83.0000,  64, 64, 64
L 76.0000, 391.0000, -83.0000,  76.0000, 389.0000, -83.0000,  64, 64, 64
L 76.0000, 391.0000, -83.0000,  84.0000, 392.0000, -83.0000,  64, 64, 64
L 84.0000, 392.0000, -83.0000,  84.0000, 406.0000, -83.0000,  64, 64, 64
L 84.0000, 406.0000, -83.0000,  71.0000, 420.0000, -83.0000,  64, 64, 64
L 71.0000, 420.0000, -83.0000,  70.0000, 434.0000, -83.0000,  64, 64, 64
L 70.0000, 434.0000, -83.0000,  84.0000, 448.0000, -83.0000,  64, 64, 64
L 84.0000, 448.0000, -83.0000,  84.0000, 503.0000, -83.0000,  64, 64, 64
L 84.0000, 503.0000, -83.0000,  71.0000, 518.0000, -83.0000,  64, 64, 64
L 71.0000, 518.0000, -83.0000,  70.0000, 532.0000, -83.0000,  64, 64, 64
L 70.0000, 532.0000, -83.0000,  84.0000, 545.0000, -83.0000,  64, 64, 64
L 84.0000, 545.0000, -83.0000,  98.0000, 545.0000, -83.0000,  64, 64, 64
L 98.0000, 545.0000, -83.0000,  112.0000, 531.0000, -83.0000,  64, 64, 64
L 112.0000, 531.0000, -83.0000,  126.0000, 531.0000, -83.0000,  64, 64, 64
L 126.0000, 531.0000, -83.0000,  140.0000, 545.0000, -83.0000,  64, 64, 64
L 140.0000, 545.0000, -83.0000,  153.0000, 545.0000, -83.0000,  64, 64, 64
L 153.0000, 545.0000, -83.0000,  168.0000, 532.0000, -83.0000,  64, 64, 64
L 168.0000, 532.0000, -83.0000,  168.0000, 518.0000, -83.0000,  64, 64, 64
L 168.0000, 518.0000, -83.0000,  154.0000, 504.0000, -83.0000,  64, 64, 64
L 154.0000, 504.0000, -83.0000,  154.0000, 447.0000, -55.0000,  64, 64, 64
L 154.0000, 447.0000, -55.0000,  182.0000, 447.0000, -55.0000,  64, 64, 64
L 182.0000, 447.0000, -55.0000,  182.0000, 414.0000, -55.0000,  64, 64, 64
L 182.0000, 414.0000, -55.0000,  180.0000, 414.0000, -55.0000,  64, 64, 64
L 180.0000, 414.0000, -55.0000,  180.0000, 411.0000, -55.0000,  64, 64, 64
L 180.0000, 411.0000, -55.0000,  182.0000, 411.0000, -55.0000,  64, 64, 64
L 182.0000, 411.0000, -55.0000,  182.0000, 405.0000, -55.0000,  64, 64, 64
L 182.0000, 405.0000, -55.0000,  195.0000, 392.0000, -55.0000,  64, 64, 64
L 195.0000, 392.0000, -55.0000,  210.0000, 391.0000, -55.0000,  64, 64, 64
L 210.0000, 391.0000, -55.0000,  224.0000, 405.0000, -55.0000,  64, 64, 64
L 224.0000, 405.0000, -55.0000,  224.0000, 434.0000, -55.0000,  64, 64, 64
L 224.0000, 434.0000, -55.0000,  210.0000, 434.0000, -55.0000,  64, 64, 64
L 210.0000, 434.0000, -55.0000,  210.0000, 407.0000, -55.0000,  64, 64, 64
L 210.0000, 407.0000, -55.0000,  196.0000, 406.0000, -55.0000,  64, 64, 64
L 196.0000, 406.0000, -55.0000,  196.0000, 447.0000, -55.0000,  64, 64, 64
L 196.0000, 447.0000, -55.0000,  238.0000, 447.0000, -55.0000,  64, 64, 64
L 238.0000, 447.0000, -55.0000,  238.0000, 434.0000, -55.0000,  64, 64, 64
L 238.0000, 434.0000, -55.0000,  252.0000, 434.0000, -55.0000,  64, 64, 64
L 252.0000, 434.0000, -55.0000,  252.0000, 463.0000, -55.0000,  64, 64, 64
L 252.0000, 463.0000, -55.0000,  196.0000, 462.0000, -55.0000,  64, 64, 64
L 196.0000, 462.0000, -55.0000,  196.0000, 476.0000, -55.0000,  64, 64, 64
L 196.0000, 476.0000, -55.0000,  182.0000, 476.0000, -55.0000,  64, 64, 64
L 182.0000, 476.0000, -55.0000,  182.0000, 489.0000, -55.0000,  64, 64, 64
L 182.0000, 489.0000, -55.0000,  210.0000, 489.0000, -55.0000,  64, 64, 64
L 210.0000, 489.0000, -55.0000,  210.0000, 476.0000, -55.0000,  64, 64, 64
L 210.0000, 476.0000, -55.0000,  266.0000, 475.0000, -55.0000,  64, 64, 64
L 266.0000, 475.0000, -55.0000,  266.0000, 420.0000, -55.0000,  64, 64, 64
L 266.0000, 420.0000, -55.0000,  237.0000, 420.0000, -55.0000,  64, 64, 64
L 237.0000, 420.0000, -55.0000,  238.0000, 406.0000, -55.0000,  64, 64, 64
L 238.0000, 406.0000, -55.0000,  251.0000, 392.0000, -55.0000,  64, 64, 64
L 251.0000, 392.0000, -55.0000,  251.0000, 378.0000, -55.0000,  64, 64, 64
L 251.0000, 378.0000, -55.0000,  237.0000, 363.0000, -55.0000,  64, 64, 64
L 237.0000, 363.0000, -55.0000,  238.0000, 322.0000, -55.0000,  64, 64, 64
L 238.0000, 322.0000, -55.0000,  196.0000, 322.0000, -55.0000,  64, 64, 64
L 196.0000, 322.0000, -55.0000,  196.0000, 363.0000, -55.0000,  64, 64, 64
L 196.0000, 363.0000, -55.0000,  210.0000, 363.0000, -55.0000,  64, 64, 64
L 210.0000, 363.0000, -55.0000,  210.0000, 336.0000, -55.0000,  64, 64, 64
L 210.0000, 336.0000, -55.0000,  224.0000, 335.0000, -55.0000,  64, 64, 64
L 224.0000, 335.0000, -55.0000,  224.0000, 364.0000, -55.0000,  64, 64, 64
L 224.0000, 364.0000, -55.0000,  210.0000, 378.0000, -55.0000,  64, 64, 64
L 210.0000, 378.0000, -55.0000,  196.0000, 378.0000, -55.0000,  64, 64, 64
L 196.0000, 378.0000, -55.0000,  181.0000, 364.0000, -55.0000,  64, 64, 64
L 181.0000, 364.0000, -55.0000,  182.0000, 336.0000, -55.0000,  64, 64, 64
L 182.0000, 336.0000, -55.0000,  168.0000, 336.0000, -55.0000,  64, 64, 64
L 168.0000, 336.0000, -55.0000,  168.0000, 308.0000, -55.0000,  64, 64, 64
L 168.0000, 308.0000, -55.0000,  140.0000, 308.0000, -55.0000,  64, 64, 64
L 140.0000, 308.0000, -55.0000,  140.0000, 294.0000, -55.0000,  64, 64, 64
L 140.0000, 294.0000, -55.0000,  98.0000, 294.0000, -55.0000,  64, 64, 64
L 98.0000, 294.0000, -55.0000,  98.0000, 266.0000, -55.0000,  64, 64, 64
L 98.0000, 266.0000, -55.0000,  28.0000, 266.0000, -55.0000,  64, 64, 64
L 28.0000, 266.0000, -55.0000,  28.0000, 294.0000, -55.0000,  64, 64, 64
L 28.0000, 294.0000, -55.0000,  13.0000, 309.0000, -55.0000,  64, 64, 64
L 13.0000, 309.0000, -55.0000,  8.0000, 308.0000, -55.0000,  64, 64, 64
L 8.0000, 308.0000, -55.0000,  8.0000, 310.0000, -55.0000,  64, 64, 64
L 8.0000, 310.0000, -55.0000,  6.0000, 310.0000, -55.0000,  64, 64, 64
L 6.0000, 308.0000, -55.0000,  6.0000, 310.0000, -55.0000,  64, 64, 64
L 6.0000, 322.0000, -55.0000,  6.0000, 319.0000, -55.0000,  64, 64, 64
L 8.0000, 322.0000, -55.0000,  8.0000, 320.0000, -55.0000,  64, 64, 64
L 6.0000, 319.0000, -55.0000,  8.0000, 320.0000, -55.0000,  64, 64, 64
L 6.0000, 308.0000, -55.0000,  -28.0000, 308.0000, -55.0000,  64, 64, 64
L -28.0000, 308.0000, -55.0000,  -28.0000, 322.0000, -55.0000,  64, 64, 64
L -28.0000, 322.0000, -55.0000,  -28.0000, 350.0000, -42.0000,  64, 64, 64
L -28.0000, 350.0000, -42.0000,  -56.0000, 350.0000, -41.0000,  64, 64, 64
L -56.0000, 350.0000, -41.0000,  -56.0000, 322.0000, -41.0000,  64, 64, 64
L -56.0000, 322.0000, -41.0000,  -42.0000, 322.0000, -41.0000,  64, 64, 64
L -42.0000, 322.0000, -41.0000,  -42.0000, 280.0000, -41.0000,  64, 64, 64
L -42.0000, 280.0000, -41.0000,  -70.0000, 280.0000, -41.0000,  64, 64, 64
L -70.0000, 280.0000, -41.0000,  -70.0000, 266.0000, -41.0000,  64, 64, 64
L -70.0000, 266.0000, -41.0000,  -56.0000, 252.0000, -41.0000,  64, 64, 64
L -56.0000, 252.0000, -41.0000,  -57.0000, 238.0000, -41.0000,  64, 64, 64
L -57.0000, 238.0000, -41.0000,  -70.0000, 224.0000, -41.0000,  64, 64, 64
L -70.0000, 224.0000, -41.0000,  -84.0000, 224.0000, -41.0000,  64, 64, 64
L -84.0000, 224.0000, -41.0000,  -98.0000, 238.0000, -41.0000,  64, 64, 64
L -98.0000, 238.0000, -41.0000,  -126.0000, 238.0000, -41.0000,  64, 64, 64
L -126.0000, 238.0000, -41.0000,  -126.0000, 280.0000, -41.0000,  64, 64, 64
L -126.0000, 280.0000, -41.0000,  -112.0000, 280.0000, -41.0000,  64, 64, 64
L -112.0000, 280.0000, -41.0000,  -112.0000, 309.0000, -27.0000,  64, 64, 64
L -112.0000, 309.0000, -27.0000,  -140.0000, 308.0000, -27.0000,  64, 64, 64
L -140.0000, 308.0000, -27.0000,  -140.0000, 350.0000, -27.0000,  64, 64, 64
L -140.0000, 350.0000, -27.0000,  -125.0000, 349.0000, -27.0000,  64, 64, 64
L -125.0000, 349.0000, -27.0000,  -126.0000, 383.0000, -13.0000,  64, 64, 64
L -126.0000, 383.0000, -13.0000,  -124.0000, 383.0000, -13.0000,  64, 64, 64
L -124.0000, 383.0000, -13.0000,  -125.0000, 386.0000, -13.0000,  64, 64, 64
L -125.0000, 386.0000, -13.0000,  -126.0000, 386.0000, -13.0000,  64, 64, 64
L -126.0000, 386.0000, -13.0000,  -126.0000, 394.0000, -14.0000,  64, 64, 64
L -126.0000, 394.0000, -14.0000,  -126.0000, 397.0000, -14.0000,  64, 64, 64
L -126.0000, 397.0000, -14.0000,  -132.0000, 398.0000, -14.0000,  64, 64, 64
L -132.0000, 398.0000, -14.0000,  -140.0000, 392.0000, -14.0000,  64, 64, 64
L -140.0000, 392.0000, -14.0000,  -138.0000, 382.0000, -13.0000,  64, 64, 64
L -138.0000, 382.0000, -13.0000,  -148.0000, 372.0000, -13.0000,  64, 64, 64
L -148.0000, 372.0000, -13.0000,  -152.0000, 372.0000, -13.0000,  64, 64, 64
L -152.0000, 372.0000, -13.0000,  -158.0000, 374.0000, -13.0000,  64, 64, 64
L -158.0000, 374.0000, -13.0000,  -160.0000, 385.0000, -13.0000,  64, 64, 64
L -160.0000, 385.0000, -13.0000,  -172.0000, 374.0000, -12.0000,  64, 64, 64
L -172.0000, 374.0000, -12.0000,  -192.0000, 374.0000, -14.0000,  64, 64, 64
L -192.0000, 374.0000, -14.0000,  -198.0000, 380.0000, -15.0000,  64, 64, 64
L -198.0000, 380.0000, -15.0000,  -201.0000, 411.0000, -14.0000,  64, 64, 64
L -201.0000, 411.0000, -14.0000,  -211.0000, 406.0000, -14.0000,  64, 64, 64
L -211.0000, 406.0000, -14.0000,  -248.0000, 404.0000, -15.0000,  64, 64, 64
L -248.0000, 404.0000, -15.0000,  -265.0000, 395.0000, -14.0000,  64, 64, 64
L -246.0000, 422.0000, -13.0000,  -232.0000, 418.0000, -14.0000,  64, 64, 64
L -232.0000, 418.0000, -14.0000,  -206.0000, 429.0000, -14.0000,  64, 64, 64
L -206.0000, 429.0000, -14.0000,  -197.0000, 425.0000, -15.0000,  64, 64, 64
L -197.0000, 425.0000, -15.0000,  -196.0000, 435.0000, -14.0000,  64, 64, 64
L -196.0000, 435.0000, -14.0000,  -196.0000, 445.0000, -7.0000,  64, 64, 64
L -196.0000, 445.0000, -7.0000,  -182.0000, 453.0000, -10.0000,  64, 64, 64
L -182.0000, 453.0000, -10.0000,  -192.0000, 470.0000, -13.0000,  64, 64, 64
L -192.0000, 470.0000, -13.0000,  -191.0000, 480.0000, -13.0000,  64, 64, 64
L -191.0000, 480.0000, -13.0000,  -185.0000, 488.0000, -14.0000,  64, 64, 64
L -185.0000, 488.0000, -14.0000,  -173.0000, 493.0000, -14.0000,  64, 64, 64
L -173.0000, 493.0000, -14.0000,  -156.0000, 495.0000, -13.0000,  64, 64, 64
L -156.0000, 495.0000, -13.0000,  -144.0000, 473.0000, -13.0000,  64, 64, 64
L -144.0000, 473.0000, -13.0000,  -134.0000, 479.0000, -15.0000,  64, 64, 64
L -134.0000, 479.0000, -15.0000,  -118.0000, 472.0000, -17.0000,  64, 64, 64
L -118.0000, 472.0000, -17.0000,  -114.0000, 477.0000, -28.0000,  64, 64, 64
L -114.0000, 477.0000, -28.0000,  -110.0000, 482.0000, -23.0000,  64, 64, 64
L -110.0000, 482.0000, -23.0000,  -95.0000, 483.0000, -26.0000,  64, 64, 64
L -95.0000, 483.0000, -26.0000,  -87.0000, 481.0000, -27.0000,  64, 64, 64
