P 1200.0000, 500.0000, 334.0000,  240, 0, 0,  2,  A_stalking_Feran(Bull_PH)
P -497.6380, -1633.2260, 272.9080,  240, 0, 0,  2,  An_Agressive_Murkglider
P 609.7410, -108.7890, 335.7850,  240, 0, 0,  2,  Pixt_Arreand_Bodybender
P 773.2420, -197.8450, 334.8900,  240, 0, 0,  2,  Ukun_Packmaster
P -1239.5100, 188.3040, 325.1010,  240, 0, 0,  2,  Ridgerunner_Droongar
P 526.0000, -719.0000, 314.0000,  0, 0, 0,  3,  Murkglider_School_Leader
P 248.0000, 1642.0000, 314.0000,  0, 0, 0,  3,  Nerask
P 315.0000, -2362.0000, 254.0000,  0, 240, 0,  3,  to_Wall_of_Slaughter
P -1360.0000, 147.0000, 316.0000,  0, 0, 0,  3,  Tarlang
P -1192.0000, -124.0000, 382.0000,  0, 0, 0,  3,  Slavedriver_Menlo
P -980.0000, -1113.0000, 438.0000,  0, 0, 0,  3,  Bonecracker's_Pit
P -51.0000, 2099.0000, 314.0000,  0, 240, 0,  3,  To_Dranik's_Scar
P -956.0000, -779.0000, 251.0000,  0, 0, 0,  3,  Jillaa_Oogblat
P 471.0000, -1808.0000, 251.0000,  0, 0, 0,  3,  Kupiop_Iku
P -1744.0000, -1780.0000, 314.0000,  0, 0, 0,  3,  Bazu_Smasher
P -1847.0000, -1720.0000, 293.0000,  0, 0, 0,  3,  Bazu_Hulk
