L 83.9378, -326.9072, 57.8120,  86.7281, -331.9969, 58.3958,  0, 0, 0
L 86.7281, -331.9969, 58.3958,  87.6205, -333.4722, 59.1409,  0, 0, 0
L 87.6205, -333.4722, 59.1409,  88.5466, -334.9413, 59.3430,  0, 0, 0
L 88.5466, -334.9413, 59.3430,  91.9211, -340.1063, 59.3452,  0, 0, 0
L 91.9211, -340.1063, 59.3452,  97.4001, -348.2849, 58.9923,  0, 0, 0
L 97.4001, -348.2849, 58.9923,  98.4648, -349.7786, 58.9841,  0, 0, 0
L 98.4648, -349.7786, 58.9841,  99.5643, -351.2468, 58.9918,  0, 0, 0
L 99.5643, -351.2468, 58.9918,  100.6714, -352.6527, 59.6034,  0, 0, 0
L 100.6714, -352.6527, 59.6034,  102.3503, -354.6895, 60.3489,  0, 0, 0
L 102.3503, -354.6895, 60.3489,  104.1024, -356.7234, 60.9508,  0, 0, 0
L 104.1024, -356.7234, 60.9508,  110.6961, -364.0332, 62.3440,  0, 0, 0
L 110.6961, -364.0332, 62.3440,  122.6569, -377.1682, 64.6360,  0, 0, 0
L 122.6569, -377.1682, 64.6360,  124.5087, -379.1122, 64.8447,  0, 0, 0
L 124.5087, -379.1122, 64.8447,  131.5098, -386.1594, 64.9990,  0, 0, 0
L 131.5098, -386.1594, 64.9990,  138.1512, -392.5503, 64.6427,  0, 0, 0
L 138.1512, -392.5503, 64.6427,  140.6641, -394.8412, 64.4339,  0, 0, 0
L 140.6641, -394.8412, 64.4339,  142.6349, -396.5289, 64.3014,  0, 0, 0
L 142.6349, -396.5289, 64.3014,  144.5877, -398.0977, 64.1726,  0, 0, 0
L 144.5877, -398.0977, 64.1726,  145.9165, -399.0836, 64.0765,  0, 0, 0
L 145.9165, -399.0836, 64.0765,  147.0811, -400.5537, 63.9679,  0, 0, 0
L 147.0811, -400.5537, 63.9679,  147.8418, -402.0944, 65.4462,  0, 0, 0
L 147.8418, -402.0944, 65.4462,  149.2384, -402.4027, 65.3271,  0, 0, 0
L 149.2384, -402.4027, 65.3271,  151.7144, -402.8036, 67.6206,  0, 0, 0
L 151.7144, -402.8036, 67.6206,  154.4726, -403.0887, 70.6979,  0, 0, 0
L 154.4726, -403.0887, 70.6979,  162.9908, -403.5040, 69.8305,  0, 0, 0
L 162.9908, -403.5040, 69.8305,  172.3542, -403.3800, 68.2415,  0, 0, 0
L 172.3542, -403.3800, 68.2415,  181.6058, -403.0323, 67.1609,  0, 0, 0
L 181.6058, -403.0323, 67.1609,  187.6218, -402.6888, 66.3685,  0, 0, 0
L 187.6218, -402.6888, 66.3685,  187.8207, -401.0846, 66.1883,  0, 0, 0
L 187.8207, -401.0846, 66.1883,  187.9608, -397.3327, 65.6223,  0, 0, 0
L 187.9608, -397.3327, 65.6223,  189.2294, -397.0856, 65.3359,  0, 0, 0
L 189.2294, -397.0856, 65.3359,  190.9076, -396.9007, 65.0073,  0, 0, 0
L 190.9076, -396.9007, 65.0073,  195.5472, -396.6313, 64.2577,  0, 0, 0
L 195.5472, -396.6313, 64.2577,  205.9399, -397.1448, 62.8743,  0, 0, 0
L 205.9399, -397.1448, 62.8743,  206.4568, -399.0487, 67.3736,  0, 0, 0
L 206.4568, -399.0487, 67.3736,  207.8208, -399.5973, 70.3734,  0, 0, 0
L 207.8208, -399.5973, 70.3734,  209.2503, -399.8616, 71.8159,  0, 0, 0
L 209.2503, -399.8616, 71.8159,  218.8867, -401.0569, 73.9601,  0, 0, 0
L 218.8867, -401.0569, 73.9601,  222.2435, -401.5351, 73.4157,  0, 0, 0
L 222.2435, -401.5351, 73.4157,  222.9701, -403.2679, 73.1571,  0, 0, 0
L 222.9701, -403.2679, 73.1571,  224.7150, -403.7672, 72.5659,  0, 0, 0
L 224.7150, -403.7672, 72.5659,  226.3343, -403.8420, 72.0838,  0, 0, 0
L 226.3343, -403.8420, 72.0838,  235.9112, -403.8018, 69.4547,  0, 0, 0
L 235.9112, -403.8018, 69.4547,  241.2716, -403.5081, 68.2879,  0, 0, 0
L 241.2716, -403.5081, 68.2879,  250.8194, -402.8329, 66.2560,  0, 0, 0
L 250.8194, -402.8329, 66.2560,  252.4466, -402.5315, 65.8360,  0, 0, 0
L 252.4466, -402.5315, 65.8360,  255.7474, -401.7247, 64.9432,  0, 0, 0
L 255.7474, -401.7247, 64.9432,  257.3719, -401.2274, 64.5039,  0, 0, 0
L 257.3719, -401.2274, 64.5039,  258.9701, -400.6528, 64.0837,  0, 0, 0
L 258.9701, -400.6528, 64.0837,  260.6205, -399.9660, 63.6684,  0, 0, 0
L 260.6205, -399.9660, 63.6684,  262.2267, -399.1832, 63.2761,  0, 0, 0
L 262.2267, -399.1832, 63.2761,  263.7845, -398.3083, 62.9070,  0, 0, 0
L 263.7845, -398.3083, 62.9070,  265.2302, -397.4173, 62.5823,  0, 0, 0
L 265.2302, -397.4173, 62.5823,  266.7541, -396.3986, 62.2522,  0, 0, 0
L 266.7541, -396.3986, 62.2522,  268.1983, -395.3443, 61.9391,  0, 0, 0
L 268.1983, -395.3443, 61.9391,  269.6295, -394.1996, 61.6150,  0, 0, 0
L 269.6295, -394.1996, 61.6150,  271.0421, -392.9630, 61.2677,  0, 0, 0
L 271.0421, -392.9630, 61.2677,  272.3995, -391.6659, 60.8952,  0, 0, 0
L 272.3995, -391.6659, 60.8952,  273.7310, -390.2793, 60.4864,  0, 0, 0
L 273.7310, -390.2793, 60.4864,  274.9890, -388.8846, 60.0656,  0, 0, 0
L 274.9890, -388.8846, 60.0656,  282.5088, -380.5480, 57.5475,  0, 0, 0
L 282.5088, -380.5480, 57.5475,  283.7906, -379.2992, 57.3059,  0, 0, 0
L 283.7906, -379.2992, 57.3059,  290.8791, -372.5323, 56.6358,  0, 0, 0
L 290.8791, -372.5323, 56.6358,  297.5589, -366.3767, 57.5503,  0, 0, 0
L 297.5589, -366.3767, 57.5503,  304.8635, -359.9106, 59.1374,  0, 0, 0
L 304.8635, -359.9106, 59.1374,  319.1830, -347.1925, 62.2641,  0, 0, 0
L 319.1830, -347.1925, 62.2641,  320.4102, -346.0161, 62.4197,  0, 0, 0
L 320.4102, -346.0161, 62.4197,  321.6029, -344.8051, 62.4487,  0, 0, 0
L 321.6029, -344.8051, 62.4487,  323.3121, -342.9737, 62.3510,  0, 0, 0
L 323.3121, -342.9737, 62.3510,  326.0745, -339.8622, 62.2818,  0, 0, 0
L 326.0745, -339.8622, 62.2818,  327.6984, -337.9541, 62.2854,  0, 0, 0
L 327.6984, -337.9541, 62.2854,  328.6887, -336.7413, 62.3128,  0, 0, 0
L 328.6887, -336.7413, 62.3128,  329.7337, -335.4007, 62.3596,  0, 0, 0
L 329.7337, -335.4007, 62.3596,  330.7121, -334.0131, 62.4142,  0, 0, 0
L 330.7121, -334.0131, 62.4142,  331.5958, -332.5646, 62.4659,  0, 0, 0
L 331.5958, -332.5646, 62.4659,  332.4578, -330.9487, 62.5060,  0, 0, 0
L 332.4578, -330.9487, 62.5060,  333.2488, -329.3451, 62.5212,  0, 0, 0
L 333.2488, -329.3451, 62.5212,  334.0313, -327.6865, 62.5064,  0, 0, 0
L 334.0313, -327.6865, 62.5064,  335.3857, -324.7595, 62.1990,  0, 0, 0
L 335.3857, -324.7595, 62.1990,  335.8469, -323.1430, 62.0348,  0, 0, 0
L 335.8469, -323.1430, 62.0348,  336.1996, -321.6494, 61.9417,  0, 0, 0
L 336.1996, -321.6494, 61.9417,  336.5516, -319.8935, 61.8676,  0, 0, 0
L 336.5516, -319.8935, 61.8676,  336.8599, -318.0750, 61.8079,  0, 0, 0
L 336.8599, -318.0750, 61.8079,  337.2580, -315.3462, 61.7703,  0, 0, 0
L 337.2580, -315.3462, 61.7703,  337.4789, -313.5733, 61.7597,  0, 0, 0
L 337.4789, -313.5733, 61.7597,  337.0100, -290.8217, 60.2341,  0, 0, 0
L 337.0100, -290.8217, 60.2341,  336.6507, -288.8868, 60.0583,  0, 0, 0
L 336.6507, -288.8868, 60.0583,  336.3280, -287.3037, 59.9283,  0, 0, 0
L 336.3280, -287.3037, 59.9283,  334.5078, -286.7477, 60.0766,  0, 0, 0
L 334.5078, -286.7477, 60.0766,  332.7699, -287.1540, 60.1906,  0, 0, 0
L 332.7699, -287.1540, 60.1906,  331.2404, -286.5311, 60.1805,  0, 0, 0
L 331.2404, -286.5311, 60.1805,  330.6051, -285.1010, 60.4967,  0, 0, 0
L 330.6051, -285.1010, 60.4967,  330.0500, -283.3669, 60.3881,  0, 0, 0
L 330.0500, -283.3669, 60.3881,  329.5396, -281.5252, 60.1655,  0, 0, 0
L 329.5396, -281.5252, 60.1655,  329.6105, -280.0977, 59.7627,  0, 0, 0
L 329.6105, -280.0977, 59.7627,  329.9886, -278.6788, 59.6882,  0, 0, 0
L 329.9886, -278.6788, 59.6882,  330.4021, -277.1658, 59.6202,  0, 0, 0
L 330.4021, -277.1658, 59.6202,  330.8295, -275.5350, 60.3687,  0, 0, 0
L 330.8295, -275.5350, 60.3687,  331.0834, -273.8311, 61.7961,  0, 0, 0
L 331.0834, -273.8311, 61.7961,  331.4659, -271.1720, 63.8818,  0, 0, 0
L 331.4659, -271.1720, 63.8818,  331.9311, -269.4466, 66.5319,  0, 0, 0
L 331.9311, -269.4466, 66.5319,  332.1888, -268.2048, 67.8163,  0, 0, 0
L 332.1888, -268.2048, 67.8163,  332.6721, -265.9377, 69.1531,  0, 0, 0
L 332.6721, -265.9377, 69.1531,  333.2083, -264.2380, 68.9667,  0, 0, 0
L 333.2083, -264.2380, 68.9667,  333.6884, -262.7197, 68.7813,  0, 0, 0
L 333.6884, -262.7197, 68.7813,  334.4653, -261.1900, 68.5530,  0, 0, 0
L 334.4653, -261.1900, 68.5530,  335.4400, -260.0058, 68.3319,  0, 0, 0
L 335.4400, -260.0058, 68.3319,  337.3046, -259.8026, 68.2616,  0, 0, 0
L 337.3046, -259.8026, 68.2616,  338.0667, -258.2610, 68.0151,  0, 0, 0
L 338.0667, -258.2610, 68.0151,  338.3019, -256.7101, 67.5307,  0, 0, 0
L 338.3019, -256.7101, 67.5307,  338.7701, -253.5436, 66.4716,  0, 0, 0
L 338.7701, -253.5436, 66.4716,  338.9938, -251.9154, 65.9332,  0, 0, 0
L 338.9938, -251.9154, 65.9332,  339.4496, -247.6968, 65.2368,  0, 0, 0
L 339.4496, -247.6968, 65.2368,  339.5717, -246.0913, 65.6050,  0, 0, 0
L 339.5717, -246.0913, 65.6050,  339.1774, -229.8809, 65.6787,  0, 0, 0
L 339.1774, -229.8809, 65.6787,  338.9125, -228.0663, 65.4657,  0, 0, 0
L 338.9125, -228.0663, 65.4657,  338.4424, -225.5610, 65.1211,  0, 0, 0
L 338.4424, -225.5610, 65.1211,  338.0380, -223.8647, 64.8603,  0, 0, 0
L 338.0380, -223.8647, 64.8603,  337.5444, -222.1461, 64.5837,  0, 0, 0
L 337.5444, -222.1461, 64.5837,  337.1793, -220.2537, 71.0290,  0, 0, 0
L 337.1793, -220.2537, 71.0290,  336.2655, -218.8472, 72.0082,  0, 0, 0
L 336.2655, -218.8472, 72.0082,  334.8454, -216.7528, 71.9504,  0, 0, 0
L 334.8454, -216.7528, 71.9504,  333.7998, -215.2587, 71.8484,  0, 0, 0
L 333.7998, -215.2587, 71.8484,  332.6524, -213.6874, 71.7095,  0, 0, 0
L 332.6524, -213.6874, 71.7095,  332.0584, -212.9094, 71.6279,  0, 0, 0
L 332.0584, -212.9094, 71.6279,  330.2391, -210.6499, 71.3312,  0, 0, 0
L 330.2391, -210.6499, 71.3312,  328.9866, -209.1915, 71.0786,  0, 0, 0
L 328.9866, -209.1915, 71.0786,  326.9170, -206.9013, 70.6082,  0, 0, 0
L 326.9170, -206.9013, 70.6082,  320.6464, -200.2656, 69.1612,  0, 0, 0
L 320.6464, -200.2656, 69.1612,  313.9045, -193.2752, 68.0955,  0, 0, 0
L 313.9045, -193.2752, 68.0955,  307.0910, -186.2915, 67.0181,  0, 0, 0
L 307.0910, -186.2915, 67.0181,  279.8567, -158.4018, 66.2816,  0, 0, 0
L 279.8567, -158.4018, 66.2816,  278.5957, -157.1961, 66.2490,  0, 0, 0
L 278.5957, -157.1961, 66.2490,  277.2845, -156.0465, 66.0941,  0, 0, 0
L 277.2845, -156.0465, 66.0941,  275.1996, -154.3571, 65.7962,  0, 0, 0
L 275.1996, -154.3571, 65.7962,  267.4831, -148.3151, 64.8676,  0, 0, 0
L 267.4831, -148.3151, 64.8676,  266.1096, -147.1013, 64.5625,  0, 0, 0
L 266.1096, -147.1013, 64.5625,  264.2742, -145.2385, 64.1393,  0, 0, 0
L 264.2742, -145.2385, 64.1393,  264.0206, -143.5842, 63.9287,  0, 0, 0
L 264.0206, -143.5842, 63.9287,  262.5277, -142.3784, 66.3326,  0, 0, 0
L 262.5277, -142.3784, 66.3326,  260.8536, -141.9400, 66.1485,  0, 0, 0
L 260.8536, -141.9400, 66.1485,  258.9999, -141.6765, 67.0280,  0, 0, 0
L 258.9999, -141.6765, 67.0280,  254.5650, -141.3017, 66.0613,  0, 0, 0
L 254.5650, -141.3017, 66.0613,  252.8533, -141.3436, 65.8404,  0, 0, 0
L 252.8533, -141.3436, 65.8404,  233.1419, -141.6391, 62.8560,  0, 0, 0
L 233.1419, -141.6391, 62.8560,  220.9295, -141.9175, 62.0911,  0, 0, 0
L 220.9295, -141.9175, 62.0911,  216.2946, -142.2612, 61.9185,  0, 0, 0
L 216.2946, -142.2612, 61.9185,  214.0755, -142.5331, 61.5015,  0, 0, 0
L 214.0755, -142.5331, 61.5015,  214.1379, -144.1246, 61.3344,  0, 0, 0
L 214.1379, -144.1246, 61.3344,  214.0005, -148.7221, 61.7572,  0, 0, 0
L 214.0005, -148.7221, 61.7572,  212.8253, -149.7343, 62.9040,  0, 0, 0
L 212.8253, -149.7343, 62.9040,  212.5150, -151.6913, 63.0936,  0, 0, 0
L 212.5150, -151.6913, 63.0936,  210.8439, -151.5931, 62.8736,  0, 0, 0
L 210.8439, -151.5931, 62.8736,  209.1768, -151.3378, 62.6127,  0, 0, 0
L 209.1768, -151.3378, 62.6127,  199.9054, -149.4560, 61.1064,  0, 0, 0
L 199.9054, -149.4560, 61.1064,  196.3628, -148.5992, 62.2282,  0, 0, 0
L 196.3628, -148.5992, 62.2282,  194.9827, -147.1969, 62.2029,  0, 0, 0
L 194.9827, -147.1969, 62.2029,  195.1269, -145.2966, 62.4785,  0, 0, 0
L 195.1269, -145.2966, 62.4785,  193.6985, -144.7449, 62.2963,  0, 0, 0
L 193.6985, -144.7449, 62.2963,  190.6316, -143.7436, 61.7903,  0, 0, 0
L 190.6316, -143.7436, 61.7903,  188.7655, -143.2442, 61.4526,  0, 0, 0
L 188.7655, -143.2442, 61.4526,  182.7459, -141.9763, 61.2598,  0, 0, 0
L 182.7459, -141.9763, 61.2598,  177.8319, -141.1938, 63.6800,  0, 0, 0
L 177.8319, -141.1938, 63.6800,  176.3876, -141.0942, 63.9266,  0, 0, 0
L 176.3876, -141.0942, 63.9266,  166.8561, -140.6928, 65.1170,  0, 0, 0
L 166.8561, -140.6928, 65.1170,  156.8945, -141.3867, 63.8958,  0, 0, 0
L 156.8945, -141.3867, 63.8958,  155.1988, -141.8604, 63.6997,  0, 0, 0
L 155.1988, -141.8604, 63.6997,  153.2514, -141.6949, 63.7103,  0, 0, 0
L 153.2514, -141.6949, 63.7103,  151.7379, -141.5983, 63.8370,  0, 0, 0
L 151.7379, -141.5983, 63.8370,  150.0670, -142.1786, 64.0982,  0, 0, 0
L 150.0670, -142.1786, 64.0982,  144.6063, -144.3211, 71.7012,  0, 0, 0
L 144.6063, -144.3211, 71.7012,  143.4229, -145.4606, 71.5609,  0, 0, 0
L 143.4229, -145.4606, 71.5609,  142.3551, -146.5578, 71.5303,  0, 0, 0
L 142.3551, -146.5578, 71.5303,  140.6794, -148.3715, 71.3273,  0, 0, 0
L 140.6794, -148.3715, 71.3273,  140.3941, -150.2553, 71.1868,  0, 0, 0
L 140.3941, -150.2553, 71.1868,  140.1667, -152.0674, 71.1098,  0, 0, 0
L 140.1667, -152.0674, 71.1098,  138.8649, -153.4766, 70.6054,  0, 0, 0
L 138.8649, -153.4766, 70.6054,  125.3491, -168.1482, 66.0052,  0, 0, 0
L 125.3491, -168.1482, 66.0052,  119.1817, -175.0230, 63.9514,  0, 0, 0
L 119.1817, -175.0230, 63.9514,  112.8228, -182.3006, 62.1965,  0, 0, 0
L 112.8228, -182.3006, 62.1965,  106.4208, -189.7209, 59.9045,  0, 0, 0
L 106.4208, -189.7209, 59.9045,  95.6059, -202.2579, 57.0881,  0, 0, 0
L 95.6059, -202.2579, 57.0881,  94.6814, -203.7653, 56.8053,  0, 0, 0
L 94.6814, -203.7653, 56.8053,  93.9148, -205.3497, 56.5015,  0, 0, 0
L 93.9148, -205.3497, 56.5015,  93.2000, -206.9789, 56.1682,  0, 0, 0
L 93.2000, -206.9789, 56.1682,  92.5238, -208.5822, 55.8183,  0, 0, 0
L 92.5238, -208.5822, 55.8183,  91.5589, -210.1731, 55.4109,  0, 0, 0
L 91.5589, -210.1731, 55.4109,  90.3802, -211.7659, 54.8960,  0, 0, 0
L 90.3802, -211.7659, 54.8960,  89.1719, -213.1201, 54.8553,  0, 0, 0
L 89.1719, -213.1201, 54.8553,  85.9129, -216.7940, 55.4809,  0, 0, 0
L 85.9129, -216.7940, 55.4809,  84.9695, -218.2215, 55.4185,  0, 0, 0
L 84.9695, -218.2215, 55.4185,  83.9569, -219.7200, 55.2581,  0, 0, 0
L 83.9569, -219.7200, 55.2581,  82.8222, -221.0455, 55.0543,  0, 0, 0
L 82.8222, -221.0455, 55.0543,  81.5713, -222.3217, 54.8160,  0, 0, 0
L 81.5713, -222.3217, 54.8160,  80.3613, -223.4486, 54.9493,  0, 0, 0
L 80.3613, -223.4486, 54.9493,  78.9972, -224.6471, 55.7473,  0, 0, 0
L 78.9972, -224.6471, 55.7473,  77.4088, -225.7987, 56.7457,  0, 0, 0
L 77.4088, -225.7987, 56.7457,  76.1328, -226.9280, 57.5368,  0, 0, 0
L 76.1328, -226.9280, 57.5368,  74.8261, -228.0939, 58.1519,  0, 0, 0
L 74.8261, -228.0939, 58.1519,  74.2714, -230.0143, 58.8150,  0, 0, 0
L 74.2714, -230.0143, 58.8150,  72.8461, -229.6048, 58.3987,  0, 0, 0
L 72.8461, -229.6048, 58.3987,  65.1120, -227.1545, 57.5848,  0, 0, 0
L 65.1120, -227.1545, 57.5848,  65.5065, -225.6550, 57.5000,  0, 0, 0
L 65.5065, -225.6550, 57.5000,  65.0633, -224.1334, 57.0849,  0, 0, 0
L 65.0633, -224.1334, 57.0849,  63.6942, -223.7047, 56.8687,  0, 0, 0
L 63.6942, -223.7047, 56.8687,  54.1120, -220.8908, 55.9171,  0, 0, 0
L 54.1120, -220.8908, 55.9171,  52.9029, -222.1126, 55.8059,  0, 0, 0
L 52.9029, -222.1126, 55.8059,  52.5468, -223.6622, 55.6953,  0, 0, 0
L 52.5468, -223.6622, 55.6953,  51.4103, -224.8955, 55.4952,  0, 0, 0
L 51.4103, -224.8955, 55.4952,  49.8792, -225.1640, 55.2866,  0, 0, 0
L 49.8792, -225.1640, 55.2866,  46.1403, -224.6284, 54.8921,  0, 0, 0
L 46.1403, -224.6284, 54.8921,  45.0239, -223.2725, 54.6479,  0, 0, 0
L 45.0239, -223.2725, 54.6479,  44.1458, -221.9736, 54.5125,  0, 0, 0
L 44.1458, -221.9736, 54.5125,  41.6738, -218.1879, 54.1991,  0, 0, 0
L 41.6738, -218.1879, 54.1991,  40.7242, -216.5977, 54.1782,  0, 0, 0
L 40.7242, -216.5977, 54.1782,  39.8168, -214.8188, 53.8789,  0, 0, 0
L 39.8168, -214.8188, 53.8789,  38.7148, -213.4500, 53.5700,  0, 0, 0
L 38.7148, -213.4500, 53.5700,  36.9907, -211.2877, 53.0431,  0, 0, 0
L 36.9907, -211.2877, 53.0431,  36.3151, -209.5487, 52.6816,  0, 0, 0
L 36.3151, -209.5487, 52.6816,  35.7018, -207.8728, 52.3268,  0, 0, 0
L 35.7018, -207.8728, 52.3268,  35.2376, -206.1176, 52.1824,  0, 0, 0
L 35.2376, -206.1176, 52.1824,  35.6730, -203.1828, 51.2325,  0, 0, 0
L 35.6730, -203.1828, 51.2325,  35.9291, -201.4562, 50.7151,  0, 0, 0
L 35.9291, -201.4562, 50.7151,  36.3170, -198.8412, 50.4422,  0, 0, 0
L 36.3170, -198.8412, 50.4422,  36.5872, -196.9898, 50.3724,  0, 0, 0
L 36.5872, -196.9898, 50.3724,  37.0837, -193.2233, 50.2211,  0, 0, 0
L 37.0837, -193.2233, 50.2211,  37.2969, -191.4015, 50.0069,  0, 0, 0
L 37.2969, -191.4015, 50.0069,  37.7862, -186.6833, 48.7982,  0, 0, 0
L 37.7862, -186.6833, 48.7982,  37.9763, -184.7682, 48.1986,  0, 0, 0
L 37.9763, -184.7682, 48.1986,  38.4598, -179.8687, 46.4043,  0, 0, 0
L 38.4598, -179.8687, 46.4043,  38.6441, -177.9979, 45.6336,  0, 0, 0
L 38.6441, -177.9979, 45.6336,  39.1091, -173.2765, 43.6222,  0, 0, 0
L 39.1091, -173.2765, 43.6222,  39.2978, -171.3612, 42.8200,  0, 0, 0
L 39.2978, -171.3612, 42.8200,  39.7715, -166.5506, 40.9232,  0, 0, 0
L 39.7715, -166.5506, 40.9232,  39.9602, -164.6353, 40.2117,  0, 0, 0
L 39.9602, -164.6353, 40.2117,  40.4339, -159.8248, 38.5352,  0, 0, 0
L 40.4339, -159.8248, 38.5352,  40.6269, -157.8650, 37.8686,  0, 0, 0
L 40.6269, -157.8650, 37.8686,  41.0919, -153.1436, 36.1963,  0, 0, 0
L 41.0919, -153.1436, 36.1963,  41.2718, -151.2725, 35.4811,  0, 0, 0
L 41.2718, -151.2725, 35.4811,  41.7249, -145.5620, 33.0638,  0, 0, 0
L 41.7249, -145.5620, 33.0638,  41.8452, -143.6861, 32.2220,  0, 0, 0
L 41.8452, -143.6861, 32.2220,  41.4302, -116.6845, 21.0059,  0, 0, 0
L 41.4302, -116.6845, 21.0059,  41.2945, -115.0567, 20.2041,  0, 0, 0
L 41.2945, -115.0567, 20.2041,  39.6973, -114.3247, 19.5243,  0, 0, 0
L 39.6973, -114.3247, 19.5243,  37.9940, -114.4039, 19.3493,  0, 0, 0
L 37.9940, -114.4039, 19.3493,  36.5220, -113.6274, 18.8756,  0, 0, 0
L 36.5220, -113.6274, 18.8756,  36.3423, -112.2359, 18.3312,  0, 0, 0
L 36.3423, -112.2359, 18.3312,  35.8212, -110.3239, 16.3760,  0, 0, 0
L 35.8212, -110.3239, 16.3760,  36.0048, -108.8716, 14.9247,  0, 0, 0
L 36.0048, -108.8716, 14.9247,  36.4855, -107.2746, 14.3157,  0, 0, 0
L 36.4855, -107.2746, 14.3157,  37.1240, -105.6220, 13.5446,  0, 0, 0
L 37.1240, -105.6220, 13.5446,  38.2185, -104.1529, 12.9551,  0, 0, 0
L 38.2185, -104.1529, 12.9551,  38.8189, -102.8154, 12.4978,  0, 0, 0
L 38.8189, -102.8154, 12.4978,  39.9725, -100.1859, 12.0403,  0, 0, 0
L 39.9725, -100.1859, 12.0403,  40.5887, -98.7899, 11.6479,  0, 0, 0
L 40.5887, -98.7899, 11.6479,  41.5808, -97.9526, 11.3923,  0, 0, 0
L 41.5808, -97.9526, 11.3923,  43.0567, -97.3199, 11.1813,  0, 0, 0
L 43.0567, -97.3199, 11.1813,  50.7403, -93.6659, 10.2625,  0, 0, 0
L 50.7403, -93.6659, 10.2625,  52.1813, -92.8522, 10.1285,  0, 0, 0
L 52.1813, -92.8522, 10.1285,  54.3447, -91.5049, 9.9522,  0, 0, 0
L 54.3447, -91.5049, 9.9522,  55.7460, -90.5437, 9.8402,  0, 0, 0
L 55.7460, -90.5437, 9.8402,  58.5789, -88.4319, 9.5696,  0, 0, 0
L 58.5789, -88.4319, 9.5696,  59.9114, -87.3764, 9.4041,  0, 0, 0
L 59.9114, -87.3764, 9.4041,  62.6416, -85.0626, 8.9662,  0, 0, 0
L 62.6416, -85.0626, 8.9662,  67.0573, -81.0734, 8.1153,  0, 0, 0
L 67.0573, -81.0734, 8.1153,  70.1659, -78.1090, 7.6874,  0, 0, 0
L 70.1659, -78.1090, 7.6874,  76.9894, -71.3117, 7.5127,  0, 0, 0
L 76.9894, -71.3117, 7.5127,  86.8815, -61.4350, 7.2232,  0, 0, 0
L 86.8815, -61.4350, 7.2232,  87.4512, -60.0595, 7.2853,  0, 0, 0
L 87.4512, -60.0595, 7.2853,  89.4306, -55.2805, 7.0488,  0, 0, 0
L 89.4306, -55.2805, 7.0488,  91.2681, -55.9621, 6.9212,  0, 0, 0
L 91.2681, -55.9621, 6.9212,  92.6623, -55.1966, 7.2705,  0, 0, 0
L 92.6623, -55.1966, 7.2705,  93.1610, -53.9285, 7.2349,  0, 0, 0
L 93.1610, -53.9285, 7.2349,  93.7451, -52.3808, 7.1729,  0, 0, 0
L 93.7451, -52.3808, 7.1729,  94.3011, -50.8287, 7.1006,  0, 0, 0
L 94.3011, -50.8287, 7.1006,  94.8312, -49.2811, 7.0274,  0, 0, 0
L 94.8312, -49.2811, 7.0274,  94.2205, -47.4489, 11.3723,  0, 0, 0
L 94.2205, -47.4489, 11.3723,  93.0591, -46.4348, 14.1230,  0, 0, 0
L 93.0591, -46.4348, 14.1230,  91.7738, -44.9171, 14.7206,  0, 0, 0
L 91.7738, -44.9171, 14.7206,  92.5262, -43.7820, 14.7279,  0, 0, 0
L 92.5262, -43.7820, 14.7279,  94.2115, -41.2543, 14.4606,  0, 0, 0
L 94.2115, -41.2543, 14.4606,  94.4229, -39.6396, 14.2898,  0, 0, 0
L 94.4229, -39.6396, 14.2898,  94.5650, -38.2650, 14.1662,  0, 0, 0
L 94.5650, -38.2650, 14.1662,  95.3384, -36.8089, 14.1114,  0, 0, 0
L 95.3384, -36.8089, 14.1114,  95.9597, -35.3484, 14.0757,  0, 0, 0
L 95.9597, -35.3484, 14.0757,  96.4205, -33.7768, 14.0624,  0, 0, 0
L 96.4205, -33.7768, 14.0624,  96.7441, -32.0748, 14.0669,  0, 0, 0
L 96.7441, -32.0748, 14.0669,  97.1717, -30.3283, 14.0804,  0, 0, 0
L 97.1717, -30.3283, 14.0804,  97.7204, -28.6810, 14.0903,  0, 0, 0
L 97.7204, -28.6810, 14.0903,  98.3932, -27.0458, 14.0771,  0, 0, 0
L 98.3932, -27.0458, 14.0771,  99.0756, -25.5011, 14.0216,  0, 0, 0
L 99.0756, -25.5011, 14.0216,  100.2066, -23.0152, 13.8603,  0, 0, 0
L 100.2066, -23.0152, 13.8603,  103.4620, -15.9475, 13.1201,  0, 0, 0
L 103.4620, -15.9475, 13.1201,  104.8727, -14.5478, 12.7839,  0, 0, 0
L 104.8727, -14.5478, 12.7839,  104.7516, -12.6705, 12.7542,  0, 0, 0
L 104.7516, -12.6705, 12.7542,  104.2932, -9.5317, 12.6567,  0, 0, 0
L 104.2932, -9.5317, 12.6567,  104.0385, -7.9163, 12.5718,  0, 0, 0
L 104.0385, -7.9163, 12.5718,  104.4601, -1.1534, 11.9770,  0, 0, 0
L 104.4601, -1.1534, 11.9770,  104.7317, 0.5671, 11.7974,  0, 0, 0
L 104.7317, 0.5671, 11.7974,  104.2845, 14.1347, 11.1945,  0, 0, 0
L 104.2845, 14.1347, 11.1945,  103.9779, 15.7155, 11.2219,  0, 0, 0
L 103.9779, 15.7155, 11.2219,  103.6369, 17.3811, 11.2380,  0, 0, 0
L 103.6369, 17.3811, 11.2380,  103.2946, 19.0008, 11.2320,  0, 0, 0
L 103.2946, 19.0008, 11.2320,  102.9494, 20.5740, 11.1993,  0, 0, 0
L 102.9494, 20.5740, 11.1993,  102.5862, 22.1892, 11.1375,  0, 0, 0
L 102.5862, 22.1892, 11.1375,  102.2083, 23.7549, 11.0526,  0, 0, 0
L 102.2083, 23.7549, 11.0526,  101.7751, 25.3988, 10.9444,  0, 0, 0
L 101.7751, 25.3988, 10.9444,  101.3036, 27.0320, 10.8275,  0, 0, 0
L 101.3036, 27.0320, 10.8275,  100.7966, 28.6547, 10.7134,  0, 0, 0
L 100.7966, 28.6547, 10.7134,  100.0277, 30.1440, 10.6160,  0, 0, 0
L 100.0277, 30.1440, 10.6160,  99.1421, 31.5007, 10.5450,  0, 0, 0
L 99.1421, 31.5007, 10.5450,  97.5750, 32.6928, 10.6095,  0, 0, 0
L 97.5750, 32.6928, 10.6095,  95.9764, 32.8692, 10.6360,  0, 0, 0
L 95.9764, 32.8692, 10.6360,  94.4712, 33.4518, 10.7760,  0, 0, 0
L 94.4712, 33.4518, 10.7760,  94.0026, 34.6690, 10.8124,  0, 0, 0
L 94.0026, 34.6690, 10.8124,  93.6191, 36.1106, 10.8312,  0, 0, 0
L 93.6191, 36.1106, 10.8312,  93.1755, 41.1946, 10.7296,  0, 0, 0
L 93.1755, 41.1946, 10.7296,  92.7393, 42.7895, 10.6422,  0, 0, 0
L 92.7393, 42.7895, 10.6422,  92.1734, 44.3399, 10.5368,  0, 0, 0
L 92.1734, 44.3399, 10.5368,  91.4449, 45.8682, 10.4199,  0, 0, 0
L 91.4449, 45.8682, 10.4199,  90.6155, 47.3465, 10.3059,  0, 0, 0
L 90.6155, 47.3465, 10.3059,  89.7280, 48.7936, 10.2060,  0, 0, 0
L 89.7280, 48.7936, 10.2060,  88.8076, 50.2217, 10.1290,  0, 0, 0
L 88.8076, 50.2217, 10.1290,  88.0055, 51.6223, 10.0825,  0, 0, 0
L 88.0055, 51.6223, 10.0825,  86.3080, 54.6353, 10.0424,  0, 0, 0
L 86.3080, 54.6353, 10.0424,  85.5175, 56.1091, 10.0587,  0, 0, 0
L 85.5175, 56.1091, 10.0587,  84.6827, 57.6129, 10.0892,  0, 0, 0
L 84.6827, 57.6129, 10.0892,  83.8065, 59.0942, 10.1227,  0, 0, 0
L 83.8065, 59.0942, 10.1227,  82.7298, 60.4657, 10.1483,  0, 0, 0
L 82.7298, 60.4657, 10.1483,  80.0958, 63.7652, 10.1128,  0, 0, 0
L 80.0958, 63.7652, 10.1128,  79.2054, 65.2782, 10.0491,  0, 0, 0
L 79.2054, 65.2782, 10.0491,  78.3162, 66.7299, 9.9616,  0, 0, 0
L 78.3162, 66.7299, 9.9616,  77.4477, 68.2026, 9.8562,  0, 0, 0
L 77.4477, 68.2026, 9.8562,  76.6332, 69.7295, 9.7424,  0, 0, 0
L 76.6332, 69.7295, 9.7424,  75.7896, 71.1640, 9.6343,  0, 0, 0
L 75.7896, 71.1640, 9.6343,  74.6991, 72.4781, 9.5342,  0, 0, 0
L 74.6991, 72.4781, 9.5342,  71.9073, 75.5764, 9.3801,  0, 0, 0
L 71.9073, 75.5764, 9.3801,  70.6004, 76.7981, 9.3417,  0, 0, 0
L 70.6004, 76.7981, 9.3417,  68.8351, 78.6508, 9.3298,  0, 0, 0
L 68.8351, 78.6508, 9.3298,  67.1240, 80.4370, 9.3461,  0, 0, 0
L 67.1240, 80.4370, 9.3461,  65.8825, 81.5323, 9.3557,  0, 0, 0
L 65.8825, 81.5323, 9.3557,  62.6687, 84.1746, 9.3014,  0, 0, 0
L 62.6687, 84.1746, 9.3014,  60.1189, 86.1427, 9.1417,  0, 0, 0
L 60.1189, 86.1427, 9.1417,  58.7014, 87.1599, 9.0174,  0, 0, 0
L 58.7014, 87.1599, 9.0174,  57.3364, 88.0960, 8.8860,  0, 0, 0
L 57.3364, 88.0960, 8.8860,  55.9047, 88.8484, 8.7555,  0, 0, 0
L 55.9047, 88.8484, 8.7555,  54.2493, 89.5039, 8.6231,  0, 0, 0
L 54.2493, 89.5039, 8.6231,  52.6520, 90.0026, 8.5184,  0, 0, 0
L 52.6520, 90.0026, 8.5184,  50.1769, 90.7934, 8.4046,  0, 0, 0
L 50.1769, 90.7934, 8.4046,  48.3839, 91.6668, 8.3992,  0, 0, 0
L 48.3839, 91.6668, 8.3992,  46.8066, 92.3720, 8.6382,  0, 0, 0
L 46.8066, 92.3720, 8.6382,  45.1670, 92.5919, 8.4547,  0, 0, 0
L 45.1670, 92.5919, 8.4547,  43.7129, 93.2536, 8.2847,  0, 0, 0
L 43.7129, 93.2536, 8.2847,  41.4487, 94.2999, 7.9918,  0, 0, 0
L 41.4487, 94.2999, 7.9918,  39.5195, 94.5980, 8.6503,  0, 0, 0
L 39.5195, 94.5980, 8.6503,  37.9279, 93.7445, 8.3457,  0, 0, 0
L 37.9279, 93.7445, 8.3457,  36.4199, 94.4678, 8.2440,  0, 0, 0
L 36.4199, 94.4678, 8.2440,  35.0759, 95.6881, 8.2238,  0, 0, 0
L 35.0759, 95.6881, 8.2238,  34.1806, 97.0125, 8.2327,  0, 0, 0
L 34.1806, 97.0125, 8.2327,  32.9719, 98.4891, 8.1320,  0, 0, 0
L 32.9719, 98.4891, 8.1320,  31.4162, 99.2338, 7.8443,  0, 0, 0
L 31.4162, 99.2338, 7.8443,  29.9721, 100.3844, 7.6394,  0, 0, 0
L 29.9721, 100.3844, 7.6394,  28.4313, 101.2813, 7.3902,  0, 0, 0
L 28.4313, 101.2813, 7.3902,  26.7494, 101.9185, 7.1700,  0, 0, 0
L 26.7494, 101.9185, 7.1700,  25.0511, 102.4394, 7.0398,  0, 0, 0
L 25.0511, 102.4394, 7.0398,  21.0565, 103.4580, 7.0527,  0, 0, 0
L 21.0565, 103.4580, 7.0527,  19.2431, 103.8325, 7.1096,  0, 0, 0
L 19.2431, 103.8325, 7.1096,  17.5369, 104.2729, 7.1098,  0, 0, 0
L 17.5369, 104.2729, 7.1098,  15.7158, 104.6138, 7.0158,  0, 0, 0
L 15.7158, 104.6138, 7.0158,  13.8752, 104.8093, 6.8701,  0, 0, 0
L 13.8752, 104.8093, 6.8701,  12.0296, 104.8715, 6.7584,  0, 0, 0
L 12.0296, 104.8715, 6.7584,  2.1204, 104.8680, 7.0421,  0, 0, 0
L 2.1204, 104.8680, 7.0421,  -17.6910, 104.8083, 6.7557,  0, 0, 0
L -17.6910, 104.8083, 6.7557,  -19.3424, 104.7001, 6.8022,  0, 0, 0
L -19.3424, 104.7001, 6.8022,  -29.1214, 103.6086, 7.1084,  0, 0, 0
L -29.1214, 103.6086, 7.1084,  -30.7911, 103.2922, 7.0869,  0, 0, 0
L -30.7911, 103.2922, 7.0869,  -33.7126, 102.6241, 9.6025,  0, 0, 0
L -33.7126, 102.6241, 9.6025,  -33.9967, 100.7702, 14.4956,  0, 0, 0
L -33.9967, 100.7702, 14.4956,  -34.3874, 97.0996, 19.1633,  0, 0, 0
L -34.3874, 97.0996, 19.1633,  -35.9250, 96.4662, 19.0947,  0, 0, 0
L -35.9250, 96.4662, 19.0947,  -37.0881, 95.4708, 19.1454,  0, 0, 0
L -37.0881, 95.4708, 19.1454,  -38.6120, 94.3232, 19.2759,  0, 0, 0
L -38.6120, 94.3232, 19.2759,  -40.0865, 93.5604, 19.0456,  0, 0, 0
L -40.0865, 93.5604, 19.0456,  -41.8103, 93.2327, 19.0580,  0, 0, 0
L -41.8103, 93.2327, 19.0580,  -43.7255, 93.4523, 18.9715,  0, 0, 0
L -43.7255, 93.4523, 18.9715,  -45.3711, 92.7700, 18.7041,  0, 0, 0
L -45.3711, 92.7700, 18.7041,  -46.8949, 92.3903, 18.7548,  0, 0, 0
L -46.8949, 92.3903, 18.7548,  -48.5903, 91.7450, 18.7908,  0, 0, 0
L -48.5903, 91.7450, 18.7908,  -50.4175, 91.3448, 18.7413,  0, 0, 0
L -50.4175, 91.3448, 18.7413,  -52.0611, 90.6631, 18.5887,  0, 0, 0
L -52.0611, 90.6631, 18.5887,  -54.2794, 89.8105, 18.2925,  0, 0, 0
L -54.2794, 89.8105, 18.2925,  -56.8315, 88.7221, 18.0225,  0, 0, 0
L -56.8315, 88.7221, 18.0225,  -58.3083, 87.6934, 17.9535,  0, 0, 0
L -58.3083, 87.6934, 17.9535,  -59.7565, 86.5408, 17.9732,  0, 0, 0
L -59.7565, 86.5408, 17.9732,  -62.5398, 84.1733, 18.0255,  0, 0, 0
L -62.5398, 84.1733, 18.0255,  -69.7217, 77.8310, 17.4135,  0, 0, 0
L -69.7217, 77.8310, 17.4135,  -76.9034, 71.2359, 17.1468,  0, 0, 0
L -76.9034, 71.2359, 17.1468,  -82.2998, 66.0081, 17.0113,  0, 0, 0
L -82.2998, 66.0081, 17.0113,  -89.1933, 59.1175, 16.1872,  0, 0, 0
L -89.1933, 59.1175, 16.1872,  -94.3057, 53.7930, 15.6316,  0, 0, 0
L -94.3057, 53.7930, 15.6316,  -95.3682, 52.5827, 15.5434,  0, 0, 0
L -95.3682, 52.5827, 15.5434,  -96.8076, 50.8749, 14.7486,  0, 0, 0
L -96.8076, 50.8749, 14.7486,  -95.0390, 50.1454, 14.6983,  0, 0, 0
L -95.0390, 50.1454, 14.6983,  -94.9220, 48.4820, 14.6348,  0, 0, 0
L -94.9220, 48.4820, 14.6348,  -95.3940, 46.5638, 17.5685,  0, 0, 0
L -95.3940, 46.5638, 17.5685,  -93.7036, 45.6895, 19.7834,  0, 0, 0
L -93.7036, 45.6895, 19.7834,  -92.1790, 45.1961, 19.6662,  0, 0, 0
L -92.1790, 45.1961, 19.6662,  -91.2166, 44.0289, 19.4285,  0, 0, 0
L -91.2166, 44.0289, 19.4285,  -91.3680, 42.6114, 19.1818,  0, 0, 0
L -91.3680, 42.6114, 19.1818,  -91.8660, 40.6701, 18.8827,  0, 0, 0
L -91.8660, 40.6701, 18.8827,  -92.2717, 39.1363, 18.8307,  0, 0, 0
L -92.2717, 39.1363, 18.8307,  -92.7450, 37.3176, 18.2385,  0, 0, 0
L -92.7450, 37.3176, 18.2385,  -93.3943, 35.9768, 18.0583,  0, 0, 0
L -93.3943, 35.9768, 18.0583,  -94.8520, 33.0521, 17.5766,  0, 0, 0
L -94.8520, 33.0521, 17.5766,  -95.8622, 31.6624, 17.2900,  0, 0, 0
L -95.8622, 31.6624, 17.2900,  -96.9061, 30.3364, 16.9969,  0, 0, 0
L -96.9061, 30.3364, 16.9969,  -97.7549, 28.9110, 16.7049,  0, 0, 0
L -97.7549, 28.9110, 16.7049,  -98.5295, 27.3983, 16.3999,  0, 0, 0
L -98.5295, 27.3983, 16.3999,  -99.2037, 25.9368, 16.1196,  0, 0, 0
L -99.2037, 25.9368, 16.1196,  -99.8486, 24.4132, 15.8518,  0, 0, 0
L -99.8486, 24.4132, 15.8518,  -100.4419, 22.8687, 15.6044,  0, 0, 0
L -100.4419, 22.8687, 15.6044,  -101.0638, 21.3777, 15.3850,  0, 0, 0
L -101.0638, 21.3777, 15.3850,  -101.7582, 19.8593, 15.1838,  0, 0, 0
L -101.7582, 19.8593, 15.1838,  -102.7719, 17.5908, 14.9327,  0, 0, 0
L -102.7719, 17.5908, 14.9327,  -103.2705, 16.0589, 14.7807,  0, 0, 0
L -103.2705, 16.0589, 14.7807,  -103.6883, 14.4588, 14.6170,  0, 0, 0
L -103.6883, 14.4588, 14.6170,  -104.0755, 12.7128, 14.4228,  0, 0, 0
L -104.0755, 12.7128, 14.4228,  -104.3794, 11.1774, 14.2400,  0, 0, 0
L -104.3794, 11.1774, 14.2400,  -103.9425, -24.5481, 11.7237,  0, 0, 0
L -103.9425, -24.5481, 11.7237,  -103.6940, -26.2296, 11.6095,  0, 0, 0
L -103.6940, -26.2296, 11.6095,  -103.2398, -28.7840, 11.4722,  0, 0, 0
L -103.2398, -28.7840, 11.4722,  -102.9083, -30.4514, 11.4157,  0, 0, 0
L -102.9083, -30.4514, 11.4157,  -102.3417, -31.9320, 11.3997,  0, 0, 0
L -102.3417, -31.9320, 11.3997,  -101.1160, -33.3028, 11.4467,  0, 0, 0
L -101.1160, -33.3028, 11.4467,  -99.1930, -33.3159, 14.4478,  0, 0, 0
L -99.1930, -33.3159, 14.4478,  -97.4851, -33.0240, 15.6910,  0, 0, 0
L -97.4851, -33.0240, 15.6910,  -93.3217, -32.4942, 15.4245,  0, 0, 0
L -93.3217, -32.4942, 15.4245,  -92.9930, -34.3529, 15.3482,  0, 0, 0
L -92.9930, -34.3529, 15.3482,  -92.5373, -37.4949, 15.2690,  0, 0, 0
L -92.5373, -37.4949, 15.2690,  -92.3388, -39.0296, 15.2580,  0, 0, 0
L -92.3388, -39.0296, 15.2580,  -92.8180, -48.6565, 15.1843,  0, 0, 0
L -92.8180, -48.6565, 15.1843,  -94.5528, -49.6328, 15.0822,  0, 0, 0
L -94.5528, -49.6328, 15.0822,  -96.1095, -50.0115, 14.9771,  0, 0, 0
L -96.1095, -50.0115, 14.9771,  -98.0016, -50.3108, 14.8379,  0, 0, 0
L -98.0016, -50.3108, 14.8379,  -96.7025, -51.6041, 16.6997,  0, 0, 0
L -96.7025, -51.6041, 16.6997,  -76.0025, -72.3062, 15.0720,  0, 0, 0
L -76.0025, -72.3062, 15.0720,  -47.9373, -100.3734, 12.8415,  0, 0, 0
L -47.9373, -100.3734, 12.8415,  -46.5002, -99.5594, 12.4214,  0, 0, 0
L -46.5002, -99.5594, 12.4214,  -45.3088, -98.0708, 12.5230,  0, 0, 0
L -45.3088, -98.0708, 12.5230,  -42.9147, -95.0752, 11.7770,  0, 0, 0
L -42.9147, -95.0752, 11.7770,  -41.8602, -96.1851, 11.6771,  0, 0, 0
L -41.8602, -96.1851, 11.6771,  -40.9222, -97.4818, 11.6583,  0, 0, 0
L -40.9222, -97.4818, 11.6583,  -40.1357, -98.9307, 11.6845,  0, 0, 0
L -40.1357, -98.9307, 11.6845,  -39.4303, -100.4645, 12.0186,  0, 0, 0
L -39.4303, -100.4645, 12.0186,  -38.8971, -102.2523, 11.9711,  0, 0, 0
L -38.8971, -102.2523, 11.9711,  -38.2748, -103.7564, 11.8883,  0, 0, 0
L -38.2748, -103.7564, 11.8883,  -37.2681, -106.2420, 11.6557,  0, 0, 0
L -37.2681, -106.2420, 11.6557,  -36.6188, -107.8123, 11.5651,  0, 0, 0
L -36.6188, -107.8123, 11.5651,  -36.1022, -109.0498, 11.5730,  0, 0, 0
L -36.1022, -109.0498, 11.5730,  -36.5044, -111.4168, 11.6834,  0, 0, 0
L -36.5044, -111.4168, 11.6834,  -36.9286, -113.3315, 11.8088,  0, 0, 0
L -36.9286, -113.3315, 11.8088,  -37.5798, -114.9524, 11.4874,  0, 0, 0
L -37.5798, -114.9524, 11.4874,  -38.1516, -116.2864, 11.4529,  0, 0, 0
L -38.1516, -116.2864, 11.4529,  -39.3923, -119.2352, 11.4529,  0, 0, 0
L -39.3923, -119.2352, 11.4529,  -39.9812, -120.7214, 11.4866,  0, 0, 0
L -39.9812, -120.7214, 11.4866,  -40.5439, -122.2255, 11.5422,  0, 0, 0
L -40.5439, -122.2255, 11.5422,  -41.0855, -123.7403, 11.6105,  0, 0, 0
L -41.0855, -123.7403, 11.6105,  -41.6219, -125.3056, 11.6838,  0, 0, 0
L -41.6219, -125.3056, 11.6838,  -42.1300, -126.8337, 11.7469,  0, 0, 0
L -42.1300, -126.8337, 11.7469,  -42.6257, -128.4131, 12.3430,  0, 0, 0
L -42.6257, -128.4131, 12.3430,  -42.2003, -210.1094, 50.9423,  0, 0, 0
L -42.2003, -210.1094, 50.9423,  -41.6210, -211.5536, 50.9990,  0, 0, 0
L -41.6210, -211.5536, 50.9990,  -41.0325, -212.9525, 51.0673,  0, 0, 0
L -41.0325, -212.9525, 51.0673,  -29.4255, -240.5404, 52.0164,  0, 0, 0
L -29.4255, -240.5404, 52.0164,  -16.8162, -270.5172, 52.1215,  0, 0, 0
L -16.8162, -270.5172, 52.1215,  -15.3656, -269.2306, 52.3698,  0, 0, 0
L -15.3656, -269.2306, 52.3698,  -14.2374, -268.0903, 52.0844,  0, 0, 0
L -14.2374, -268.0903, 52.0844,  -13.5338, -266.7342, 52.2240,  0, 0, 0
L -13.5338, -266.7342, 52.2240,  -11.8957, -266.7174, 52.2803,  0, 0, 0
L -11.8957, -266.7174, 52.2803,  -10.3543, -267.4057, 52.3175,  0, 0, 0
L -10.3543, -267.4057, 52.3175,  -9.4204, -268.8403, 52.3858,  0, 0, 0
L -9.4204, -268.8403, 52.3858,  -7.9598, -271.1266, 52.5060,  0, 0, 0
L -7.9598, -271.1266, 52.5060,  -6.7907, -272.4833, 52.6056,  0, 0, 0
L -6.7907, -272.4833, 52.6056,  -2.2693, -277.5966, 52.4725,  0, 0, 0
L -2.2693, -277.5966, 52.4725,  -1.5070, -279.2014, 52.5487,  0, 0, 0
L -1.5070, -279.2014, 52.5487,  0.3496, -283.1227, 52.6525,  0, 0, 0
L 0.3496, -283.1227, 52.6525,  -0.8361, -284.2482, 52.5786,  0, 0, 0
L -0.8361, -284.2482, 52.5786,  -2.2501, -285.0404, 52.4731,  0, 0, 0
L -2.2501, -285.0404, 52.4731,  -1.3820, -286.1950, 52.4762,  0, 0, 0
L -1.3820, -286.1950, 52.4762,  0.0621, -287.0910, 52.5560,  0, 0, 0
L 0.0621, -287.0910, 52.5560,  16.4780, -297.1205, 56.7083,  0, 0, 0
L 16.4780, -297.1205, 56.7083,  23.7829, -301.3008, 58.4322,  0, 0, 0
L 23.7829, -301.3008, 58.4322,  41.5421, -311.3669, 62.1832,  0, 0, 0
L 41.5421, -311.3669, 62.1832,  50.1388, -315.9823, 63.3158,  0, 0, 0
L 50.1388, -315.9823, 63.3158,  55.6517, -318.6646, 63.3329,  0, 0, 0
L 55.6517, -318.6646, 63.3329,  59.1108, -320.2402, 62.8091,  0, 0, 0
L 59.1108, -320.2402, 62.8091,  60.8910, -320.6262, 62.7416,  0, 0, 0
L 60.8910, -320.6262, 62.7416,  70.1525, -321.9807, 62.4279,  0, 0, 0
L 70.1525, -321.9807, 62.4279,  70.6443, -320.9128, 63.1275,  0, 0, 0
L 70.6443, -320.9128, 63.1275,  70.8850, -319.3455, 63.2876,  0, 0, 0
L 70.8850, -319.3455, 63.2876,  72.3931, -318.5359, 62.5243,  0, 0, 0
L 72.3931, -318.5359, 62.5243,  74.2206, -319.0489, 62.4431,  0, 0, 0
L 74.2206, -319.0489, 62.4431,  75.6335, -320.0996, 62.7129,  0, 0, 0
L 75.6335, -320.0996, 62.7129,  76.5165, -321.4408, 62.5628,  0, 0, 0
L 76.5165, -321.4408, 62.5628,  81.4230, -329.1540, 68.8322,  0, 0, 0
L 81.4230, -329.1540, 68.8322,  82.5081, -330.7341, 69.6509,  0, 0, 0
L 82.5081, -330.7341, 69.6509,  85.8325, -335.4581, 70.1019,  0, 0, 0
L 85.8325, -335.4581, 70.1019,  87.4699, -334.6851, 69.8855,  0, 0, 0
L 87.4699, -334.6851, 69.8855,  89.1411, -335.2371, 69.0557,  0, 0, 0
L 89.1411, -335.2371, 69.0557,  91.5963, -336.0405, 65.1899,  0, 0, 0
L 170.3732, -287.5365, 61.1761,  170.0182, -285.1592, 60.9163,  127, 127, 127
L 170.0182, -285.1592, 60.9163,  168.7221, -285.3466, 60.9162,  127, 127, 127
L 168.7221, -285.3466, 60.9162,  165.7058, -285.8484, 60.3325,  127, 127, 127
L 165.7058, -285.8484, 60.3325,  165.2543, -287.7124, 59.6573,  127, 127, 127
L 165.2543, -287.7124, 59.6573,  163.3008, -287.9323, 58.8304,  127, 127, 127
L 163.3008, -287.9323, 58.8304,  160.1060, -287.4273, 59.3894,  127, 127, 127
L 160.1060, -287.4273, 59.3894,  158.3870, -286.9877, 58.9534,  127, 127, 127
L 158.3870, -286.9877, 58.9534,  149.2121, -284.2075, 56.7634,  127, 127, 127
L 149.2121, -284.2075, 56.7634,  140.4501, -281.3045, 53.3349,  127, 127, 127
L 140.4501, -281.3045, 53.3349,  135.1762, -279.2975, 51.3183,  127, 127, 127
L 135.1762, -279.2975, 51.3183,  131.1360, -277.7464, 51.5748,  127, 127, 127
L 131.1360, -277.7464, 51.5748,  126.9911, -278.9106, 51.4959,  127, 127, 127
L 126.9911, -278.9106, 51.4959,  125.1229, -278.7129, 51.5711,  127, 127, 127
L 125.1229, -278.7129, 51.5711,  125.1557, -277.1041, 50.8199,  127, 127, 127
L 125.1557, -277.1041, 50.8199,  125.4965, -275.6682, 49.8784,  127, 127, 127
L 125.4965, -275.6682, 49.8784,  126.2244, -274.6536, 49.4721,  127, 127, 127
L 126.2244, -274.6536, 49.4721,  128.6420, -271.3847, 50.6150,  127, 127, 127
L 128.6420, -271.3847, 50.6150,  127.4430, -269.8751, 50.6448,  127, 127, 127
L 127.4430, -269.8751, 50.6448,  129.0947, -268.7761, 50.4195,  127, 127, 127
L 129.0947, -268.7761, 50.4195,  130.8951, -267.9939, 49.9278,  127, 127, 127
L 130.8951, -267.9939, 49.9278,  139.9641, -264.2109, 51.4218,  127, 127, 127
L 139.9641, -264.2109, 51.4218,  143.3366, -262.9263, 51.4162,  127, 127, 127
L 143.3366, -262.9263, 51.4162,  144.9725, -262.4853, 51.4090,  127, 127, 127
L 144.9725, -262.4853, 51.4090,  152.2741, -260.4710, 51.6934,  127, 127, 127
L 152.2741, -260.4710, 51.6934,  152.8619, -258.8386, 51.6410,  127, 127, 127
L 152.8619, -258.8386, 51.6410,  154.5276, -258.5268, 51.2891,  127, 127, 127
L 154.5276, -258.5268, 51.2891,  160.9407, -257.1189, 50.6938,  127, 127, 127
L 160.9407, -257.1189, 50.6938,  162.7899, -256.4192, 50.5596,  127, 127, 127
L 162.7899, -256.4192, 50.5596,  164.1685, -256.7253, 50.4765,  127, 127, 127
L 164.1685, -256.7253, 50.4765,  166.0274, -257.1378, 50.4406,  127, 127, 127
L 166.0274, -257.1378, 50.4406,  166.4373, -258.4866, 50.5447,  127, 127, 127
L 166.4373, -258.4866, 50.5447,  166.8077, -260.2782, 50.7125,  127, 127, 127
L 166.8077, -260.2782, 50.7125,  168.3596, -260.0404, 54.8295,  127, 127, 127
L 168.3596, -260.0404, 54.8295,  169.5315, -258.7103, 54.8973,  127, 127, 127
L 169.5315, -258.7103, 54.8973,  170.4972, -257.0877, 54.8381,  127, 127, 127
L 170.4972, -257.0877, 54.8381,  171.2957, -255.6809, 54.8697,  127, 127, 127
L 171.2957, -255.6809, 54.8697,  172.2682, -253.9786, 54.8884,  127, 127, 127
L 172.2682, -253.9786, 54.8884,  177.3224, -245.3549, 54.9563,  127, 127, 127
L 177.3224, -245.3549, 54.9563,  178.0974, -243.9496, 54.8035,  127, 127, 127
L 178.0974, -243.9496, 54.8035,  179.7999, -243.2421, 54.7357,  127, 127, 127
L 179.7999, -243.2421, 54.7357,  185.3411, -240.7745, 54.8664,  127, 127, 127
L 185.3411, -240.7745, 54.8664,  186.2526, -240.2504, 54.8635,  127, 127, 127
L 186.2526, -240.2504, 54.8635,  188.4907, -238.8596, 55.0619,  127, 127, 127
L 188.4907, -238.8596, 55.0619,  189.9565, -238.1080, 54.8773,  127, 127, 127
L 189.9565, -238.1080, 54.8773,  196.6939, -234.7753, 54.9564,  127, 127, 127
L 196.6939, -234.7753, 54.9564,  197.7031, -234.5930, 54.9525,  127, 127, 127
L 197.7031, -234.5930, 54.9525,  202.3721, -234.0154, 54.5146,  127, 127, 127
L 202.3721, -234.0154, 54.5146,  203.8083, -233.9982, 54.3896,  127, 127, 127
L 203.8083, -233.9982, 54.3896,  205.1901, -234.2506, 54.3086,  127, 127, 127
L 205.1901, -234.2506, 54.3086,  211.8673, -235.2382, 54.8734,  127, 127, 127
L 211.8673, -235.2382, 54.8734,  213.8190, -235.2511, 54.8447,  127, 127, 127
L 213.8190, -235.2511, 54.8447,  216.0056, -235.2714, 54.7999,  127, 127, 127
L 216.0056, -235.2714, 54.7999,  217.2701, -235.7111, 54.9564,  127, 127, 127
L 217.2701, -235.7111, 54.9564,  218.6724, -236.2855, 54.8472,  127, 127, 127
L 218.6724, -236.2855, 54.8472,  222.6900, -238.2499, 54.2513,  127, 127, 127
L 222.6900, -238.2499, 54.2513,  224.1163, -239.5015, 54.6031,  127, 127, 127
L 224.1163, -239.5015, 54.6031,  226.1622, -241.3070, 54.9564,  127, 127, 127
L 226.1622, -241.3070, 54.9564,  227.4121, -242.1612, 54.8642,  127, 127, 127
L 227.4121, -242.1612, 54.8642,  230.0758, -243.7268, 54.8055,  127, 127, 127
L 230.0758, -243.7268, 54.8055,  233.2384, -245.5645, 54.7788,  127, 127, 127
L 233.2384, -245.5645, 54.7788,  234.6289, -246.8055, 54.9564,  127, 127, 127
L 234.6289, -246.8055, 54.9564,  239.2854, -251.1707, 54.2220,  127, 127, 127
L 239.2854, -251.1707, 54.2220,  239.4870, -252.0197, 54.0713,  127, 127, 127
L 239.4870, -252.0197, 54.0713,  239.8822, -254.6065, 53.7696,  127, 127, 127
L 239.8822, -254.6065, 53.7696,  240.0207, -256.1906, 53.6202,  127, 127, 127
L 240.0207, -256.1906, 53.6202,  240.3289, -259.6093, 55.0654,  127, 127, 127
L 240.3289, -259.6093, 55.0654,  241.7447, -260.4988, 55.1933,  127, 127, 127
L 241.7447, -260.4988, 55.1933,  241.7600, -261.8521, 55.0102,  127, 127, 127
L 241.7600, -261.8521, 55.0102,  242.7499, -263.2827, 54.9594,  127, 127, 127
L 242.7499, -263.2827, 54.9594,  243.8391, -264.7212, 55.3198,  127, 127, 127
L 243.8391, -264.7212, 55.3198,  243.6940, -266.3186, 55.4802,  127, 127, 127
L 243.6940, -266.3186, 55.4802,  243.9260, -269.0366, 55.6688,  127, 127, 127
L 243.9260, -269.0366, 55.6688,  244.1988, -269.9022, 55.7065,  127, 127, 127
L 244.1988, -269.9022, 55.7065,  244.4976, -271.1011, 55.7340,  127, 127, 127
L 244.4976, -271.1011, 55.7340,  244.1257, -277.9726, 55.6728,  127, 127, 127
L 244.1257, -277.9726, 55.6728,  243.9035, -279.4960, 55.6234,  127, 127, 127
L 243.9035, -279.4960, 55.6234,  243.6485, -283.7354, 55.3129,  127, 127, 127
L 243.6485, -283.7354, 55.3129,  243.2892, -285.2074, 55.2449,  127, 127, 127
L 243.2892, -285.2074, 55.2449,  242.8910, -286.6242, 55.1802,  127, 127, 127
L 242.8910, -286.6242, 55.1802,  242.2662, -288.8662, 54.9629,  127, 127, 127
L 242.2662, -288.8662, 54.9629,  241.2744, -290.1018, 55.1945,  127, 127, 127
L 241.2744, -290.1018, 55.1945,  236.1509, -296.5117, 55.5279,  127, 127, 127
L 236.1509, -296.5117, 55.5279,  237.1618, -297.8005, 55.4921,  127, 127, 127
L 237.1618, -297.8005, 55.4921,  237.3040, -299.6341, 55.3775,  127, 127, 127
L 237.3040, -299.6341, 55.3775,  236.0153, -301.1429, 55.2728,  127, 127, 127
L 236.0153, -301.1429, 55.2728,  234.5637, -302.4861, 55.1778,  127, 127, 127
L 234.5637, -302.4861, 55.1778,  233.7403, -303.1773, 55.1316,  127, 127, 127
L 233.7403, -303.1773, 55.1316,  231.5635, -304.9369, 55.3303,  127, 127, 127
L 231.5635, -304.9369, 55.3303,  229.9740, -305.6990, 55.4251,  127, 127, 127
L 229.9740, -305.6990, 55.4251,  223.3561, -308.5213, 55.3323,  127, 127, 127
L 223.3561, -308.5213, 55.3323,  221.4678, -309.1073, 54.9899,  127, 127, 127
L 221.4678, -309.1073, 54.9899,  219.9534, -309.4515, 54.9438,  127, 127, 127
L 219.9534, -309.4515, 54.9438,  218.3035, -310.0580, 54.8412,  127, 127, 127
L 218.3035, -310.0580, 54.8412,  216.7980, -310.9146, 54.8193,  127, 127, 127
L 216.7980, -310.9146, 54.8193,  215.2376, -311.8083, 54.8051,  127, 127, 127
L 215.2376, -311.8083, 54.8051,  213.3099, -312.1635, 54.9814,  127, 127, 127
L 213.3099, -312.1635, 54.9814,  211.3237, -312.4601, 55.1391,  127, 127, 127
L 211.3237, -312.4601, 55.1391,  210.0366, -312.4960, 55.0074,  127, 127, 127
L 210.0366, -312.4960, 55.0074,  200.6183, -311.8309, 54.9659,  127, 127, 127
L 200.6183, -311.8309, 54.9659,  197.5702, -311.7593, 54.9330,  127, 127, 127
L 197.5702, -311.7593, 54.9330,  194.6500, -311.7122, 54.8220,  127, 127, 127
L 194.6500, -311.7122, 54.8220,  192.9030, -311.0794, 54.9565,  127, 127, 127
L 192.9030, -311.0794, 54.9565,  190.0444, -309.9215, 54.6344,  127, 127, 127
L 190.0444, -309.9215, 54.6344,  188.6638, -309.1038, 54.6414,  127, 127, 127
L 188.6638, -309.1038, 54.6414,  180.8437, -304.2627, 54.8098,  127, 127, 127
L 180.8437, -304.2627, 54.8098,  179.9923, -303.6885, 54.8331,  127, 127, 127
L 179.9923, -303.6885, 54.8331,  177.3094, -301.7538, 54.9564,  127, 127, 127
L 177.3094, -301.7538, 54.9564,  176.3342, -300.0637, 54.9226,  127, 127, 127
L 176.3342, -300.0637, 54.9226,  174.8180, -299.2355, 54.8955,  127, 127, 127
L 174.8180, -299.2355, 54.8955,  174.3327, -298.1644, 54.7745,  127, 127, 127
L 174.3327, -298.1644, 54.7745,  171.3492, -291.4566, 54.9532,  127, 127, 127
L 171.3492, -291.4566, 54.9532,  171.5430, -289.8891, 54.9565,  127, 127, 127
L 171.5430, -289.8891, 54.9565,  170.4610, -288.2131, 54.9649,  127, 127, 127
L 170.4610, -288.2131, 54.9649,  168.0902, -284.4622, 55.1067,  127, 127, 127
L 168.0902, -284.4622, 55.1067,  166.7448, -285.3109, 54.9731,  127, 127, 127
