P -522.0000, -65.0000, -30.0000,  240, 0, 0,  2,  Dabble_Splinewinder
P -1691.0000, -1084.0000, 87.0000,  240, 0, 0,  2,  The_Collector
P 79.0000, -807.0000, 36.0000,  240, 240, 0,  1,  a_Kirathas_scout
P -133.0000, -818.0000, 41.0000,  240, 240, 0,  1,  a_kirathas_scout
P 83.0000, -1062.0000, 36.0000,  240, 0, 0,  2,  Stefani
P -1423.0000, -529.0000, 20.0000,  240, 0, 0,  2,  Erollisi's_Spite
P -1360.0000, -628.0000, 14.0000,  240, 0, 0,  2,  Paul
P -1604.0000, -502.0000, 12.0000,  240, 0, 0,  2,  Thornheart
P -1998.0000, -490.0000, 4.0000,  127, 0, 0,  2,  Scorn_(Avatar_of_Erollisi)
P -1055.0000, 25.0000, -81.0000,  240, 0, 0,  3,  Cavalier_Devolah
P -758.0000, 541.0000, -71.0000,  240, 0, 0,  3,  Ancestral_Deathguard
P -2107.0000, 647.0000, 2.0000,  240, 240, 0,  2,  Haunted_Elven_Camp
P -1865.0000, 542.0000, 1.0000,  240, 0, 0,  2,  Elder_Scout_Tuluria
P -358.0000, -408.0000, 64.0000,  240, 240, 0,  2,  Gnarled_Oak
P -1986.0000, -508.0000, 11.0000,  240, 240, 0,  2,  Erollisi's_Grove
P -1821.0000, 336.0000, 9.0000,  240, 0, 0,  2,  Valthun_Woodswatcher
P -2232.0000, 170.0000, 4.0000,  240, 0, 0,  2,  Loaris
P -1826.0000, 697.0000, 5.0000,  240, 0, 0,  2,  Lian_Swiftstalker
P -2112.0000, 667.0000, 4.0000,  240, 0, 0,  2,  Belreg
P -1891.0000, 699.0000, 5.0000,  240, 0, 0,  2,  Della
P -1963.0000, 358.0000, 3.0000,  240, 0, 0,  2,  Felwin
P -2009.0000, 284.0000, 1.0000,  240, 0, 0,  2,  Snowflower
P -2221.0000, 394.0000, 3.0000,  240, 0, 0,  2,  Aimilia
P -948.0000, -452.0000, 36.0000,  240, 0, 0,  2,  a_mysterious_stranger_(Quests)
P -324.0000, -626.0000, 77.0000,  240, 0, 0,  2,  Amber
P -1332.0000, -429.0000, 54.0000,  240, 240, 0,  1,  a_kirathas_scout
P -62.0000, -924.0000, 54.0000,  240, 0, 0,  2,  Scout_Leader_Aldin
P -6.0000, -439.0000, 64.0000,  240, 240, 0,  1,  a_Kirathas_scout
P -2134.0000, 81.0000, -1.0000,  240, 0, 0,  2,  Aramus_the_Elder
P -445.0000, 316.0000, 160.0000,  240, 0, 0,  3,  Bimbalicus_the_Soulbleeder
P -1483.0000, 62.0000, -2.0000,  240, 0, 0,  2,  Naene_Ebonlocke_(79_Spells)
