L 82.3904, 326.3013, -181.9354,  71.5507, 326.1828, -181.9354,  110, 22, 190
L 82.3904, 326.3013, -181.9354,  82.3822, 307.0121, -181.9355,  0, 240, 0
L 71.5431, 307.0180, -181.9354,  71.5507, 326.1828, -181.9355,  0, 240, 0
L 124.3575, 211.4708, -181.9354,  124.3988, 278.9911, -181.9354,  0, 240, 0
L 82.3822, 307.0121, -181.9354,  124.3988, 278.9911, -181.9354,  0, 240, 0
L 29.5730, 279.0247, -181.9354,  71.5431, 307.0180, -181.9355,  0, 240, 0
L 29.5730, 279.0247, -181.9354,  29.5802, 211.4602, -181.9354,  0, 240, 0
L 82.3940, 200.3278, -181.9354,  82.3886, 195.2544, -181.9354,  0, 240, 0
L 82.3940, 200.3278, -181.9354,  80.3953, 200.3356, -181.9354,  0, 240, 0
L 80.3953, 200.3356, -181.9354,  80.3906, 205.4767, -181.9354,  0, 240, 0
L 82.3914, 205.4829, -181.9354,  80.3906, 205.4767, -181.9354,  0, 240, 0
L 82.3881, 211.4881, -181.9354,  82.3914, 205.4829, -181.9355,  0, 240, 0
L 124.3575, 211.4708, -181.9354,  82.3881, 211.4881, -181.9355,  0, 240, 0
L 71.5402, 211.4916, -181.9354,  29.5802, 211.4602, -181.9354,  0, 240, 0
L 71.5456, 205.4830, -181.9354,  71.5402, 211.4916, -181.9354,  0, 240, 0
L 71.5456, 205.4830, -181.9354,  73.5670, 205.4823, -181.9354,  0, 240, 0
L 73.5670, 205.4823, -181.9354,  73.5271, 200.3210, -181.9354,  0, 240, 0
L 71.5468, 200.3318, -181.9354,  73.5271, 200.3210, -181.9354,  0, 240, 0
L 71.5468, 200.3318, -181.9354,  71.5508, 195.2566, -181.9354,  0, 240, 0
L 753.1506, 12.7303, -97.9667,  753.1506, 0.8893, -96.9715,  240, 127, 0
L 743.2944, -14.8360, -90.9667,  743.3390, 12.4251, -91.9667,  240, 127, 0
L 754.0967, -15.4108, -90.9667,  754.1544, 12.4257, -92.9667,  240, 127, 0
L 743.2946, 19.5744, -97.9667,  745.2651, 19.5845, -97.9667,  0, 240, 240
L 745.2651, 19.5845, -97.9667,  745.2651, 12.4145, -97.9667,  0, 240, 240
L 743.3390, 12.4251, -97.9667,  745.2651, 12.4145, -97.9667,  0, 240, 240
L 124.0188, -195.5908, -181.9354,  96.9631, -141.4552, -181.9355,  0, 240, 0
L 110.3998, -209.2486, -181.9354,  124.0188, -195.5908, -181.9355,  0, 240, 0
L 57.5467, -181.2872, -181.9354,  57.5546, -141.4163, -181.9354,  0, 240, 0
L 85.5467, -209.2444, -181.9354,  57.5467, -181.2872, -181.9355,  0, 240, 0
L 154.7767, -333.6910, -184.9354,  143.7513, -314.2270, -184.9354,  0, 240, 0
L 83.7617, -334.2973, -184.9354,  143.7513, -314.2270, -184.9355,  0, 240, 0
L 70.9431, -334.3000, -184.9354,  83.7617, -334.2973, -184.9354,  0, 240, 0
L 56.9389, -306.2894, -184.9354,  70.9431, -334.3000, -184.9354,  0, 240, 0
L 41.5340, -306.3092, -184.9354,  56.9389, -306.2894, -184.9354,  0, 240, 0
L 13.6402, -320.3014, -181.9354,  41.5340, -306.3092, -181.9355,  0, 240, 0
L 0.6568, -320.2975, -181.9354,  13.6402, -320.3014, -181.9355,  0, 240, 0
L -40.3759, -279.2408, -181.9354,  0.6568, -320.2975, -181.9354,  0, 240, 0
L -40.3759, -279.2408, -181.9354,  -40.3844, -266.2661, -181.9354,  0, 240, 0
L -26.8783, -239.1973, -181.9354,  -40.3844, -266.2661, -181.9354,  0, 240, 0
L 13.5755, -225.7033, -181.9354,  -26.8783, -239.1973, -181.9355,  0, 240, 0
L 27.0578, -239.2133, -181.9354,  13.5755, -225.7033, -181.9354,  0, 240, 0
L 85.5383, -268.4499, -184.9354,  27.0578, -239.2133, -184.9355,  0, 240, 0
L 85.5467, -209.2444, -181.9354,  85.5383, -268.4499, -181.9354,  0, 240, 0
L 110.3737, -238.2562, -181.9354,  110.3998, -209.2486, -181.9355,  0, 240, 0
L 124.7774, -267.1040, -181.9354,  110.3737, -238.2562, -181.9354,  0, 240, 0
L 153.5703, -281.4529, -181.9354,  124.7774, -267.1040, -181.9355,  0, 240, 0
L 168.9026, -281.4513, -181.9354,  153.5703, -281.4529, -181.9355,  0, 240, 0
L 183.5141, -252.2961, -181.9355,  168.9026, -281.4513, -181.9354,  0, 240, 0
L 183.5137, -238.5652, -181.9354,  183.5141, -252.2961, -181.9355,  0, 240, 0
L 196.2233, -225.8152, -181.9354,  183.5137, -238.5652, -181.9355,  0, 240, 0
L 223.5092, -239.4816, -181.9354,  196.2233, -225.8152, -181.9355,  0, 240, 0
L 251.2527, -239.4846, -181.9354,  223.5092, -239.4816, -181.9355,  0, 240, 0
L 265.9208, -254.1468, -181.9354,  251.2527, -239.4846, -181.9354,  0, 240, 0
L 280.5071, -239.4924, -181.9354,  265.9208, -254.1468, -181.9354,  0, 240, 0
L 308.2541, -239.4838, -181.9354,  280.5071, -239.4924, -181.9354,  0, 240, 0
L 335.4561, -226.9045, -181.9354,  308.2541, -239.4838, -181.9355,  0, 240, 0
L 327.2535, -201.0446, -184.9354,  323.4993, -189.8322, -184.9354,  0, 240, 0
L 335.4512, -209.2650, -184.9354,  327.2535, -201.0446, -184.9354,  0, 240, 0
L 335.4512, -209.2650, -184.9354,  335.4561, -226.9045, -184.9354,  0, 240, 0
L 329.4877, -159.9886, -184.9354,  323.4993, -189.8322, -184.9355,  0, 240, 0
L 182.2554, -319.9534, -184.9354,  210.5641, -348.2997, -184.9354,  0, 240, 0
L 182.2554, -319.9534, -184.9354,  154.7767, -333.6910, -184.9354,  0, 240, 0
L 210.5641, -348.2997, -184.9354,  238.6480, -348.2900, -184.9355,  0, 240, 0
L 238.6480, -348.2900, -181.9354,  253.4994, -363.2022, -181.9354,  0, 240, 0
L 253.4776, -390.2648, -181.9354,  253.4994, -363.2022, -181.9354,  0, 240, 0
L 281.0003, -390.2640, -181.9354,  253.4776, -390.2648, -181.9355,  0, 240, 0
L 295.0125, -432.2141, -181.9354,  281.0003, -390.2640, -181.9354,  0, 240, 0
L 334.2968, -432.2375, -181.9354,  295.0125, -432.2141, -181.9354,  0, 240, 0
L 334.2964, -364.8398, -181.9354,  334.2968, -432.2375, -181.9354,  0, 240, 0
L 308.1833, -351.7870, -181.9354,  334.2964, -364.8398, -181.9354,  0, 240, 0
L 280.5057, -379.4438, -181.9354,  308.1833, -351.7870, -181.9355,  0, 240, 0
L 264.3240, -379.3937, -181.9354,  280.5057, -379.4438, -181.9354,  0, 240, 0
L 264.3240, -379.3937, -181.9354,  264.3330, -363.5587, -181.9354,  0, 240, 0
L 278.4896, -321.0194, -181.9354,  264.3330, -363.5587, -181.9354,  0, 240, 0
L 293.2133, -306.2929, -184.9354,  278.4896, -321.0194, -184.9354,  0, 240, 0
L 306.9029, -306.2888, -184.9354,  293.2133, -306.2929, -184.9355,  0, 240, 0
L 320.8979, -278.3031, -184.9354,  306.9029, -306.2888, -184.9355,  0, 240, 0
L 335.2425, -278.2763, -184.9354,  320.8979, -278.3031, -184.9354,  0, 240, 0
L 348.2966, -265.2523, -184.9354,  335.2425, -278.2763, -184.9354,  0, 240, 0
L 348.2986, -242.3218, -184.9354,  348.2966, -265.2523, -184.9354,  0, 240, 0
L 389.1255, -242.3338, -184.9354,  348.2986, -242.3218, -184.9354,  0, 240, 0
L 402.1311, -227.4704, -184.9354,  389.1255, -242.3338, -184.9355,  0, 240, 0
L 398.3998, -210.7228, -184.9354,  402.1311, -227.4704, -184.9354,  0, 240, 0
L 377.4298, -191.8944, -184.9354,  398.3998, -210.7228, -184.9354,  0, 240, 0
L 390.2705, -181.1973, -184.9354,  377.4298, -191.8944, -184.9354,  0, 240, 0
L 390.2705, -181.1973, -184.9354,  390.2578, -160.3521, -184.9354,  0, 240, 0
L 390.2578, -160.3521, -184.9354,  360.2730, -157.3699, -184.9355,  0, 240, 0
L 329.4877, -159.9886, -184.9354,  353.4175, -157.3675, -184.9354,  0, 240, 0
L 353.4175, -157.3675, -179.3247,  353.4228, -152.3716, -179.3250,  0, 240, 0
L 360.2730, -157.3699, -180.0436,  360.2619, -152.3497, -180.0440,  0, 240, 0
L 740.1327, -267.4875, -83.9667,  740.1447, -236.3309, -83.9667,  0, 240, 240
L 754.1157, -267.4913, -83.9667,  740.1327, -267.4875, -83.9667,  0, 240, 240
L 754.0920, -279.2384, -83.9667,  754.1157, -267.4913, -83.9667,  0, 240, 240
L 740.1516, -293.2198, -83.9667,  754.0920, -279.2384, -83.9667,  0, 240, 240
L 740.1387, -298.2604, -83.9667,  740.1516, -293.2198, -83.9667,  0, 240, 240
L 729.2936, -293.2323, -83.9667,  729.2933, -298.3005, -83.9667,  0, 240, 240
L 715.2929, -279.2052, -83.9667,  729.2936, -293.2323, -83.9667,  0, 240, 240
L 362.2380, -141.0683, 0.0010,  351.0020, -138.3664, 0.0020,  0, 0, 0
L 351.0020, -138.3664, 0.0020,  350.7166, -140.2729, 0.0020,  0, 0, 0
L 425.3448, 62.1586, 0.0020,  428.7312, 72.8499, 0.0020,  0, 0, 0
L 904.9568, -117.3723, -82.7538,  911.4839, -117.3439, -82.7159,  0, 240, 240
L 915.4816, -112.0523, -81.6825,  912.5472, -109.1208, -81.6151,  0, 240, 240
L 915.4945, -105.1630, -82.9667,  912.5472, -109.1208, -82.9667,  0, 240, 240
L 900.8191, -121.5167, -82.9667,  904.9568, -117.3723, -82.9667,  0, 240, 240
L 896.7349, -110.3519, -84.9667,  900.8191, -121.5167, -82.9814,  0, 240, 240
L 860.3304, -118.6989, -83.9667,  872.8675, -110.4277, -83.9667,  0, 240, 240
L 861.7451, -124.3550, -83.9667,  860.3304, -118.6989, -83.9667,  0, 240, 240
L 872.8675, -110.4277, -84.9667,  896.7349, -110.3519, -82.9667,  0, 240, 240
L 854.3088, -124.3551, -83.9667,  861.7451, -124.3550, -83.9667,  0, 240, 240
L 840.2952, -110.3859, -83.9667,  854.3088, -124.3551, -83.9667,  0, 240, 240
L 829.2405, -110.3832, -83.9667,  840.2952, -110.3859, -83.9667,  0, 240, 240
L 839.0010, -85.5542, -83.9667,  829.2078, -85.5458, -83.9667,  0, 240, 240
L 853.0085, -99.5480, -83.9667,  839.0010, -85.5542, -83.9667,  0, 240, 240
L 869.2416, -99.5547, -83.9667,  853.0085, -99.5480, -83.9667,  0, 240, 240
L 869.2315, -69.3161, -84.9667,  869.2416, -99.5547, -84.9667,  0, 240, 240
L 826.3304, -68.3913, -83.9667,  812.3547, -54.4005, -83.9667,  0, 240, 240
L 838.9987, -68.3889, -83.9667,  826.3304, -68.3913, -83.9667,  0, 240, 240
L 853.6563, -53.7235, -83.9667,  838.9987, -68.3889, -83.9667,  0, 240, 240
L 869.2315, -69.3161, -83.9667,  853.6563, -53.7235, -83.9667,  0, 240, 240
L 878.4126, -70.1106, -84.9667,  908.0447, -84.9470, -84.9667,  0, 240, 240
L 908.0455, -98.7799, -82.9667,  915.4945, -105.1630, -82.9667,  0, 240, 240
L 908.0447, -84.9470, -84.9667,  908.0455, -98.7799, -84.9667,  0, 240, 240
L 890.6613, -62.6886, -83.9667,  878.4126, -70.1106, -83.9667,  0, 240, 240
L 899.9263, -51.0585, -83.9667,  890.6613, -62.6886, -83.9667,  0, 240, 240
L 904.8459, -60.8452, -83.9667,  899.9263, -51.0585, -83.9667,  0, 240, 240
L 914.0317, -66.3813, -83.9667,  904.8459, -60.8452, -83.9667,  0, 240, 240
L 922.9502, -66.4027, -83.9667,  914.0317, -66.3813, -83.9667,  0, 240, 240
L 933.6967, -55.6628, -83.9667,  922.9502, -66.4027, -83.9667,  0, 240, 240
L 928.4009, -45.0419, -83.9667,  933.6967, -55.6628, -83.9667,  0, 240, 240
L 928.4009, -45.0419, -83.9667,  920.7658, -39.9761, -83.9667,  0, 240, 240
L 934.2090, -31.0389, -83.9667,  920.7658, -39.9761, -83.9667,  0, 240, 240
L 935.9337, -22.3896, -83.9667,  934.2090, -31.0389, -83.9667,  0, 240, 240
L 924.5621, -7.2197, -83.9667,  935.9337, -22.3896, -83.9667,  0, 240, 240
L 915.8983, -2.9146, -83.9667,  924.5621, -7.2197, -83.9667,  0, 240, 240
L 915.8983, -2.9146, -83.9667,  917.9709, 11.5427, -83.9667,  0, 240, 240
L 917.9709, 11.5427, -83.9667,  910.9497, 20.3217, -83.9667,  0, 240, 240
L 896.4911, 18.5126, -83.9667,  910.9497, 20.3217, -83.9667,  0, 240, 240
L 887.5258, 7.3366, -83.9667,  896.4911, 18.5126, -83.9667,  0, 240, 240
L 878.8079, 20.4241, -83.9667,  887.5258, 7.3366, -83.9667,  0, 240, 240
L 868.3716, 20.4068, -83.9667,  878.8079, 20.4241, -83.9667,  0, 240, 240
L 868.3716, 20.4068, -83.9667,  857.3275, 7.5453, -83.9667,  0, 240, 240
L 857.3275, 7.5453, -83.9667,  859.1575, -5.3771, -83.9667,  0, 240, 240
L 869.2343, -19.4444, -83.9667,  859.1575, -5.3771, -83.9667,  0, 240, 240
L 869.2424, -28.6506, -83.9667,  869.2343, -19.4444, -83.9667,  0, 240, 240
L 853.2218, -44.6438, -83.9667,  869.2424, -28.6506, -83.9667,  0, 240, 240
L 838.7357, -15.6867, -83.9667,  818.6647, -17.9327, -83.9667,  0, 240, 240
L 853.2218, -44.6438, -83.9667,  838.7357, -15.6867, -83.9667,  0, 240, 240
L 812.9525, -43.5610, -83.9667,  818.6647, -17.9327, -83.9667,  0, 240, 240
L 588.1912, -85.5478, 15.0020,  588.1642, -78.3909, 15.0020,  0, 0, 0
L 588.1864, -117.5261, 15.0020,  588.1535, -110.3856, 15.0020,  0, 0, 0
L 647.0959, -106.3814, 0.0020,  643.1059, -110.3823, 0.0020,  0, 0, 0
L 647.0959, -106.3814, 0.0020,  650.4104, -106.4018, 0.0020,  0, 0, 0
L 650.4104, -106.4018, 0.0020,  654.4025, -110.3867, 0.0020,  0, 0, 0
L 673.3087, -110.3867, 0.0020,  654.4025, -110.3867, 0.0020,  0, 0, 0
L 673.2881, -139.2521, 0.0020,  673.3087, -110.3867, 0.0020,  0, 0, 0
L 686.3491, -152.3484, 0.0020,  673.2881, -139.2521, 0.0020,  0, 0, 0
L 714.3975, -152.3676, 0.0020,  686.3491, -152.3484, 0.0020,  0, 0, 0
L 729.2949, -167.3014, 0.0020,  714.3975, -152.3676, 0.0020,  0, 0, 0
L 729.3019, -180.3574, 0.0020,  729.2949, -167.3014, 0.0020,  0, 0, 0
L 740.1431, -180.3583, 0.0020,  729.3019, -180.3574, 0.0020,  0, 0, 0
L 740.1403, -167.2763, 0.0020,  740.1431, -180.3583, 0.0020,  0, 0, 0
L 755.0327, -152.3609, 0.0020,  740.1403, -167.2763, 0.0020,  0, 0, 0
L 783.0347, -152.3460, 0.0020,  755.0327, -152.3609, 0.0020,  0, 0, 0
L 796.1004, -139.2802, 0.0020,  783.0347, -152.3460, 0.0020,  0, 0, 0
L 796.1075, -125.2644, 0.0020,  796.1004, -139.2802, 0.0020,  0, 0, 0
L 810.1006, -111.3208, 0.0020,  796.1075, -125.2644, 0.0020,  0, 0, 0
L 783.0497, -43.5672, 0.0020,  796.1043, -56.6227, 0.0020,  0, 0, 0
L 755.0165, -43.5338, 0.0020,  783.0497, -43.5672, 0.0020,  0, 0, 0
L 810.1072, -84.6399, 0.0020,  810.1006, -111.3208, 0.0020,  0, 0, 0
L 796.0981, -70.6126, 0.0020,  810.1072, -84.6399, 0.0020,  0, 0, 0
L 796.1043, -56.6227, 0.0020,  796.0981, -70.6126, 0.0020,  0, 0, 0
L 740.1478, -15.6012, 0.0020,  729.3010, -15.5775, 0.0020,  0, 0, 0
L 740.1253, -28.6585, 0.0020,  740.1478, -15.6012, 0.0020,  0, 0, 0
L 740.1253, -28.6585, 0.0020,  755.0165, -43.5338, 0.0020,  0, 0, 0
L 729.2978, -28.6589, 0.0020,  729.3010, -15.5775, 0.0020,  0, 0, 0
L 714.3935, -43.5311, 0.0020,  729.2978, -28.6589, 0.0020,  0, 0, 0
L 686.3708, -43.5687, 0.0020,  714.3935, -43.5311, 0.0020,  0, 0, 0
L 673.2931, -56.6078, 0.0020,  686.3708, -43.5687, 0.0020,  0, 0, 0
L 673.3139, -85.5401, 0.0020,  673.2931, -56.6078, 0.0020,  0, 0, 0
L 654.3926, -85.5608, 0.0020,  673.3139, -85.5401, 0.0020,  0, 0, 0
L 650.4157, -89.5412, 0.0020,  654.3926, -85.5608, 0.0020,  0, 0, 0
L 650.4157, -89.5412, 0.0020,  647.1091, -89.5480, 0.0020,  0, 0, 0
L 643.0886, -85.5530, 0.0020,  647.1091, -89.5480, 0.0020,  0, 0, 0
L 588.1912, -85.5478, 0.0020,  643.0886, -85.5530, 0.0020,  0, 0, 0
L 643.1059, -110.3823, 0.0020,  588.1535, -110.3856, 0.0020,  0, 0, 0
L 588.1864, -117.5261, 15.0020,  635.2233, -117.5353, 15.0020,  0, 0, 0
L 588.1642, -78.3909, 15.0020,  635.3352, -78.4359, 15.0020,  0, 0, 0
L 635.3352, -78.4359, 15.0020,  635.2233, -117.5353, 15.0020,  0, 0, 0
L 655.5136, -125.9304, 14.0020,  642.1792, -112.6424, 14.0020,  0, 0, 0
L 643.0970, -138.3524, 14.0020,  655.5136, -125.9304, 14.0020,  0, 0, 0
L 628.1702, -138.3625, 14.0020,  643.0970, -138.3524, 14.0020,  0, 0, 0
L 628.1728, -152.3566, 14.0020,  628.1702, -138.3625, 14.0020,  0, 0, 0
L 617.3212, -152.3553, 14.0020,  628.1728, -152.3566, 14.0020,  0, 0, 0
L 617.3418, -138.3660, 14.0020,  617.3212, -152.3553, 14.0020,  0, 0, 0
L 600.1752, -138.3480, 14.0020,  617.3418, -138.3660, 14.0020,  0, 0, 0
L 600.1647, -152.3570, 14.0020,  600.1752, -138.3480, 14.0020,  0, 0, 0
L 589.3320, -152.3628, 14.0020,  600.1647, -152.3570, 14.0020,  0, 0, 0
L 589.3337, -138.3483, 14.0020,  589.3320, -152.3628, 14.0020,  0, 0, 0
L 574.4332, -138.3649, 14.0020,  589.3337, -138.3483, 14.0020,  0, 0, 0
L 523.5944, -126.2897, 14.0020,  533.8646, -131.6189, 14.0020,  0, 0, 0
L 533.8646, -131.6189, 14.0020,  544.2022, -121.2801, 14.0020,  0, 0, 0
L 516.2255, -131.9027, 14.0749,  523.5944, -126.2897, 14.0020,  0, 0, 0
L 525.0661, -61.9293, 14.0020,  505.8023, -61.4562, 14.0020,  0, 0, 0
L 538.0424, -74.5871, 14.0020,  525.0661, -61.9293, 14.0020,  0, 0, 0
L 544.2047, -76.2110, 14.0020,  538.0424, -74.5871, 14.0020,  0, 0, 0
L 561.3721, -70.6292, 14.0020,  574.4226, -57.5525, 14.0020,  0, 0, 0
L 561.3606, -84.3486, 14.0020,  561.3721, -70.6292, 14.0020,  0, 0, 0
L 558.7771, -89.4851, 14.0020,  561.3606, -84.3486, 14.0020,  0, 0, 0
L 555.2220, -89.6364, 14.0020,  558.7771, -89.4851, 14.0020,  0, 0, 0
L 551.1285, -85.5489, 14.0020,  555.2220, -89.6364, 14.0020,  0, 0, 0
L 544.1992, -85.5377, 14.0020,  551.1285, -85.5489, 14.0020,  0, 0, 0
L 544.2047, -76.2110, 14.0020,  544.1992, -85.5377, 14.0020,  0, 0, 0
L 535.3666, -92.5308, 8.0020,  540.3914, -92.9267, 10.0020,  0, 0, 0
L 530.8458, -90.2693, 6.0020,  535.3666, -92.5308, 6.9410,  0, 0, 0
L 528.7239, -88.1394, 4.0020,  530.8458, -90.2693, 4.0020,  0, 0, 0
L 526.6705, -85.5619, 3.0020,  528.7239, -88.1394, 3.0020,  0, 0, 0
L 536.2273, -102.9841, 9.0020,  541.2159, -103.2485, 10.0020,  0, 0, 0
L 530.8826, -105.6344, 6.9782,  536.2273, -102.9841, 7.0020,  0, 0, 0
L 527.6222, -108.8896, 4.0020,  530.8826, -105.6344, 5.0020,  0, 0, 0
L 526.7021, -110.3910, 3.0020,  527.6222, -108.8896, 3.0020,  0, 0, 0
L 561.3721, -125.2916, 14.0020,  574.4332, -138.3649, 14.0020,  0, 0, 0
L 561.3513, -111.5890, 14.0020,  561.3721, -125.2916, 14.0020,  0, 0, 0
L 558.7604, -106.3842, 14.0020,  561.3513, -111.5890, 14.0020,  0, 0, 0
L 555.1178, -106.3997, 14.0020,  558.7604, -106.3842, 14.0020,  0, 0, 0
L 551.1313, -110.3899, 14.0020,  555.1178, -106.3997, 14.0020,  0, 0, 0
L 544.1931, -110.3881, 14.0020,  551.1313, -110.3899, 14.0020,  0, 0, 0
L 544.2022, -121.2801, 14.0020,  544.1931, -110.3881, 14.0020,  0, 0, 0
L 508.3360, -66.6463, 0.0020,  516.1956, -65.7742, 0.0020,  0, 0, 0
L 508.3360, -66.6463, 0.0020,  500.5022, -50.5991, 0.0020,  0, 0, 0
L 500.5022, -50.5991, 0.0020,  500.5021, -32.8951, 0.0020,  0, 0, 0
L 497.2008, -132.7775, 0.0020,  516.2114, -125.7094, 0.0020,  0, 0, 0
L 497.2008, -132.7775, 0.0020,  495.5833, -138.3533, 0.0020,  0, 0, 0
L 516.1765, -110.3905, 0.0020,  516.2255, -131.9027, 0.0020,  0, 0, 0
L 526.7021, -110.3910, 1.0020,  516.1765, -110.3905, 1.0020,  0, 0, 0
L 516.1987, -85.5449, 1.0020,  526.6705, -85.5619, 1.0020,  0, 0, 0
L 516.1987, -85.5449, 0.0020,  516.1956, -65.7742, 0.0020,  0, 0, 0
L 488.9586, -15.5886, 0.0020,  500.5021, -32.8951, 0.0020,  0, 0, 0
L 476.1751, -15.5776, 0.0020,  488.9586, -15.5886, 0.0020,  0, 0, 0
L 366.1996, -61.1296, 0.1722,  356.7845, -66.3104, 0.1331,  0, 0, 0
L 381.7701, -37.1999, 0.0020,  366.1996, -61.1296, 0.0020,  0, 0, 0
L 396.5601, -25.3648, 0.0020,  381.7701, -37.1999, 0.0020,  0, 0, 0
L 396.5601, -25.3648, 0.0020,  396.5601, -6.9735, 0.0020,  0, 0, 0
L 448.1817, -29.5819, 0.0020,  476.1751, -15.5776, 0.0020,  0, 0, 0
L 419.1906, -29.5795, 0.0020,  448.1817, -29.5819, 0.0020,  0, 0, 0
L 396.5601, -6.9735, 0.0020,  419.1906, -29.5795, 0.0020,  0, 0, 0
L 373.4016, -99.5479, 0.0020,  356.7845, -66.3104, 0.0020,  0, 0, 0
L 306.3105, -99.5506, 0.0020,  373.4016, -99.5479, 0.0020,  0, 0, 0
L 306.2794, -40.3855, 0.0020,  306.3105, -99.5506, 0.0020,  0, 0, 0
L 321.2130, -40.3897, 0.0020,  306.2794, -40.3855, 0.0020,  0, 0, 0
L 333.9455, -27.6958, 0.0020,  321.2130, -40.3897, 0.0020,  0, 0, 0
L 319.9492, 0.3114, 0.0020,  333.9455, -27.6958, 0.0020,  0, 0, 0
L 335.8716, 16.2378, 0.0020,  319.9492, 0.3114, 0.0020,  0, 0, 0
L 350.5308, 1.5668, 0.0020,  335.8716, 16.2378, 0.0020,  0, 0, 0
L 363.2056, 1.5913, 0.0020,  350.5308, 1.5668, 0.0020,  0, 0, 0
L 376.2625, 14.6535, 0.0020,  363.2056, 1.5913, 0.0020,  0, 0, 0
L 376.2655, 27.3563, 0.0020,  376.2625, 14.6535, 0.0020,  0, 0, 0
L 361.5823, 41.9393, 0.0020,  376.2655, 27.3563, 0.0020,  0, 0, 0
L 377.1897, 57.5582, 0.0020,  361.5823, 41.9393, 0.0020,  0, 0, 0
L 392.8266, 57.5397, 0.0020,  377.1897, 57.5582, 0.0020,  0, 0, 0
L 406.8190, 29.5847, 0.0020,  392.8266, 57.5397, 0.0020,  0, 0, 0
L 420.8104, 29.5713, 0.0020,  406.8190, 29.5847, 0.0020,  0, 0, 0
L 434.7940, 1.5731, 0.0020,  420.8104, 29.5713, 0.0020,  0, 0, 0
L 447.1663, 1.5837, 0.0020,  434.7940, 1.5731, 0.0020,  0, 0, 0
L 460.2218, 14.6481, 0.0020,  447.1663, 1.5837, 0.0020,  0, 0, 0
L 460.2426, 27.3403, 0.0020,  460.2218, 14.6481, 0.0020,  0, 0, 0
L 460.2426, 27.3403, 0.0020,  425.3448, 62.1586, 0.1559,  0, 0, 0
L 417.6078, 83.9578, 0.0020,  428.7312, 72.8499, 0.0020,  0, 0, 0
L 432.2107, 98.6035, 0.0020,  417.6078, 83.9578, 0.0020,  0, 0, 0
L 432.2427, 111.3151, 0.0020,  432.2107, 98.6035, 0.0020,  0, 0, 0
L 419.1738, 124.3559, 0.0020,  432.2427, 111.3151, 0.0020,  0, 0, 0
L 406.5055, 124.3656, 0.0020,  419.1738, 124.3559, 0.0020,  0, 0, 0
L 392.2651, 110.1669, 0.0020,  406.5055, 124.3656, 0.0020,  0, 0, 0
L 349.0226, 124.5551, 0.0020,  392.2651, 110.1669, 0.0020,  0, 0, 0
L 335.2195, 138.3666, 0.0020,  349.0226, 124.5551, 0.0020,  0, 0, 0
L 322.4890, 138.3374, 0.0020,  335.2195, 138.3666, 0.0020,  0, 0, 0
L 307.1961, 122.9812, 0.0020,  322.4890, 138.3374, 0.0020,  0, 0, 0
L 292.7362, 166.3557, 0.0020,  307.1961, 122.9812, 0.0020,  0, 0, 0
L 280.5578, 166.3470, 0.0020,  292.7362, 166.3557, 0.0020,  0, 0, 0
L 253.5217, 139.3260, 0.0020,  280.5578, 166.3470, 0.0020,  0, 0, 0
L 253.5217, 139.3260, 0.0020,  253.4783, 126.6147, 0.0020,  0, 0, 0
L 281.8029, 98.3013, 0.0020,  253.4783, 126.6147, 0.0020,  0, 0, 0
L 267.4886, 69.5896, 0.0020,  281.8029, 98.3013, 0.0020,  0, 0, 0
L 267.4866, 56.6393, 0.0020,  267.4886, 69.5896, 0.0020,  0, 0, 0
L 280.5108, 43.5454, 0.0020,  267.4866, 56.6393, 0.0020,  0, 0, 0
L 293.2274, 43.5538, 0.0020,  280.5108, 43.5454, 0.0020,  0, 0, 0
L 293.2274, 43.5538, 0.0020,  319.6376, 69.9668, 0.0020,  0, 0, 0
L 291.6425, 97.9615, 0.0020,  319.6376, 69.9668, 0.0020,  0, 0, 0
L 307.8711, 114.2164, 0.0020,  291.6425, 97.9615, 0.0020,  0, 0, 0
L 322.5264, 99.5525, 0.0020,  307.8711, 114.2164, 0.0020,  0, 0, 0
L 335.2099, 99.5452, 0.0020,  322.5264, 99.5525, 0.0020,  0, 0, 0
L 349.8686, 114.2015, 0.0020,  335.2099, 99.5452, 0.0020,  0, 0, 0
L 364.5308, 99.5290, 0.0020,  349.8686, 114.2015, 0.0020,  0, 0, 0
L 392.4794, 99.5666, 0.0020,  364.5308, 99.5290, 0.0020,  0, 0, 0
L 408.0857, 83.9698, 0.0020,  392.4794, 99.5666, 0.0020,  0, 0, 0
L 392.4889, 68.3885, 0.0020,  408.0857, 83.9698, 0.0020,  0, 0, 0
L 377.1882, 68.3807, 0.0020,  392.4889, 68.3885, 0.0020,  0, 0, 0
L 363.1784, 82.4010, 0.0020,  377.1882, 68.3807, 0.0020,  0, 0, 0
L 350.5016, 82.3581, 0.0020,  363.1784, 82.4010, 0.0020,  0, 0, 0
L 336.1841, 68.0445, 0.0020,  350.5016, 82.3581, 0.0020,  0, 0, 0
L 330.0165, 71.1320, 0.0020,  330.6823, 57.5499, 0.0020,  0, 0, 0
L 336.1841, 68.0445, 0.0020,  330.5799, 70.8300, 0.0020,  0, 0, 0
L 336.5206, 57.5678, 0.0020,  330.6823, 57.5499, 0.0020,  0, 0, 0
L 352.1104, 41.9785, 0.0020,  336.5206, 57.5678, 0.0020,  0, 0, 0
L 335.8815, 25.7672, 0.0020,  352.1104, 41.9785, 0.0020,  0, 0, 0
L 321.2176, 40.3971, 0.0020,  335.8815, 25.7672, 0.0020,  0, 0, 0
L 308.4973, 40.3533, 0.0020,  321.2176, 40.3971, 0.0020,  0, 0, 0
L 295.4561, 27.3403, 0.0020,  308.4973, 40.3533, 0.0020,  0, 0, 0
L 295.4572, 14.6505, 0.0020,  295.4561, 27.3403, 0.0020,  0, 0, 0
L 310.1119, -0.0029, 0.0020,  295.4572, 14.6505, 0.0020,  0, 0, 0
L 293.8757, -16.2389, 0.0020,  310.1119, -0.0029, 0.0020,  0, 0, 0
L 279.8747, -2.2273, 0.0020,  293.8757, -16.2389, 0.0020,  0, 0, 0
L 267.4909, -14.6615, 0.0020,  279.8747, -2.2273, 0.0020,  0, 0, 0
L 267.4841, -28.9920, 0.0020,  267.4909, -14.6615, 0.0020,  0, 0, 0
L 251.1860, -33.0118, 0.0020,  267.4841, -28.9920, 0.0020,  0, 0, 0
L 154.5287, -194.3219, 0.0020,  133.0872, -172.7928, 0.0020,  0, 0, 0
L 169.0690, -113.2763, 0.0020,  140.3727, -122.7720, 0.0020,  0, 0, 0
L 239.4792, -68.3925, 0.0020,  239.4900, -99.5522, 0.0020,  0, 0, 0
L 210.5781, -68.3852, 0.0020,  239.4792, -68.3925, 0.0020,  0, 0, 0
L 182.7507, -85.8663, 0.0020,  169.0690, -113.2763, 0.0020,  0, 0, 0
L 223.5894, -99.5467, 0.0020,  182.7507, -85.8663, 0.0020,  0, 0, 0
L 239.4900, -99.5522, 0.0020,  223.5894, -99.5467, 0.0020,  0, 0, 0
L 238.8656, -57.5436, 0.0020,  251.1860, -33.0118, 0.0020,  0, 0, 0
L 208.3081, -57.5504, 0.0020,  238.8656, -57.5436, 0.0020,  0, 0, 0
L 197.4992, -55.3222, 0.0020,  210.5781, -68.3852, 0.0020,  0, 0, 0
L 197.4712, -40.3831, 0.0020,  197.4992, -55.3222, 0.0020,  0, 0, 0
L 182.5994, -40.4222, 0.0020,  197.4712, -40.3831, 0.0020,  0, 0, 0
L 208.3416, -42.6353, 0.0020,  208.3081, -57.5504, 0.0020,  0, 0, 0
L 195.2389, -29.5659, 0.0020,  208.3416, -42.6353, 0.0020,  0, 0, 0
L 180.3519, -29.5995, 0.0020,  195.2389, -29.5659, 0.0020,  0, 0, 0
L 169.5253, -27.3290, 0.0020,  182.5994, -40.4222, 0.0020,  0, 0, 0
L 169.5070, -12.4195, 0.0020,  169.5253, -27.3290, 0.0020,  0, 0, 0
L 180.3716, -1.5539, 0.0020,  180.3519, -29.5995, 0.0020,  0, 0, 0
L 124.3546, -12.4053, 0.0020,  169.5070, -12.4195, 0.0020,  0, 0, 0
L 113.5505, -1.5903, 0.0020,  180.3716, -1.5539, 0.0020,  0, 0, 0
L 124.3627, -41.3111, 0.0020,  124.3546, -12.4053, 0.0020,  0, 0, 0
L 113.5414, -43.5337, 0.0020,  113.5505, -1.5903, 0.0020,  0, 0, 0
L 111.3065, -54.3827, 0.0020,  70.6280, -54.3945, 0.0020,  0, 0, 0
L 111.3065, -54.3827, 0.0020,  124.3627, -41.3111, 0.0020,  0, 0, 0
L 70.6280, -54.3945, 0.0020,  57.5659, -41.3106, 0.0020,  0, 0, 0
L 68.3726, -43.5616, 0.0020,  113.5414, -43.5337, 0.0020,  0, 0, 0
L -94.5741, 12.4253, 0.0020,  -85.5536, 12.4214, 0.0020,  0, 0, 0
L -85.5536, 12.4214, 0.0020,  -85.5446, -1.5848, 0.0020,  0, 0, 0
L -85.5446, -1.5848, 0.0020,  -40.3902, -1.5716, 0.0020,  0, 0, 0
L -40.3902, -1.5716, 0.0020,  -40.3808, 12.4328, 0.0020,  0, 0, 0
L -40.3808, 12.4328, 0.0020,  12.4161, 12.3935, 0.0020,  0, 0, 0
L 12.4161, 12.3935, 0.0020,  12.4245, -1.5778, 0.0020,  0, 0, 0
L 12.4245, -1.5778, 0.0020,  68.3948, -1.5893, 0.0020,  0, 0, 0
L -96.3906, -3.3195, 0.0020,  -96.3871, -12.4038, 0.0020,  0, 0, 0
L -96.3871, -12.4038, 0.0020,  57.5478, -12.4698, 0.0020,  0, 0, 0
L 57.5478, -12.4698, 0.0020,  57.5659, -41.3106, 0.0020,  0, 0, 0
L 68.3726, -43.5616, 0.0020,  68.3948, -1.5893, 0.0020,  0, 0, 0
L 138.8914, -137.8152, 0.0049,  128.9977, -151.1544, 0.0020,  0, 0, 0
L 138.8914, -137.8152, 0.0020,  140.3727, -122.7720, 0.0020,  0, 0, 0
L 128.9977, -151.1544, 0.0020,  137.6145, -166.3659, 0.0020,  0, 0, 0
L 137.6145, -166.3659, 0.0020,  133.0872, -172.7928, 0.0020,  0, 0, 0
L 154.5287, -194.3219, 0.0020,  168.4277, -194.3262, 0.0020,  0, 0, 0
L 168.4277, -194.3262, 0.0020,  176.0991, -199.4635, 0.0020,  0, 0, 0
L 177.3727, -184.6800, 0.0020,  176.0991, -199.4635, 0.0020,  0, 0, 0
L 176.5893, -193.7737, 0.0020,  176.5665, -194.0353, 0.0020,  0, 0, 0
L 177.3727, -184.6800, 0.0020,  189.6656, -175.5622, 0.0020,  0, 0, 0
L 189.6656, -175.5622, 0.0020,  208.3293, -178.3300, 0.0020,  0, 0, 0
L 208.3293, -178.3300, 0.0020,  208.3219, -154.3318, 0.0020,  0, 0, 0
L 208.3219, -154.3318, 0.0020,  193.3592, -124.3460, 0.0020,  0, 0, 0
L 193.3592, -124.3460, 0.0020,  209.2747, -124.3553, 0.0020,  0, 0, 0
L 209.2747, -124.3553, 0.0020,  223.2218, -110.3884, 0.0020,  0, 0, 0
L 223.2218, -110.3884, 0.0020,  239.4898, -110.3888, 0.0020,  0, 0, 0
L 239.4898, -110.3888, 0.0020,  239.4951, -139.2978, 0.0020,  0, 0, 0
L 239.4951, -139.2978, 0.0020,  252.5586, -152.3542, 0.0020,  0, 0, 0
L 252.5586, -152.3542, 0.0020,  266.5583, -152.3580, 0.0020,  0, 0, 0
L 266.5583, -152.3580, 0.0020,  280.3292, -166.1448, 0.0020,  0, 0, 0
L 294.5617, -166.3952, 0.0020,  310.1095, -181.9271, 0.0020,  0, 0, 0
L 280.3292, -166.1448, 0.0021,  294.5617, -166.3952, 0.0020,  0, 0, 0
L 310.1095, -181.9271, 0.0020,  294.3151, -197.7070, 0.0020,  0, 0, 0
L 294.3151, -197.7070, 0.0020,  252.0270, -183.6387, 0.0020,  0, 0, 0
L 252.0270, -183.6387, 0.0020,  223.5968, -197.8363, 0.0020,  0, 0, 0
L 220.2423, -194.4705, 0.0020,  223.5968, -197.8363, 0.0020,  0, 0, 0
L 211.5686, -201.7700, 0.0020,  220.2423, -194.4705, 0.0020,  0, 0, 0
L 211.5686, -201.7700, 0.0020,  203.6862, -201.5758, 0.0020,  0, 0, 0
L 203.6862, -201.5758, 0.0020,  203.8869, -218.0113, 0.0020,  0, 0, 0
L 203.8869, -218.0113, 0.0020,  210.9227, -222.6876, 0.0020,  0, 0, 0
L 210.9227, -222.6876, 0.0020,  238.5772, -250.3263, 0.0020,  0, 0, 0
L 238.5772, -250.3263, 0.0020,  251.5520, -250.3211, 0.0020,  0, 0, 0
L 251.5520, -250.3211, 0.0020,  278.6836, -236.7491, 0.0020,  0, 0, 0
L 278.6836, -236.7491, 0.0020,  293.4419, -207.2400, 0.0020,  0, 0, 0
L 293.4419, -207.2400, 0.0020,  308.5623, -222.3534, 0.0020,  0, 0, 0
L 321.2244, -222.3253, 0.0020,  308.5623, -222.3534, 0.0020,  0, 0, 0
L 321.2244, -222.3253, 0.0020,  335.5573, -207.9841, 0.0020,  0, 0, 0
L 335.5573, -207.9841, 0.0020,  366.5332, -223.4685, 0.0020,  0, 0, 0
L 366.5332, -223.4685, 0.0020,  351.4621, -238.5433, 0.0020,  0, 0, 0
L 351.4621, -238.5433, 0.0020,  351.4503, -251.2532, 0.0020,  0, 0, 0
L 377.1819, -264.3205, 0.0020,  391.5359, -249.9944, 0.0020,  0, 0, 0
L 391.5359, -249.9944, 0.0020,  403.7903, -256.1012, 0.0020,  0, 0, 0
L 351.4503, -251.2532, 0.0020,  364.5140, -264.3322, 0.0020,  0, 0, 0
L 364.5140, -264.3322, 0.0020,  377.1819, -264.3205, 0.0020,  0, 0, 0
L 403.7903, -256.1012, 0.0028,  406.4524, -249.6725, 0.0020,  0, 0, 0
L 406.4524, -249.6725, 0.0020,  424.8671, -244.5759, 0.0020,  0, 0, 0
L 424.8671, -244.5759, 0.0020,  457.0751, -250.9823, 0.0020,  0, 0, 0
L 457.0751, -250.9823, 0.0020,  466.5897, -282.3517, 0.0020,  0, 0, 0
L 466.5897, -282.3517, 0.0020,  484.5300, -296.7098, 0.0020,  0, 0, 0
L 484.5300, -296.7098, 0.0020,  492.9908, -293.3252, 0.0020,  0, 0, 0
L 492.9908, -293.3252, 0.0020,  503.1259, -262.9893, 0.0020,  0, 0, 0
L 503.1259, -262.9893, 0.0020,  518.4249, -278.2844, 0.0020,  0, 0, 0
L 518.4249, -278.2844, 0.0020,  545.1212, -278.3076, 0.0020,  0, 0, 0
L 545.1212, -278.3076, 0.0020,  558.1973, -265.2552, 0.0020,  0, 0, 0
L 558.1973, -265.2552, 0.0020,  558.1981, -252.5481, 0.0020,  0, 0, 0
L 558.1981, -252.5481, 0.0020,  545.1078, -239.4773, 0.0020,  0, 0, 0
L 545.1078, -239.4773, 0.0020,  518.4220, -239.4979, 0.0020,  0, 0, 0
L 518.4220, -239.4979, 0.0020,  503.3808, -254.5721, 0.0020,  0, 0, 0
L 503.3808, -254.5721, 0.0020,  475.1129, -198.0343, 0.0020,  0, 0, 0
L 475.1129, -198.0343, 0.0020,  447.8100, -211.6758, 0.0020,  0, 0, 0
L 447.8100, -211.6758, 0.0020,  420.1574, -197.8280, 0.0020,  0, 0, 0
L 420.1574, -197.8280, 0.0020,  393.4271, -224.5467, 0.0020,  0, 0, 0
L 393.4271, -224.5467, 0.0020,  393.4329, -241.7238, 0.0020,  0, 0, 0
L 393.4329, -241.7238, 0.0020,  375.9187, -224.2109, 0.0020,  0, 0, 0
L 375.9187, -224.2109, 0.0020,  389.7267, -196.6140, 0.0020,  0, 0, 0
L 389.7267, -196.6140, 0.0020,  363.8430, -183.7028, 0.0020,  0, 0, 0
L 363.8430, -183.7028, 0.0020,  335.5592, -197.8341, 0.0020,  0, 0, 0
L 335.5592, -197.8341, 0.0020,  319.2026, -181.5163, 0.0020,  0, 0, 0
L 319.2026, -181.5163, 0.0020,  348.9499, -166.6187, 0.0020,  0, 0, 0
L 348.9499, -166.6187, 0.0020,  362.2757, -153.2761, 0.0020,  0, 0, 0
L 362.2380, -141.0683, 0.0020,  362.2757, -153.2761, 0.0020,  0, 0, 0
L 350.7166, -140.2729, 0.0020,  322.9968, -151.7530, 0.0020,  0, 0, 0
L 322.9968, -151.7530, 0.0020,  302.5616, -141.4666, 0.0020,  0, 0, 0
L 302.5616, -141.4666, 0.0020,  284.6005, -138.5760, 0.0640,  0, 0, 0
L 284.6005, -138.5760, 0.0020,  276.5850, -131.4888, 0.0020,  0, 0, 0
L 276.5850, -131.4888, 0.0020,  265.4798, -142.5997, 0.0020,  0, 0, 0
L 265.4798, -142.5997, 0.0020,  250.3213, -112.4053, 0.0020,  0, 0, 0
L 250.3213, -112.4053, 0.0020,  250.3322, -69.5848, 0.0020,  0, 0, 0
L 250.3322, -69.5848, 0.0020,  264.9247, -40.3841, 0.0020,  0, 0, 0
L 264.9247, -40.3841, 0.0020,  295.4474, -40.3913, 0.0020,  0, 0, 0
L 295.4474, -40.3913, 0.0020,  295.4830, -97.3440, 0.0020,  0, 0, 0
L 295.4830, -97.3440, 0.0020,  308.5266, -110.3803, 0.0020,  0, 0, 0
L 308.5266, -110.3803, 0.0020,  365.0958, -110.3959, 0.0020,  0, 0, 0
L 392.8303, -124.3545, 0.0020,  370.2833, -124.3560, 0.0020,  0, 0, 0
L 365.0958, -110.3959, 0.0020,  370.2833, -124.3560, 0.0020,  0, 0, 0
L 392.8303, -124.3545, 0.0020,  399.6526, -138.0289, 0.0020,  0, 0, 0
L 488.6662, -138.3635, 0.0020,  481.3654, -160.2402, 0.0020,  0, 0, 0
L 488.6662, -138.3635, 0.0020,  495.5833, -138.3533, 0.0020,  0, 0, 0
L 470.9853, -158.0430, 0.0020,  481.3654, -160.2402, 0.0020,  0, 0, 0
L 470.9853, -158.0430, 0.0020,  461.2152, -171.9126, 0.1987,  0, 0, 0
L 461.2152, -171.9126, 0.0020,  399.6526, -138.0289, 0.0020,  0, 0, 0
L 642.1559, -83.3319, 14.0020,  655.4932, -69.9793, 14.0020,  0, 0, 0
L 655.4932, -69.9793, 14.0020,  643.1282, -57.5722, 14.0020,  0, 0, 0
L 643.1282, -57.5722, 14.0020,  628.1675, -57.5307, 14.0020,  0, 0, 0
L 628.1675, -57.5307, 14.0020,  628.1689, -43.5376, 14.0020,  0, 0, 0
L 628.1689, -43.5376, 14.0020,  617.3314, -43.5518, 14.0020,  0, 0, 0
L 617.3314, -43.5518, 14.0020,  617.3301, -57.5508, 14.0020,  0, 0, 0
L 617.3301, -57.5508, 14.0020,  600.1470, -57.5522, 14.0020,  0, 0, 0
L 600.1470, -57.5522, 14.0020,  600.1706, -43.5602, 14.0020,  0, 0, 0
L 600.1706, -43.5602, 14.0020,  589.3317, -43.5504, 14.0020,  0, 0, 0
L 589.3317, -43.5504, 14.0020,  589.3332, -57.5467, 14.0020,  0, 0, 0
L 589.3332, -57.5467, 14.0020,  574.4226, -57.5525, 14.0020,  0, 0, 0
L 642.1559, -83.3319, 14.0020,  642.1792, -112.6424, 14.0020,  0, 0, 0
L 684.1456, -127.5172, 0.0020,  684.1226, -68.4072, 0.0020,  0, 0, 0
L 684.1226, -68.4072, 0.0020,  701.3011, -68.3751, 0.0020,  0, 0, 0
L 701.3011, -68.3751, 0.0020,  701.3027, -127.5163, 0.0020,  0, 0, 0
L 701.3027, -127.5163, 0.0020,  684.1456, -127.5172, 0.0020,  0, 0, 0
L 737.0692, -107.5505, 1.0020,  760.3511, -107.5462, 1.0020,  0, 240, 240
L 763.2660, -104.6020, 2.0020,  760.3511, -107.5462, 2.0020,  0, 240, 240
L 763.2660, -104.6020, 1.0020,  763.2657, -91.3255, 1.0020,  0, 240, 240
L 763.2657, -91.3255, 2.0020,  760.3356, -88.3838, 2.0020,  0, 240, 240
L 760.3356, -88.3838, 1.0020,  737.0629, -88.3964, 1.0020,  0, 240, 240
L 737.0629, -88.3964, 2.0018,  734.1392, -91.3127, 2.0020,  0, 240, 240
L 734.1392, -91.3127, 1.0020,  734.1412, -104.6165, 1.0020,  0, 240, 240
L 737.0692, -107.5505, 2.0020,  734.1412, -104.6165, 2.0020,  0, 240, 240
L 796.1035, -138.3538, -83.9667,  701.2958, -138.3555, -83.9667,  0, 240, 240
L 701.2958, -138.3555, -83.9667,  701.2973, -124.3512, -83.9667,  0, 240, 240
L 701.2973, -124.3512, -83.9667,  686.3845, -124.3572, -83.9667,  0, 240, 240
L 686.3845, -124.3572, -83.9667,  673.3162, -111.3397, -83.9667,  0, 240, 240
L 673.3162, -111.3397, -83.9667,  673.2822, -84.6327, -83.9667,  0, 240, 240
L 673.2822, -84.6327, -83.9667,  686.3748, -71.5524, -83.9667,  0, 240, 240
L 686.3748, -71.5524, -83.9667,  701.2966, -71.5535, -83.9667,  0, 240, 240
L 701.2966, -71.5535, -83.9667,  701.3041, -31.5604, -83.9667,  0, 240, 240
L 701.3041, -31.5604, -83.9667,  694.3598, -20.6298, -83.9667,  0, 240, 240
L 701.1127, 19.7065, -83.9667,  727.8832, 26.4120, -83.9667,  0, 240, 240
L 727.8832, 26.4120, -83.9667,  769.4172, 26.4242, -83.9667,  0, 240, 240
L 769.4172, 26.4242, -83.9667,  796.2661, 19.7237, -83.9667,  0, 240, 240
L 803.0259, -20.6474, -83.9667,  796.1002, -31.5352, -83.9667,  0, 240, 240
L 796.1157, -53.3230, -83.9667,  796.1006, -71.1405, -83.9667,  0, 240, 240
L 796.1006, -71.1405, -83.9667,  811.1412, -71.6560, -83.9667,  0, 240, 240
L 811.1412, -71.6560, -83.9667,  824.0719, -84.6227, -83.9667,  0, 240, 240
L 824.0719, -84.6227, -83.9667,  824.0793, -91.5515, -83.9667,  0, 240, 240
L 824.0815, -102.4011, -83.9667,  824.0720, -111.3046, -83.9667,  0, 240, 240
L 824.0720, -111.3046, -83.9667,  811.0425, -124.3498, -83.9667,  0, 240, 240
L 811.0425, -124.3498, -83.9667,  796.1213, -124.3595, -83.9667,  0, 240, 240
L 796.1213, -124.3595, -83.9667,  796.1035, -138.3538, -83.9667,  0, 240, 240
L 803.0259, -20.6474, -83.9667,  796.2661, 19.7237, -83.9667,  0, 240, 240
L 701.1127, 19.7065, -83.9667,  694.3598, -20.6298, -83.9667,  0, 240, 240
L 829.2805, -91.5365, -82.1850,  824.0793, -91.5515, -82.1850,  0, 240, 240
L 824.0815, -102.4011, -82.1849,  829.2310, -102.3864, -82.1850,  0, 240, 240
L 829.2310, -102.3864, -83.9667,  829.2405, -110.3832, -83.9667,  0, 240, 240
L 829.2805, -91.5365, -83.9667,  829.2078, -85.5458, -83.9667,  0, 240, 240
L 796.1096, -45.5382, -83.9667,  796.1002, -31.5352, -83.9667,  0, 240, 240
L 796.1157, -53.3230, -82.4393,  801.2714, -48.1342, -82.4429,  0, 240, 240
L 796.1096, -45.5382, -82.4432,  801.2269, -45.5518, -82.4438,  0, 240, 240
L 801.3039, -43.5339, -83.9667,  801.2269, -45.5518, -83.9667,  0, 240, 240
L 801.2637, -54.3813, -83.9667,  801.2714, -48.1342, -83.9667,  0, 240, 240
L 801.2637, -54.3813, -83.9667,  812.3547, -54.4005, -83.9667,  0, 240, 240
L 801.3039, -43.5339, -83.9667,  812.9525, -43.5610, -83.9667,  0, 240, 240
L 911.4839, -117.3439, -83.9667,  905.6384, -123.1502, -83.9667,  0, 240, 240
L 905.6384, -123.1502, -83.9667,  911.2043, -124.7543, -83.9667,  0, 240, 240
L 911.2043, -124.7543, -83.9667,  911.2005, -141.5075, -83.9667,  0, 240, 240
L 911.2005, -141.5075, -83.9667,  869.2327, -141.5318, -83.9667,  0, 240, 240
L 869.2327, -141.5318, -83.9667,  869.2334, -155.5146, -83.9667,  0, 240, 240
L 869.2334, -155.5146, -83.9667,  841.2422, -155.5204, -83.9667,  0, 240, 240
L 841.2422, -155.5204, -83.9667,  841.2422, -183.5131, -83.9667,  0, 240, 240
L 841.2422, -183.5131, -83.9667,  824.9879, -183.5237, -83.9667,  0, 240, 240
L 824.9879, -183.5237, -83.9667,  811.0351, -169.5179, -83.9667,  0, 240, 240
L 811.0351, -169.5179, -83.9667,  784.3452, -169.5148, -83.9667,  0, 240, 240
L 784.3452, -169.5148, -83.9667,  770.3397, -183.5212, -83.9667,  0, 240, 240
L 770.3397, -183.5212, -83.9667,  755.0220, -183.5230, -83.9667,  0, 240, 240
L 755.0220, -183.5230, -83.9667,  740.1083, -168.5551, -83.9667,  0, 240, 240
L 740.1083, -168.5551, -83.9667,  740.1438, -155.5249, -83.9667,  0, 240, 240
L 736.6673, -155.5110, -83.9667,  736.6671, -155.5110, -83.9666,  0, 240, 240
L 740.1438, -155.5249, -83.9667,  729.2918, -155.5199, -83.9667,  0, 240, 240
L 729.2918, -155.5199, -83.5232,  729.2996, -168.5972, -83.9667,  0, 240, 240
L 729.2996, -168.5972, -83.9667,  714.3704, -183.5173, -83.9667,  0, 240, 240
L 714.3704, -183.5173, -83.5232,  693.6708, -183.5133, -83.9667,  0, 240, 240
L 693.6708, -183.5133, -83.5232,  691.1086, -194.3221, -83.5232,  0, 240, 240
L 691.1086, -194.3221, -83.9667,  714.3898, -194.3277, -83.9667,  0, 240, 240
L 714.3898, -194.3277, -83.9667,  729.2973, -209.2537, -83.9667,  0, 240, 240
L 729.2973, -209.2537, -83.9667,  729.3053, -225.4949, -83.9667,  0, 240, 240
L 729.3053, -225.4949, -83.9667,  715.2874, -225.4852, -83.9667,  0, 240, 240
L 715.2874, -225.4852, -83.9667,  715.3002, -236.3253, -83.9667,  0, 240, 240
L 715.3002, -236.3253, -83.9667,  729.2826, -236.3304, -83.9667,  0, 240, 240
L 729.2826, -236.3304, -83.9667,  729.3087, -267.5402, -83.9667,  0, 240, 240
L 729.3087, -267.5402, -83.9667,  715.2960, -267.4560, -83.9667,  0, 240, 240
L 715.2960, -267.4560, -83.9667,  715.2929, -279.2052, -83.9667,  0, 240, 240
L 729.2933, -298.3005, -83.9667,  740.1387, -298.2604, -83.9667,  110, 22, 190
L 740.1447, -236.3309, -83.9667,  754.1096, -236.3290, -83.9667,  0, 240, 240
L 754.1096, -236.3290, -83.9667,  754.1080, -225.4865, -83.9667,  0, 240, 240
L 754.1080, -225.4865, -83.9667,  740.1384, -225.4838, -83.9667,  0, 240, 240
L 740.1384, -225.4838, -83.9667,  740.1392, -209.2407, -83.9667,  0, 240, 240
L 740.1392, -209.2407, -83.9667,  755.0363, -194.3216, -83.9667,  0, 240, 240
L 755.0363, -194.3216, -83.9667,  770.3533, -194.3254, -83.9667,  0, 240, 240
L 770.3533, -194.3254, -83.9667,  784.3432, -208.3308, -83.9667,  0, 240, 240
L 784.3432, -208.3308, -83.9667,  811.0316, -208.3256, -83.9667,  0, 240, 240
L 811.0316, -208.3256, -83.9667,  825.0026, -194.3260, -83.9667,  0, 240, 240
L 825.0026, -194.3260, -83.9667,  852.0740, -194.3158, -83.9667,  0, 240, 240
L 852.0740, -194.3158, -83.9667,  852.0831, -166.3560, -83.9667,  0, 240, 240
L 852.0831, -166.3560, -83.9667,  880.0689, -166.3569, -83.9667,  0, 240, 240
L 880.0689, -166.3569, -83.9667,  880.0847, -152.3617, -83.9667,  0, 240, 240
L 880.0847, -152.3617, -83.9667,  925.1934, -152.3398, -83.9667,  0, 240, 240
L 925.1934, -152.3398, -83.9667,  925.2134, -169.4390, -83.9667,  0, 240, 240
L 923.1995, -169.5699, -83.9667,  925.2134, -169.4390, -83.9667,  0, 240, 240
L 923.1995, -169.5147, -83.9667,  923.2065, -171.5075, -83.9667,  0, 240, 240
L 923.2065, -171.5075, -83.9667,  918.0584, -171.5182, -83.9667,  0, 240, 240
L 918.0371, -169.5177, -83.9667,  918.0584, -171.5182, -83.9667,  0, 240, 240
L 918.0371, -169.5177, -83.9667,  897.2380, -169.5244, -83.9667,  0, 240, 240
L 919.3499, -109.1459, -83.9667,  922.0474, -112.5344, -83.9667,  0, 240, 240
L 922.0474, -112.5344, -83.9667,  922.0354, -141.5104, -83.9667,  0, 240, 240
L 919.3499, -109.1459, -83.9667,  915.4816, -112.0523, -83.9667,  0, 240, 240
L 922.0354, -141.5104, -83.9667,  936.0428, -141.5257, -83.9667,  0, 240, 240
L 936.0428, -141.5257, -83.9667,  936.0494, -169.4093, -83.9667,  0, 240, 240
L 938.0499, -169.5546, -83.9667,  936.0494, -169.4093, -83.9667,  0, 240, 240
L 938.0505, -169.5150, -83.9667,  938.0290, -171.5058, -83.9667,  0, 240, 240
L 943.2057, -171.5231, -83.9667,  938.0290, -171.5058, -83.9667,  0, 240, 240
L 943.1995, -169.5129, -83.9666,  943.2057, -171.5231, -83.9667,  0, 240, 240
L 943.1995, -169.5129, -83.9667,  953.1950, -169.5210, -83.9667,  0, 240, 240
L 897.2380, -169.5244, -83.9667,  897.2309, -183.5294, -83.9667,  0, 240, 240
L 897.2309, -183.5294, -83.9667,  881.2401, -183.5141, -83.9667,  0, 240, 240
L 881.2401, -183.5141, -83.9667,  881.2283, -194.3285, -83.9667,  0, 240, 240
L 881.2283, -194.3285, -83.9667,  897.2290, -194.3320, -83.9667,  0, 240, 240
L 897.2290, -194.3320, -83.9667,  897.2407, -208.3154, -83.9667,  0, 240, 240
L 897.2407, -208.3154, -83.9667,  911.1891, -208.3210, -83.9667,  0, 240, 240
L 911.1891, -208.3210, -83.9667,  911.2184, -228.3321, -83.9667,  0, 240, 240
L 911.2184, -228.3321, -83.9667,  913.2023, -228.3167, -83.9667,  0, 240, 240
L 913.2023, -228.3167, -83.9667,  913.1988, -233.4873, -83.9667,  0, 240, 240
L 911.2040, -233.4819, -83.9667,  913.1988, -233.4873, -83.9667,  0, 240, 240
L 911.2040, -233.4819, -83.9667,  911.1954, -239.4933, -83.9667,  0, 240, 240
L 911.1954, -239.4933, -83.9667,  897.2397, -239.4826, -83.9667,  0, 240, 240
L 897.2252, -253.4756, -83.9667,  883.2454, -253.4927, -83.9667,  0, 240, 240
L 883.2454, -253.4927, -83.9667,  883.2333, -264.3292, -83.9667,  0, 240, 240
L 883.2333, -264.3292, -83.9667,  897.2338, -264.3254, -83.9667,  0, 240, 240
L 897.2338, -264.3254, -83.9667,  897.2336, -278.2943, -83.9667,  0, 240, 240
L 897.2336, -278.2943, -83.9667,  936.0411, -278.2920, -83.9667,  0, 240, 240
L 897.2397, -239.4826, -83.9667,  897.2252, -253.4756, -83.9667,  0, 240, 240
L 936.0411, -278.2920, -83.9667,  936.0442, -239.4819, -83.9667,  0, 240, 240
L 936.0442, -239.4819, -83.9667,  922.0524, -239.4836, -83.9667,  0, 240, 240
L 922.0524, -239.4836, -83.9667,  922.0468, -233.4807, -83.9667,  0, 240, 240
L 922.0468, -233.4807, -83.9667,  920.0559, -233.4878, -83.9667,  0, 240, 240
L 920.0559, -233.4878, -83.9667,  920.0449, -228.3232, -83.9667,  0, 240, 240
L 922.0486, -228.3318, -83.9667,  920.0449, -228.3232, -83.9667,  0, 240, 240
L 922.0486, -228.3318, -83.9667,  922.0483, -222.3407, -83.9667,  0, 240, 240
L 922.0483, -222.3407, -83.9667,  938.0554, -222.3179, -83.9667,  0, 240, 240
L 938.0554, -222.3179, -83.9667,  938.0378, -211.4894, -83.9667,  0, 240, 240
L 938.0378, -211.4894, -83.9667,  922.0501, -211.4820, -83.9667,  0, 240, 240
L 922.0501, -211.4820, -83.9667,  922.0422, -197.4887, -83.9667,  0, 240, 240
L 922.0422, -197.4887, -83.9667,  908.0403, -197.4830, -83.9667,  0, 240, 240
L 908.0403, -197.4830, -83.9667,  908.0428, -180.3484, -83.9667,  0, 240, 240
L 908.0428, -180.3484, -83.9667,  918.0504, -180.3556, -83.9667,  0, 240, 240
L 918.0504, -180.3556, -83.9667,  918.0389, -178.3721, -83.9667,  0, 240, 240
L 918.0389, -178.3721, -83.9667,  923.1718, -178.3529, -83.9667,  0, 240, 240
L 923.2083, -180.3588, -83.9667,  923.1718, -178.3529, -83.9667,  0, 240, 240
L 923.2083, -180.3588, -83.9667,  938.0025, -180.3572, -83.9667,  0, 240, 240
L 938.0025, -180.3572, -83.9667,  938.1039, -178.3216, -83.9667,  0, 240, 240
L 938.1039, -178.3216, -83.9667,  943.2100, -178.4045, -83.9667,  0, 240, 240
L 943.1995, -180.3545, -83.9667,  943.2100, -178.4045, -83.9667,  0, 240, 240
L 943.1995, -180.3545, -83.9667,  953.2074, -180.3631, -83.9667,  0, 240, 240
L 953.2074, -180.3631, -83.9667,  953.2061, -194.3224, -83.9667,  0, 240, 240
L 953.2061, -194.3224, -83.9667,  967.2072, -194.3304, -83.9667,  0, 240, 240
L 967.2072, -194.3304, -83.9667,  967.2030, -222.3217, -83.9667,  0, 240, 240
L 967.2030, -222.3217, -83.9667,  992.0173, -222.3241, -83.9667,  0, 240, 240
L 992.0173, -222.3241, -83.9667,  992.0159, -208.3352, -83.9667,  0, 240, 240
L 992.0159, -208.3352, -83.9667,  1006.0149, -208.3223, -83.9667,  0, 240, 240
L 1006.0149, -208.3223, -83.9667,  1006.0045, -138.3644, -83.9667,  0, 240, 240
L 1006.0045, -138.3644, -83.9667,  1020.9238, -138.3577, -83.9667,  0, 240, 240
L 1020.9238, -138.3577, -83.9667,  1034.0060, -125.3061, -83.9667,  0, 240, 240
L 1034.0060, -125.3061, -83.9667,  1034.0083, -112.6249, -83.9667,  0, 240, 240
L 1034.0083, -112.6249, -83.9667,  1020.9485, -99.5545, -83.9667,  0, 240, 240
L 1020.9485, -99.5545, -83.9667,  1008.2465, -99.5569, -83.9667,  0, 240, 240
L 1008.2465, -99.5569, -83.9667,  995.1656, -112.6417, -83.9667,  0, 240, 240
L 995.1768, -117.6809, -83.9667,  995.1768, -117.6809, -83.9666,  0, 240, 240
L 995.1656, -112.6417, -83.9667,  995.1750, -127.5096, -83.9667,  0, 240, 240
L 995.1750, -127.5096, -83.9667,  981.1719, -127.5259, -83.9667,  0, 240, 240
L 981.1719, -127.5259, -83.9667,  981.1690, -139.2679, -83.9667,  0, 240, 240
L 981.1690, -139.2679, -83.9667,  995.1711, -153.2890, -83.9667,  0, 240, 240
L 995.1711, -153.2890, -83.9667,  995.1782, -183.5085, -83.9667,  0, 240, 240
L 995.1782, -183.5085, -83.9667,  978.0184, -183.5249, -83.9667,  0, 240, 240
L 978.0184, -183.5249, -83.9667,  978.0050, -155.5211, -83.9667,  0, 240, 240
L 978.0050, -155.5211, -83.9667,  964.0398, -155.5145, -83.9667,  0, 240, 240
L 964.0398, -155.5145, -83.9667,  964.0546, -141.5095, -83.9667,  0, 240, 240
L 964.0546, -141.5095, -83.9667,  953.2128, -141.5159, -83.9667,  0, 240, 240
L 953.2128, -141.5159, -83.9667,  953.1950, -169.5210, -83.9667,  0, 240, 240
L 754.1017, 19.5776, -97.9667,  754.1136, 29.5690, -97.9667,  0, 240, 240
L 754.1017, 19.5776, -97.9667,  752.1147, 19.5552, -97.9667,  0, 240, 240
L 752.1147, 19.5552, -97.9667,  752.1027, 12.4157, -97.9667,  0, 240, 240
L 754.1544, 12.4257, -97.9667,  752.1027, 12.4157, -97.9667,  0, 240, 240
L 698.1458, -56.6418, -195.9041,  685.0719, -43.5451, -195.9042,  240, 127, 0
L 685.0719, -43.5451, -195.9042,  672.3630, -43.5511, -195.9042,  240, 127, 0
L 672.3630, -43.5511, -195.9042,  658.4194, -57.5441, -195.9042,  240, 127, 0
L 658.4194, -57.5441, -195.9041,  642.1706, -57.5510, -195.9042,  240, 127, 0
L 642.1706, -57.5510, -195.9042,  642.1681, -29.5769, -195.9042,  240, 127, 0
L 642.1681, -29.5769, -195.9042,  600.1683, -29.5912, -195.9042,  240, 127, 0
L 600.1683, -29.5912, -195.9042,  600.1820, 43.5486, -195.9042,  240, 127, 0
L 600.1820, 43.5486, -195.9042,  617.3254, 43.5474, -195.9042,  240, 127, 0
L 617.3254, 43.5474, -195.9042,  617.3353, 1.5838, -195.9042,  240, 127, 0
L 617.3353, 1.5838, -195.9042,  672.3791, 1.5642, -195.9042,  240, 127, 0
L 672.3791, 1.5642, -195.9041,  686.3877, -12.4272, -195.9042,  240, 127, 0
L 686.3877, -12.4272, -195.9042,  699.0793, -12.4109, -195.9042,  240, 127, 0
L 699.0793, -12.4109, -195.9042,  713.0356, 1.5649, -195.9042,  240, 127, 0
L 713.0356, 1.5649, -195.9041,  722.1442, 1.5845, -195.9041,  240, 127, 0
L 722.1442, 1.5845, -195.9041,  722.1321, 3.5605, -195.9042,  240, 127, 0
L 722.1321, 3.5605, -195.9042,  727.3015, 3.5881, -195.9042,  240, 127, 0
L 727.2925, 1.6136, -195.9042,  727.3015, 3.5881, -195.9042,  240, 127, 0
L 727.2964, 1.5744, -195.9041,  728.3676, 1.5791, -195.9042,  240, 127, 0
L 728.3676, 1.5791, -195.9042,  743.2441, -13.2830, -195.9042,  240, 127, 0
L 743.3163, -14.4255, -195.9042,  743.2441, -13.2830, -195.9041,  240, 127, 0
L 743.2932, -14.4227, -195.9041,  745.2575, -14.4188, -195.9042,  240, 127, 0
L 745.2575, -14.4188, -195.9041,  745.2689, -19.5929, -195.9042,  240, 127, 0
L 743.2949, -19.5732, -195.9041,  745.2689, -19.5929, -195.9042,  240, 127, 0
L 743.2949, -19.5732, -195.9041,  743.2994, -28.6553, -195.9041,  240, 127, 0
L 743.2994, -28.6553, -195.9042,  729.2980, -42.6242, -195.9042,  240, 127, 0
L 729.2980, -42.6242, -195.9042,  729.2993, -55.3221, -195.9042,  240, 127, 0
L 729.2993, -55.3221, -195.9042,  742.4008, -68.4062, -195.9042,  240, 127, 0
L 742.4008, -68.4062, -195.9042,  755.0519, -68.3738, -195.9042,  240, 127, 0
L 755.0519, -68.3738, -195.9042,  769.0372, -54.3805, -195.9042,  240, 127, 0
L 769.0372, -54.3805, -195.9041,  810.1185, -54.4091, -195.9042,  240, 127, 0
L 810.1185, -54.4091, -195.9041,  810.0850, -13.3324, -195.9042,  240, 127, 0
L 810.0850, -13.3324, -195.9042,  824.0925, 0.6490, -195.9042,  240, 127, 0
L 824.0925, 0.6490, -195.9042,  824.0662, 13.3319, -195.9042,  240, 127, 0
L 824.0662, 13.3319, -195.9042,  811.0422, 26.4228, -195.9042,  240, 127, 0
L 811.0422, 26.4228, -195.9042,  798.3467, 26.4186, -195.9042,  240, 127, 0
L 798.3467, 26.4186, -195.9042,  784.3216, 12.4036, -195.9042,  240, 127, 0
L 784.3216, 12.4036, -195.9042,  775.2642, 12.4227, -195.9042,  240, 127, 0
L 775.2642, 12.4227, -195.9041,  775.2165, 10.3932, -195.9041,  240, 127, 0
L 775.2165, 10.3932, -195.9042,  770.2097, 10.4387, -195.9042,  240, 127, 0
L 770.0648, 12.4253, -195.9041,  769.0405, 12.4197, -195.9042,  240, 127, 0
L 770.0648, 12.4253, -195.9041,  770.2097, 10.4387, -195.9042,  240, 127, 0
L 769.0405, 12.4197, -195.9041,  754.1110, 27.3338, -195.9042,  240, 127, 0
L 754.1110, 28.4238, -195.9041,  754.1110, 27.3338, -195.9042,  240, 127, 0
L 754.1110, 28.4238, -195.9041,  752.0927, 28.4227, -195.9042,  240, 127, 0
L 752.0927, 28.4227, -195.9042,  752.1226, 33.5844, -195.9042,  240, 127, 0
L 754.1057, 33.5745, -195.9041,  752.1226, 33.5844, -195.9042,  240, 127, 0
L 754.1057, 33.5745, -195.9042,  754.1163, 42.6457, -195.9042,  240, 127, 0
L 754.1163, 42.6457, -195.9041,  768.1070, 56.6166, -195.9042,  240, 127, 0
L 768.1070, 56.6166, -195.9041,  768.1132, 69.2987, -195.9042,  240, 127, 0
L 768.1132, 69.2987, -195.9042,  754.1030, 83.3282, -195.9042,  240, 127, 0
L 754.1030, 83.3282, -195.9042,  754.1180, 124.3517, -195.9042,  240, 127, 0
L 754.1180, 124.3517, -195.9041,  687.2889, 124.3595, -195.9042,  240, 127, 0
L 687.2889, 124.3595, -195.9041,  687.3082, 103.5433, -195.9041,  240, 127, 0
L 698.1312, 103.5432, -195.9042,  698.1482, 113.5610, -195.9042,  240, 127, 0
L 698.1482, 113.5610, -195.9042,  743.3001, 113.5475, -195.9042,  240, 127, 0
L 743.3001, 113.5475, -195.9042,  743.3006, 83.3232, -195.9042,  240, 127, 0
L 743.3006, 83.3232, -195.9042,  729.3010, 69.3155, -195.9042,  240, 127, 0
L 729.3010, 69.3155, -195.9042,  729.3015, 56.6159, -195.9042,  240, 127, 0
L 729.3015, 56.6159, -195.9042,  743.2925, 42.6378, -195.9042,  240, 127, 0
L 743.2925, 42.6378, -195.9042,  743.2990, 33.5772, -195.9042,  240, 127, 0
L 743.2990, 33.5772, -195.9041,  745.2997, 33.5724, -195.9042,  240, 127, 0
L 745.2997, 33.5724, -195.9041,  745.2372, 28.5568, -195.9041,  240, 127, 0
L 743.2933, 28.3871, -195.9041,  745.2372, 28.5568, -195.9041,  240, 127, 0
L 743.2933, 28.3871, -195.9041,  743.2957, 27.3645, -195.9042,  240, 127, 0
L 743.2957, 27.3645, -195.9042,  728.4012, 12.4184, -195.9042,  240, 127, 0
L 775.3328, 1.5881, -195.9042,  784.3359, 1.5753, -195.9041,  240, 127, 0
L 784.3359, 1.5753, -195.9042,  799.2613, -13.3401, -195.9042,  240, 127, 0
L 799.2613, -13.3401, -195.9042,  799.2783, -43.5528, -195.9042,  240, 127, 0
L 799.2783, -43.5528, -195.9041,  769.0259, -43.5478, -195.9042,  240, 127, 0
L 769.0259, -43.5478, -195.9042,  754.1267, -28.6718, -195.9042,  240, 127, 0
L 754.0969, -19.5740, -195.9041,  754.1267, -28.6718, -195.9042,  240, 127, 0
L 775.0756, 3.5879, -195.9042,  770.1010, 3.5645, -195.9042,  240, 127, 0
L 770.1128, 1.5921, -195.9041,  770.1010, 3.5645, -195.9041,  240, 127, 0
L 770.1128, 1.5921, -195.9042,  769.0017, 1.5610, -195.9042,  240, 127, 0
L 769.0017, 1.5610, -195.9042,  754.1265, -13.3337, -195.9041,  240, 127, 0
L 775.3328, 1.5881, -195.9042,  775.0756, 3.5879, -195.9042,  240, 127, 0
L 754.1110, -14.4255, -195.9041,  754.1265, -13.3337, -195.9041,  240, 127, 0
L 754.1134, -14.4253, -195.9032,  752.1335, -14.4183, -195.9041,  240, 127, 0
L 752.0847, -19.5813, -195.9041,  752.1335, -14.4183, -195.9042,  240, 127, 0
L 754.0969, -19.5740, -195.9041,  752.0847, -19.5813, -195.9042,  240, 127, 0
L 727.2932, 12.4261, -195.9041,  728.4012, 12.4184, -195.9041,  240, 127, 0
L 727.2932, 12.4261, -195.9041,  727.3070, 10.4272, -195.9041,  240, 127, 0
L 727.3070, 10.4272, -195.9041,  722.1353, 10.4232, -195.9041,  240, 127, 0
L 722.1438, 12.4257, -195.9042,  722.1353, 10.4232, -195.9042,  240, 127, 0
L 722.1438, 12.4257, -195.9042,  713.0676, 12.4110, -195.9042,  240, 127, 0
L 713.0676, 12.4110, -195.9041,  699.0615, 26.4253, -195.9042,  240, 127, 0
L 699.0615, 26.4253, -195.9042,  686.3936, 26.4229, -195.9042,  240, 127, 0
L 686.3936, 26.4229, -195.9042,  672.3591, 12.4265, -195.9042,  240, 127, 0
L 672.3591, 12.4265, -195.9041,  628.1616, 12.4143, -195.9041,  240, 127, 0
L 628.1616, 12.4143, -195.9041,  628.1711, 54.3887, -195.9042,  240, 127, 0
L 628.1711, 54.3887, -195.9041,  589.3101, 54.3948, -195.9042,  240, 127, 0
L 589.3101, 54.3948, -195.9042,  589.3372, 40.4020, -195.9042,  240, 127, 0
L 589.3372, 40.4020, -195.9041,  574.4146, 40.3793, -195.9042,  240, 127, 0
L 574.4146, 40.3793, -195.9042,  560.4562, 26.4388, -195.9042,  240, 127, 0
L 560.4562, 26.4388, -195.9042,  547.3546, 26.4151, -195.9041,  240, 127, 0
L 547.3546, 26.4151, -195.9042,  547.3638, 15.5757, -195.9041,  240, 127, 0
L 547.3638, 15.5757, -195.9041,  561.3502, 15.5772, -195.9042,  240, 127, 0
L 561.3502, 15.5772, -195.9042,  561.3627, -1.5856, -195.9042,  240, 127, 0
L 698.1312, 103.5432, -195.9041,  696.1553, 103.5539, -195.9042,  240, 127, 0
L 696.1249, 98.3737, -195.9041,  696.1553, 103.5539, -195.9042,  240, 127, 0
L 698.1442, 98.3945, -195.9041,  696.1249, 98.3737, -195.9041,  240, 127, 0
L 698.1429, 98.3943, -195.9041,  698.1411, 97.3338, -195.9042,  240, 127, 0
L 698.1411, 97.3338, -195.9042,  712.1259, 83.3090, -195.9042,  240, 127, 0
L 712.1259, 83.3090, -195.9041,  712.1416, 56.6271, -195.9042,  240, 127, 0
L 712.1416, 56.6271, -195.9041,  699.0587, 43.5463, -195.9042,  240, 127, 0
L 699.0587, 43.5463, -195.9042,  658.4102, 43.5484, -195.9042,  240, 127, 0
L 658.4102, 43.5484, -195.9042,  645.3271, 56.6322, -195.9042,  240, 127, 0
L 645.3271, 56.6322, -195.9041,  645.3405, 83.3239, -195.9042,  240, 127, 0
L 645.3405, 83.3239, -195.9041,  658.3945, 96.3938, -195.9041,  240, 127, 0
L 658.3945, 96.3938, -195.9041,  687.3011, 96.3765, -195.9042,  240, 127, 0
L 687.2932, 98.3945, -195.9041,  687.3011, 96.3765, -195.9042,  240, 127, 0
L 687.2932, 98.3945, -195.9041,  689.3087, 98.3891, -195.9042,  240, 127, 0
L 689.2715, 103.5496, -195.9042,  689.3087, 98.3891, -195.9042,  240, 127, 0
L 687.3082, 103.5433, -195.9041,  689.2715, 103.5496, -195.9042,  240, 127, 0
L 534.2073, -1.5751, -195.9041,  534.1983, -8.5685, -195.9042,  240, 127, 0
L 479.3888, -12.4181, -195.9041,  479.3683, -10.4202, -195.9042,  240, 127, 0
L 474.2361, -10.4289, -195.9041,  474.2361, -27.3425, -195.9042,  240, 127, 0
L 474.2361, -10.4289, -195.9041,  479.3683, -10.4202, -195.9041,  240, 127, 0
L 534.2073, -1.5751, -195.9042,  479.4337, -1.5886, -195.9042,  240, 127, 0
L 479.4337, -1.5886, -195.9041,  479.2946, -3.5672, -195.9042,  240, 127, 0
L 479.2946, -3.5672, -195.9042,  474.2430, -3.5830, -195.9042,  240, 127, 0
L 474.2430, -3.5830, -195.9042,  474.2303, 13.3477, -195.9042,  240, 127, 0
L 474.2303, 13.3477, -195.9042,  461.1690, 26.4128, -195.9042,  240, 127, 0
L 461.1690, 26.4128, -195.9042,  378.8256, 26.4361, -195.9042,  240, 127, 0
L 378.8256, 26.4361, -195.9042,  365.4306, -0.3688, -195.9042,  240, 127, 0
L 365.4306, -0.3688, -195.9041,  365.4125, -27.3431, -195.9042,  240, 127, 0
L 365.4125, -27.3431, -195.9041,  378.4771, -40.3722, -195.9042,  240, 127, 0
L 378.4771, -40.3722, -195.9041,  390.2104, -40.3893, -195.9042,  240, 127, 0
L 474.2361, -27.3425, -195.9042,  461.1432, -40.3948, -195.9042,  240, 127, 0
L 461.1432, -40.3948, -195.9042,  421.6503, -40.3818, -195.9042,  240, 127, 0
L 430.0577, -16.5009, -196.9042,  421.6503, -40.3818, -196.9042,  0, 240, 0
L 390.2674, -16.6600, -196.9042,  390.2104, -40.3893, -196.9042,  0, 240, 0
L 393.4341, -40.3844, -181.9354,  378.4951, -40.3930, -181.9354,  0, 240, 0
L 378.4951, -40.3930, -181.9354,  365.4243, -27.3421, -181.9355,  0, 240, 0
L 365.4243, -27.3421, -181.9354,  365.4326, -0.3543, -181.9355,  0, 240, 0
L 365.4326, -0.3543, -181.9354,  378.8195, 26.4165, -181.9355,  0, 240, 0
L 378.8195, 26.4165, -181.9354,  461.1697, 26.3939, -181.9354,  0, 240, 0
L 461.1697, 26.3939, -181.9354,  474.2199, 13.3771, -181.9354,  0, 240, 0
L 474.2199, 13.3771, -181.9354,  474.2346, -27.3464, -181.9355,  0, 240, 0
L 474.2346, -27.3464, -181.9354,  461.1531, -40.3738, -181.9355,  0, 240, 0
L 461.1531, -40.3738, -181.9354,  446.2387, -40.3992, -181.9355,  0, 240, 0
L 446.2387, -40.3992, -181.9354,  446.2339, -83.3261, -181.9355,  0, 240, 0
L 446.2339, -83.3261, -181.9354,  432.2296, -97.3140, -181.9354,  0, 240, 0
L 432.2296, -97.3140, -181.9354,  432.2319, -127.5173, -181.9354,  0, 240, 0
L 432.2319, -127.5173, -181.9354,  446.2189, -127.5150, -181.9355,  0, 240, 0
L 446.2189, -127.5150, -181.9354,  446.2414, -138.3633, -181.9355,  0, 240, 0
L 446.2414, -138.3633, -181.9354,  432.2305, -138.3521, -181.9355,  0, 240, 0
L 432.2305, -138.3521, -181.9354,  432.2277, -156.3594, -181.9354,  0, 240, 0
L 432.2277, -156.3594, -181.9354,  407.4295, -156.3733, -181.9354,  0, 240, 0
L 407.4295, -156.3733, -181.9354,  407.4175, -138.3641, -181.9354,  0, 240, 0
L 407.4175, -138.3641, -181.9354,  389.4182, -138.3530, -181.9354,  0, 240, 0
L 407.4296, -127.5311, -181.9355,  407.4184, -97.3088, -181.9355,  0, 240, 0
L 407.4184, -97.3088, -181.9354,  393.4214, -83.3107, -181.9355,  0, 240, 0
L 393.4214, -83.3107, -181.9354,  393.4341, -40.3844, -181.9354,  0, 240, 0
L 389.4182, -138.3530, -181.9354,  389.4354, -136.3417, -181.9354,  0, 240, 0
L 384.2877, -136.3833, -181.9354,  389.4354, -136.3417, -181.9354,  0, 240, 0
L 384.2651, -138.3626, -181.9354,  384.2877, -136.3833, -181.9354,  0, 240, 0
L 384.2651, -138.3626, -181.9354,  376.2651, -138.3613, -181.9354,  0, 240, 0
L 376.2651, -138.3613, -181.9354,  376.2668, -152.3661, -181.9355,  0, 240, 0
L 376.2668, -152.3661, -181.9354,  360.2619, -152.3497, -181.9354,  0, 240, 0
L 353.4228, -152.3716, -181.9354,  337.4561, -152.3492, -181.9355,  0, 240, 0
L 337.4561, -152.3492, -181.9355,  337.4485, -113.5765, -181.9355,  0, 240, 0
L 376.2567, -113.5170, -181.9354,  337.4485, -113.5765, -181.9354,  0, 240, 0
L 384.2675, -127.5133, -181.9354,  376.2709, -127.5173, -181.9354,  0, 240, 0
L 384.2675, -127.5133, -181.9354,  384.2739, -129.4944, -181.9354,  0, 240, 0
L 389.4743, -127.5109, -181.9354,  389.3778, -129.5379, -181.9354,  0, 240, 0
L 389.4743, -127.5109, -181.9354,  407.4296, -127.5311, -181.9354,  0, 240, 0
L 389.3778, -129.5379, -181.9354,  384.2739, -129.4944, -181.9354,  0, 240, 0
L 376.2709, -127.5173, -181.9354,  376.2567, -113.5170, -181.9354,  0, 240, 0
L 729.2988, 29.5754, -97.9667,  729.2983, 68.3715, -97.9667,  0, 240, 240
L 729.2983, 68.3715, -97.9667,  768.0981, 68.4049, -97.9667,  0, 240, 240
L 768.0981, 68.4049, -97.9667,  768.1111, 29.5868, -97.9667,  0, 240, 240
L 768.1111, 29.5868, -97.9667,  754.1136, 29.5690, -97.9667,  0, 240, 240
L 729.2988, 29.5754, -97.9667,  743.3177, 29.5811, -97.9667,  0, 240, 240
L 743.3177, 29.5811, -97.9667,  743.2946, 19.5744, -97.9667,  0, 240, 240
L 744.1580, 0.7790, -97.9667,  744.0042, 12.7303, -97.9667,  240, 127, 0
L 753.1506, 0.8893, -97.9667,  744.1580, 0.7790, -97.9667,  240, 127, 0
L 753.1506, 12.7303, -97.9667,  744.0042, 12.7303, -97.9667,  240, 127, 0
L 698.1458, -56.6418, -195.9042,  698.1351, -69.3242, -195.9042,  240, 127, 0
L 672.3763, -82.3978, -195.9042,  658.3854, -68.3663, -195.9042,  240, 127, 0
L 658.3854, -68.3663, -195.9042,  614.1730, -68.4006, -195.9042,  240, 127, 0
L 698.1351, -69.3242, -195.9042,  685.0530, -82.3831, -195.9042,  240, 127, 0
L 685.0530, -82.3831, -195.9042,  672.3763, -82.3978, -195.9042,  240, 127, 0
L 614.1730, -68.4006, -195.9042,  614.1613, -85.5646, -195.9042,  240, 127, 0
L 614.1613, -85.5646, -195.9042,  629.0893, -85.5416, -195.9042,  240, 127, 0
L 629.0893, -85.5416, -195.9042,  642.1709, -98.6185, -195.9042,  240, 127, 0
L 642.1709, -98.6185, -195.9041,  642.1770, -113.5511, -195.9042,  240, 127, 0
L 642.1770, -113.5511, -195.9042,  656.1710, -113.5441, -195.9042,  240, 127, 0
L 656.1710, -113.5441, -195.9041,  656.1714, -124.3576, -195.9042,  240, 127, 0
L 656.1714, -124.3576, -195.9042,  642.1763, -124.3582, -195.9042,  240, 127, 0
L 642.1763, -124.3582, -195.9042,  642.1666, -141.5183, -195.9042,  240, 127, 0
L 642.1666, -141.5183, -195.9041,  656.1702, -141.5214, -195.9042,  240, 127, 0
L 656.1702, -141.5214, -195.9041,  656.1719, -152.3499, -195.9042,  240, 127, 0
L 656.1719, -152.3499, -195.9042,  643.0916, -152.3582, -195.9042,  240, 127, 0
L 643.0916, -152.3582, -195.9042,  627.8281, -167.6151, -195.9041,  240, 127, 0
L 627.8281, -167.6151, -195.9041,  642.1581, -196.2862, -195.9041,  240, 127, 0
L 642.1581, -196.2862, -193.9354,  642.1794, -222.9225, -193.9355,  240, 127, 0
L 642.1794, -222.9225, -193.9354,  615.3799, -236.3244, -193.9354,  240, 127, 0
L 602.1306, -236.3254, -193.9354,  615.3799, -236.3244, -193.9354,  240, 127, 0
L 602.1306, -236.3254, -193.9354,  575.3658, -222.9321, -193.9355,  240, 127, 0
L 575.3658, -222.9321, -193.9354,  575.3517, -196.3119, -193.9355,  240, 127, 0
L 575.3517, -196.3119, -195.9042,  589.6698, -167.6228, -195.9042,  240, 127, 0
L 589.6698, -167.6228, -195.9041,  574.4165, -152.3420, -195.9042,  240, 127, 0
L 574.4165, -152.3420, -195.9041,  561.3646, -152.3654, -195.9042,  240, 127, 0
L 561.3646, -152.3654, -195.9041,  561.3521, -141.5173, -195.9042,  240, 127, 0
L 561.3521, -141.5173, -195.9042,  575.3609, -141.5190, -195.9042,  240, 127, 0
L 575.3609, -141.5190, -195.9041,  575.3635, -124.3668, -195.9042,  240, 127, 0
L 575.3635, -124.3668, -195.9042,  561.3602, -124.3517, -195.9042,  240, 127, 0
L 561.3602, -124.3517, -195.9042,  561.3652, -113.5577, -195.9042,  240, 127, 0
L 561.3652, -113.5577, -195.9042,  575.3643, -113.5488, -195.9042,  240, 127, 0
L 575.3643, -113.5488, -195.9042,  575.3582, -98.6171, -195.9042,  240, 127, 0
L 575.3582, -98.6171, -195.9042,  588.4156, -85.5459, -195.9042,  240, 127, 0
L 588.4156, -85.5459, -195.9041,  603.3298, -85.5463, -195.9042,  240, 127, 0
L 603.3298, -85.5463, -195.9042,  603.3356, -57.5394, -195.9042,  240, 127, 0
L 603.3356, -57.5394, -195.9042,  631.3259, -57.5551, -195.9042,  240, 127, 0
L 631.3259, -57.5551, -195.9041,  631.3227, -40.3849, -195.9042,  240, 127, 0
L 631.3227, -40.3849, -195.9042,  589.3260, -40.3944, -195.9042,  240, 127, 0
L 589.3260, -40.3944, -195.9042,  589.3285, -26.4352, -195.9042,  240, 127, 0
L 589.3285, -26.4352, -195.9042,  574.4177, -26.4052, -195.9042,  240, 127, 0
L 574.4177, -26.4052, -195.9041,  560.4325, -12.4198, -195.9042,  240, 127, 0
L 560.4325, -12.4198, -195.9042,  479.3888, -12.4181, -195.9042,  240, 127, 0
L 561.3627, -1.5856, -195.9042,  547.3705, -1.5815, -195.9042,  240, 127, 0
L 547.3705, -1.5815, -195.9041,  547.3448, -8.5772, -195.9042,  240, 127, 0
L 547.3448, -8.5772, -193.9355,  534.1983, -8.5685, -193.9355,  240, 127, 0
L 57.5404, -110.3872, -181.9354,  57.5515, -124.3587, -181.9354,  0, 240, 0
L 57.5515, -124.3587, -181.9354,  71.5402, -124.3651, -181.9355,  0, 240, 0
L 71.5402, -124.3651, -181.9354,  71.5517, -133.7395, -181.9355,  0, 240, 0
L 71.5432, -134.3619, -181.9354,  73.5380, -134.3615, -181.9354,  0, 240, 0
L 73.5380, -134.3615, -181.9354,  73.5473, -139.5205, -181.9354,  0, 240, 0
L 71.5771, -139.5120, -181.9354,  73.5473, -139.5205, -181.9354,  0, 240, 0
L 71.5430, -139.5117, -181.9347,  71.5560, -141.5744, -181.9354,  0, 240, 0
L 71.5432, -139.5119, -181.9353,  71.7246, -139.5127, -181.9354,  0, 240, 0
L 71.5560, -141.5744, -181.9354,  57.5546, -141.4163, -181.9354,  0, 240, 0
L 57.5404, -110.3872, -181.9354,  51.5428, -110.3880, -181.9354,  0, 240, 0
L 51.5428, -110.3880, -181.9354,  51.5544, -108.3893, -181.9354,  0, 240, 0
L 51.5544, -108.3893, -181.9354,  46.3849, -108.3937, -181.9355,  0, 240, 0
L 46.3943, -110.3896, -181.9354,  46.3849, -108.3937, -181.9354,  0, 240, 0
L 46.3943, -110.3896, -181.9354,  40.3764, -110.3981, -181.9354,  0, 240, 0
L 40.3764, -110.3981, -181.9354,  40.3891, -124.3463, -181.9355,  0, 240, 0
L 40.3891, -124.3463, -181.9354,  15.5900, -124.3645, -181.9355,  0, 240, 0
L 15.5900, -124.3645, -181.9354,  15.5764, -99.5614, -181.9355,  0, 240, 0
L 15.5764, -99.5614, -181.9354,  46.3943, -99.5428, -181.9355,  0, 240, 0
L 46.3943, -99.5428, -181.9354,  46.3853, -101.5318, -181.9354,  0, 240, 0
L 46.3853, -101.5318, -181.9354,  51.3958, -101.5553, -181.9355,  0, 240, 0
L 51.6029, -99.5433, -181.9354,  51.3958, -101.5553, -181.9354,  0, 240, 0
L 51.6029, -99.5433, -181.9354,  57.5919, -99.5515, -181.9355,  0, 240, 0
L 57.5919, -99.5515, -181.9354,  57.5236, -82.2695, -181.9354,  0, 240, 0
L 57.5236, -82.2695, -181.9354,  51.5422, -82.4130, -181.9354,  0, 240, 0
L 51.5422, -82.4130, -181.9354,  51.5615, -80.4362, -181.9354,  0, 240, 0
L 46.3838, -80.2635, -181.9354,  51.5615, -80.4362, -181.9354,  0, 240, 0
L 46.3942, -82.3834, -181.9354,  46.3838, -80.2635, -181.9354,  0, 240, 0
L 46.3942, -82.3834, -181.9354,  15.5782, -82.4112, -181.9354,  0, 240, 0
L 15.5782, -82.4112, -181.9354,  15.5808, -57.5697, -181.9355,  0, 240, 0
L 15.5808, -57.5697, -180.9810,  40.3904, -57.5429, -181.9355,  0, 240, 0
L 40.3904, -57.5429, -181.9354,  40.3858, -71.5496, -181.9354,  0, 240, 0
L 46.3945, -71.5534, -181.9354,  40.3858, -71.5496, -181.9355,  0, 240, 0
L 46.3945, -71.5534, -181.9353,  46.3896, -73.5366, -181.9354,  0, 240, 0
L 51.5488, -73.5528, -181.9354,  46.3896, -73.5366, -181.9354,  0, 240, 0
L 51.5432, -71.5434, -181.9354,  51.5488, -73.5528, -181.9354,  0, 240, 0
L 51.5432, -71.5434, -181.9354,  57.5388, -71.5495, -181.9355,  0, 240, 0
L 57.5388, -71.5495, -181.9354,  57.5563, -57.5479, -181.9355,  0, 240, 0
L 57.5563, -57.5479, -181.9354,  71.5575, -57.5499, -181.9355,  0, 240, 0
L 40.3864, -40.3754, -181.9354,  -12.4307, -40.3871, -181.9355,  0, 240, 0
L -12.4307, -40.3871, -181.9354,  -12.4014, -1.5783, -181.9354,  0, 240, 0
L -12.4014, -1.5783, -181.9354,  40.3893, -1.5785, -181.9354,  0, 240, 0
L 40.3893, -1.5785, -181.9354,  40.3884, -15.5744, -181.3550,  0, 240, 0
L 40.3884, -15.5744, -181.9354,  56.6224, -15.5840, -181.9355,  0, 240, 0
L 40.3894, -26.4307, -181.9354,  56.6169, -26.4147, -181.9354,  0, 240, 0
L 40.3864, -40.3754, -181.9354,  40.3894, -26.4307, -181.9354,  0, 240, 0
L 56.6169, -26.4147, -181.9354,  71.5545, -41.3141, -181.9355,  0, 240, 0
L 71.5545, -41.3141, -181.9354,  71.5445, -50.3692, -181.9354,  0, 240, 0
L 56.6224, -15.5840, -181.9354,  71.5429, -0.6603, -181.9355,  0, 240, 0
L 71.5429, -0.6603, -181.9354,  71.5474, 14.6653, -181.9355,  0, 240, 0
L 71.5474, 14.6653, -181.9354,  57.5561, 28.6540, -181.9355,  0, 240, 0
L 57.5561, 28.6540, -181.9355,  57.5511, 57.5591, -181.9355,  0, 240, 0
L 57.5511, 57.5591, -181.9354,  26.4090, 57.5343, -181.9354,  0, 240, 0
L 26.4090, 57.5343, -181.9354,  26.4286, 40.3951, -181.9354,  0, 240, 0
L 26.4286, 40.3951, -181.9354,  40.3876, 40.3865, -181.9355,  0, 240, 0
L 40.3876, 40.3865, -181.9354,  40.3882, 15.5900, -181.9355,  0, 240, 0
L 40.3882, 15.5900, -181.9354,  1.5686, 15.5740, -181.9355,  0, 240, 0
L 1.5686, 15.5740, -181.9354,  1.5860, 40.3917, -181.9355,  0, 240, 0
L 1.5860, 40.3917, -181.9354,  15.5783, 40.3786, -181.4919,  0, 240, 0
L 15.5783, 40.3786, -181.9354,  15.5813, 71.5525, -181.9354,  0, 240, 0
L 15.5813, 71.5525, -181.9354,  -29.5784, 71.5376, -181.9355,  0, 240, 0
L -29.5784, 71.5376, -181.9354,  -29.5847, 40.3859, -181.9355,  0, 240, 0
L -29.5847, 40.3859, -181.9354,  -15.5721, 40.3886, -181.9355,  0, 240, 0
L -15.5721, 40.3886, -181.9354,  -15.5941, 15.5957, -181.9355,  0, 240, 0
L -15.5941, 15.5957, -181.9354,  -54.3891, 15.5610, -181.9355,  0, 240, 0
L -54.3891, 15.5610, -181.9354,  -54.3939, 40.3893, -181.9355,  0, 240, 0
L -54.3939, 40.3893, -181.9354,  -40.3770, 40.3887, -181.6616,  0, 240, 0
L -40.3770, 40.3887, -181.9354,  -40.4098, 82.3833, -181.9354,  0, 240, 0
L -40.4098, 82.3833, -181.9354,  -13.4954, 82.3931, -181.9355,  0, 240, 0
L -13.4954, 82.3931, -181.9354,  28.8165, 110.6271, -181.9355,  0, 240, 0
L 28.8165, 110.6271, -181.9354,  56.8152, 124.5724, -181.9354,  0, 240, 0
L 56.8152, 124.5724, -181.9354,  71.5510, 139.2652, -181.9354,  0, 240, 0
L 71.5510, 139.2652, -181.9354,  71.5446, 154.5988, -181.9355,  0, 240, 0
L 71.5446, 154.5988, -181.9354,  56.5855, 169.5418, -181.9355,  0, 240, 0
L 56.5855, 169.5418, -181.9354,  1.5849, 169.4817, -181.9355,  0, 240, 0
L 1.5849, 169.4817, -181.9354,  1.5678, 211.5023, -181.9355,  0, 240, 0
L 1.5678, 211.5023, -181.9354,  -15.5913, 211.4791, -181.9355,  0, 240, 0
L -15.5913, 211.4791, -181.9354,  -15.5773, 197.4967, -181.9355,  0, 240, 0
L -15.5773, 197.4967, -181.9355,  -54.3882, 197.4816, -181.9355,  0, 240, 0
L -54.3882, 197.4816, -181.9354,  -54.3939, 236.3243, -181.9355,  0, 240, 0
L -54.3939, 236.3243, -181.9354,  -15.5800, 236.3354, -181.9355,  0, 240, 0
L -15.5800, 236.3354, -181.9354,  -15.5808, 222.3188, -181.9355,  0, 240, 0
L -15.5808, 222.3188, -181.9354,  12.4199, 222.3310, -181.9355,  0, 240, 0
L 12.4199, 222.3310, -181.9354,  12.4224, 180.3514, -181.9354,  0, 240, 0
L 12.4224, 180.3514, -181.9354,  56.6213, 180.3572, -181.9355,  0, 240, 0
L 56.6213, 180.3572, -181.9354,  71.5508, 195.2566, -181.9354,  0, 240, 0
L 82.3886, 195.2544, -181.9354,  97.3240, 180.3464, -181.9355,  0, 240, 0
L 97.3240, 180.3464, -181.9355,  141.5176, 180.3521, -181.9355,  0, 240, 0
L 141.5176, 180.3521, -181.9354,  141.5285, 222.3264, -181.9354,  0, 240, 0
L 141.5285, 222.3264, -181.9354,  169.5482, 222.3150, -181.4920,  0, 240, 0
L 169.5482, 222.3150, -181.9354,  169.5110, 236.3429, -181.9355,  0, 240, 0
L 169.5110, 236.3429, -181.9355,  208.3318, 236.2957, -181.9355,  0, 240, 0
L 208.2952, 197.4716, -181.9354,  169.5202, 197.4896, -181.9355,  0, 240, 0
L 169.5202, 197.4896, -181.9354,  169.5092, 211.4870, -181.9355,  0, 240, 0
L 169.5092, 211.4870, -181.9354,  152.3707, 211.4801, -181.9355,  0, 240, 0
L 152.3707, 211.4801, -181.9354,  152.3485, 169.5046, -181.9355,  0, 240, 0
L 152.3485, 169.5046, -181.9354,  97.3404, 169.5505, -181.9354,  0, 240, 0
L 97.3404, 169.5505, -181.9354,  82.3908, 154.5903, -181.9355,  0, 240, 0
L 82.3908, 154.5903, -181.9354,  82.3793, 139.2914, -181.9355,  0, 240, 0
L 82.3793, 139.2914, -181.9354,  97.0700, 124.6062, -181.9354,  0, 240, 0
L 97.0700, 124.6062, -181.9354,  124.9213, 110.7329, -181.9355,  0, 240, 0
L 124.9213, 110.7329, -181.9354,  167.4905, 82.4021, -181.9354,  0, 240, 0
L 167.4905, 82.4021, -181.9354,  194.3249, 82.3668, -181.9355,  0, 240, 0
L 194.3249, 82.3668, -181.9354,  194.3262, 40.3887, -181.9355,  0, 240, 0
L 194.3262, 40.3887, -181.9354,  208.3225, 40.3877, -181.9355,  0, 240, 0
L 208.3225, 40.3877, -181.9354,  208.3373, 15.5900, -181.9354,  0, 240, 0
L 208.3373, 15.5900, -181.9355,  169.5130, 15.5759, -181.9355,  0, 240, 0
L 169.5130, 15.5759, -181.9355,  169.5201, 40.3881, -181.9355,  0, 240, 0
L 169.5201, 40.3881, -181.9355,  183.5232, 40.3864, -181.9355,  0, 240, 0
L 183.5232, 40.3864, -181.9355,  183.5150, 71.5553, -181.9355,  0, 240, 0
L 183.5150, 71.5553, -181.9354,  138.3513, 71.5485, -181.9354,  0, 240, 0
L 138.3513, 71.5485, -181.9354,  138.3615, 40.3935, -181.9355,  0, 240, 0
L 138.3615, 40.3935, -181.9354,  152.3530, 40.3914, -181.9355,  0, 240, 0
L 152.3530, 40.3914, -181.9354,  152.3599, 15.5816, -181.9355,  0, 240, 0
L 152.3599, 15.5816, -181.9355,  113.5478, 15.5836, -181.9355,  0, 240, 0
L 113.5478, 15.5836, -181.9355,  113.5531, 40.3938, -181.9355,  0, 240, 0
L 113.5531, 40.3938, -181.9354,  127.5281, 40.3897, -181.9354,  0, 240, 0
L 127.5281, 40.3897, -181.9355,  127.5145, 57.5426, -181.9355,  0, 240, 0
L 127.5145, 57.5426, -181.9354,  96.3897, 57.5548, -181.9354,  0, 240, 0
L 96.3897, 57.5548, -181.9355,  96.3804, 28.6559, -181.9355,  0, 240, 0
L 96.3804, 28.6559, -181.9355,  82.3936, 14.6540, -181.9355,  0, 240, 0
L 82.3936, 14.6540, -181.9354,  82.3812, -0.6346, -181.9355,  0, 240, 0
L 82.3812, -0.6346, -181.9354,  97.2880, -15.5754, -181.9355,  0, 240, 0
L 97.2880, -15.5754, -181.9354,  113.5505, -15.5802, -181.9355,  0, 240, 0
L 113.5461, -1.5799, -181.9355,  166.3194, -1.5841, -181.9355,  0, 240, 0
L 166.3940, -40.3768, -181.9354,  113.5428, -40.3894, -181.9355,  0, 240, 0
L 97.3186, -26.4263, -181.9354,  113.5428, -26.4137, -181.9355,  0, 240, 0
L 97.3186, -26.4263, -181.9354,  82.3858, -41.3056, -181.9355,  0, 240, 0
L 82.3858, -41.3056, -181.9354,  82.3888, -50.3921, -181.9355,  0, 240, 0
L 82.3950, -57.5420, -181.9354,  96.3915, -57.5516, -181.9355,  0, 240, 0
L 96.3915, -57.5516, -181.9355,  96.3871, -71.5581, -181.9355,  0, 240, 0
L 113.5472, -71.5499, -181.9354,  113.5503, -57.5492, -181.9355,  0, 240, 0
L 113.5503, -57.5492, -181.9355,  138.3639, -57.5459, -181.9355,  0, 240, 0
L 138.3639, -57.5459, -181.9354,  138.3549, -82.4000, -181.9355,  0, 240, 0
L 138.3549, -82.4000, -181.9355,  107.5452, -82.3742, -181.9355,  0, 240, 0
L 107.5432, -71.5473, -181.9354,  113.5472, -71.5499, -181.9354,  0, 240, 0
L 107.5432, -71.5473, -181.9354,  107.5616, -73.5378, -181.9354,  0, 240, 0
L 107.5616, -73.5378, -181.9354,  102.4086, -73.5472, -181.9354,  0, 240, 0
L 102.3918, -71.5419, -181.9354,  102.4086, -73.5472, -181.9354,  0, 240, 0
L 102.3918, -71.5419, -181.9354,  96.3871, -71.5581, -181.9355,  0, 240, 0
L 82.3888, -50.3921, -181.9354,  80.4258, -50.4251, -181.9354,  0, 240, 0
L 80.3501, -55.5519, -181.9354,  80.4258, -50.4251, -181.9354,  0, 240, 0
L 82.3596, -55.5431, -181.9354,  80.3501, -55.5519, -181.9354,  0, 240, 0
L 82.3934, -55.5430, -181.9354,  82.3950, -57.5420, -181.9354,  0, 240, 0
L 71.5445, -50.3692, -181.9354,  73.5436, -50.4657, -181.9354,  0, 240, 0
L 73.5436, -50.4657, -181.9354,  73.5464, -55.4783, -181.9355,  0, 240, 0
L 71.5431, -55.5643, -181.9354,  73.5464, -55.4783, -181.9354,  0, 240, 0
L 71.5425, -55.6016, -181.9354,  71.5575, -57.5499, -181.9354,  0, 240, 0
L 96.9631, -141.4552, -181.9354,  82.3927, -141.5300, -181.9354,  0, 240, 0
L 82.3915, -139.5119, -181.9354,  82.3927, -141.5300, -181.9354,  0, 240, 0
L 82.3925, -139.5119, -181.9354,  80.3854, -139.5221, -181.9354,  0, 240, 0
L 80.3854, -139.5221, -181.9354,  80.4022, -134.3554, -181.9354,  0, 240, 0
L 82.3965, -134.3623, -181.9354,  80.4022, -134.3554, -181.9354,  0, 240, 0
L 82.3965, -134.3623, -181.9354,  82.3763, -124.3664, -181.9355,  0, 240, 0
L 82.3763, -124.3664, -181.9354,  96.3906, -124.3485, -181.9354,  0, 240, 0
L 96.3906, -124.3485, -181.9354,  96.3845, -110.3780, -181.9355,  0, 240, 0
L 102.3928, -110.3945, -181.9354,  96.3845, -110.3780, -181.9354,  0, 240, 0
L 102.3928, -110.3945, -181.9354,  102.3872, -108.3974, -181.9354,  0, 240, 0
L 102.3872, -108.3974, -181.9354,  107.5605, -108.3868, -181.9355,  0, 240, 0
L 107.5417, -110.3972, -181.9354,  107.5605, -108.3868, -181.9354,  0, 240, 0
L 107.5417, -110.3972, -181.9354,  113.5416, -110.3851, -181.9355,  0, 240, 0
L 113.5416, -110.3851, -181.9354,  113.5565, -124.3580, -181.9354,  0, 240, 0
L 113.5565, -124.3580, -181.9354,  138.3653, -124.3619, -181.9355,  0, 240, 0
L 138.3653, -124.3619, -181.9354,  138.3508, -99.5513, -181.9355,  0, 240, 0
L 138.3508, -99.5513, -181.9355,  107.5458, -99.5442, -181.9355,  0, 240, 0
L 107.5458, -99.5442, -181.9354,  107.5410, -101.5291, -181.9354,  0, 240, 0
L 107.5410, -101.5291, -181.9354,  102.3998, -101.5603, -181.9355,  0, 240, 0
L 102.3924, -99.5481, -181.9354,  102.3998, -101.5603, -181.9354,  0, 240, 0
L 102.3924, -99.5481, -181.9354,  96.3864, -99.5464, -181.9355,  0, 240, 0
L 96.3864, -99.5464, -181.9354,  96.3930, -82.3861, -181.9354,  0, 240, 0
L 102.3943, -82.3961, -181.9354,  96.3930, -82.3861, -181.9354,  0, 240, 0
L 102.3943, -82.3961, -181.9354,  102.3832, -80.3919, -181.9355,  0, 240, 0
L 107.5400, -80.3931, -181.9354,  102.3832, -80.3919, -181.9354,  0, 240, 0
L 107.5452, -82.3742, -181.9354,  107.5400, -80.3931, -181.9354,  0, 240, 0
L 166.3940, -40.3768, -181.9355,  166.3194, -1.5841, -181.9355,  0, 240, 0
L 113.5428, -26.4137, -181.9354,  113.5428, -40.3894, -181.9354,  0, 240, 0
L 113.5505, -15.5802, -181.9354,  113.5461, -1.5799, -181.9355,  0, 240, 0
L 208.3318, 236.2957, -174.7896,  208.2952, 197.4716, -175.6809,  0, 240, 0
