L 3796.0000, -4071.0000, 302.0000,  3788.0000, -4096.0000, 302.0000,  0, 0, 240
L 3788.0000, -4096.0000, 302.0000,  3786.0000, -4100.0000, 301.0000,  0, 0, 240
L 3786.0000, -4100.0000, 301.0000,  3785.0000, -4103.0000, 301.0000,  0, 0, 240
L 3785.0000, -4103.0000, 301.0000,  3779.0000, -4113.0000, 300.0000,  0, 0, 240
L 3779.0000, -4113.0000, 300.0000,  3766.0000, -4132.0000, 301.0000,  0, 0, 240
L 3766.0000, -4132.0000, 301.0000,  3754.0000, -4151.0000, 302.0000,  0, 0, 240
L 3754.0000, -4151.0000, 302.0000,  3740.0000, -4169.0000, 302.0000,  0, 0, 240
L 3740.0000, -4169.0000, 302.0000,  3699.0000, -4209.0000, 302.0000,  0, 0, 240
L 3699.0000, -4209.0000, 302.0000,  3694.0000, -4213.0000, 302.0000,  0, 0, 240
L 3694.0000, -4213.0000, 302.0000,  3690.0000, -4218.0000, 302.0000,  0, 0, 240
L 3690.0000, -4218.0000, 302.0000,  3686.0000, -4222.0000, 301.0000,  0, 0, 240
L 3686.0000, -4222.0000, 301.0000,  3680.0000, -4232.0000, 301.0000,  0, 0, 240
L 3680.0000, -4232.0000, 301.0000,  3678.0000, -4237.0000, 301.0000,  0, 0, 240
L 3678.0000, -4237.0000, 301.0000,  3677.0000, -4242.0000, 301.0000,  0, 0, 240
L 3677.0000, -4242.0000, 301.0000,  3677.0000, -4247.0000, 301.0000,  0, 0, 240
L 3677.0000, -4247.0000, 301.0000,  3677.0000, -4252.0000, 300.0000,  0, 0, 240
L 3677.0000, -4252.0000, 300.0000,  3677.0000, -4268.0000, 300.0000,  0, 0, 240
L 3677.0000, -4268.0000, 300.0000,  3678.0000, -4273.0000, 300.0000,  0, 0, 240
L 3678.0000, -4273.0000, 300.0000,  3679.0000, -4279.0000, 301.0000,  0, 0, 240
L 3679.0000, -4279.0000, 301.0000,  3680.0000, -4284.0000, 301.0000,  0, 0, 240
L 3680.0000, -4284.0000, 301.0000,  3686.0000, -4304.0000, 301.0000,  0, 0, 240
L 3686.0000, -4304.0000, 301.0000,  3691.0000, -4320.0000, 302.0000,  0, 0, 240
L 3691.0000, -4320.0000, 302.0000,  3694.0000, -4329.0000, 302.0000,  0, 0, 240
L 3694.0000, -4329.0000, 302.0000,  3698.0000, -4337.0000, 302.0000,  0, 0, 240
L 3698.0000, -4337.0000, 302.0000,  3708.0000, -4354.0000, 302.0000,  0, 0, 240
L 3708.0000, -4354.0000, 302.0000,  3710.0000, -4356.0000, 302.0000,  0, 0, 240
L 3710.0000, -4356.0000, 302.0000,  3711.0000, -4358.0000, 302.0000,  0, 0, 240
L 3711.0000, -4358.0000, 302.0000,  3716.0000, -4363.0000, 302.0000,  0, 0, 240
L 3716.0000, -4363.0000, 302.0000,  3722.0000, -4368.0000, 301.0000,  0, 0, 240
L 3722.0000, -4368.0000, 301.0000,  3728.0000, -4372.0000, 301.0000,  0, 0, 240
L 3728.0000, -4372.0000, 301.0000,  3742.0000, -4380.0000, 302.0000,  0, 0, 240
L 3742.0000, -4380.0000, 302.0000,  3748.0000, -4383.0000, 302.0000,  0, 0, 240
L 3748.0000, -4383.0000, 302.0000,  3763.0000, -4391.0000, 303.0000,  0, 0, 240
L 3763.0000, -4391.0000, 303.0000,  3767.0000, -4392.0000, 303.0000,  0, 0, 240
L 3767.0000, -4392.0000, 303.0000,  3773.0000, -4394.0000, 303.0000,  0, 0, 240
L 3773.0000, -4394.0000, 303.0000,  3784.0000, -4396.0000, 303.0000,  0, 0, 240
L 3784.0000, -4396.0000, 303.0000,  3792.0000, -4397.0000, 302.0000,  0, 0, 240
L 3792.0000, -4397.0000, 302.0000,  3799.0000, -4397.0000, 302.0000,  0, 0, 240
L 3799.0000, -4397.0000, 302.0000,  3801.0000, -4397.0000, 301.0000,  0, 0, 240
L 3801.0000, -4397.0000, 301.0000,  3803.0000, -4397.0000, 301.0000,  0, 0, 240
L 3803.0000, -4397.0000, 301.0000,  3808.0000, -4396.0000, 301.0000,  0, 0, 240
L 3808.0000, -4396.0000, 301.0000,  3811.0000, -4395.0000, 301.0000,  0, 0, 240
L 3811.0000, -4395.0000, 301.0000,  3816.0000, -4393.0000, 302.0000,  0, 0, 240
L 3816.0000, -4393.0000, 302.0000,  3822.0000, -4391.0000, 302.0000,  0, 0, 240
L 3822.0000, -4391.0000, 302.0000,  3824.0000, -4389.0000, 303.0000,  0, 0, 240
L 3824.0000, -4389.0000, 303.0000,  3826.0000, -4387.0000, 303.0000,  0, 0, 240
L 3826.0000, -4387.0000, 303.0000,  3834.0000, -4379.0000, 304.0000,  0, 0, 240
L 3834.0000, -4379.0000, 304.0000,  3835.0000, -4378.0000, 304.0000,  0, 0, 240
L 3835.0000, -4378.0000, 304.0000,  3837.0000, -4377.0000, 304.0000,  0, 0, 240
L 3837.0000, -4377.0000, 304.0000,  3839.0000, -4375.0000, 304.0000,  0, 0, 240
L 3839.0000, -4375.0000, 304.0000,  3843.0000, -4375.0000, 304.0000,  0, 0, 240
L 3843.0000, -4375.0000, 304.0000,  3844.0000, -4376.0000, 303.0000,  0, 0, 240
L 3844.0000, -4376.0000, 303.0000,  3850.0000, -4381.0000, 302.0000,  0, 0, 240
L 3850.0000, -4381.0000, 302.0000,  3855.0000, -4385.0000, 302.0000,  0, 0, 240
L 3855.0000, -4385.0000, 302.0000,  3860.0000, -4387.0000, 302.0000,  0, 0, 240
L 3860.0000, -4387.0000, 302.0000,  3862.0000, -4388.0000, 302.0000,  0, 0, 240
L 3862.0000, -4388.0000, 302.0000,  3865.0000, -4389.0000, 303.0000,  0, 0, 240
L 3865.0000, -4389.0000, 303.0000,  3867.0000, -4389.0000, 303.0000,  0, 0, 240
L 3867.0000, -4389.0000, 303.0000,  3872.0000, -4390.0000, 303.0000,  0, 0, 240
L 3872.0000, -4390.0000, 303.0000,  3881.0000, -4391.0000, 304.0000,  0, 0, 240
L 3881.0000, -4391.0000, 304.0000,  3897.0000, -4393.0000, 304.0000,  0, 0, 240
L 3897.0000, -4393.0000, 304.0000,  3900.0000, -4394.0000, 304.0000,  0, 0, 240
L 3900.0000, -4394.0000, 304.0000,  3902.0000, -4395.0000, 304.0000,  0, 0, 240
L 3902.0000, -4395.0000, 304.0000,  3905.0000, -4396.0000, 304.0000,  0, 0, 240
L 3905.0000, -4396.0000, 304.0000,  3908.0000, -4398.0000, 304.0000,  0, 0, 240
L 3908.0000, -4398.0000, 304.0000,  3912.0000, -4402.0000, 304.0000,  0, 0, 240
L 3912.0000, -4402.0000, 304.0000,  3913.0000, -4405.0000, 304.0000,  0, 0, 240
L 3913.0000, -4405.0000, 304.0000,  3915.0000, -4408.0000, 303.0000,  0, 0, 240
L 3915.0000, -4408.0000, 303.0000,  3920.0000, -4419.0000, 303.0000,  0, 0, 240
L 3920.0000, -4419.0000, 303.0000,  3930.0000, -4445.0000, 302.0000,  0, 0, 240
L 3930.0000, -4445.0000, 302.0000,  3933.0000, -4452.0000, 302.0000,  0, 0, 240
L 3933.0000, -4452.0000, 302.0000,  3935.0000, -4455.0000, 302.0000,  0, 0, 240
L 3935.0000, -4455.0000, 302.0000,  3936.0000, -4458.0000, 302.0000,  0, 0, 240
L 3936.0000, -4458.0000, 302.0000,  3938.0000, -4461.0000, 303.0000,  0, 0, 240
L 3938.0000, -4461.0000, 303.0000,  3941.0000, -4463.0000, 303.0000,  0, 0, 240
L 3941.0000, -4463.0000, 303.0000,  3943.0000, -4465.0000, 303.0000,  0, 0, 240
L 3943.0000, -4465.0000, 303.0000,  3948.0000, -4469.0000, 304.0000,  0, 0, 240
L 3948.0000, -4469.0000, 304.0000,  3954.0000, -4472.0000, 304.0000,  0, 0, 240
L 3954.0000, -4472.0000, 304.0000,  3955.0000, -4473.0000, 304.0000,  0, 0, 240
L 3955.0000, -4473.0000, 304.0000,  3957.0000, -4473.0000, 303.0000,  0, 0, 240
L 3957.0000, -4473.0000, 303.0000,  3967.0000, -4476.0000, 302.0000,  0, 0, 240
L 3967.0000, -4476.0000, 302.0000,  3969.0000, -4476.0000, 302.0000,  0, 0, 240
L 3969.0000, -4476.0000, 302.0000,  3979.0000, -4477.0000, 302.0000,  0, 0, 240
L 3979.0000, -4477.0000, 302.0000,  3998.0000, -4477.0000, 304.0000,  0, 0, 240
L 3998.0000, -4477.0000, 304.0000,  4001.0000, -4477.0000, 304.0000,  0, 0, 240
L 4001.0000, -4477.0000, 304.0000,  4026.0000, -4474.0000, 304.0000,  0, 0, 240
L 4026.0000, -4474.0000, 304.0000,  4035.0000, -4471.0000, 304.0000,  0, 0, 240
L 4035.0000, -4471.0000, 304.0000,  4044.0000, -4467.0000, 302.0000,  0, 0, 240
L 4044.0000, -4467.0000, 302.0000,  4051.0000, -4464.0000, 303.0000,  0, 0, 240
L 4051.0000, -4464.0000, 303.0000,  4112.0000, -4435.0000, 303.0000,  0, 0, 240
L 4112.0000, -4435.0000, 303.0000,  4118.0000, -4432.0000, 302.0000,  0, 0, 240
L 4118.0000, -4432.0000, 302.0000,  4120.0000, -4430.0000, 302.0000,  0, 0, 240
L 4120.0000, -4430.0000, 302.0000,  4122.0000, -4429.0000, 302.0000,  0, 0, 240
L 4122.0000, -4429.0000, 302.0000,  4126.0000, -4425.0000, 302.0000,  0, 0, 240
L 4126.0000, -4425.0000, 302.0000,  4131.0000, -4421.0000, 303.0000,  0, 0, 240
L 4131.0000, -4421.0000, 303.0000,  4139.0000, -4413.0000, 304.0000,  0, 0, 240
L 4139.0000, -4413.0000, 304.0000,  4142.0000, -4410.0000, 304.0000,  0, 0, 240
L 4142.0000, -4410.0000, 304.0000,  4144.0000, -4409.0000, 304.0000,  0, 0, 240
L 4144.0000, -4409.0000, 304.0000,  4145.0000, -4408.0000, 304.0000,  0, 0, 240
L 4145.0000, -4408.0000, 304.0000,  4149.0000, -4407.0000, 304.0000,  0, 0, 240
L 4149.0000, -4407.0000, 304.0000,  4155.0000, -4405.0000, 304.0000,  0, 0, 240
L 4155.0000, -4405.0000, 304.0000,  4157.0000, -4403.0000, 304.0000,  0, 0, 240
L 4157.0000, -4403.0000, 304.0000,  4161.0000, -4401.0000, 304.0000,  0, 0, 240
L 4161.0000, -4401.0000, 304.0000,  4163.0000, -4400.0000, 303.0000,  0, 0, 240
L 4163.0000, -4400.0000, 303.0000,  4166.0000, -4399.0000, 303.0000,  0, 0, 240
L 4166.0000, -4399.0000, 303.0000,  4168.0000, -4398.0000, 303.0000,  0, 0, 240
L 4168.0000, -4398.0000, 303.0000,  4171.0000, -4398.0000, 303.0000,  0, 0, 240
L 4171.0000, -4398.0000, 303.0000,  4173.0000, -4397.0000, 303.0000,  0, 0, 240
L 4173.0000, -4397.0000, 303.0000,  4177.0000, -4398.0000, 302.0000,  0, 0, 240
L 4177.0000, -4398.0000, 302.0000,  4179.0000, -4398.0000, 302.0000,  0, 0, 240
L 4179.0000, -4398.0000, 302.0000,  4185.0000, -4400.0000, 302.0000,  0, 0, 240
L 4185.0000, -4400.0000, 302.0000,  4186.0000, -4401.0000, 303.0000,  0, 0, 240
L 4186.0000, -4401.0000, 303.0000,  4187.0000, -4402.0000, 303.0000,  0, 0, 240
L 4187.0000, -4402.0000, 303.0000,  4189.0000, -4403.0000, 304.0000,  0, 0, 240
L 4189.0000, -4403.0000, 304.0000,  4189.0000, -4404.0000, 305.0000,  0, 0, 240
L 4189.0000, -4404.0000, 305.0000,  4190.0000, -4406.0000, 305.0000,  0, 0, 240
L 4190.0000, -4406.0000, 305.0000,  4192.0000, -4411.0000, 306.0000,  0, 0, 240
L 4192.0000, -4411.0000, 306.0000,  4195.0000, -4422.0000, 306.0000,  0, 0, 240
L 4195.0000, -4422.0000, 306.0000,  4197.0000, -4428.0000, 306.0000,  0, 0, 240
L 4197.0000, -4428.0000, 306.0000,  4201.0000, -4441.0000, 305.0000,  0, 0, 240
L 4201.0000, -4441.0000, 305.0000,  4205.0000, -4449.0000, 305.0000,  0, 0, 240
L 4205.0000, -4449.0000, 305.0000,  4208.0000, -4453.0000, 304.0000,  0, 0, 240
L 4208.0000, -4453.0000, 304.0000,  4216.0000, -4463.0000, 304.0000,  0, 0, 240
L 4216.0000, -4463.0000, 304.0000,  4218.0000, -4464.0000, 304.0000,  0, 0, 240
L 4218.0000, -4464.0000, 304.0000,  4219.0000, -4465.0000, 305.0000,  0, 0, 240
L 4219.0000, -4465.0000, 305.0000,  4221.0000, -4466.0000, 305.0000,  0, 0, 240
L 4221.0000, -4466.0000, 305.0000,  4228.0000, -4470.0000, 306.0000,  0, 0, 240
L 4228.0000, -4470.0000, 306.0000,  4236.0000, -4474.0000, 306.0000,  0, 0, 240
L 4236.0000, -4474.0000, 306.0000,  4246.0000, -4478.0000, 306.0000,  0, 0, 240
L 4246.0000, -4478.0000, 306.0000,  4254.0000, -4480.0000, 305.0000,  0, 0, 240
L 4254.0000, -4480.0000, 305.0000,  4256.0000, -4480.0000, 305.0000,  0, 0, 240
L 4256.0000, -4480.0000, 305.0000,  4257.0000, -4481.0000, 305.0000,  0, 0, 240
L 4257.0000, -4481.0000, 305.0000,  4259.0000, -4481.0000, 304.0000,  0, 0, 240
L 4259.0000, -4481.0000, 304.0000,  4262.0000, -4480.0000, 304.0000,  0, 0, 240
L 4262.0000, -4480.0000, 304.0000,  4263.0000, -4480.0000, 304.0000,  0, 0, 240
L 4263.0000, -4480.0000, 304.0000,  4271.0000, -4479.0000, 304.0000,  0, 0, 240
L 4271.0000, -4479.0000, 304.0000,  4291.0000, -4477.0000, 306.0000,  0, 0, 240
L 4291.0000, -4477.0000, 306.0000,  4301.0000, -4475.0000, 306.0000,  0, 0, 240
L 4301.0000, -4475.0000, 306.0000,  4311.0000, -4474.0000, 305.0000,  0, 0, 240
L 4311.0000, -4474.0000, 305.0000,  4313.0000, -4473.0000, 305.0000,  0, 0, 240
L 4313.0000, -4473.0000, 305.0000,  4331.0000, -4467.0000, 306.0000,  0, 0, 240
L 4331.0000, -4467.0000, 306.0000,  4350.0000, -4461.0000, 304.0000,  0, 0, 240
L 4350.0000, -4461.0000, 304.0000,  4376.0000, -4452.0000, 306.0000,  0, 0, 240
L 4376.0000, -4452.0000, 306.0000,  4379.0000, -4451.0000, 306.0000,  0, 0, 240
L 4379.0000, -4451.0000, 306.0000,  4413.0000, -4443.0000, 306.0000,  0, 0, 240
L 4413.0000, -4443.0000, 306.0000,  4428.0000, -4441.0000, 305.0000,  0, 0, 240
L 4428.0000, -4441.0000, 305.0000,  4431.0000, -4440.0000, 305.0000,  0, 0, 240
L 4431.0000, -4440.0000, 305.0000,  4439.0000, -4440.0000, 304.0000,  0, 0, 240
L 4439.0000, -4440.0000, 304.0000,  4456.0000, -4438.0000, 304.0000,  0, 0, 240
L 4456.0000, -4438.0000, 304.0000,  4466.0000, -4437.0000, 305.0000,  0, 0, 240
L 4466.0000, -4437.0000, 305.0000,  4476.0000, -4436.0000, 305.0000,  0, 0, 240
L 4476.0000, -4436.0000, 305.0000,  4479.0000, -4435.0000, 305.0000,  0, 0, 240
L 4479.0000, -4435.0000, 305.0000,  4481.0000, -4434.0000, 306.0000,  0, 0, 240
L 4481.0000, -4434.0000, 306.0000,  4483.0000, -4433.0000, 306.0000,  0, 0, 240
L 4483.0000, -4433.0000, 306.0000,  4486.0000, -4432.0000, 306.0000,  0, 0, 240
L 4486.0000, -4432.0000, 306.0000,  4494.0000, -4426.0000, 306.0000,  0, 0, 240
L 4494.0000, -4426.0000, 306.0000,  4498.0000, -4422.0000, 306.0000,  0, 0, 240
L 4498.0000, -4422.0000, 306.0000,  4519.0000, -4402.0000, 305.0000,  0, 0, 240
L 4519.0000, -4402.0000, 305.0000,  4524.0000, -4397.0000, 304.0000,  0, 0, 240
L 4524.0000, -4397.0000, 304.0000,  4526.0000, -4394.0000, 304.0000,  0, 0, 240
L 4526.0000, -4394.0000, 304.0000,  4527.0000, -4392.0000, 304.0000,  0, 0, 240
L 4527.0000, -4392.0000, 304.0000,  4529.0000, -4390.0000, 304.0000,  0, 0, 240
L 4529.0000, -4390.0000, 304.0000,  4534.0000, -4377.0000, 304.0000,  0, 0, 240
L 4534.0000, -4377.0000, 304.0000,  4535.0000, -4374.0000, 304.0000,  0, 0, 240
L 4535.0000, -4374.0000, 304.0000,  4536.0000, -4372.0000, 305.0000,  0, 0, 240
L 4536.0000, -4372.0000, 305.0000,  4536.0000, -4369.0000, 305.0000,  0, 0, 240
L 4536.0000, -4369.0000, 305.0000,  4537.0000, -4363.0000, 305.0000,  0, 0, 240
L 4537.0000, -4363.0000, 305.0000,  4536.0000, -4336.0000, 306.0000,  0, 0, 240
L 4536.0000, -4336.0000, 306.0000,  4535.0000, -4319.0000, 306.0000,  0, 0, 240
L 4535.0000, -4319.0000, 306.0000,  4535.0000, -4307.0000, 305.0000,  0, 0, 240
L 4535.0000, -4307.0000, 305.0000,  4536.0000, -4304.0000, 305.0000,  0, 0, 240
L 4536.0000, -4304.0000, 305.0000,  4537.0000, -4300.0000, 305.0000,  0, 0, 240
L 4537.0000, -4300.0000, 305.0000,  4539.0000, -4297.0000, 305.0000,  0, 0, 240
L 4539.0000, -4297.0000, 305.0000,  4541.0000, -4295.0000, 305.0000,  0, 0, 240
L 4541.0000, -4295.0000, 305.0000,  4544.0000, -4292.0000, 304.0000,  0, 0, 240
L 4544.0000, -4292.0000, 304.0000,  4547.0000, -4290.0000, 304.0000,  0, 0, 240
L 4547.0000, -4290.0000, 304.0000,  4551.0000, -4289.0000, 304.0000,  0, 0, 240
L 4551.0000, -4289.0000, 304.0000,  4563.0000, -4283.0000, 304.0000,  0, 0, 240
L 4563.0000, -4283.0000, 304.0000,  4567.0000, -4282.0000, 304.0000,  0, 0, 240
L 4567.0000, -4282.0000, 304.0000,  4572.0000, -4281.0000, 304.0000,  0, 0, 240
L 4572.0000, -4281.0000, 304.0000,  4576.0000, -4280.0000, 304.0000,  0, 0, 240
L 4576.0000, -4280.0000, 304.0000,  4579.0000, -4280.0000, 304.0000,  0, 0, 240
L 4579.0000, -4280.0000, 304.0000,  4587.0000, -4280.0000, 305.0000,  0, 0, 240
L 4587.0000, -4280.0000, 305.0000,  4605.0000, -4282.0000, 305.0000,  0, 0, 240
L 4605.0000, -4282.0000, 305.0000,  4609.0000, -4282.0000, 306.0000,  0, 0, 240
L 4609.0000, -4282.0000, 306.0000,  4618.0000, -4282.0000, 306.0000,  0, 0, 240
L 4618.0000, -4282.0000, 306.0000,  4626.0000, -4280.0000, 306.0000,  0, 0, 240
L 4626.0000, -4280.0000, 306.0000,  4635.0000, -4277.0000, 306.0000,  0, 0, 240
L 4635.0000, -4277.0000, 306.0000,  4639.0000, -4275.0000, 306.0000,  0, 0, 240
L 4639.0000, -4275.0000, 306.0000,  4644.0000, -4273.0000, 306.0000,  0, 0, 240
L 4644.0000, -4273.0000, 306.0000,  4672.0000, -4257.0000, 305.0000,  0, 0, 240
L 4672.0000, -4257.0000, 305.0000,  4678.0000, -4254.0000, 305.0000,  0, 0, 240
L 4678.0000, -4254.0000, 305.0000,  4684.0000, -4252.0000, 305.0000,  0, 0, 240
L 4684.0000, -4252.0000, 305.0000,  4690.0000, -4250.0000, 304.0000,  0, 0, 240
L 4690.0000, -4250.0000, 304.0000,  4696.0000, -4248.0000, 304.0000,  0, 0, 240
L 4696.0000, -4248.0000, 304.0000,  4703.0000, -4247.0000, 304.0000,  0, 0, 240
L 4703.0000, -4247.0000, 304.0000,  4708.0000, -4247.0000, 304.0000,  0, 0, 240
L 4708.0000, -4247.0000, 304.0000,  4726.0000, -4246.0000, 304.0000,  0, 0, 240
L 4726.0000, -4246.0000, 304.0000,  4737.0000, -4246.0000, 304.0000,  0, 0, 240
L 4737.0000, -4246.0000, 304.0000,  4742.0000, -4247.0000, 306.0000,  0, 0, 240
L 4742.0000, -4247.0000, 306.0000,  4748.0000, -4248.0000, 307.0000,  0, 0, 240
L 4748.0000, -4248.0000, 307.0000,  4753.0000, -4249.0000, 307.0000,  0, 0, 240
L 4753.0000, -4249.0000, 307.0000,  4773.0000, -4253.0000, 308.0000,  0, 0, 240
L 4773.0000, -4253.0000, 308.0000,  4778.0000, -4253.0000, 308.0000,  0, 0, 240
L 4778.0000, -4253.0000, 308.0000,  4783.0000, -4254.0000, 308.0000,  0, 0, 240
L 4783.0000, -4254.0000, 308.0000,  4791.0000, -4253.0000, 309.0000,  0, 0, 240
L 4791.0000, -4253.0000, 309.0000,  4800.0000, -4250.0000, 309.0000,  0, 0, 240
L 4800.0000, -4250.0000, 309.0000,  4803.0000, -4248.0000, 309.0000,  0, 0, 240
L 4803.0000, -4248.0000, 309.0000,  4804.0000, -4246.0000, 309.0000,  0, 0, 240
L 4804.0000, -4246.0000, 309.0000,  4806.0000, -4244.0000, 309.0000,  0, 0, 240
L 4806.0000, -4244.0000, 309.0000,  4815.0000, -4235.0000, 308.0000,  0, 0, 240
L 4815.0000, -4235.0000, 308.0000,  4818.0000, -4233.0000, 308.0000,  0, 0, 240
L 4818.0000, -4233.0000, 308.0000,  4820.0000, -4230.0000, 307.0000,  0, 0, 240
L 4820.0000, -4230.0000, 307.0000,  4826.0000, -4226.0000, 307.0000,  0, 0, 240
L 4826.0000, -4226.0000, 307.0000,  4847.0000, -4211.0000, 307.0000,  0, 0, 240
L 4847.0000, -4211.0000, 307.0000,  4849.0000, -4209.0000, 307.0000,  0, 0, 240
L 4849.0000, -4209.0000, 307.0000,  4855.0000, -4204.0000, 307.0000,  0, 0, 240
L 4855.0000, -4204.0000, 307.0000,  4862.0000, -4195.0000, 307.0000,  0, 0, 240
L 4862.0000, -4195.0000, 307.0000,  4874.0000, -4181.0000, 308.0000,  0, 0, 240
L 4874.0000, -4181.0000, 308.0000,  4877.0000, -4175.0000, 309.0000,  0, 0, 240
L 4877.0000, -4175.0000, 309.0000,  4881.0000, -4168.0000, 309.0000,  0, 0, 240
L 4881.0000, -4168.0000, 309.0000,  4894.0000, -4145.0000, 308.0000,  0, 0, 240
L 4894.0000, -4145.0000, 308.0000,  4908.0000, -4117.0000, 307.0000,  0, 0, 240
L 4908.0000, -4117.0000, 307.0000,  4929.0000, -4069.0000, 307.0000,  0, 0, 240
L 4929.0000, -4069.0000, 307.0000,  4937.0000, -4057.0000, 307.0000,  0, 0, 240
L 4937.0000, -4057.0000, 307.0000,  4958.0000, -4027.0000, 308.0000,  0, 0, 240
L 4958.0000, -4027.0000, 308.0000,  4978.0000, -3995.0000, 309.0000,  0, 0, 240
L 4978.0000, -3995.0000, 309.0000,  4997.0000, -3963.0000, 309.0000,  0, 0, 240
L 4997.0000, -3963.0000, 309.0000,  5027.0000, -3913.0000, 307.0000,  0, 0, 240
L 5027.0000, -3913.0000, 307.0000,  5031.0000, -3908.0000, 307.0000,  0, 0, 240
L 5031.0000, -3908.0000, 307.0000,  5034.0000, -3902.0000, 307.0000,  0, 0, 240
L 5034.0000, -3902.0000, 307.0000,  5036.0000, -3897.0000, 307.0000,  0, 0, 240
L 5036.0000, -3897.0000, 307.0000,  5038.0000, -3891.0000, 307.0000,  0, 0, 240
L 5038.0000, -3891.0000, 307.0000,  5040.0000, -3886.0000, 307.0000,  0, 0, 240
L 5040.0000, -3886.0000, 307.0000,  5040.0000, -3881.0000, 307.0000,  0, 0, 240
L 5040.0000, -3881.0000, 307.0000,  5041.0000, -3874.0000, 307.0000,  0, 0, 240
L 5041.0000, -3874.0000, 307.0000,  5043.0000, -3854.0000, 307.0000,  0, 0, 240
L 5043.0000, -3854.0000, 307.0000,  5042.0000, -3831.0000, 308.0000,  0, 0, 240
L 5042.0000, -3831.0000, 308.0000,  5042.0000, -3824.0000, 308.0000,  0, 0, 240
L 5042.0000, -3824.0000, 308.0000,  5036.0000, -3769.0000, 309.0000,  0, 0, 240
L 5036.0000, -3769.0000, 309.0000,  5036.0000, -3761.0000, 309.0000,  0, 0, 240
L 5036.0000, -3761.0000, 309.0000,  5036.0000, -3739.0000, 308.0000,  0, 0, 240
L 5036.0000, -3739.0000, 308.0000,  5036.0000, -3731.0000, 308.0000,  0, 0, 240
L 5036.0000, -3731.0000, 308.0000,  5038.0000, -3717.0000, 307.0000,  0, 0, 240
L 5038.0000, -3717.0000, 307.0000,  5044.0000, -3680.0000, 307.0000,  0, 0, 240
L 5044.0000, -3680.0000, 307.0000,  5047.0000, -3658.0000, 307.0000,  0, 0, 240
L 5047.0000, -3658.0000, 307.0000,  5056.0000, -3576.0000, 308.0000,  0, 0, 240
L 5056.0000, -3576.0000, 308.0000,  5058.0000, -3553.0000, 309.0000,  0, 0, 240
L 5058.0000, -3553.0000, 309.0000,  5057.0000, -3539.0000, 309.0000,  0, 0, 240
L 5057.0000, -3539.0000, 309.0000,  5057.0000, -3531.0000, 309.0000,  0, 0, 240
L 5057.0000, -3531.0000, 309.0000,  5053.0000, -3487.0000, 308.0000,  0, 0, 240
L 5053.0000, -3487.0000, 308.0000,  5051.0000, -3474.0000, 307.0000,  0, 0, 240
L 5051.0000, -3474.0000, 307.0000,  5046.0000, -3446.0000, 307.0000,  0, 0, 240
L 5046.0000, -3446.0000, 307.0000,  5044.0000, -3441.0000, 307.0000,  0, 0, 240
L 5044.0000, -3441.0000, 307.0000,  5041.0000, -3431.0000, 307.0000,  0, 0, 240
L 5041.0000, -3431.0000, 307.0000,  5027.0000, -3399.0000, 307.0000,  0, 0, 240
L 5027.0000, -3399.0000, 307.0000,  5025.0000, -3393.0000, 308.0000,  0, 0, 240
L 5025.0000, -3393.0000, 308.0000,  5023.0000, -3387.0000, 308.0000,  0, 0, 240
L 5023.0000, -3387.0000, 308.0000,  5022.0000, -3381.0000, 308.0000,  0, 0, 240
L 5022.0000, -3381.0000, 308.0000,  5022.0000, -3369.0000, 308.0000,  0, 0, 240
L 5022.0000, -3369.0000, 308.0000,  5023.0000, -3364.0000, 309.0000,  0, 0, 240
L 5023.0000, -3364.0000, 309.0000,  5024.0000, -3359.0000, 309.0000,  0, 0, 240
L 5024.0000, -3359.0000, 309.0000,  5034.0000, -3333.0000, 309.0000,  0, 0, 240
L 5034.0000, -3333.0000, 309.0000,  5035.0000, -3327.0000, 309.0000,  0, 0, 240
L 5035.0000, -3327.0000, 309.0000,  5037.0000, -3316.0000, 308.0000,  0, 0, 240
L 5037.0000, -3316.0000, 308.0000,  5038.0000, -3305.0000, 308.0000,  0, 0, 240
L 5038.0000, -3305.0000, 308.0000,  5038.0000, -3300.0000, 308.0000,  0, 0, 240
L 5038.0000, -3300.0000, 308.0000,  5038.0000, -3286.0000, 307.0000,  0, 0, 240
L 5038.0000, -3286.0000, 307.0000,  5037.0000, -3268.0000, 307.0000,  0, 0, 240
L 5037.0000, -3268.0000, 307.0000,  5036.0000, -3259.0000, 307.0000,  0, 0, 240
L 5036.0000, -3259.0000, 307.0000,  5034.0000, -3252.0000, 307.0000,  0, 0, 240
L 5034.0000, -3252.0000, 307.0000,  5028.0000, -3230.0000, 308.0000,  0, 0, 240
L 5028.0000, -3230.0000, 308.0000,  5026.0000, -3219.0000, 308.0000,  0, 0, 240
L 5026.0000, -3219.0000, 308.0000,  5022.0000, -3194.0000, 309.0000,  0, 0, 240
L 5022.0000, -3194.0000, 309.0000,  5019.0000, -3167.0000, 308.0000,  0, 0, 240
L 5019.0000, -3167.0000, 308.0000,  5015.0000, -3147.0000, 307.0000,  0, 0, 240
L 5015.0000, -3147.0000, 307.0000,  5007.0000, -3097.0000, 307.0000,  0, 0, 240
L 5007.0000, -3097.0000, 307.0000,  4999.0000, -3024.0000, 309.0000,  0, 0, 240
L 4999.0000, -3024.0000, 309.0000,  4989.0000, -2965.0000, 308.0000,  0, 0, 240
L 4989.0000, -2965.0000, 308.0000,  4988.0000, -2958.0000, 308.0000,  0, 0, 240
L 4988.0000, -2958.0000, 308.0000,  4987.0000, -2935.0000, 308.0000,  0, 0, 240
L 4987.0000, -2935.0000, 308.0000,  4987.0000, -2920.0000, 307.0000,  0, 0, 240
L 4987.0000, -2920.0000, 307.0000,  4988.0000, -2913.0000, 307.0000,  0, 0, 240
L 4988.0000, -2913.0000, 307.0000,  4993.0000, -2861.0000, 307.0000,  0, 0, 240
L 4993.0000, -2861.0000, 307.0000,  4995.0000, -2824.0000, 307.0000,  0, 0, 240
L 4995.0000, -2824.0000, 307.0000,  4995.0000, -2809.0000, 308.0000,  0, 0, 240
L 4995.0000, -2809.0000, 308.0000,  4994.0000, -2794.0000, 308.0000,  0, 0, 240
L 4994.0000, -2794.0000, 308.0000,  4991.0000, -2765.0000, 309.0000,  0, 0, 240
L 4991.0000, -2765.0000, 309.0000,  4982.0000, -2699.0000, 308.0000,  0, 0, 240
L 4982.0000, -2699.0000, 308.0000,  4982.0000, -2692.0000, 307.0000,  0, 0, 240
L 4982.0000, -2692.0000, 307.0000,  4982.0000, -2678.0000, 307.0000,  0, 0, 240
L 4982.0000, -2678.0000, 307.0000,  4985.0000, -2650.0000, 307.0000,  0, 0, 240
L 4985.0000, -2650.0000, 307.0000,  4985.0000, -2613.0000, 307.0000,  0, 0, 240
L 4985.0000, -2613.0000, 307.0000,  4983.0000, -2599.0000, 307.0000,  0, 0, 240
L 4983.0000, -2599.0000, 307.0000,  4981.0000, -2590.0000, 308.0000,  0, 0, 240
L 4981.0000, -2590.0000, 308.0000,  4976.0000, -2578.0000, 308.0000,  0, 0, 240
L 4976.0000, -2578.0000, 308.0000,  4966.0000, -2554.0000, 309.0000,  0, 0, 240
L 4966.0000, -2554.0000, 309.0000,  4945.0000, -2512.0000, 308.0000,  0, 0, 240
L 4945.0000, -2512.0000, 308.0000,  4937.0000, -2488.0000, 308.0000,  0, 0, 240
L 4937.0000, -2488.0000, 308.0000,  4924.0000, -2448.0000, 307.0000,  0, 0, 240
L 4924.0000, -2448.0000, 307.0000,  4921.0000, -2434.0000, 307.0000,  0, 0, 240
L 4921.0000, -2434.0000, 307.0000,  4913.0000, -2390.0000, 307.0000,  0, 0, 240
L 4913.0000, -2390.0000, 307.0000,  4911.0000, -2383.0000, 307.0000,  0, 0, 240
L 4911.0000, -2383.0000, 307.0000,  4909.0000, -2376.0000, 308.0000,  0, 0, 240
L 4909.0000, -2376.0000, 308.0000,  4903.0000, -2362.0000, 308.0000,  0, 0, 240
L 4903.0000, -2362.0000, 308.0000,  4896.0000, -2349.0000, 308.0000,  0, 0, 240
L 4896.0000, -2349.0000, 308.0000,  4889.0000, -2338.0000, 309.0000,  0, 0, 240
L 4889.0000, -2338.0000, 309.0000,  4871.0000, -2309.0000, 309.0000,  0, 0, 240
L 4871.0000, -2309.0000, 309.0000,  4867.0000, -2303.0000, 309.0000,  0, 0, 240
L 4867.0000, -2303.0000, 309.0000,  4864.0000, -2297.0000, 308.0000,  0, 0, 240
L 4864.0000, -2297.0000, 308.0000,  4860.0000, -2285.0000, 308.0000,  0, 0, 240
L 4860.0000, -2285.0000, 308.0000,  4857.0000, -2266.0000, 307.0000,  0, 0, 240
L 4857.0000, -2266.0000, 307.0000,  4855.0000, -2259.0000, 307.0000,  0, 0, 240
L 4855.0000, -2259.0000, 307.0000,  4853.0000, -2253.0000, 307.0000,  0, 0, 240
L 4853.0000, -2253.0000, 307.0000,  4850.0000, -2247.0000, 307.0000,  0, 0, 240
L 4850.0000, -2247.0000, 307.0000,  4847.0000, -2242.0000, 307.0000,  0, 0, 240
L 4847.0000, -2242.0000, 307.0000,  4843.0000, -2237.0000, 307.0000,  0, 0, 240
L 4843.0000, -2237.0000, 307.0000,  4839.0000, -2233.0000, 307.0000,  0, 0, 240
L 4839.0000, -2233.0000, 307.0000,  4834.0000, -2230.0000, 307.0000,  0, 0, 240
L 4834.0000, -2230.0000, 307.0000,  4816.0000, -2216.0000, 307.0000,  0, 0, 240
L 4816.0000, -2216.0000, 307.0000,  4810.0000, -2213.0000, 307.0000,  0, 0, 240
L 4810.0000, -2213.0000, 307.0000,  4805.0000, -2210.0000, 307.0000,  0, 0, 240
L 4805.0000, -2210.0000, 307.0000,  4799.0000, -2208.0000, 307.0000,  0, 0, 240
L 4799.0000, -2208.0000, 307.0000,  4768.0000, -2195.0000, 308.0000,  0, 0, 240
L 4768.0000, -2195.0000, 308.0000,  4761.0000, -2192.0000, 309.0000,  0, 0, 240
L 4761.0000, -2192.0000, 309.0000,  4755.0000, -2189.0000, 309.0000,  0, 0, 240
L 4755.0000, -2189.0000, 309.0000,  4745.0000, -2181.0000, 309.0000,  0, 0, 240
L 4745.0000, -2181.0000, 309.0000,  4735.0000, -2171.0000, 309.0000,  0, 0, 240
L 4735.0000, -2171.0000, 309.0000,  4726.0000, -2161.0000, 309.0000,  0, 0, 240
L 4726.0000, -2161.0000, 309.0000,  4716.0000, -2149.0000, 308.0000,  0, 0, 240
L 4716.0000, -2149.0000, 308.0000,  4712.0000, -2144.0000, 308.0000,  0, 0, 240
L 4712.0000, -2144.0000, 308.0000,  4709.0000, -2138.0000, 308.0000,  0, 0, 240
L 4709.0000, -2138.0000, 308.0000,  4705.0000, -2132.0000, 308.0000,  0, 0, 240
L 4705.0000, -2132.0000, 308.0000,  4692.0000, -2106.0000, 307.0000,  0, 0, 240
L 4692.0000, -2106.0000, 307.0000,  4688.0000, -2100.0000, 307.0000,  0, 0, 240
L 4688.0000, -2100.0000, 307.0000,  4685.0000, -2094.0000, 307.0000,  0, 0, 240
L 4685.0000, -2094.0000, 307.0000,  4680.0000, -2089.0000, 307.0000,  0, 0, 240
L 4680.0000, -2089.0000, 307.0000,  4676.0000, -2084.0000, 307.0000,  0, 0, 240
L 4676.0000, -2084.0000, 307.0000,  4666.0000, -2078.0000, 307.0000,  0, 0, 240
L 4666.0000, -2078.0000, 307.0000,  4659.0000, -2075.0000, 307.0000,  0, 0, 240
L 4659.0000, -2075.0000, 307.0000,  4656.0000, -2075.0000, 307.0000,  0, 0, 240
L 4656.0000, -2075.0000, 307.0000,  4650.0000, -2074.0000, 307.0000,  0, 0, 240
L 4650.0000, -2074.0000, 307.0000,  4629.0000, -2073.0000, 308.0000,  0, 0, 240
L 4629.0000, -2073.0000, 308.0000,  4617.0000, -2071.0000, 308.0000,  0, 0, 240
L 4617.0000, -2071.0000, 308.0000,  4586.0000, -2064.0000, 309.0000,  0, 0, 240
L 4586.0000, -2064.0000, 309.0000,  4572.0000, -2061.0000, 309.0000,  0, 0, 240
L 4572.0000, -2061.0000, 309.0000,  4565.0000, -2059.0000, 309.0000,  0, 0, 240
L 4565.0000, -2059.0000, 309.0000,  4558.0000, -2056.0000, 309.0000,  0, 0, 240
L 4558.0000, -2056.0000, 309.0000,  4552.0000, -2053.0000, 309.0000,  0, 0, 240
L 4552.0000, -2053.0000, 309.0000,  4545.0000, -2050.0000, 308.0000,  0, 0, 240
L 4545.0000, -2050.0000, 308.0000,  4539.0000, -2046.0000, 308.0000,  0, 0, 240
L 4539.0000, -2046.0000, 308.0000,  4501.0000, -2022.0000, 307.0000,  0, 0, 240
L 4501.0000, -2022.0000, 307.0000,  4476.0000, -2006.0000, 307.0000,  0, 0, 240
L 4476.0000, -2006.0000, 307.0000,  4456.0000, -1995.0000, 307.0000,  0, 0, 240
L 4456.0000, -1995.0000, 307.0000,  4449.0000, -1992.0000, 307.0000,  0, 0, 240
L 4449.0000, -1992.0000, 307.0000,  4442.0000, -1990.0000, 307.0000,  0, 0, 240
L 4442.0000, -1990.0000, 307.0000,  4435.0000, -1987.0000, 307.0000,  0, 0, 240
L 4435.0000, -1987.0000, 307.0000,  4428.0000, -1986.0000, 308.0000,  0, 0, 240
L 4428.0000, -1986.0000, 308.0000,  4420.0000, -1985.0000, 308.0000,  0, 0, 240
L 4420.0000, -1985.0000, 308.0000,  4399.0000, -1985.0000, 308.0000,  0, 0, 240
L 4399.0000, -1985.0000, 308.0000,  4391.0000, -1986.0000, 309.0000,  0, 0, 240
L 4391.0000, -1986.0000, 309.0000,  4377.0000, -1990.0000, 309.0000,  0, 0, 240
L 4377.0000, -1990.0000, 309.0000,  4370.0000, -1993.0000, 309.0000,  0, 0, 240
L 4370.0000, -1993.0000, 309.0000,  4364.0000, -1997.0000, 309.0000,  0, 0, 240
L 4364.0000, -1997.0000, 309.0000,  4359.0000, -2001.0000, 309.0000,  0, 0, 240
L 4359.0000, -2001.0000, 309.0000,  4353.0000, -2005.0000, 309.0000,  0, 0, 240
L 4353.0000, -2005.0000, 309.0000,  4341.0000, -2017.0000, 309.0000,  0, 0, 240
L 4341.0000, -2017.0000, 309.0000,  4339.0000, -2020.0000, 309.0000,  0, 0, 240
L 4339.0000, -2020.0000, 309.0000,  4317.0000, -2049.0000, 308.0000,  0, 0, 240
L 4317.0000, -2049.0000, 308.0000,  4312.0000, -2055.0000, 307.0000,  0, 0, 240
L 4312.0000, -2055.0000, 307.0000,  4307.0000, -2061.0000, 307.0000,  0, 0, 240
L 4307.0000, -2061.0000, 307.0000,  4302.0000, -2066.0000, 307.0000,  0, 0, 240
L 4302.0000, -2066.0000, 307.0000,  4291.0000, -2076.0000, 307.0000,  0, 0, 240
L 4291.0000, -2076.0000, 307.0000,  4286.0000, -2081.0000, 307.0000,  0, 0, 240
L 4286.0000, -2081.0000, 307.0000,  4280.0000, -2085.0000, 307.0000,  0, 0, 240
L 4280.0000, -2085.0000, 307.0000,  4273.0000, -2090.0000, 307.0000,  0, 0, 240
L 4273.0000, -2090.0000, 307.0000,  4267.0000, -2093.0000, 307.0000,  0, 0, 240
L 4267.0000, -2093.0000, 307.0000,  4260.0000, -2096.0000, 307.0000,  0, 0, 240
L 4260.0000, -2096.0000, 307.0000,  4246.0000, -2100.0000, 307.0000,  0, 0, 240
L 4246.0000, -2100.0000, 307.0000,  4224.0000, -2106.0000, 308.0000,  0, 0, 240
L 4224.0000, -2106.0000, 308.0000,  4202.0000, -2109.0000, 308.0000,  0, 0, 240
L 4202.0000, -2109.0000, 308.0000,  4195.0000, -2110.0000, 309.0000,  0, 0, 240
L 4195.0000, -2110.0000, 309.0000,  4188.0000, -2110.0000, 309.0000,  0, 0, 240
L 4188.0000, -2110.0000, 309.0000,  4180.0000, -2109.0000, 309.0000,  0, 0, 240
L 4180.0000, -2109.0000, 309.0000,  4166.0000, -2105.0000, 309.0000,  0, 0, 240
L 4166.0000, -2105.0000, 309.0000,  4153.0000, -2099.0000, 309.0000,  0, 0, 240
L 4153.0000, -2099.0000, 309.0000,  4126.0000, -2086.0000, 308.0000,  0, 0, 240
L 4126.0000, -2086.0000, 308.0000,  4099.0000, -2073.0000, 308.0000,  0, 0, 240
L 4099.0000, -2073.0000, 308.0000,  4078.0000, -2065.0000, 307.0000,  0, 0, 240
L 4078.0000, -2065.0000, 307.0000,  4071.0000, -2062.0000, 307.0000,  0, 0, 240
L 4071.0000, -2062.0000, 307.0000,  4064.0000, -2060.0000, 307.0000,  0, 0, 240
L 4064.0000, -2060.0000, 307.0000,  4057.0000, -2059.0000, 307.0000,  0, 0, 240
L 4057.0000, -2059.0000, 307.0000,  4042.0000, -2059.0000, 307.0000,  0, 0, 240
L 4042.0000, -2059.0000, 307.0000,  4028.0000, -2061.0000, 307.0000,  0, 0, 240
L 4028.0000, -2061.0000, 307.0000,  4013.0000, -2065.0000, 307.0000,  0, 0, 240
L 4013.0000, -2065.0000, 307.0000,  3949.0000, -2083.0000, 309.0000,  0, 0, 240
L 3949.0000, -2083.0000, 309.0000,  3942.0000, -2085.0000, 309.0000,  0, 0, 240
L 3942.0000, -2085.0000, 309.0000,  3934.0000, -2087.0000, 309.0000,  0, 0, 240
L 3934.0000, -2087.0000, 309.0000,  3927.0000, -2088.0000, 309.0000,  0, 0, 240
L 3927.0000, -2088.0000, 309.0000,  3912.0000, -2088.0000, 309.0000,  0, 0, 240
L 3912.0000, -2088.0000, 309.0000,  3905.0000, -2087.0000, 309.0000,  0, 0, 240
L 3905.0000, -2087.0000, 309.0000,  3883.0000, -2084.0000, 308.0000,  0, 0, 240
L 3883.0000, -2084.0000, 308.0000,  3876.0000, -2083.0000, 308.0000,  0, 0, 240
L 3876.0000, -2083.0000, 308.0000,  3861.0000, -2084.0000, 308.0000,  0, 0, 240
L 3861.0000, -2084.0000, 308.0000,  3853.0000, -2084.0000, 307.0000,  0, 0, 240
L 3853.0000, -2084.0000, 307.0000,  3801.0000, -2091.0000, 307.0000,  0, 0, 240
L 3801.0000, -2091.0000, 307.0000,  3780.0000, -2097.0000, 307.0000,  0, 0, 240
L 3780.0000, -2097.0000, 307.0000,  3767.0000, -2104.0000, 307.0000,  0, 0, 240
L 3767.0000, -2104.0000, 307.0000,  3727.0000, -2124.0000, 309.0000,  0, 0, 240
L 3727.0000, -2124.0000, 309.0000,  3720.0000, -2127.0000, 309.0000,  0, 0, 240
L 3720.0000, -2127.0000, 309.0000,  3714.0000, -2130.0000, 309.0000,  0, 0, 240
L 3714.0000, -2130.0000, 309.0000,  3706.0000, -2132.0000, 309.0000,  0, 0, 240
L 3706.0000, -2132.0000, 309.0000,  3699.0000, -2134.0000, 309.0000,  0, 0, 240
L 3699.0000, -2134.0000, 309.0000,  3670.0000, -2138.0000, 309.0000,  0, 0, 240
L 3670.0000, -2138.0000, 309.0000,  3662.0000, -2138.0000, 309.0000,  0, 0, 240
L 3662.0000, -2138.0000, 309.0000,  3655.0000, -2138.0000, 308.0000,  0, 0, 240
L 3655.0000, -2138.0000, 308.0000,  3625.0000, -2135.0000, 308.0000,  0, 0, 240
L 3625.0000, -2135.0000, 308.0000,  3618.0000, -2135.0000, 307.0000,  0, 0, 240
L 3618.0000, -2135.0000, 307.0000,  3610.0000, -2135.0000, 307.0000,  0, 0, 240
L 3610.0000, -2135.0000, 307.0000,  3544.0000, -2143.0000, 307.0000,  0, 0, 240
L 3544.0000, -2143.0000, 307.0000,  3529.0000, -2144.0000, 307.0000,  0, 0, 240
L 3529.0000, -2144.0000, 307.0000,  3521.0000, -2146.0000, 308.0000,  0, 0, 240
L 3521.0000, -2146.0000, 308.0000,  3514.0000, -2147.0000, 308.0000,  0, 0, 240
L 3514.0000, -2147.0000, 308.0000,  3507.0000, -2149.0000, 308.0000,  0, 0, 240
L 3507.0000, -2149.0000, 308.0000,  3500.0000, -2152.0000, 308.0000,  0, 0, 240
L 3500.0000, -2152.0000, 308.0000,  3494.0000, -2156.0000, 308.0000,  0, 0, 240
L 3494.0000, -2156.0000, 308.0000,  3488.0000, -2160.0000, 309.0000,  0, 0, 240
L 3488.0000, -2160.0000, 309.0000,  3482.0000, -2164.0000, 309.0000,  0, 0, 240
L 3482.0000, -2164.0000, 309.0000,  3438.0000, -2204.0000, 309.0000,  0, 0, 240
L 3438.0000, -2204.0000, 309.0000,  3409.0000, -2228.0000, 308.0000,  0, 0, 240
L 3409.0000, -2228.0000, 308.0000,  3397.0000, -2237.0000, 307.0000,  0, 0, 240
L 3397.0000, -2237.0000, 307.0000,  3385.0000, -2246.0000, 307.0000,  0, 0, 240
L 3385.0000, -2246.0000, 307.0000,  3360.0000, -2261.0000, 307.0000,  0, 0, 240
L 3360.0000, -2261.0000, 307.0000,  3328.0000, -2282.0000, 307.0000,  0, 0, 240
L 3328.0000, -2282.0000, 307.0000,  3315.0000, -2289.0000, 308.0000,  0, 0, 240
L 3315.0000, -2289.0000, 308.0000,  3289.0000, -2302.0000, 309.0000,  0, 0, 240
L 3289.0000, -2302.0000, 309.0000,  3261.0000, -2315.0000, 309.0000,  0, 0, 240
L 3261.0000, -2315.0000, 309.0000,  3255.0000, -2318.0000, 309.0000,  0, 0, 240
L 3255.0000, -2318.0000, 309.0000,  3248.0000, -2322.0000, 309.0000,  0, 0, 240
L 3248.0000, -2322.0000, 309.0000,  3242.0000, -2326.0000, 309.0000,  0, 0, 240
L 3242.0000, -2326.0000, 309.0000,  3232.0000, -2336.0000, 309.0000,  0, 0, 240
L 3232.0000, -2336.0000, 309.0000,  3227.0000, -2342.0000, 308.0000,  0, 0, 240
L 3227.0000, -2342.0000, 308.0000,  3223.0000, -2348.0000, 308.0000,  0, 0, 240
L 3223.0000, -2348.0000, 308.0000,  3216.0000, -2361.0000, 308.0000,  0, 0, 240
L 3216.0000, -2361.0000, 308.0000,  3183.0000, -2419.0000, 307.0000,  0, 0, 240
L 3183.0000, -2419.0000, 307.0000,  3176.0000, -2433.0000, 307.0000,  0, 0, 240
L 3176.0000, -2433.0000, 307.0000,  3141.0000, -2509.0000, 309.0000,  0, 0, 240
L 3141.0000, -2509.0000, 309.0000,  3135.0000, -2522.0000, 309.0000,  0, 0, 240
L 3135.0000, -2522.0000, 309.0000,  3131.0000, -2536.0000, 309.0000,  0, 0, 240
L 3131.0000, -2536.0000, 309.0000,  3129.0000, -2544.0000, 309.0000,  0, 0, 240
L 3129.0000, -2544.0000, 309.0000,  3127.0000, -2558.0000, 309.0000,  0, 0, 240
L 3127.0000, -2558.0000, 309.0000,  3125.0000, -2581.0000, 308.0000,  0, 0, 240
L 3125.0000, -2581.0000, 308.0000,  3125.0000, -2596.0000, 308.0000,  0, 0, 240
L 3125.0000, -2596.0000, 308.0000,  3126.0000, -2603.0000, 307.0000,  0, 0, 240
L 3126.0000, -2603.0000, 307.0000,  3127.0000, -2610.0000, 307.0000,  0, 0, 240
L 3127.0000, -2610.0000, 307.0000,  3129.0000, -2617.0000, 307.0000,  0, 0, 240
L 3129.0000, -2617.0000, 307.0000,  3159.0000, -2686.0000, 307.0000,  0, 0, 240
L 3159.0000, -2686.0000, 307.0000,  3160.0000, -2693.0000, 308.0000,  0, 0, 240
L 3160.0000, -2693.0000, 308.0000,  3161.0000, -2700.0000, 308.0000,  0, 0, 240
L 3161.0000, -2700.0000, 308.0000,  3163.0000, -2729.0000, 309.0000,  0, 0, 240
L 3163.0000, -2729.0000, 309.0000,  3163.0000, -2736.0000, 309.0000,  0, 0, 240
L 3163.0000, -2736.0000, 309.0000,  3165.0000, -2743.0000, 309.0000,  0, 0, 240
L 3165.0000, -2743.0000, 309.0000,  3166.0000, -2749.0000, 309.0000,  0, 0, 240
L 3166.0000, -2749.0000, 309.0000,  3169.0000, -2755.0000, 309.0000,  0, 0, 240
L 3169.0000, -2755.0000, 309.0000,  3172.0000, -2760.0000, 309.0000,  0, 0, 240
L 3172.0000, -2760.0000, 309.0000,  3176.0000, -2764.0000, 309.0000,  0, 0, 240
L 3176.0000, -2764.0000, 309.0000,  3180.0000, -2767.0000, 309.0000,  0, 0, 240
L 3180.0000, -2767.0000, 309.0000,  3188.0000, -2771.0000, 309.0000,  0, 0, 240
L 3188.0000, -2771.0000, 309.0000,  3193.0000, -2771.0000, 308.0000,  0, 0, 240
L 3193.0000, -2771.0000, 308.0000,  3198.0000, -2772.0000, 308.0000,  0, 0, 240
L 3198.0000, -2772.0000, 308.0000,  3207.0000, -2772.0000, 308.0000,  0, 0, 240
L 3207.0000, -2772.0000, 308.0000,  3233.0000, -2771.0000, 307.0000,  0, 0, 240
L 3233.0000, -2771.0000, 307.0000,  3256.0000, -2769.0000, 307.0000,  0, 0, 240
L 3256.0000, -2769.0000, 307.0000,  3304.0000, -2763.0000, 308.0000,  0, 0, 240
L 3304.0000, -2763.0000, 308.0000,  3311.0000, -2762.0000, 308.0000,  0, 0, 240
L 3311.0000, -2762.0000, 308.0000,  3326.0000, -2762.0000, 308.0000,  0, 0, 240
L 3326.0000, -2762.0000, 308.0000,  3333.0000, -2763.0000, 309.0000,  0, 0, 240
L 3333.0000, -2763.0000, 309.0000,  3340.0000, -2764.0000, 309.0000,  0, 0, 240
L 3340.0000, -2764.0000, 309.0000,  3351.0000, -2768.0000, 309.0000,  0, 0, 240
L 3351.0000, -2768.0000, 309.0000,  3372.0000, -2774.0000, 309.0000,  0, 0, 240
L 3372.0000, -2774.0000, 309.0000,  3408.0000, -2784.0000, 308.0000,  0, 0, 240
L 3408.0000, -2784.0000, 308.0000,  3423.0000, -2787.0000, 308.0000,  0, 0, 240
L 3423.0000, -2787.0000, 308.0000,  3437.0000, -2789.0000, 308.0000,  0, 0, 240
L 3437.0000, -2789.0000, 308.0000,  3462.0000, -2791.0000, 307.0000,  0, 0, 240
L 3462.0000, -2791.0000, 307.0000,  3474.0000, -2793.0000, 307.0000,  0, 0, 240
L 3474.0000, -2793.0000, 307.0000,  3479.0000, -2795.0000, 307.0000,  0, 0, 240
L 3479.0000, -2795.0000, 307.0000,  3483.0000, -2797.0000, 307.0000,  0, 0, 240
L 3483.0000, -2797.0000, 307.0000,  3492.0000, -2801.0000, 307.0000,  0, 0, 240
L 3492.0000, -2801.0000, 307.0000,  3513.0000, -2812.0000, 308.0000,  0, 0, 240
L 3513.0000, -2812.0000, 308.0000,  3523.0000, -2816.0000, 308.0000,  0, 0, 240
L 3523.0000, -2816.0000, 308.0000,  3529.0000, -2818.0000, 308.0000,  0, 0, 240
L 3529.0000, -2818.0000, 308.0000,  3540.0000, -2820.0000, 309.0000,  0, 0, 240
L 3540.0000, -2820.0000, 309.0000,  3585.0000, -2828.0000, 309.0000,  0, 0, 240
L 3585.0000, -2828.0000, 309.0000,  3593.0000, -2830.0000, 309.0000,  0, 0, 240
L 3593.0000, -2830.0000, 309.0000,  3599.0000, -2832.0000, 308.0000,  0, 0, 240
L 3599.0000, -2832.0000, 308.0000,  3605.0000, -2834.0000, 308.0000,  0, 0, 240
L 3605.0000, -2834.0000, 308.0000,  3610.0000, -2836.0000, 308.0000,  0, 0, 240
L 3610.0000, -2836.0000, 308.0000,  3614.0000, -2840.0000, 308.0000,  0, 0, 240
L 3614.0000, -2840.0000, 308.0000,  3618.0000, -2843.0000, 308.0000,  0, 0, 240
L 3618.0000, -2843.0000, 308.0000,  3626.0000, -2850.0000, 307.0000,  0, 0, 240
L 3626.0000, -2850.0000, 307.0000,  3642.0000, -2867.0000, 307.0000,  0, 0, 240
L 3642.0000, -2867.0000, 307.0000,  3650.0000, -2875.0000, 307.0000,  0, 0, 240
L 3650.0000, -2875.0000, 307.0000,  3657.0000, -2882.0000, 309.0000,  0, 0, 240
L 3657.0000, -2882.0000, 309.0000,  3659.0000, -2884.0000, 307.0000,  0, 0, 240
L 3659.0000, -2884.0000, 307.0000,  3660.0000, -2885.0000, 307.0000,  0, 0, 240
L 3660.0000, -2885.0000, 307.0000,  3663.0000, -2887.0000, 307.0000,  0, 0, 240
L 3663.0000, -2887.0000, 307.0000,  3667.0000, -2889.0000, 307.0000,  0, 0, 240
L 3667.0000, -2889.0000, 307.0000,  3675.0000, -2894.0000, 309.0000,  0, 0, 240
L 3675.0000, -2894.0000, 309.0000,  3690.0000, -2902.0000, 308.0000,  0, 0, 240
L 3690.0000, -2902.0000, 308.0000,  3697.0000, -2906.0000, 308.0000,  0, 0, 240
L 3697.0000, -2906.0000, 308.0000,  3702.0000, -2908.0000, 307.0000,  0, 0, 240
L 3702.0000, -2908.0000, 307.0000,  3711.0000, -2911.0000, 307.0000,  0, 0, 240
L 3711.0000, -2911.0000, 307.0000,  3717.0000, -2913.0000, 308.0000,  0, 0, 240
L 3717.0000, -2913.0000, 308.0000,  3718.0000, -2912.0000, 309.0000,  0, 0, 240
L 3718.0000, -2912.0000, 309.0000,  3719.0000, -2910.0000, 308.0000,  0, 0, 240
L 3719.0000, -2910.0000, 308.0000,  3725.0000, -2906.0000, 307.0000,  0, 0, 240
L 3725.0000, -2906.0000, 307.0000,  3732.0000, -2901.0000, 307.0000,  0, 0, 240
L 3732.0000, -2901.0000, 307.0000,  3739.0000, -2895.0000, 307.0000,  0, 0, 240
L 3739.0000, -2895.0000, 307.0000,  3742.0000, -2893.0000, 307.0000,  0, 0, 240
L 3742.0000, -2893.0000, 307.0000,  3748.0000, -2891.0000, 308.0000,  0, 0, 240
L 3748.0000, -2891.0000, 308.0000,  3757.0000, -2887.0000, 309.0000,  0, 0, 240
L 3757.0000, -2887.0000, 309.0000,  3761.0000, -2885.0000, 309.0000,  0, 0, 240
L 3761.0000, -2885.0000, 309.0000,  3795.0000, -2867.0000, 307.0000,  0, 0, 240
L 3795.0000, -2867.0000, 307.0000,  3824.0000, -2852.0000, 307.0000,  0, 0, 240
L 3824.0000, -2852.0000, 307.0000,  3831.0000, -2848.0000, 307.0000,  0, 0, 240
L 3831.0000, -2848.0000, 307.0000,  3853.0000, -2835.0000, 309.0000,  0, 0, 240
L 3853.0000, -2835.0000, 309.0000,  3865.0000, -2829.0000, 309.0000,  0, 0, 240
L 3865.0000, -2829.0000, 309.0000,  3872.0000, -2826.0000, 309.0000,  0, 0, 240
L 3872.0000, -2826.0000, 309.0000,  3879.0000, -2824.0000, 309.0000,  0, 0, 240
L 3879.0000, -2824.0000, 309.0000,  3889.0000, -2821.0000, 308.0000,  0, 0, 240
L 3889.0000, -2821.0000, 308.0000,  3892.0000, -2820.0000, 308.0000,  0, 0, 240
L 3892.0000, -2820.0000, 308.0000,  3902.0000, -2819.0000, 308.0000,  0, 0, 240
L 3902.0000, -2819.0000, 308.0000,  3921.0000, -2818.0000, 307.0000,  0, 0, 240
L 3921.0000, -2818.0000, 307.0000,  3949.0000, -2814.0000, 307.0000,  0, 0, 240
L 3949.0000, -2814.0000, 307.0000,  4003.0000, -2807.0000, 309.0000,  0, 0, 240
L 4003.0000, -2807.0000, 309.0000,  4018.0000, -2806.0000, 309.0000,  0, 0, 240
L 4018.0000, -2806.0000, 309.0000,  4028.0000, -2806.0000, 309.0000,  0, 0, 240
L 4028.0000, -2806.0000, 309.0000,  4033.0000, -2807.0000, 309.0000,  0, 0, 240
L 4033.0000, -2807.0000, 309.0000,  4038.0000, -2808.0000, 308.0000,  0, 0, 240
L 4038.0000, -2808.0000, 308.0000,  4043.0000, -2809.0000, 308.0000,  0, 0, 240
L 4043.0000, -2809.0000, 308.0000,  4051.0000, -2812.0000, 308.0000,  0, 0, 240
L 4051.0000, -2812.0000, 308.0000,  4076.0000, -2822.0000, 307.0000,  0, 0, 240
L 4076.0000, -2822.0000, 307.0000,  4085.0000, -2826.0000, 307.0000,  0, 0, 240
L 4085.0000, -2826.0000, 307.0000,  4091.0000, -2829.0000, 307.0000,  0, 0, 240
L 4091.0000, -2829.0000, 307.0000,  4094.0000, -2831.0000, 307.0000,  0, 0, 240
L 4094.0000, -2831.0000, 307.0000,  4099.0000, -2835.0000, 307.0000,  0, 0, 240
L 4099.0000, -2835.0000, 307.0000,  4102.0000, -2838.0000, 307.0000,  0, 0, 240
L 4102.0000, -2838.0000, 307.0000,  4105.0000, -2842.0000, 307.0000,  0, 0, 240
L 4105.0000, -2842.0000, 307.0000,  4109.0000, -2846.0000, 307.0000,  0, 0, 240
L 4109.0000, -2846.0000, 307.0000,  4114.0000, -2854.0000, 308.0000,  0, 0, 240
L 4114.0000, -2854.0000, 308.0000,  4127.0000, -2879.0000, 309.0000,  0, 0, 240
L 4127.0000, -2879.0000, 309.0000,  4137.0000, -2895.0000, 309.0000,  0, 0, 240
L 4137.0000, -2895.0000, 309.0000,  4185.0000, -2971.0000, 307.0000,  0, 0, 240
L 4185.0000, -2971.0000, 307.0000,  4201.0000, -2996.0000, 307.0000,  0, 0, 240
L 4201.0000, -2996.0000, 307.0000,  4243.0000, -3054.0000, 309.0000,  0, 0, 240
L 4243.0000, -3054.0000, 309.0000,  4247.0000, -3060.0000, 309.0000,  0, 0, 240
L 4247.0000, -3060.0000, 309.0000,  4250.0000, -3065.0000, 308.0000,  0, 0, 240
L 4250.0000, -3065.0000, 308.0000,  4254.0000, -3073.0000, 307.0000,  0, 0, 240
L 4254.0000, -3073.0000, 307.0000,  4255.0000, -3074.0000, 307.0000,  0, 0, 240
L 4255.0000, -3074.0000, 307.0000,  4266.0000, -3094.0000, 308.0000,  0, 0, 240
L 4266.0000, -3094.0000, 308.0000,  4270.0000, -3104.0000, 309.0000,  0, 0, 240
L 4270.0000, -3104.0000, 309.0000,  4275.0000, -3115.0000, 309.0000,  0, 0, 240
L 4275.0000, -3115.0000, 309.0000,  4277.0000, -3124.0000, 309.0000,  0, 0, 240
L 4277.0000, -3124.0000, 309.0000,  4289.0000, -3169.0000, 307.0000,  0, 0, 240
L 4289.0000, -3169.0000, 307.0000,  4293.0000, -3189.0000, 307.0000,  0, 0, 240
L 4293.0000, -3189.0000, 307.0000,  4295.0000, -3203.0000, 307.0000,  0, 0, 240
L 4295.0000, -3203.0000, 307.0000,  4303.0000, -3280.0000, 309.0000,  0, 0, 240
L 4303.0000, -3280.0000, 309.0000,  4307.0000, -3332.0000, 308.0000,  0, 0, 240
L 4307.0000, -3332.0000, 308.0000,  4308.0000, -3339.0000, 308.0000,  0, 0, 240
L 4308.0000, -3339.0000, 308.0000,  4307.0000, -3376.0000, 307.0000,  0, 0, 240
L 4307.0000, -3376.0000, 307.0000,  4307.0000, -3419.0000, 307.0000,  0, 0, 240
L 4307.0000, -3419.0000, 307.0000,  4308.0000, -3438.0000, 308.0000,  0, 0, 240
L 4308.0000, -3438.0000, 308.0000,  4308.0000, -3444.0000, 308.0000,  0, 0, 240
L 4308.0000, -3444.0000, 308.0000,  4311.0000, -3466.0000, 309.0000,  0, 0, 240
L 4311.0000, -3466.0000, 309.0000,  4319.0000, -3511.0000, 309.0000,  0, 0, 240
L 4319.0000, -3511.0000, 309.0000,  4319.0000, -3519.0000, 308.0000,  0, 0, 240
L 4319.0000, -3519.0000, 308.0000,  4320.0000, -3524.0000, 308.0000,  0, 0, 240
L 4320.0000, -3524.0000, 308.0000,  4319.0000, -3538.0000, 308.0000,  0, 0, 240
L 4319.0000, -3538.0000, 308.0000,  4318.0000, -3567.0000, 307.0000,  0, 0, 240
L 4318.0000, -3567.0000, 307.0000,  4317.0000, -3575.0000, 307.0000,  0, 0, 240
L 4317.0000, -3575.0000, 307.0000,  4314.0000, -3589.0000, 307.0000,  0, 0, 240
L 4314.0000, -3589.0000, 307.0000,  4308.0000, -3611.0000, 307.0000,  0, 0, 240
L 4308.0000, -3611.0000, 307.0000,  4294.0000, -3659.0000, 308.0000,  0, 0, 240
L 4294.0000, -3659.0000, 308.0000,  4289.0000, -3670.0000, 308.0000,  0, 0, 240
L 4289.0000, -3670.0000, 308.0000,  4287.0000, -3675.0000, 308.0000,  0, 0, 240
L 4287.0000, -3675.0000, 308.0000,  4284.0000, -3680.0000, 309.0000,  0, 0, 240
L 4284.0000, -3680.0000, 309.0000,  4281.0000, -3685.0000, 309.0000,  0, 0, 240
L 4281.0000, -3685.0000, 309.0000,  4274.0000, -3694.0000, 309.0000,  0, 0, 240
L 4274.0000, -3694.0000, 309.0000,  4266.0000, -3703.0000, 309.0000,  0, 0, 240
L 4266.0000, -3703.0000, 309.0000,  4254.0000, -3713.0000, 309.0000,  0, 0, 240
L 4254.0000, -3713.0000, 309.0000,  4245.0000, -3720.0000, 308.0000,  0, 0, 240
L 4245.0000, -3720.0000, 308.0000,  4240.0000, -3724.0000, 308.0000,  0, 0, 240
L 4240.0000, -3724.0000, 308.0000,  4235.0000, -3727.0000, 308.0000,  0, 0, 240
L 4235.0000, -3727.0000, 308.0000,  4231.0000, -3729.0000, 308.0000,  0, 0, 240
L 4231.0000, -3729.0000, 308.0000,  4219.0000, -3735.0000, 307.0000,  0, 0, 240
L 4219.0000, -3735.0000, 307.0000,  4208.0000, -3740.0000, 307.0000,  0, 0, 240
L 4208.0000, -3740.0000, 307.0000,  4168.0000, -3756.0000, 307.0000,  0, 0, 240
L 4168.0000, -3756.0000, 307.0000,  4162.0000, -3759.0000, 307.0000,  0, 0, 240
L 4162.0000, -3759.0000, 307.0000,  4148.0000, -3765.0000, 307.0000,  0, 0, 240
L 4148.0000, -3765.0000, 307.0000,  4142.0000, -3769.0000, 307.0000,  0, 0, 240
L 4142.0000, -3769.0000, 307.0000,  4137.0000, -3774.0000, 308.0000,  0, 0, 240
L 4137.0000, -3774.0000, 308.0000,  4127.0000, -3784.0000, 308.0000,  0, 0, 240
L 4127.0000, -3784.0000, 308.0000,  4101.0000, -3814.0000, 309.0000,  0, 0, 240
L 4101.0000, -3814.0000, 309.0000,  4092.0000, -3823.0000, 309.0000,  0, 0, 240
L 4092.0000, -3823.0000, 309.0000,  4087.0000, -3827.0000, 309.0000,  0, 0, 240
L 4087.0000, -3827.0000, 309.0000,  4076.0000, -3835.0000, 309.0000,  0, 0, 240
L 4076.0000, -3835.0000, 309.0000,  4059.0000, -3848.0000, 308.0000,  0, 0, 240
L 4059.0000, -3848.0000, 308.0000,  4047.0000, -3856.0000, 308.0000,  0, 0, 240
L 4047.0000, -3856.0000, 308.0000,  4033.0000, -3862.0000, 307.0000,  0, 0, 240
L 4033.0000, -3862.0000, 307.0000,  3978.0000, -3885.0000, 307.0000,  0, 0, 240
L 3978.0000, -3885.0000, 307.0000,  3896.0000, -3912.0000, 309.0000,  0, 0, 240
L 3896.0000, -3912.0000, 309.0000,  3859.0000, -3924.0000, 308.0000,  0, 0, 240
L 3859.0000, -3924.0000, 308.0000,  3851.0000, -3927.0000, 308.0000,  0, 0, 240
L 3851.0000, -3927.0000, 308.0000,  3848.0000, -3929.0000, 307.0000,  0, 0, 240
L 3848.0000, -3929.0000, 307.0000,  3843.0000, -3932.0000, 307.0000,  0, 0, 240
L 3843.0000, -3932.0000, 307.0000,  3837.0000, -3935.0000, 307.0000,  0, 0, 240
L 3837.0000, -3935.0000, 307.0000,  3831.0000, -3940.0000, 307.0000,  0, 0, 240
L 3831.0000, -3940.0000, 307.0000,  3828.0000, -3942.0000, 307.0000,  0, 0, 240
L 3828.0000, -3942.0000, 307.0000,  3825.0000, -3945.0000, 307.0000,  0, 0, 240
L 3825.0000, -3945.0000, 307.0000,  3822.0000, -3947.0000, 307.0000,  0, 0, 240
L 3822.0000, -3947.0000, 307.0000,  3818.0000, -3953.0000, 307.0000,  0, 0, 240
L 3818.0000, -3953.0000, 307.0000,  3817.0000, -3956.0000, 307.0000,  0, 0, 240
L 3817.0000, -3956.0000, 307.0000,  3814.0000, -3961.0000, 308.0000,  0, 0, 240
L 3814.0000, -3961.0000, 308.0000,  3813.0000, -3966.0000, 308.0000,  0, 0, 240
L 3813.0000, -3966.0000, 308.0000,  3812.0000, -3972.0000, 309.0000,  0, 0, 240
L 3812.0000, -3972.0000, 309.0000,  3811.0000, -3976.0000, 309.0000,  0, 0, 240
L 4552.0000, -2567.0000, 492.0000,  4552.0000, -2563.0000, 491.0000,  0, 0, 240
L 4552.0000, -2563.0000, 491.0000,  4553.0000, -2555.0000, 491.0000,  0, 0, 240
L 4553.0000, -2555.0000, 491.0000,  4553.0000, -2543.0000, 490.0000,  0, 0, 240
L 4553.0000, -2543.0000, 490.0000,  4552.0000, -2536.0000, 490.0000,  0, 0, 240
L 4552.0000, -2536.0000, 490.0000,  4551.0000, -2532.0000, 490.0000,  0, 0, 240
L 4551.0000, -2532.0000, 490.0000,  4550.0000, -2529.0000, 490.0000,  0, 0, 240
L 4550.0000, -2529.0000, 490.0000,  4548.0000, -2525.0000, 489.0000,  0, 0, 240
L 4548.0000, -2525.0000, 489.0000,  4544.0000, -2517.0000, 489.0000,  0, 0, 240
L 4544.0000, -2517.0000, 489.0000,  4536.0000, -2506.0000, 489.0000,  0, 0, 240
L 4536.0000, -2506.0000, 489.0000,  4530.0000, -2497.0000, 489.0000,  0, 0, 240
L 4530.0000, -2497.0000, 489.0000,  4525.0000, -2489.0000, 489.0000,  0, 0, 240
L 4525.0000, -2489.0000, 489.0000,  4518.0000, -2472.0000, 490.0000,  0, 0, 240
L 4518.0000, -2472.0000, 490.0000,  4515.0000, -2465.0000, 490.0000,  0, 0, 240
L 4515.0000, -2465.0000, 490.0000,  4511.0000, -2451.0000, 491.0000,  0, 0, 240
L 4511.0000, -2451.0000, 491.0000,  4509.0000, -2445.0000, 491.0000,  0, 0, 240
L 4509.0000, -2445.0000, 491.0000,  4507.0000, -2443.0000, 491.0000,  0, 0, 240
L 4507.0000, -2443.0000, 491.0000,  4505.0000, -2440.0000, 491.0000,  0, 0, 240
L 4505.0000, -2440.0000, 491.0000,  4503.0000, -2438.0000, 491.0000,  0, 0, 240
L 4503.0000, -2438.0000, 491.0000,  4500.0000, -2436.0000, 491.0000,  0, 0, 240
L 4500.0000, -2436.0000, 491.0000,  4497.0000, -2435.0000, 491.0000,  0, 0, 240
L 4497.0000, -2435.0000, 491.0000,  4494.0000, -2433.0000, 490.0000,  0, 0, 240
L 4494.0000, -2433.0000, 490.0000,  4487.0000, -2431.0000, 490.0000,  0, 0, 240
L 4487.0000, -2431.0000, 490.0000,  4483.0000, -2429.0000, 490.0000,  0, 0, 240
L 4483.0000, -2429.0000, 490.0000,  4479.0000, -2428.0000, 490.0000,  0, 0, 240
L 4479.0000, -2428.0000, 490.0000,  4474.0000, -2428.0000, 489.0000,  0, 0, 240
L 4474.0000, -2428.0000, 489.0000,  4460.0000, -2426.0000, 489.0000,  0, 0, 240
L 4460.0000, -2426.0000, 489.0000,  4444.0000, -2425.0000, 489.0000,  0, 0, 240
L 4444.0000, -2425.0000, 489.0000,  4438.0000, -2425.0000, 489.0000,  0, 0, 240
L 4438.0000, -2425.0000, 489.0000,  4421.0000, -2428.0000, 489.0000,  0, 0, 240
L 4421.0000, -2428.0000, 489.0000,  4411.0000, -2432.0000, 489.0000,  0, 0, 240
L 4411.0000, -2432.0000, 489.0000,  4406.0000, -2434.0000, 490.0000,  0, 0, 240
L 4406.0000, -2434.0000, 490.0000,  4398.0000, -2439.0000, 490.0000,  0, 0, 240
L 4398.0000, -2439.0000, 490.0000,  4383.0000, -2447.0000, 491.0000,  0, 0, 240
L 4383.0000, -2447.0000, 491.0000,  4367.0000, -2457.0000, 491.0000,  0, 0, 240
L 4367.0000, -2457.0000, 491.0000,  4359.0000, -2462.0000, 489.0000,  0, 0, 240
L 4359.0000, -2462.0000, 489.0000,  4358.0000, -2463.0000, 489.0000,  0, 0, 240
L 4358.0000, -2463.0000, 489.0000,  4356.0000, -2463.0000, 489.0000,  0, 0, 240
L 4356.0000, -2463.0000, 489.0000,  4353.0000, -2462.0000, 489.0000,  0, 0, 240
L 4353.0000, -2462.0000, 489.0000,  4349.0000, -2462.0000, 489.0000,  0, 0, 240
L 4349.0000, -2462.0000, 489.0000,  4347.0000, -2463.0000, 489.0000,  0, 0, 240
L 4347.0000, -2463.0000, 489.0000,  4346.0000, -2464.0000, 490.0000,  0, 0, 240
L 4346.0000, -2464.0000, 490.0000,  4344.0000, -2465.0000, 490.0000,  0, 0, 240
L 4344.0000, -2465.0000, 490.0000,  4342.0000, -2467.0000, 490.0000,  0, 0, 240
L 4342.0000, -2467.0000, 490.0000,  4340.0000, -2468.0000, 490.0000,  0, 0, 240
L 4340.0000, -2468.0000, 490.0000,  4339.0000, -2470.0000, 490.0000,  0, 0, 240
L 4339.0000, -2470.0000, 490.0000,  4337.0000, -2471.0000, 491.0000,  0, 0, 240
L 4337.0000, -2471.0000, 491.0000,  4337.0000, -2472.0000, 491.0000,  0, 0, 240
L 4337.0000, -2472.0000, 491.0000,  4335.0000, -2474.0000, 491.0000,  0, 0, 240
L 4335.0000, -2474.0000, 491.0000,  4334.0000, -2476.0000, 491.0000,  0, 0, 240
L 4334.0000, -2476.0000, 491.0000,  4334.0000, -2478.0000, 490.0000,  0, 0, 240
L 4334.0000, -2478.0000, 490.0000,  4332.0000, -2479.0000, 490.0000,  0, 0, 240
L 4332.0000, -2479.0000, 490.0000,  4323.0000, -2480.0000, 489.0000,  0, 0, 240
L 4323.0000, -2480.0000, 489.0000,  4319.0000, -2482.0000, 489.0000,  0, 0, 240
L 4319.0000, -2482.0000, 489.0000,  4318.0000, -2484.0000, 489.0000,  0, 0, 240
L 4318.0000, -2484.0000, 489.0000,  4317.0000, -2485.0000, 489.0000,  0, 0, 240
L 4317.0000, -2485.0000, 489.0000,  4316.0000, -2487.0000, 489.0000,  0, 0, 240
L 4316.0000, -2487.0000, 489.0000,  4315.0000, -2492.0000, 489.0000,  0, 0, 240
L 4315.0000, -2492.0000, 489.0000,  4309.0000, -2517.0000, 490.0000,  0, 0, 240
L 4309.0000, -2517.0000, 490.0000,  4306.0000, -2529.0000, 491.0000,  0, 0, 240
L 4306.0000, -2529.0000, 491.0000,  4301.0000, -2557.0000, 491.0000,  0, 0, 240
L 4301.0000, -2557.0000, 491.0000,  4298.0000, -2576.0000, 490.0000,  0, 0, 240
L 4298.0000, -2576.0000, 490.0000,  4297.0000, -2583.0000, 490.0000,  0, 0, 240
L 4297.0000, -2583.0000, 490.0000,  4297.0000, -2590.0000, 489.0000,  0, 0, 240
L 4297.0000, -2590.0000, 489.0000,  4297.0000, -2593.0000, 489.0000,  0, 0, 240
L 4297.0000, -2593.0000, 489.0000,  4298.0000, -2596.0000, 489.0000,  0, 0, 240
L 4298.0000, -2596.0000, 489.0000,  4300.0000, -2599.0000, 489.0000,  0, 0, 240
L 4300.0000, -2599.0000, 489.0000,  4301.0000, -2602.0000, 489.0000,  0, 0, 240
L 4301.0000, -2602.0000, 489.0000,  4303.0000, -2604.0000, 489.0000,  0, 0, 240
L 4303.0000, -2604.0000, 489.0000,  4305.0000, -2605.0000, 489.0000,  0, 0, 240
L 4305.0000, -2605.0000, 489.0000,  4311.0000, -2607.0000, 489.0000,  0, 0, 240
L 4311.0000, -2607.0000, 489.0000,  4312.0000, -2607.0000, 489.0000,  0, 0, 240
L 4312.0000, -2607.0000, 489.0000,  4319.0000, -2608.0000, 490.0000,  0, 0, 240
L 4319.0000, -2608.0000, 490.0000,  4328.0000, -2608.0000, 490.0000,  0, 0, 240
L 4328.0000, -2608.0000, 490.0000,  4330.0000, -2607.0000, 491.0000,  0, 0, 240
L 4330.0000, -2607.0000, 491.0000,  4331.0000, -2607.0000, 491.0000,  0, 0, 240
L 4331.0000, -2607.0000, 491.0000,  4333.0000, -2606.0000, 491.0000,  0, 0, 240
L 4333.0000, -2606.0000, 491.0000,  4334.0000, -2605.0000, 491.0000,  0, 0, 240
L 4334.0000, -2605.0000, 491.0000,  4339.0000, -2595.0000, 491.0000,  0, 0, 240
L 4339.0000, -2595.0000, 491.0000,  4342.0000, -2591.0000, 490.0000,  0, 0, 240
L 4342.0000, -2591.0000, 490.0000,  4344.0000, -2587.0000, 490.0000,  0, 0, 240
L 4344.0000, -2587.0000, 490.0000,  4348.0000, -2585.0000, 490.0000,  0, 0, 240
L 4348.0000, -2585.0000, 490.0000,  4350.0000, -2584.0000, 489.0000,  0, 0, 240
L 4350.0000, -2584.0000, 489.0000,  4353.0000, -2583.0000, 489.0000,  0, 0, 240
L 4353.0000, -2583.0000, 489.0000,  4357.0000, -2583.0000, 489.0000,  0, 0, 240
L 4357.0000, -2583.0000, 489.0000,  4375.0000, -2589.0000, 489.0000,  0, 0, 240
L 4375.0000, -2589.0000, 489.0000,  4384.0000, -2590.0000, 490.0000,  0, 0, 240
L 4384.0000, -2590.0000, 490.0000,  4409.0000, -2592.0000, 491.0000,  0, 0, 240
L 4409.0000, -2592.0000, 491.0000,  4431.0000, -2597.0000, 491.0000,  0, 0, 240
L 4431.0000, -2597.0000, 491.0000,  4450.0000, -2601.0000, 490.0000,  0, 0, 240
L 4450.0000, -2601.0000, 490.0000,  4465.0000, -2605.0000, 489.0000,  0, 0, 240
L 4465.0000, -2605.0000, 489.0000,  4467.0000, -2605.0000, 489.0000,  0, 0, 240
L 4467.0000, -2605.0000, 489.0000,  4475.0000, -2606.0000, 489.0000,  0, 0, 240
L 4475.0000, -2606.0000, 489.0000,  4485.0000, -2606.0000, 489.0000,  0, 0, 240
L 4485.0000, -2606.0000, 489.0000,  4487.0000, -2605.0000, 489.0000,  0, 0, 240
L 4487.0000, -2605.0000, 489.0000,  4501.0000, -2602.0000, 490.0000,  0, 0, 240
L 4501.0000, -2602.0000, 490.0000,  4505.0000, -2602.0000, 490.0000,  0, 0, 240
L 4505.0000, -2602.0000, 490.0000,  4512.0000, -2601.0000, 491.0000,  0, 0, 240
L 4512.0000, -2601.0000, 491.0000,  4516.0000, -2601.0000, 491.0000,  0, 0, 240
L 4516.0000, -2601.0000, 491.0000,  4522.0000, -2599.0000, 491.0000,  0, 0, 240
L 4522.0000, -2599.0000, 491.0000,  4524.0000, -2597.0000, 491.0000,  0, 0, 240
L 4524.0000, -2597.0000, 491.0000,  4526.0000, -2596.0000, 491.0000,  0, 0, 240
L 4526.0000, -2596.0000, 491.0000,  4530.0000, -2593.0000, 491.0000,  0, 0, 240
L 4530.0000, -2593.0000, 491.0000,  4533.0000, -2591.0000, 490.0000,  0, 0, 240
L 4533.0000, -2591.0000, 490.0000,  4535.0000, -2590.0000, 490.0000,  0, 0, 240
L 4535.0000, -2590.0000, 490.0000,  4538.0000, -2586.0000, 490.0000,  0, 0, 240
L 3665.0000, -2451.0000, 500.0000,  3660.0000, -2454.0000, 500.0000,  240, 127, 0
L 3660.0000, -2454.0000, 500.0000,  3669.0000, -2471.0000, 499.0000,  240, 127, 0
L 3669.0000, -2471.0000, 501.0000,  3688.0000, -2465.0000, 501.0000,  240, 127, 0
L 3688.0000, -2465.0000, 500.0000,  3676.0000, -2446.0000, 501.0000,  240, 127, 0
L 3676.0000, -2446.0000, 500.0000,  3671.0000, -2450.0000, 501.0000,  240, 127, 0
L 3667.0000, -2431.0000, 501.0000,  3669.0000, -2434.0000, 499.0000,  240, 127, 0
L 3669.0000, -2434.0000, 499.0000,  3671.0000, -2434.0000, 499.0000,  240, 127, 0
L 3671.0000, -2434.0000, 499.0000,  3673.0000, -2434.0000, 500.0000,  240, 127, 0
L 3673.0000, -2434.0000, 500.0000,  3675.0000, -2433.0000, 500.0000,  240, 127, 0
L 3675.0000, -2433.0000, 500.0000,  3677.0000, -2432.0000, 503.0000,  240, 127, 0
L 3677.0000, -2432.0000, 503.0000,  3679.0000, -2431.0000, 502.0000,  240, 127, 0
L 3679.0000, -2431.0000, 502.0000,  3684.0000, -2426.0000, 500.0000,  240, 127, 0
L 3684.0000, -2426.0000, 500.0000,  3685.0000, -2425.0000, 500.0000,  240, 127, 0
L 3685.0000, -2425.0000, 500.0000,  3686.0000, -2424.0000, 501.0000,  240, 127, 0
L 3686.0000, -2424.0000, 501.0000,  3686.0000, -2421.0000, 501.0000,  240, 127, 0
L 3686.0000, -2421.0000, 501.0000,  3685.0000, -2419.0000, 500.0000,  240, 127, 0
L 3685.0000, -2419.0000, 500.0000,  3680.0000, -2412.0000, 499.0000,  240, 127, 0
L 3680.0000, -2412.0000, 499.0000,  3678.0000, -2409.0000, 499.0000,  240, 127, 0
L 3678.0000, -2409.0000, 499.0000,  3677.0000, -2408.0000, 499.0000,  240, 127, 0
L 3677.0000, -2408.0000, 499.0000,  3675.0000, -2406.0000, 501.0000,  240, 127, 0
L 3675.0000, -2406.0000, 501.0000,  3674.0000, -2407.0000, 501.0000,  240, 127, 0
L 3674.0000, -2407.0000, 501.0000,  3664.0000, -2417.0000, 499.0000,  240, 127, 0
L 3664.0000, -2417.0000, 499.0000,  3662.0000, -2418.0000, 500.0000,  240, 127, 0
L 3662.0000, -2418.0000, 500.0000,  3661.0000, -2420.0000, 500.0000,  240, 127, 0
L 3661.0000, -2420.0000, 500.0000,  3661.0000, -2421.0000, 500.0000,  240, 127, 0
L 3661.0000, -2421.0000, 500.0000,  3662.0000, -2423.0000, 500.0000,  240, 127, 0
L 3662.0000, -2423.0000, 500.0000,  3662.0000, -2425.0000, 500.0000,  240, 127, 0
L 3662.0000, -2425.0000, 500.0000,  3663.0000, -2426.0000, 499.0000,  240, 127, 0
L 3640.0000, -2423.0000, 501.0000,  3643.0000, -2422.0000, 500.0000,  240, 127, 0
L 3643.0000, -2422.0000, 500.0000,  3644.0000, -2421.0000, 500.0000,  240, 127, 0
L 3644.0000, -2421.0000, 500.0000,  3646.0000, -2419.0000, 499.0000,  240, 127, 0
L 3646.0000, -2419.0000, 499.0000,  3643.0000, -2416.0000, 499.0000,  240, 127, 0
L 3643.0000, -2416.0000, 499.0000,  3637.0000, -2410.0000, 500.0000,  240, 127, 0
L 3637.0000, -2410.0000, 500.0000,  3636.0000, -2408.0000, 500.0000,  240, 127, 0
L 3636.0000, -2408.0000, 500.0000,  3635.0000, -2408.0000, 501.0000,  240, 127, 0
L 3635.0000, -2408.0000, 501.0000,  3633.0000, -2407.0000, 501.0000,  240, 127, 0
L 3633.0000, -2407.0000, 501.0000,  3632.0000, -2406.0000, 501.0000,  240, 127, 0
L 3632.0000, -2406.0000, 501.0000,  3630.0000, -2405.0000, 501.0000,  240, 127, 0
L 3630.0000, -2405.0000, 501.0000,  3627.0000, -2408.0000, 501.0000,  240, 127, 0
L 3627.0000, -2408.0000, 501.0000,  3624.0000, -2410.0000, 500.0000,  240, 127, 0
L 3624.0000, -2410.0000, 500.0000,  3622.0000, -2413.0000, 500.0000,  240, 127, 0
L 3622.0000, -2413.0000, 500.0000,  3621.0000, -2415.0000, 500.0000,  240, 127, 0
L 3621.0000, -2415.0000, 500.0000,  3619.0000, -2416.0000, 499.0000,  240, 127, 0
L 3619.0000, -2416.0000, 499.0000,  3619.0000, -2417.0000, 500.0000,  240, 127, 0
L 3619.0000, -2417.0000, 500.0000,  3619.0000, -2418.0000, 500.0000,  240, 127, 0
L 3619.0000, -2418.0000, 500.0000,  3623.0000, -2424.0000, 501.0000,  240, 127, 0
L 3623.0000, -2424.0000, 501.0000,  3624.0000, -2425.0000, 501.0000,  240, 127, 0
L 3624.0000, -2425.0000, 501.0000,  3627.0000, -2429.0000, 501.0000,  240, 127, 0
L 3627.0000, -2429.0000, 501.0000,  3628.0000, -2430.0000, 501.0000,  240, 127, 0
L 3628.0000, -2430.0000, 501.0000,  3631.0000, -2434.0000, 500.0000,  240, 127, 0
L 3631.0000, -2434.0000, 500.0000,  3632.0000, -2433.0000, 502.0000,  240, 127, 0
L 3632.0000, -2433.0000, 502.0000,  3633.0000, -2431.0000, 502.0000,  240, 127, 0
L 3633.0000, -2431.0000, 502.0000,  3634.0000, -2430.0000, 504.0000,  240, 127, 0
L 3634.0000, -2430.0000, 504.0000,  3635.0000, -2429.0000, 503.0000,  240, 127, 0
L 3637.0000, -2453.0000, 501.0000,  3635.0000, -2451.0000, 501.0000,  240, 127, 0
L 3635.0000, -2451.0000, 501.0000,  3634.0000, -2449.0000, 501.0000,  240, 127, 0
L 3634.0000, -2449.0000, 501.0000,  3632.0000, -2451.0000, 499.0000,  240, 127, 0
L 3632.0000, -2451.0000, 499.0000,  3631.0000, -2452.0000, 499.0000,  240, 127, 0
L 3631.0000, -2452.0000, 499.0000,  3630.0000, -2452.0000, 499.0000,  240, 127, 0
L 3630.0000, -2452.0000, 499.0000,  3626.0000, -2456.0000, 499.0000,  240, 127, 0
L 3626.0000, -2456.0000, 499.0000,  3626.0000, -2457.0000, 499.0000,  240, 127, 0
L 3626.0000, -2457.0000, 499.0000,  3625.0000, -2459.0000, 499.0000,  240, 127, 0
L 3625.0000, -2459.0000, 499.0000,  3625.0000, -2461.0000, 500.0000,  240, 127, 0
L 3625.0000, -2461.0000, 500.0000,  3619.0000, -2465.0000, 501.0000,  240, 127, 0
L 3619.0000, -2465.0000, 501.0000,  3619.0000, -2467.0000, 501.0000,  240, 127, 0
L 3619.0000, -2467.0000, 501.0000,  3620.0000, -2467.0000, 501.0000,  240, 127, 0
L 3620.0000, -2467.0000, 501.0000,  3621.0000, -2468.0000, 500.0000,  240, 127, 0
L 3621.0000, -2468.0000, 500.0000,  3623.0000, -2470.0000, 500.0000,  240, 127, 0
L 3623.0000, -2470.0000, 500.0000,  3625.0000, -2471.0000, 499.0000,  240, 127, 0
L 3625.0000, -2471.0000, 499.0000,  3636.0000, -2475.0000, 499.0000,  240, 127, 0
L 3636.0000, -2475.0000, 499.0000,  3638.0000, -2476.0000, 499.0000,  240, 127, 0
L 3638.0000, -2476.0000, 499.0000,  3638.0000, -2475.0000, 500.0000,  240, 127, 0
L 3638.0000, -2475.0000, 500.0000,  3639.0000, -2474.0000, 500.0000,  240, 127, 0
L 3639.0000, -2474.0000, 500.0000,  3640.0000, -2471.0000, 500.0000,  240, 127, 0
L 3640.0000, -2471.0000, 500.0000,  3641.0000, -2470.0000, 500.0000,  240, 127, 0
L 3641.0000, -2470.0000, 500.0000,  3643.0000, -2465.0000, 501.0000,  240, 127, 0
L 3643.0000, -2465.0000, 501.0000,  3644.0000, -2463.0000, 502.0000,  240, 127, 0
L 3644.0000, -2463.0000, 502.0000,  3646.0000, -2463.0000, 501.0000,  240, 127, 0
L 3646.0000, -2463.0000, 501.0000,  3647.0000, -2463.0000, 501.0000,  240, 127, 0
L 3647.0000, -2463.0000, 501.0000,  3648.0000, -2461.0000, 500.0000,  240, 127, 0
L 3648.0000, -2461.0000, 500.0000,  3647.0000, -2459.0000, 500.0000,  240, 127, 0
L 3647.0000, -2459.0000, 500.0000,  3646.0000, -2458.0000, 503.0000,  240, 127, 0
L 3646.0000, -2458.0000, 503.0000,  3646.0000, -2456.0000, 502.0000,  240, 127, 0
L 3646.0000, -2456.0000, 502.0000,  3643.0000, -2453.0000, 502.0000,  240, 127, 0
L 3643.0000, -2453.0000, 502.0000,  3642.0000, -2455.0000, 502.0000,  240, 127, 0
L 3642.0000, -2455.0000, 502.0000,  3641.0000, -2456.0000, 502.0000,  240, 127, 0
L 2044.0000, -5424.0000, 311.0000,  2217.0000, -5522.0000, 309.0000,  0, 0, 240
L 2220.0000, -5524.0000, 309.0000,  2447.0000, -5575.0000, 309.0000,  0, 0, 240
L 2452.0000, -5574.0000, 308.0000,  2761.0000, -5543.0000, 308.0000,  0, 0, 240
L 2782.0000, -5542.0000, 309.0000,  3032.0000, -5532.0000, 308.0000,  0, 0, 240
L 3048.0000, -5531.0000, 309.0000,  3282.0000, -5529.0000, 309.0000,  0, 0, 240
L 3284.0000, -5529.0000, 308.0000,  3716.0000, -5540.0000, 310.0000,  0, 0, 240
L 3716.0000, -5540.0000, 310.0000,  4366.0000, -5542.0000, 308.0000,  0, 0, 240
L 4380.0000, -5543.0000, 308.0000,  5031.0000, -5536.0000, 309.0000,  0, 0, 240
L 5018.0000, -5537.0000, 309.0000,  5271.0000, -5399.0000, 309.0000,  0, 0, 240
L 5286.0000, -5389.0000, 310.0000,  5382.0000, -5264.0000, 310.0000,  0, 0, 240
L 5383.0000, -5259.0000, 311.0000,  5398.0000, -5086.0000, 309.0000,  0, 0, 240
L 5400.0000, -5067.0000, 310.0000,  5410.0000, -3684.0000, 310.0000,  0, 0, 240
L 5410.0000, -3679.0000, 309.0000,  5370.0000, -2626.0000, 310.0000,  0, 0, 240
L 5373.0000, -2607.0000, 310.0000,  5412.0000, -2360.0000, 310.0000,  0, 0, 240
L 5413.0000, -2355.0000, 309.0000,  5407.0000, -2160.0000, 310.0000,  0, 0, 240
L 5406.0000, -2145.0000, 309.0000,  5380.0000, -1833.0000, 310.0000,  0, 0, 240
L 5377.0000, -1804.0000, 310.0000,  5328.0000, -1624.0000, 309.0000,  0, 0, 240
L 5327.0000, -1622.0000, 309.0000,  5174.0000, -1458.0000, 309.0000,  0, 0, 240
L 5153.0000, -1450.0000, 309.0000,  4922.0000, -1380.0000, 308.0000,  0, 0, 240
L 4903.0000, -1382.0000, 308.0000,  4547.0000, -1415.0000, 308.0000,  0, 0, 240
L 4531.0000, -1416.0000, 308.0000,  3915.0000, -1442.0000, 308.0000,  0, 0, 240
L 3904.0000, -1442.0000, 308.0000,  3445.0000, -1449.0000, 309.0000,  0, 0, 240
L 3424.0000, -1449.0000, 308.0000,  2869.0000, -1464.0000, 309.0000,  0, 0, 240
L 2850.0000, -1465.0000, 308.0000,  2326.0000, -1576.0000, 310.0000,  0, 0, 240
L 2319.0000, -1580.0000, 310.0000,  2211.0000, -1663.0000, 311.0000,  0, 0, 240
L 2200.0000, -1676.0000, 311.0000,  2097.0000, -1795.0000, 311.0000,  0, 0, 240
L 1983.0000, -1931.0000, 310.0000,  2118.0000, -1770.0000, 311.0000,  0, 0, 240
L 1998.0000, -1910.0000, 310.0000,  1992.0000, -2032.0000, 310.0000,  0, 0, 240
L 1992.0000, -2039.0000, 311.0000,  2007.0000, -2207.0000, 310.0000,  0, 0, 240
L 2009.0000, -2223.0000, 309.0000,  2039.0000, -2463.0000, 310.0000,  0, 0, 240
L 2042.0000, -2482.0000, 311.0000,  2062.0000, -2939.0000, 311.0000,  0, 0, 240
L 2046.0000, -3232.0000, 310.0000,  2062.0000, -2900.0000, 310.0000,  0, 0, 240
L 2061.0000, -3244.0000, 309.0000,  2041.0000, -3715.0000, 310.0000,  0, 0, 240
L 2040.0000, -3741.0000, 311.0000,  2032.0000, -4090.0000, 309.0000,  0, 0, 240
L 2038.0000, -4464.0000, 310.0000,  2033.0000, -4062.0000, 310.0000,  0, 0, 240
L 2039.0000, -4422.0000, 310.0000,  2038.0000, -4882.0000, 310.0000,  0, 0, 240
L 2037.0000, -4908.0000, 311.0000,  2039.0000, -5259.0000, 310.0000,  0, 0, 240
L 2040.0000, -5298.0000, 311.0000,  2050.0000, -5434.0000, 311.0000,  0, 0, 240
L 3807.0000, -4009.0000, 300.0000,  3778.0000, -4008.0000, 302.0000,  240, 127, 0
L 3778.0000, -4008.0000, 301.0000,  3778.0000, -3998.0000, 301.0000,  240, 127, 0
L 3778.0000, -3998.0000, 300.0000,  3806.0000, -3998.0000, 300.0000,  240, 127, 0
L 3806.0000, -3998.0000, 299.0000,  3808.0000, -4009.0000, 304.0000,  240, 127, 0
