P 1289.5510, 725.1690, 14.4210,  0, 0, 127,  2,  (instance_zone_in_area)
P 690.5510, 450.1690, 14.4210,  0, 0, 127,  2,  (instance_zone_out_area)
P 1488.0000, -408.0000, 15.0000,  127, 0, 0,  2,  Zycem_the_Scorched
P 1125.0000, -1035.0000, 32.0000,  127, 0, 0,  2,  Stonemaw
P 1313.0000, -904.0000, -1.0000,  127, 127, 127,  2,  Swim_Under_Lava
P 2012.0000, -58.0000, 25.0000,  127, 0, 0,  2,  Wynne_the_Dark
P 1321.1350, 29.6200, -68.3950,  0, 127, 127,  2,  Pit_Trap_(Illusionary_Floor)
P 235.0000, 1587.0000, 67.0000,  0, 240, 0,  2,  to_Lavastorm_Mountains
P 63.0000, 392.0000, 10.0000,  0, 240, 0,  2,  to_Tirranun's_Delve
P -953.0000, 1170.0000, -195.0000,  0, 240, 0,  2,  to_The_Broodlands
P 1069.0000, -514.0000, -6.0000,  0, 240, 0,  2,  to_Tirranun's_Delve
P 1061.0000, -494.0000, 5.0000,  127, 127, 127,  1,  (squeeze_thru_area)
P 1071.0000, -533.0000, 5.0000,  127, 127, 127,  1,  (squeeze_thru_area)
P 1331.8621, -36.2680, 14.9780,  240, 0, 0,  2,  Follow_Path_Closely!
P 1540.7590, -271.8610, 15.9080,  127, 0, 0,  2,  Crimsonwing_(path)
P 1290.1121, 1193.2209, -97.1590,  127, 0, 0,  2,  Dark_Webspinner_(path)
P 966.3350, 1346.0330, -81.3770,  127, 0, 0,  2,  Poisonfang
P 1905.8140, 1843.8810, -160.8080,  127, 0, 0,  3,  Spider_Broodmother
