L -391.0750, 169.2663, 3.3475,  -380.5696, 163.4522, 3.4586,  0, 0, 0
L -380.5696, 163.4522, 3.4586,  -379.3351, 162.5260, 3.3481,  0, 0, 0
L -379.3351, 162.5260, 3.3481,  -374.3974, 158.8134, 2.7326,  0, 0, 0
L -374.3974, 158.8134, 2.7326,  -374.2783, 157.0274, 2.1203,  0, 0, 0
L -374.2783, 157.0274, 2.1203,  -374.7763, 153.9845, 3.1009,  0, 0, 0
L -374.7763, 153.9845, 3.1009,  -374.9504, 152.0218, 3.2755,  0, 0, 0
L -374.9504, 152.0218, 3.2755,  -374.6537, 149.0194, 3.1465,  0, 0, 0
L -374.6537, 149.0194, 3.1465,  -374.1341, 146.8003, 3.1234,  0, 0, 0
L -374.1341, 146.8003, 3.1234,  -373.7207, 145.0352, 3.1050,  0, 0, 0
L -373.7207, 145.0352, 3.1050,  -372.2551, 144.9104, 3.1012,  0, 0, 0
L -372.2551, 144.9104, 3.1012,  -370.9049, 145.1446, 3.1012,  0, 0, 0
L -370.9049, 145.1446, 3.1012,  -367.7532, 145.6914, 3.2122,  0, 0, 0
L -367.7532, 145.6914, 3.2122,  -366.2366, 144.7853, 2.9490,  0, 0, 0
L -366.2366, 144.7853, 2.9490,  -364.7298, 143.6635, 2.4549,  0, 0, 0
L -364.7298, 143.6635, 2.4549,  -362.9593, 142.3362, 1.8838,  0, 0, 0
L -362.9593, 142.3362, 1.8838,  -362.5348, 140.5208, 1.8685,  0, 0, 0
L -362.5348, 140.5208, 1.8685,  -362.0855, 135.9530, 1.7930,  0, 0, 0
L -362.0855, 135.9530, 1.7930,  -361.3194, 134.2397, 1.5442,  0, 0, 0
L -361.3194, 134.2397, 1.5442,  -360.7874, 132.9663, 1.5029,  0, 0, 0
L -360.7874, 132.9663, 1.5029,  -359.9925, 131.5883, 1.5170,  0, 0, 0
L -359.9925, 131.5883, 1.5170,  -358.9155, 130.1585, 1.5362,  0, 0, 0
L -358.9155, 130.1585, 1.5362,  -357.6581, 128.7374, 1.5360,  0, 0, 0
L -357.6581, 128.7374, 1.5360,  -353.6250, 123.9898, 2.2808,  0, 0, 0
L -353.6250, 123.9898, 2.2808,  -354.8853, 123.1661, 3.0342,  0, 0, 0
L -354.8853, 123.1661, 3.0342,  -358.6411, 120.6867, 3.0342,  0, 0, 0
L -358.6411, 120.6867, 3.0342,  -357.5290, 119.4292, 3.0342,  0, 0, 0
L -357.5290, 119.4292, 3.0342,  -354.5133, 116.0193, 3.0342,  0, 0, 0
L -354.5133, 116.0193, 3.0342,  -352.9982, 116.2501, 2.9874,  0, 0, 0
L -352.9982, 116.2501, 2.9874,  -351.4572, 116.6002, 2.9573,  0, 0, 0
L -351.4572, 116.6002, 2.9573,  -349.7516, 117.1764, 2.9637,  0, 0, 0
L -349.7516, 117.1764, 2.9637,  -346.5435, 118.3679, 3.0702,  0, 0, 0
L -346.5435, 118.3679, 3.0702,  -345.1099, 117.2959, 2.0766,  0, 0, 0
L -345.1099, 117.2959, 2.0766,  -344.0126, 115.6628, 2.4323,  0, 0, 0
L -344.0126, 115.6628, 2.4323,  -343.2938, 114.1160, 2.6041,  0, 0, 0
L -343.2938, 114.1160, 2.6041,  -341.1352, 109.4623, 3.2258,  0, 0, 0
L -341.1352, 109.4623, 3.2258,  -339.3214, 108.8025, 3.4925,  0, 0, 0
L -339.3214, 108.8025, 3.4925,  -337.9927, 108.6311, 3.6669,  0, 0, 0
L -337.9927, 108.6311, 3.6669,  -336.4344, 107.4430, 10.7973,  0, 0, 0
L -336.4344, 107.4430, 10.7973,  -335.9477, 105.6222, 11.8730,  0, 0, 0
L -335.9477, 105.6222, 11.8730,  -336.4460, 93.9133, 16.0858,  0, 0, 0
L -336.4460, 93.9133, 16.0858,  -336.5219, 92.6662, 16.2533,  0, 0, 0
L -336.5219, 92.6662, 16.2533,  -336.1321, 89.5344, 16.3800,  0, 0, 0
L -336.1321, 89.5344, 16.3800,  -335.6655, 87.7784, 16.1350,  0, 0, 0
L -335.6655, 87.7784, 16.1350,  -335.0876, 85.9341, 15.8636,  0, 0, 0
L -335.0876, 85.9341, 15.8636,  -334.5988, 85.0640, 15.7822,  0, 0, 0
L -334.5988, 85.0640, 15.7822,  -333.9153, 83.5727, 15.5709,  0, 0, 0
L -333.9153, 83.5727, 15.5709,  -333.1233, 81.9222, 15.3321,  0, 0, 0
L -333.1233, 81.9222, 15.3321,  -329.0977, 73.4847, 14.0144,  0, 0, 0
L -329.0977, 73.4847, 14.0144,  -328.0054, 71.9079, 13.8799,  0, 0, 0
L -328.0054, 71.9079, 13.8799,  -326.7625, 70.4359, 13.8277,  0, 0, 0
L -326.7625, 70.4359, 13.8277,  -325.5686, 69.1234, 13.8093,  0, 0, 0
L -325.5686, 69.1234, 13.8093,  -324.6411, 67.7269, 13.6237,  0, 0, 0
L -324.6411, 67.7269, 13.6237,  -323.9805, 66.2917, 13.2936,  0, 0, 0
L -323.9805, 66.2917, 13.2936,  -323.0144, 64.8215, 13.0907,  0, 0, 0
L -323.0144, 64.8215, 13.0907,  -322.3305, 63.3273, 12.7932,  0, 0, 0
L -322.3305, 63.3273, 12.7932,  -319.6299, 57.4283, 11.6748,  0, 0, 0
L -319.6299, 57.4283, 11.6748,  -319.4078, 55.6881, 11.1246,  0, 0, 0
L -319.4078, 55.6881, 11.1246,  -319.9036, 52.6805, 9.5929,  0, 0, 0
L -319.9036, 52.6805, 9.5929,  -320.6508, 51.0454, 8.9569,  0, 0, 0
L -320.6508, 51.0454, 8.9569,  -322.9661, 46.0537, 8.2811,  0, 0, 0
L -322.9661, 46.0537, 8.2811,  -322.9900, 44.0565, 8.0919,  0, 0, 0
L -322.9900, 44.0565, 8.0919,  -322.5052, 41.8086, 7.9503,  0, 0, 0
L -322.5052, 41.8086, 7.9503,  -322.3501, 40.5357, 7.8029,  0, 0, 0
L -322.3501, 40.5357, 7.8029,  -321.8594, 38.5902, 7.6636,  0, 0, 0
L -321.8594, 38.5902, 7.6636,  -321.2901, 36.8231, 7.5790,  0, 0, 0
L -321.2901, 36.8231, 7.5790,  -320.4033, 35.4320, 7.5019,  0, 0, 0
L -320.4033, 35.4320, 7.5019,  -318.5790, 34.7284, 7.4299,  0, 0, 0
L -318.5790, 34.7284, 7.4299,  -316.2764, 33.7928, 7.3197,  0, 0, 0
L -316.2764, 33.7928, 7.3197,  -314.6751, 32.1562, 6.8393,  0, 0, 0
L -314.6751, 32.1562, 6.8393,  -313.7131, 31.2120, 6.5666,  0, 0, 0
L -313.7131, 31.2120, 6.5666,  -312.6011, 30.4206, 6.3813,  0, 0, 0
L -312.6011, 30.4206, 6.3813,  -311.3373, 29.6999, 6.2477,  0, 0, 0
L -311.3373, 29.6999, 6.2477,  -310.0758, 29.0758, 6.1553,  0, 0, 0
L -310.0758, 29.0758, 6.1553,  -303.9484, 26.1004, 5.8871,  0, 0, 0
L -303.9484, 26.1004, 5.8871,  -303.3912, 24.9812, 5.8173,  0, 0, 0
L -303.3912, 24.9812, 5.8173,  -302.3022, 22.8278, 5.6942,  0, 0, 0
L -302.3022, 22.8278, 5.6942,  -301.9344, 21.6659, 5.6324,  0, 0, 0
L -301.9344, 21.6659, 5.6324,  -302.4076, 17.5471, 4.6938,  0, 0, 0
L -302.4076, 17.5471, 4.6938,  -304.0362, 17.1199, 3.9833,  0, 0, 0
L -304.0362, 17.1199, 3.9833,  -304.4022, 15.7024, 3.9272,  0, 0, 0
L -304.4022, 15.7024, 3.9272,  -304.0211, 9.7390, 3.7404,  0, 0, 0
L -304.0211, 9.7390, 3.7404,  -302.6056, 10.1121, 3.7045,  0, 0, 0
L -302.6056, 10.1121, 3.7045,  -300.0783, 10.7782, 3.6403,  0, 0, 0
L -300.0783, 10.7782, 3.6403,  -298.7086, 10.8895, 3.6056,  0, 0, 0
L -298.7086, 10.8895, 3.6056,  -297.4766, 11.0784, 3.5743,  0, 0, 0
L -297.4766, 11.0784, 3.5743,  -293.2401, 12.0061, 3.4668,  0, 0, 0
L -293.2401, 12.0061, 3.4668,  -281.2750, 14.6315, 7.8996,  0, 0, 0
L -281.2750, 14.6315, 7.8996,  -279.3493, 14.9639, 12.8474,  0, 0, 0
L -279.3493, 14.9639, 12.8474,  -279.0142, 13.4683, 14.7097,  0, 0, 0
L -279.0142, 13.4683, 14.7097,  -278.5906, -1.2617, 5.3120,  0, 0, 0
L -278.5906, -1.2617, 5.3120,  -278.3720, -3.1035, 4.4654,  0, 0, 0
L -278.3720, -3.1035, 4.4654,  -278.0303, -5.0204, 3.5844,  0, 0, 0
L -278.0303, -5.0204, 3.5844,  -277.6453, -6.9539, 2.6958,  0, 0, 0
L -277.6453, -6.9539, 2.6958,  -277.3207, -8.5319, 1.9705,  0, 0, 0
L -277.3207, -8.5319, 1.9705,  -278.7532, -9.8968, 0.9007,  0, 0, 0
L -278.7532, -9.8968, 0.9007,  -280.5283, -11.5894, 0.2609,  0, 0, 0
L -280.5283, -11.5894, 0.2609,  -281.6978, -12.9295, -0.1576,  0, 0, 0
L -281.6978, -12.9295, -0.1576,  -283.1958, -14.7035, 3.0304,  0, 0, 0
L -283.1958, -14.7035, 3.0304,  -284.6295, -15.4786, 4.3963,  0, 0, 0
L -284.6295, -15.4786, 4.3963,  -286.1991, -16.4380, 5.7125,  0, 0, 0
L -286.1991, -16.4380, 5.7125,  -287.1092, -17.4505, 6.2255,  0, 0, 0
L -287.1092, -17.4505, 6.2255,  -288.1530, -18.6817, 7.4954,  0, 0, 0
L -288.1530, -18.6817, 7.4954,  -289.8967, -19.5855, 9.9239,  0, 0, 0
L -289.8967, -19.5855, 9.9239,  -291.7658, -20.2562, 14.6253,  0, 0, 0
L -291.7658, -20.2562, 14.6253,  -293.3690, -19.8236, 15.4034,  0, 0, 0
L -293.3690, -19.8236, 15.4034,  -294.7575, -19.5298, 15.2723,  0, 0, 0
L -294.7575, -19.5298, 15.2723,  -295.9400, -18.1047, 15.5868,  0, 0, 0
L -295.9400, -18.1047, 15.5868,  -297.9732, -15.5795, 15.5903,  0, 0, 0
L -297.9732, -15.5795, 15.5903,  -297.9938, -13.6467, 14.2548,  0, 0, 0
L -297.9938, -13.6467, 14.2548,  -298.3675, -10.8445, 9.0728,  0, 0, 0
L -298.3675, -10.8445, 9.0728,  -300.0793, -10.2178, 8.5757,  0, 0, 0
L -300.0793, -10.2178, 8.5757,  -301.2638, -9.9591, 8.2936,  0, 0, 0
L -301.2638, -9.9591, 8.2936,  -305.8659, -9.1803, 7.2772,  0, 0, 0
L -305.8659, -9.1803, 7.2772,  -306.1586, -10.8675, 7.2352,  0, 0, 0
L -306.1586, -10.8675, 7.2352,  -306.6049, -13.4402, 7.1711,  0, 0, 0
L -306.6049, -13.4402, 7.1711,  -306.9091, -15.1935, 7.1274,  0, 0, 0
L -306.9091, -15.1935, 7.1274,  -307.3787, -17.9001, 7.0600,  0, 0, 0
L -307.3787, -17.9001, 7.0600,  -307.6913, -19.7025, 7.0151,  0, 0, 0
L -307.6913, -19.7025, 7.0151,  -308.1728, -22.4778, 6.9459,  0, 0, 0
L -308.1728, -22.4778, 6.9459,  -308.4940, -24.3292, 6.8998,  0, 0, 0
L -308.4940, -24.3292, 6.8998,  -308.9606, -27.0186, 6.8328,  0, 0, 0
L -308.9606, -27.0186, 6.8328,  -309.2742, -28.8263, 6.7878,  0, 0, 0
L -309.2742, -28.8263, 6.7878,  -309.7485, -31.5600, 6.7197,  0, 0, 0
L -309.7485, -31.5600, 6.7197,  -310.1142, -33.2830, 6.6753,  0, 0, 0
L -310.1142, -33.2830, 6.6753,  -311.7379, -34.2974, 6.6187,  0, 0, 0
L -311.7379, -34.2974, 6.6187,  -316.9072, -37.7046, 6.4087,  0, 0, 0
L -316.9072, -37.7046, 6.4087,  -317.5278, -39.0112, 6.3403,  0, 0, 0
L -317.5278, -39.0112, 6.3403,  -318.1203, -40.6085, 6.1924,  0, 0, 0
L -318.1203, -40.6085, 6.1924,  -318.6220, -42.2886, 6.0795,  0, 0, 0
L -318.6220, -42.2886, 6.0795,  -319.1989, -44.1462, 5.9482,  0, 0, 0
L -319.1989, -44.1462, 5.9482,  -319.3287, -45.5713, 5.8875,  0, 0, 0
L -319.3287, -45.5713, 5.8875,  -318.8678, -54.9463, 5.9115,  0, 0, 0
L -318.8678, -54.9463, 5.9115,  -318.7800, -56.7322, 5.9591,  0, 0, 0
L -318.7800, -56.7322, 5.9591,  -318.9766, -59.0582, 6.0010,  0, 0, 0
L -318.9766, -59.0582, 6.0010,  -319.9106, -60.0476, 5.9601,  0, 0, 0
L -319.9106, -60.0476, 5.9601,  -322.1918, -62.3268, 5.7473,  0, 0, 0
L -322.1918, -62.3268, 5.7473,  -324.3751, -64.5054, 5.4643,  0, 0, 0
L -324.3751, -64.5054, 5.4643,  -325.0049, -66.1747, 5.4148,  0, 0, 0
L -325.0049, -66.1747, 5.4148,  -325.4601, -67.7512, 5.4106,  0, 0, 0
L -325.4601, -67.7512, 5.4106,  -325.6930, -69.5243, 5.4288,  0, 0, 0
L -325.6930, -69.5243, 5.4288,  -326.1026, -73.2543, 5.4810,  0, 0, 0
L -326.1026, -73.2543, 5.4810,  -326.3413, -75.1129, 5.5091,  0, 0, 0
L -326.3413, -75.1129, 5.5091,  -326.8290, -77.9244, 5.5687,  0, 0, 0
L -326.8290, -77.9244, 5.5687,  -327.4725, -79.2688, 5.6743,  0, 0, 0
L -327.4725, -79.2688, 5.6743,  -328.0724, -80.6690, 5.5227,  0, 0, 0
L -328.0724, -80.6690, 5.5227,  -331.3911, -88.2791, 4.9688,  0, 0, 0
L -331.3911, -88.2791, 4.9688,  -332.4537, -89.3499, 4.6254,  0, 0, 0
L -332.4537, -89.3499, 4.6254,  -334.1160, -90.2971, 3.9801,  0, 0, 0
L -334.1160, -90.2971, 3.9801,  -340.1151, -94.0151, 2.5290,  0, 0, 0
L -340.1151, -94.0151, 2.5290,  -341.4227, -94.9462, 3.1708,  0, 0, 0
L -341.4227, -94.9462, 3.1708,  -342.1234, -96.1795, 3.1708,  0, 0, 0
L -342.1234, -96.1795, 3.1708,  -342.9785, -97.8430, 3.1560,  0, 0, 0
L -342.9785, -97.8430, 3.1560,  -343.5761, -98.7208, 3.1329,  0, 0, 0
L -343.5761, -98.7208, 3.1329,  -345.1562, -100.9297, 4.5367,  0, 0, 0
L -345.1562, -100.9297, 4.5367,  -344.0598, -102.5705, 4.4739,  0, 0, 0
L -344.0598, -102.5705, 4.4739,  -343.2252, -104.3480, 4.4246,  0, 0, 0
L -343.2252, -104.3480, 4.4246,  -343.6645, -105.8037, 4.2215,  0, 0, 0
L -343.6645, -105.8037, 4.2215,  -345.1554, -105.4361, 5.2406,  0, 0, 0
L -345.1554, -105.4361, 5.2406,  -346.0425, -104.6516, 5.1681,  0, 0, 0
L -346.0425, -104.6516, 5.1681,  -348.5549, -102.4296, 4.9626,  0, 0, 0
L -348.5549, -102.4296, 4.9626,  -348.5145, -104.0735, 4.9626,  0, 0, 0
L -348.5145, -104.0735, 4.9626,  -348.9419, -109.2224, 5.1469,  0, 0, 0
L -348.9419, -109.2224, 5.1469,  -349.7168, -110.9243, 5.1811,  0, 0, 0
L -349.7168, -110.9243, 5.1811,  -350.1628, -112.5081, 5.2371,  0, 0, 0
L -350.1628, -112.5081, 5.2371,  -350.5672, -114.4571, 5.4340,  0, 0, 0
L -350.5672, -114.4571, 5.4340,  -349.9616, -115.8266, 5.7935,  0, 0, 0
L -349.9616, -115.8266, 5.7935,  -349.3101, -117.1207, 5.8522,  0, 0, 0
L -349.3101, -117.1207, 5.8522,  -349.4200, -118.9842, 5.2627,  0, 0, 0
L -349.4200, -118.9842, 5.2627,  -350.6701, -120.2374, 5.1762,  0, 0, 0
L -350.6701, -120.2374, 5.1762,  -351.8488, -121.5331, 5.0749,  0, 0, 0
L -351.8488, -121.5331, 5.0749,  -352.6624, -122.5368, 4.9687,  0, 0, 0
L -352.6624, -122.5368, 4.9687,  -356.8214, -127.7111, 4.4964,  0, 0, 0
L -356.8214, -127.7111, 4.4964,  -357.5677, -129.0151, 4.5192,  0, 0, 0
L -357.5677, -129.0151, 4.5192,  -358.3935, -130.3512, 4.5005,  0, 0, 0
L -358.3935, -130.3512, 4.5005,  -361.3631, -135.0361, 4.3401,  0, 0, 0
L -361.3631, -135.0361, 4.3401,  -362.2719, -136.3458, 4.2145,  0, 0, 0
L -362.2719, -136.3458, 4.2145,  -364.3061, -139.1937, 4.0712,  0, 0, 0
L -364.3061, -139.1937, 4.0712,  -365.3802, -140.8796, 3.9861,  0, 0, 0
L -365.3802, -140.8796, 3.9861,  -365.9066, -142.3140, 4.0159,  0, 0, 0
L -365.9066, -142.3140, 4.0159,  -366.3636, -143.7899, 4.0779,  0, 0, 0
L -366.3636, -143.7899, 4.0779,  -366.8161, -145.3546, 4.1552,  0, 0, 0
L -366.8161, -145.3546, 4.1552,  -367.2740, -146.9810, 4.2402,  0, 0, 0
L -367.2740, -146.9810, 4.2402,  -367.8406, -148.4740, 4.2499,  0, 0, 0
L -367.8406, -148.4740, 4.2499,  -368.4618, -150.0433, 4.2281,  0, 0, 0
L -368.4618, -150.0433, 4.2281,  -369.9765, -151.2489, 3.6633,  0, 0, 0
L -369.9765, -151.2489, 3.6633,  -371.3836, -152.1714, 3.1292,  0, 0, 0
L -371.3836, -152.1714, 3.1292,  -372.7401, -152.9973, 2.6245,  0, 0, 0
L -372.7401, -152.9973, 2.6245,  -374.2355, -153.8484, 2.3077,  0, 0, 0
L -374.2355, -153.8484, 2.3077,  -375.2584, -155.2809, 2.3515,  0, 0, 0
L -375.2584, -155.2809, 2.3515,  -378.8716, -160.0952, 2.6477,  0, 0, 0
L -378.8716, -160.0952, 2.6477,  -379.9922, -161.1724, 2.9539,  0, 0, 0
L -379.9922, -161.1724, 2.9539,  -388.3808, -169.1449, 7.2431,  0, 0, 0
L -388.3808, -169.1449, 7.2431,  -389.1791, -170.2550, 8.6362,  0, 0, 0
L -389.1791, -170.2550, 8.6362,  -389.9630, -171.4355, 9.2375,  0, 0, 0
L -389.9630, -171.4355, 9.2375,  -391.4348, -171.9706, 8.8777,  0, 0, 0
L -391.4348, -171.9706, 8.8777,  -393.1200, -172.1318, 8.4142,  0, 0, 0
L -393.1200, -172.1318, 8.4142,  -394.9718, -172.4624, 7.8904,  0, 0, 0
L -394.9718, -172.4624, 7.8904,  -396.7805, -173.0980, 7.6366,  0, 0, 0
L -396.7805, -173.0980, 7.6366,  -406.0270, -176.4517, 7.0087,  0, 0, 0
L -406.0270, -176.4517, 7.0087,  -416.0163, -180.1889, 6.8105,  0, 0, 0
L -416.0163, -180.1889, 6.8105,  -417.4918, -181.0567, 6.7949,  0, 0, 0
L -417.4918, -181.0567, 6.7949,  -418.7971, -182.0191, 6.7893,  0, 0, 0
L -418.7971, -182.0191, 6.7893,  -426.6841, -187.7309, 6.7869,  0, 0, 0
L -426.6841, -187.7309, 6.7869,  -428.1618, -188.8862, 6.7866,  0, 0, 0
L -428.1618, -188.8862, 6.7866,  -430.2592, -190.6296, 6.7865,  0, 0, 0
L -430.2592, -190.6296, 6.7865,  -434.2044, -194.0870, 6.7868,  0, 0, 0
L -434.2044, -194.0870, 6.7868,  -435.3320, -195.1935, 6.7760,  0, 0, 0
L -435.3320, -195.1935, 6.7760,  -441.4118, -200.9732, 6.5858,  0, 0, 0
L -441.4118, -200.9732, 6.5858,  -443.1200, -201.4028, 6.2485,  0, 0, 0
L -443.1200, -201.4028, 6.2485,  -452.4193, -203.9997, 5.2030,  0, 0, 0
L -452.4193, -203.9997, 5.2030,  -455.1616, -204.9053, 5.0421,  0, 0, 0
L -455.1616, -204.9053, 5.0421,  -471.7646, -210.6080, 4.1399,  0, 0, 0
L -471.7646, -210.6080, 4.1399,  -473.4624, -211.3587, 4.1395,  0, 0, 0
L -473.4624, -211.3587, 4.1395,  -475.0493, -212.1646, 4.1966,  0, 0, 0
L -475.0493, -212.1646, 4.1966,  -483.4934, -216.1447, 4.4715,  0, 0, 0
L -483.4934, -216.1447, 4.4715,  -485.2801, -216.4395, 3.0667,  0, 0, 0
L -485.2801, -216.4395, 3.0667,  -487.0232, -215.6536, 2.3043,  0, 0, 0
L -487.0232, -215.6536, 2.3043,  -489.2737, -214.4152, 2.4411,  0, 0, 0
L -489.2737, -214.4152, 2.4411,  -490.7825, -214.3063, 2.5571,  0, 0, 0
L -490.7825, -214.3063, 2.5571,  -492.4721, -214.4530, 2.6222,  0, 0, 0
L -492.4721, -214.4530, 2.6222,  -496.4753, -215.0513, 3.3917,  0, 0, 0
L -496.4753, -215.0513, 3.3917,  -506.1201, -216.3790, 7.4274,  0, 0, 0
L -506.1201, -216.3790, 7.4274,  -511.0009, -216.8725, 7.7963,  0, 0, 0
L -511.0009, -216.8725, 7.7963,  -512.7198, -216.4225, 8.1043,  0, 0, 0
L -512.7198, -216.4225, 8.1043,  -514.5768, -216.1066, 8.4327,  0, 0, 0
L -514.5768, -216.1066, 8.4327,  -519.1526, -216.7642, 8.4839,  0, 0, 0
L -519.1526, -216.7642, 8.4839,  -520.1053, -217.8155, 8.4839,  0, 0, 0
L -520.1053, -217.8155, 8.4839,  -521.8607, -219.7525, 8.4839,  0, 0, 0
L -521.8607, -219.7525, 8.4839,  -523.3433, -220.4856, 8.4949,  0, 0, 0
L -523.3433, -220.4856, 8.4949,  -524.9896, -221.0921, 8.5097,  0, 0, 0
L -524.9896, -221.0921, 8.5097,  -534.3365, -224.3039, 8.6027,  0, 0, 0
L -534.3365, -224.3039, 8.6027,  -534.8787, -222.5363, 8.7333,  0, 0, 0
L -534.8787, -222.5363, 8.7333,  -534.8531, -220.8068, 8.7332,  0, 0, 0
L -534.8531, -220.8068, 8.7332,  -535.1028, -215.2007, 8.7331,  0, 0, 0
L -535.1028, -215.2007, 8.7331,  -536.2874, -213.7018, 8.7331,  0, 0, 0
L -536.2874, -213.7018, 8.7331,  -538.2155, -214.0214, 8.7330,  0, 0, 0
L -538.2155, -214.0214, 8.7330,  -539.9706, -214.5775, 8.7330,  0, 0, 0
L -539.9706, -214.5775, 8.7330,  -552.0135, -218.3170, 8.7330,  0, 0, 0
L -552.0135, -218.3170, 8.7330,  -553.6238, -218.6962, 8.7330,  0, 0, 0
L -553.6238, -218.6962, 8.7330,  -555.2072, -218.9767, 8.7330,  0, 0, 0
L -555.2072, -218.9767, 8.7330,  -555.9885, -218.8492, 8.7330,  0, 0, 0
L -555.9885, -218.8492, 8.7330,  -557.9299, -217.8966, 8.4081,  0, 0, 0
L -557.9299, -217.8966, 8.4081,  -564.1854, -215.0026, 7.1347,  0, 0, 0
L -564.1854, -215.0026, 7.1347,  -566.1156, -214.8849, 7.0420,  0, 0, 0
L -566.1156, -214.8849, 7.0420,  -575.6210, -215.2990, 6.8813,  0, 0, 0
L -575.6210, -215.2990, 6.8813,  -577.1766, -215.7169, 6.8519,  0, 0, 0
L -577.1766, -215.7169, 6.8519,  -578.7322, -216.4309, 6.8400,  0, 0, 0
L -578.7322, -216.4309, 6.8400,  -580.0791, -217.2747, 6.8357,  0, 0, 0
L -580.0791, -217.2747, 6.8357,  -581.3999, -218.2531, 6.8340,  0, 0, 0
L -581.3999, -218.2531, 6.8340,  -582.7304, -219.3035, 6.8333,  0, 0, 0
L -582.7304, -219.3035, 6.8333,  -584.5842, -218.8869, 5.8817,  0, 0, 0
L -584.5842, -218.8869, 5.8817,  -586.3325, -218.1711, 5.1707,  0, 0, 0
L -586.3325, -218.1711, 5.1707,  -588.1345, -217.6498, 4.8394,  0, 0, 0
L -588.1345, -217.6498, 4.8394,  -596.7904, -214.6574, 3.6985,  0, 0, 0
L -596.7904, -214.6574, 3.6985,  -604.8591, -212.2490, 3.5151,  0, 0, 0
L -604.8591, -212.2490, 3.5151,  -614.0837, -209.8782, 3.4232,  0, 0, 0
L -614.0837, -209.8782, 3.4232,  -618.7296, -208.8953, 3.4256,  0, 0, 0
L -618.7296, -208.8953, 3.4256,  -620.3631, -208.8317, 3.4915,  0, 0, 0
L -620.3631, -208.8317, 3.4915,  -625.8196, -208.6037, 3.9183,  0, 0, 0
L -625.8196, -208.6037, 3.9183,  -627.3066, -207.7368, 3.1679,  0, 0, 0
L -627.3066, -207.7368, 3.1679,  -628.5980, -206.4627, 2.0622,  0, 0, 0
L -628.5980, -206.4627, 2.0622,  -629.3871, -204.7104, 1.9611,  0, 0, 0
L -629.3871, -204.7104, 1.9611,  -630.3805, -202.4982, 1.8348,  0, 0, 0
L -630.3805, -202.4982, 1.8348,  -631.7365, -201.4555, 1.9981,  0, 0, 0
L -631.7365, -201.4555, 1.9981,  -632.9014, -200.6380, 2.0046,  0, 0, 0
L -632.9014, -200.6380, 2.0046,  -634.5182, -199.4314, 2.2995,  0, 0, 0
L -634.5182, -199.4314, 2.2995,  -642.0273, -193.9033, 2.3955,  0, 0, 0
L -642.0273, -193.9033, 2.3955,  -646.0718, -191.0616, 2.2871,  0, 0, 0
L -646.0718, -191.0616, 2.2871,  -647.5115, -190.2178, 2.2969,  0, 0, 0
L -647.5115, -190.2178, 2.2969,  -655.8412, -185.4657, 1.9783,  0, 0, 0
L -655.8412, -185.4657, 1.9783,  -681.7764, -170.7024, 2.0026,  0, 0, 0
L -681.7764, -170.7024, 2.0026,  -684.2429, -169.4115, 2.0811,  0, 0, 0
L -684.2429, -169.4115, 2.0811,  -685.6220, -169.1796, 2.1668,  0, 0, 0
L -685.6220, -169.1796, 2.1668,  -687.4064, -168.6355, 2.8294,  0, 0, 0
L -687.4064, -168.6355, 2.8294,  -688.5411, -167.1608, 4.6553,  0, 0, 0
L -688.5411, -167.1608, 4.6553,  -689.6172, -165.5997, 6.2364,  0, 0, 0
L -689.6172, -165.5997, 6.2364,  -690.4395, -164.1199, 7.2088,  0, 0, 0
L -690.4395, -164.1199, 7.2088,  -691.3660, -162.5501, 7.6189,  0, 0, 0
L -691.3660, -162.5501, 7.6189,  -692.4529, -161.3967, 7.5535,  0, 0, 0
L -692.4529, -161.3967, 7.5535,  -694.0306, -159.7683, 7.3746,  0, 0, 0
L -694.0306, -159.7683, 7.3746,  -694.6535, -158.4543, 7.0817,  0, 0, 0
L -694.6535, -158.4543, 7.0817,  -695.1340, -157.1625, 6.7548,  0, 0, 0
L -695.1340, -157.1625, 6.7548,  -695.9802, -154.8965, 6.1702,  0, 0, 0
L -695.9802, -154.8965, 6.1702,  -697.1746, -153.4417, 5.9546,  0, 0, 0
L -697.1746, -153.4417, 5.9546,  -698.3692, -152.5977, 5.9126,  0, 0, 0
L -698.3692, -152.5977, 5.9126,  -699.4485, -151.4771, 5.9691,  0, 0, 0
L -699.4485, -151.4771, 5.9691,  -700.9648, -149.8010, 6.0987,  0, 0, 0
L -700.9648, -149.8010, 6.0987,  -702.1408, -148.9173, 6.6768,  0, 0, 0
L -702.1408, -148.9173, 6.6768,  -703.4536, -148.0224, 6.9115,  0, 0, 0
L -703.4536, -148.0224, 6.9115,  -704.0231, -146.3062, 6.2506,  0, 0, 0
L -704.0231, -146.3062, 6.2506,  -704.3144, -144.6455, 5.5563,  0, 0, 0
L -704.3144, -144.6455, 5.5563,  -705.0543, -143.0681, 5.0826,  0, 0, 0
L -705.0543, -143.0681, 5.0826,  -705.8314, -141.8282, 4.9321,  0, 0, 0
L -705.8314, -141.8282, 4.9321,  -707.9453, -138.3925, 4.6604,  0, 0, 0
L -707.9453, -138.3925, 4.6604,  -708.7055, -136.9386, 4.5137,  0, 0, 0
L -708.7055, -136.9386, 4.5137,  -710.5452, -133.3285, 4.0359,  0, 0, 0
L -710.5452, -133.3285, 4.0359,  -711.5554, -132.0247, 3.9363,  0, 0, 0
L -711.5554, -132.0247, 3.9363,  -712.7056, -130.8317, 3.8977,  0, 0, 0
L -712.7056, -130.8317, 3.8977,  -713.1520, -129.1115, 3.4850,  0, 0, 0
L -713.1520, -129.1115, 3.4850,  -713.8177, -127.4758, 3.1755,  0, 0, 0
L -713.8177, -127.4758, 3.1755,  -714.7407, -126.4668, 3.1239,  0, 0, 0
L -714.7407, -126.4668, 3.1239,  -715.7547, -125.2237, 3.0651,  0, 0, 0
L -715.7547, -125.2237, 3.0651,  -716.6956, -123.8819, 2.9945,  0, 0, 0
L -716.6956, -123.8819, 2.9945,  -717.6476, -122.5206, 2.9359,  0, 0, 0
L -717.6476, -122.5206, 2.9359,  -718.4057, -120.9766, 2.7884,  0, 0, 0
L -718.4057, -120.9766, 2.7884,  -719.5069, -118.7132, 2.6345,  0, 0, 0
L -719.5069, -118.7132, 2.6345,  -720.5215, -117.2924, 2.6579,  0, 0, 0
L -720.5215, -117.2924, 2.6579,  -721.5192, -116.0497, 2.7172,  0, 0, 0
L -721.5192, -116.0497, 2.7172,  -723.7088, -113.4613, 2.8801,  0, 0, 0
L -723.7088, -113.4613, 2.8801,  -729.7820, -106.4112, 3.1059,  0, 0, 0
L -729.7820, -106.4112, 3.1059,  -731.9738, -103.8699, 3.1843,  0, 0, 0
L -731.9738, -103.8699, 3.1843,  -732.4907, -102.4704, 3.0985,  0, 0, 0
L -732.4907, -102.4704, 3.0985,  -732.9962, -100.9366, 3.0263,  0, 0, 0
L -732.9962, -100.9366, 3.0263,  -734.9577, -94.9057, 2.8607,  0, 0, 0
L -734.9577, -94.9057, 2.8607,  -735.5966, -93.4790, 2.8934,  0, 0, 0
L -735.5966, -93.4790, 2.8934,  -737.7231, -88.7304, 3.1140,  0, 0, 0
L -737.7231, -88.7304, 3.1140,  -738.4308, -87.0878, 3.1419,  0, 0, 0
L -738.4308, -87.0878, 3.1419,  -739.8177, -83.8010, 3.1463,  0, 0, 0
L -739.8177, -83.8010, 3.1463,  -739.8484, -82.1862, 2.8663,  0, 0, 0
L -739.8484, -82.1862, 2.8663,  -740.2717, -71.3194, 1.5338,  0, 0, 0
L -740.2717, -71.3194, 1.5338,  -740.7198, -69.6617, 1.5048,  0, 0, 0
L -740.7198, -69.6617, 1.5048,  -741.0876, -67.8816, 1.4142,  0, 0, 0
L -741.0876, -67.8816, 1.4142,  -741.8130, -64.3898, 1.2351,  0, 0, 0
L -741.8130, -64.3898, 1.2351,  -742.3979, -62.5472, 1.2369,  0, 0, 0
L -742.3979, -62.5472, 1.2369,  -743.0649, -60.9037, 1.3779,  0, 0, 0
L -743.0649, -60.9037, 1.3779,  -743.8107, -59.3351, 1.5410,  0, 0, 0
L -743.8107, -59.3351, 1.5410,  -744.6532, -57.8132, 1.6966,  0, 0, 0
L -744.6532, -57.8132, 1.6966,  -745.5818, -56.3956, 1.8561,  0, 0, 0
L -745.5818, -56.3956, 1.8561,  -746.6045, -55.1027, 2.0493,  0, 0, 0
L -746.6045, -55.1027, 2.0493,  -747.7484, -53.9180, 2.2603,  0, 0, 0
L -747.7484, -53.9180, 2.2603,  -748.9746, -52.8881, 2.4702,  0, 0, 0
L -748.9746, -52.8881, 2.4702,  -750.3026, -51.9947, 2.6825,  0, 0, 0
L -750.3026, -51.9947, 2.6825,  -751.7581, -51.2295, 2.9008,  0, 0, 0
L -751.7581, -51.2295, 2.9008,  -753.2037, -50.6541, 3.1052,  0, 0, 0
L -753.2037, -50.6541, 3.1052,  -755.1974, -49.9984, 3.2361,  0, 0, 0
L -755.1974, -49.9984, 3.2361,  -755.5888, -48.1503, 3.4866,  0, 0, 0
L -755.5888, -48.1503, 3.4866,  -756.0712, -46.0755, 3.6757,  0, 0, 0
L -756.0712, -46.0755, 3.6757,  -758.1136, -37.2607, 4.4582,  0, 0, 0
L -758.1136, -37.2607, 4.4582,  -758.1381, -35.3605, 4.5533,  0, 0, 0
L -758.1381, -35.3605, 4.5533,  -757.6415, -28.2636, 4.9083,  0, 0, 0
L -757.6415, -28.2636, 4.9083,  -757.5172, -26.6527, 4.9683,  0, 0, 0
L -757.5172, -26.6527, 4.9683,  -757.0490, -20.7172, 5.2087,  0, 0, 0
L -757.0490, -20.7172, 5.2087,  -756.9213, -19.1682, 5.2814,  0, 0, 0
L -756.9213, -19.1682, 5.2814,  -756.4531, -13.3290, 5.5313,  0, 0, 0
L -756.4531, -13.3290, 5.5313,  -756.3240, -11.7428, 5.6031,  0, 0, 0
L -756.3240, -11.7428, 5.6031,  -755.8489, -5.8691, 5.8620,  0, 0, 0
L -755.8489, -5.8691, 5.8620,  -755.7206, -4.2584, 5.9285,  0, 0, 0
L -755.7206, -4.2584, 5.9285,  -755.2387, 4.3462, 6.3755,  0, 0, 0
L -755.2387, 4.3462, 6.3755,  -755.0677, 5.8490, 6.4393,  0, 0, 0
L -755.0677, 5.8490, 6.4393,  -754.6309, 9.6042, 6.6176,  0, 0, 0
L -754.6309, 9.6042, 6.6176,  -754.4148, 11.4401, 6.7109,  0, 0, 0
L -754.4148, 11.4401, 6.7109,  -753.9327, 15.7477, 6.8755,  0, 0, 0
L -753.9327, 15.7477, 6.8755,  -753.7594, 17.2512, 6.9431,  0, 0, 0
L -753.7594, 17.2512, 6.9431,  -753.2925, 20.1174, 7.0657,  0, 0, 0
L -753.2925, 20.1174, 7.0657,  -752.9962, 21.5611, 7.2454,  0, 0, 0
L -752.9962, 21.5611, 7.2454,  -752.5485, 25.1133, 7.8408,  0, 0, 0
L -752.5485, 25.1133, 7.8408,  -752.3541, 26.5699, 8.0798,  0, 0, 0
L -752.3541, 26.5699, 8.0798,  -751.8705, 30.2395, 8.6689,  0, 0, 0
L -751.8705, 30.2395, 8.6689,  -751.6790, 31.6507, 8.9057,  0, 0, 0
L -751.6790, 31.6507, 8.9057,  -751.2247, 34.6024, 9.2999,  0, 0, 0
L -751.2247, 34.6024, 9.2999,  -751.0366, 36.0522, 9.3487,  0, 0, 0
L -751.0366, 36.0522, 9.3487,  -750.5495, 39.7579, 9.4857,  0, 0, 0
L -750.5495, 39.7579, 9.4857,  -750.3487, 41.3253, 9.5320,  0, 0, 0
L -750.3487, 41.3253, 9.5320,  -749.8580, 45.0509, 9.6711,  0, 0, 0
L -749.8580, 45.0509, 9.6711,  -749.6600, 46.5420, 9.7300,  0, 0, 0
L -749.6600, 46.5420, 9.7300,  -749.2608, 49.6047, 9.8358,  0, 0, 0
L -749.2608, 49.6047, 9.8358,  -749.0519, 51.1896, 9.8956,  0, 0, 0
L -749.0519, 51.1896, 9.8956,  -748.7424, 54.1917, 9.9625,  0, 0, 0
L -748.7424, 54.1917, 9.9625,  -746.9971, 54.9633, 9.9018,  0, 0, 0
L -746.9971, 54.9633, 9.9018,  -744.3128, 56.2177, 10.5084,  0, 0, 0
L -744.3128, 56.2177, 10.5084,  -743.7050, 57.9718, 10.5217,  0, 0, 0
L -743.7050, 57.9718, 10.5217,  -742.8401, 59.5261, 10.3820,  0, 0, 0
L -742.8401, 59.5261, 10.3820,  -737.7253, 68.7571, 9.5056,  0, 0, 0
L -737.7253, 68.7571, 9.5056,  -737.3274, 69.8145, 9.4711,  0, 0, 0
L -737.3274, 69.8145, 9.4711,  -736.9948, 71.0067, 9.4733,  0, 0, 0
L -736.9948, 71.0067, 9.4733,  -736.7402, 72.1495, 9.4981,  0, 0, 0
L -736.7402, 72.1495, 9.4981,  -736.2885, 74.5365, 9.6227,  0, 0, 0
L -736.2885, 74.5365, 9.6227,  -736.0010, 76.3653, 9.9753,  0, 0, 0
L -736.0010, 76.3653, 9.9753,  -735.1523, 78.1292, 9.8489,  0, 0, 0
L -735.1523, 78.1292, 9.8489,  -733.2306, 77.6239, 9.8345,  0, 0, 0
L -733.2306, 77.6239, 9.8345,  -732.6578, 79.2795, 9.8253,  0, 0, 0
L -732.6578, 79.2795, 9.8253,  -731.9346, 81.5935, 9.5403,  0, 0, 0
L -731.9346, 81.5935, 9.5403,  -731.3149, 83.3556, 9.2950,  0, 0, 0
L -731.3149, 83.3556, 9.2950,  -731.0886, 84.4183, 9.2076,  0, 0, 0
L -731.0886, 84.4183, 9.2076,  -731.4554, 92.1495, 9.0871,  0, 0, 0
L -731.4554, 92.1495, 9.0871,  -731.7684, 93.7237, 9.0871,  0, 0, 0
L -731.7684, 93.7237, 9.0871,  -731.4200, 96.6398, 8.7184,  0, 0, 0
L -731.4200, 96.6398, 8.7184,  -731.0289, 97.9824, 8.4521,  0, 0, 0
L -731.0289, 97.9824, 8.4521,  -730.3652, 99.7378, 7.9178,  0, 0, 0
L -730.3652, 99.7378, 7.9178,  -729.7310, 101.4877, 7.3425,  0, 0, 0
L -729.7310, 101.4877, 7.3425,  -729.1947, 103.2440, 6.8516,  0, 0, 0
L -729.1947, 103.2440, 6.8516,  -728.6970, 105.1719, 6.4535,  0, 0, 0
L -728.6970, 105.1719, 6.4535,  -727.3305, 110.3933, 5.4341,  0, 0, 0
L -727.3305, 110.3933, 5.4341,  -726.6387, 113.0285, 4.9228,  0, 0, 0
L -726.6387, 113.0285, 4.9228,  -726.0449, 114.9247, 4.7401,  0, 0, 0
L -726.0449, 114.9247, 4.7401,  -725.4269, 116.8195, 4.6068,  0, 0, 0
L -725.4269, 116.8195, 4.6068,  -724.9973, 118.0898, 4.5075,  0, 0, 0
L -724.9973, 118.0898, 4.5075,  -724.2750, 119.9360, 4.3542,  0, 0, 0
L -724.2750, 119.9360, 4.3542,  -723.5212, 121.6790, 4.2019,  0, 0, 0
L -723.5212, 121.6790, 4.2019,  -722.7560, 123.3754, 4.0524,  0, 0, 0
L -722.7560, 123.3754, 4.0524,  -715.2428, 140.0881, 2.5460,  0, 0, 0
L -715.2428, 140.0881, 2.5460,  -714.2875, 141.7490, 2.1143,  0, 0, 0
L -714.2875, 141.7490, 2.1143,  -712.7850, 140.8967, 3.5555,  0, 0, 0
L -712.7850, 140.8967, 3.5555,  -711.3559, 141.4261, 3.1922,  0, 0, 0
L -711.3559, 141.4261, 3.1922,  -708.0418, 142.7782, 2.4691,  0, 0, 0
L -708.0418, 142.7782, 2.4691,  -706.7447, 144.2729, 3.2232,  0, 0, 0
L -706.7447, 144.2729, 3.2232,  -706.7447, 145.6018, 3.2398,  0, 0, 0
L -706.7447, 145.6018, 3.2398,  -706.3527, 148.5504, 3.3107,  0, 0, 0
L -706.3527, 148.5504, 3.3107,  -706.0604, 150.0857, 3.3469,  0, 0, 0
L -706.0604, 150.0857, 3.3469,  -705.6946, 156.6868, 2.1146,  0, 0, 0
L -705.6946, 156.6868, 2.1146,  -704.6953, 158.3390, 2.4217,  0, 0, 0
L -704.6953, 158.3390, 2.4217,  -704.1974, 159.6151, 2.4253,  0, 0, 0
L -704.1974, 159.6151, 2.4253,  -702.1958, 164.8010, 2.3981,  0, 0, 0
L -702.1958, 164.8010, 2.3981,  -701.7126, 166.3249, 2.4347,  0, 0, 0
L -701.7126, 166.3249, 2.4347,  -701.2427, 167.8569, 2.4830,  0, 0, 0
L -701.2427, 167.8569, 2.4830,  -700.3482, 169.0974, 2.3466,  0, 0, 0
L -700.3482, 169.0974, 2.3466,  -699.4778, 170.1855, 2.3741,  0, 0, 0
L -699.4778, 170.1855, 2.3741,  -695.3983, 175.3866, 2.3732,  0, 0, 0
L -695.3983, 175.3866, 2.3732,  -694.6762, 176.6501, 2.4084,  0, 0, 0
L -694.6762, 176.6501, 2.4084,  -693.6016, 177.5606, 2.3160,  0, 0, 0
L -693.6016, 177.5606, 2.3160,  -692.0710, 178.6665, 2.3423,  0, 0, 0
L -692.0710, 178.6665, 2.3423,  -684.4052, 184.0888, 2.3594,  0, 0, 0
L -684.4052, 184.0888, 2.3594,  -683.1375, 184.5643, 2.3862,  0, 0, 0
L -683.1375, 184.5643, 2.3862,  -674.2355, 187.9644, 2.3632,  0, 0, 0
L -674.2355, 187.9644, 2.3632,  -672.7262, 188.2906, 2.3694,  0, 0, 0
L -672.7262, 188.2906, 2.3694,  -663.4648, 190.1120, 2.6682,  0, 0, 0
L -663.4648, 190.1120, 2.6682,  -654.2949, 191.7064, 3.1506,  0, 0, 0
L -654.2949, 191.7064, 3.1506,  -646.2489, 193.4771, 3.6022,  0, 0, 0
L -646.2489, 193.4771, 3.6022,  -645.2592, 195.0393, 3.6022,  0, 0, 0
L -645.2592, 195.0393, 3.6022,  -641.8211, 200.3142, 3.8269,  0, 0, 0
L -641.8211, 200.3142, 3.8269,  -640.6298, 201.2354, 3.6200,  0, 0, 0
L -640.6298, 201.2354, 3.6200,  -639.3658, 201.8742, 3.2554,  0, 0, 0
L -639.3658, 201.8742, 3.2554,  -638.1611, 202.4226, 3.0228,  0, 0, 0
L -638.1611, 202.4226, 3.0228,  -636.9576, 202.9405, 3.1771,  0, 0, 0
L -636.9576, 202.9405, 3.1771,  -628.2328, 206.8130, 3.6956,  0, 0, 0
L -628.2328, 206.8130, 3.6956,  -626.5868, 207.3854, 3.7862,  0, 0, 0
L -626.5868, 207.3854, 3.7862,  -602.5961, 215.6414, 4.7415,  0, 0, 0
L -602.5961, 215.6414, 4.7415,  -601.0466, 215.7196, 4.5441,  0, 0, 0
L -601.0466, 215.7196, 4.5441,  -599.4844, 215.9778, 4.4229,  0, 0, 0
L -599.4844, 215.9778, 4.4229,  -592.8763, 216.7539, 3.9616,  0, 0, 0
L -592.8763, 216.7539, 3.9616,  -591.1051, 216.7776, 3.8559,  0, 0, 0
L -591.1051, 216.7776, 3.8559,  -588.2549, 216.6687, 3.7955,  0, 0, 0
L -588.2549, 216.6687, 3.7955,  -586.6391, 215.6131, 3.3127,  0, 0, 0
L -586.6391, 215.6131, 3.3127,  -585.4776, 214.6121, 3.0969,  0, 0, 0
L -585.4776, 214.6121, 3.0969,  -584.2243, 213.9106, 2.8643,  0, 0, 0
L -584.2243, 213.9106, 2.8643,  -582.5468, 213.5278, 2.8399,  0, 0, 0
L -582.5468, 213.5278, 2.8399,  -580.7139, 213.2775, 3.1026,  0, 0, 0
L -580.7139, 213.2775, 3.1026,  -575.6673, 213.0704, 2.7534,  0, 0, 0
L -575.6673, 213.0704, 2.7534,  -573.8510, 213.2735, 2.8384,  0, 0, 0
L -573.8510, 213.2735, 2.8384,  -572.7302, 214.6564, 2.8893,  0, 0, 0
L -572.7302, 214.6564, 2.8893,  -571.3522, 215.7952, 2.6490,  0, 0, 0
L -571.3522, 215.7952, 2.6490,  -569.7433, 216.7411, 2.3393,  0, 0, 0
L -569.7433, 216.7411, 2.3393,  -568.6511, 218.2732, 2.2910,  0, 0, 0
L -568.6511, 218.2732, 2.2910,  -567.9803, 219.6556, 2.3401,  0, 0, 0
L -567.9803, 219.6556, 2.3401,  -567.2484, 221.0996, 2.4018,  0, 0, 0
L -567.2484, 221.0996, 2.4018,  -565.7730, 221.8039, 1.8279,  0, 0, 0
L -565.7730, 221.8039, 1.8279,  -563.9017, 222.3087, 1.9006,  0, 0, 0
L -563.9017, 222.3087, 1.9006,  -562.2217, 222.0165, 3.3914,  0, 0, 0
L -562.2217, 222.0165, 3.3914,  -560.2950, 221.9153, 3.1682,  0, 0, 0
L -560.2950, 221.9153, 3.1682,  -550.6810, 221.2757, 3.1137,  0, 0, 0
L -550.6810, 221.2757, 3.1137,  -536.0383, 220.3689, 2.5353,  0, 0, 0
L -536.0383, 220.3689, 2.5353,  -534.1055, 220.7672, 2.4743,  0, 0, 0
L -534.1055, 220.7672, 2.4743,  -531.4756, 221.1582, 2.7529,  0, 0, 0
L -531.4756, 221.1582, 2.7529,  -530.0020, 221.3635, 2.9496,  0, 0, 0
L -530.0020, 221.3635, 2.9496,  -528.5266, 222.3131, 2.9980,  0, 0, 0
L -528.5266, 222.3131, 2.9980,  -527.4122, 223.2936, 3.0663,  0, 0, 0
L -527.4122, 223.2936, 3.0663,  -525.7178, 224.8939, 3.1832,  0, 0, 0
L -525.7178, 224.8939, 3.1832,  -524.0569, 223.9322, 2.1993,  0, 0, 0
L -524.0569, 223.9322, 2.1993,  -522.9639, 222.7533, 2.1014,  0, 0, 0
L -522.9639, 222.7533, 2.1014,  -521.7145, 221.2054, 2.2643,  0, 0, 0
L -521.7145, 221.2054, 2.2643,  -520.2549, 219.8382, 1.8656,  0, 0, 0
L -520.2549, 219.8382, 1.8656,  -518.4993, 219.5035, 1.9983,  0, 0, 0
L -518.4993, 219.5035, 1.9983,  -514.2225, 218.8290, 2.9252,  0, 0, 0
L -514.2225, 218.8290, 2.9252,  -512.9481, 219.0649, 2.9089,  0, 0, 0
L -512.9481, 219.0649, 2.9089,  -502.8440, 220.9696, 2.6986,  0, 0, 0
L -502.8440, 220.9696, 2.6986,  -501.2916, 220.9149, 2.6125,  0, 0, 0
L -501.2916, 220.9149, 2.6125,  -497.5149, 221.2405, 2.7905,  0, 0, 0
L -497.5149, 221.2405, 2.7905,  -496.0561, 221.7213, 2.8560,  0, 0, 0
L -496.0561, 221.7213, 2.8560,  -494.5324, 222.3304, 2.8982,  0, 0, 0
L -494.5324, 222.3304, 2.8982,  -493.0384, 223.0263, 2.9672,  0, 0, 0
L -493.0384, 223.0263, 2.9672,  -491.5342, 222.6145, 5.1501,  0, 0, 0
L -491.5342, 222.6145, 5.1501,  -490.1664, 221.7517, 6.8269,  0, 0, 0
L -490.1664, 221.7517, 6.8269,  -488.8522, 221.1427, 6.9182,  0, 0, 0
L -488.8522, 221.1427, 6.9182,  -487.5103, 219.8104, 8.7410,  0, 0, 0
L -487.5103, 219.8104, 8.7410,  -486.4099, 218.7924, 8.3241,  0, 0, 0
L -486.4099, 218.7924, 8.3241,  -483.6269, 216.2326, 7.2808,  0, 0, 0
L -483.6269, 216.2326, 7.2808,  -482.1156, 216.0462, 7.2808,  0, 0, 0
L -482.1156, 216.0462, 7.2808,  -473.1558, 214.4975, 7.0543,  0, 0, 0
L -473.1558, 214.4975, 7.0543,  -471.5706, 214.0128, 6.9067,  0, 0, 0
L -471.5706, 214.0128, 6.9067,  -446.0129, 206.3067, 4.5947,  0, 0, 0
L -446.0129, 206.3067, 4.5947,  -437.6651, 203.4119, 3.8155,  0, 0, 0
L -437.6651, 203.4119, 3.8155,  -436.3212, 202.7058, 3.5934,  0, 0, 0
L -436.3212, 202.7058, 3.5934,  -422.7980, 195.4558, 2.7602,  0, 0, 0
L -422.7980, 195.4558, 2.7602,  -414.6107, 190.7917, 2.8516,  0, 0, 0
L -414.6107, 190.7917, 2.8516,  -410.5746, 188.5265, 2.9146,  0, 0, 0
L -410.5746, 188.5265, 2.9146,  -409.7188, 187.4783, 2.4968,  0, 0, 0
L -409.7188, 187.4783, 2.4968,  -408.4232, 186.5896, 2.3564,  0, 0, 0
L -408.4232, 186.5896, 2.3564,  -406.2337, 185.1576, 2.2517,  0, 0, 0
L -406.2337, 185.1576, 2.2517,  -404.9463, 183.9925, 2.2196,  0, 0, 0
L -404.9463, 183.9925, 2.2196,  -403.7877, 182.7924, 2.2112,  0, 0, 0
L -403.7877, 182.7924, 2.2112,  -390.5672, 169.2351, 1.8000,  0, 0, 0
L -390.5672, 169.2351, 1.8000,  -389.1541, 168.1552, 1.8312,  0, 0, 0
L -389.1541, 168.1552, 1.8312,  -387.6514, 167.2341, 1.8948,  0, 0, 0
L -387.6514, 167.2341, 1.8948,  -386.0778, 166.4096, 1.9763,  0, 0, 0
L -386.0778, 166.4096, 1.9763,  -384.3657, 165.6553, 2.0695,  0, 0, 0
L -384.3657, 165.6553, 2.0695,  -382.7921, 164.9416, 2.1396,  0, 0, 0
L -382.7921, 164.9416, 2.1396,  -381.2483, 164.0826, 2.1811,  0, 0, 0
L -381.2483, 164.0826, 2.1811,  -377.7195, 161.9698, 2.1891,  0, 0, 0
L -377.7195, 161.9698, 2.1891,  -376.5068, 160.9712, 2.2373,  0, 0, 0
L -376.5068, 160.9712, 2.2373,  -374.2128, 158.9922, 2.2298,  0, 0, 0
L -374.2128, 158.9922, 2.2298,  -374.2774, 157.1022, 2.1279,  0, 0, 0
L -374.2774, 157.1022, 2.1279,  -373.9075, 150.2226, 2.3625,  0, 0, 0
L -373.9075, 150.2226, 2.3625,  -372.8790, 149.1141, 2.4615,  0, 0, 0
L -372.8790, 149.1141, 2.4615,  -371.4780, 147.6057, 3.2825,  0, 0, 0
L -371.4780, 147.6057, 3.2825,  -369.9856, 146.9659, 3.2934,  0, 0, 0
L -369.9856, 146.9659, 3.2934,  -368.4747, 146.3182, 3.3431,  0, 0, 0
L -368.4747, 146.3182, 3.3431,  -367.0114, 145.2915, 3.3382,  0, 0, 0
L -367.0114, 145.2915, 3.3382,  -365.7374, 144.1868, 3.2628,  0, 0, 0
L -365.7374, 144.1868, 3.2628,  -363.1143, 141.9179, 3.0803,  0, 0, 0
L -363.1143, 141.9179, 3.0803,  -362.7062, 140.3254, 2.5775,  0, 0, 0
L -362.7062, 140.3254, 2.5775,  -362.4207, 136.6690, 1.6692,  0, 0, 0
L -362.4207, 136.6690, 1.6692,  -361.6554, 134.9828, 1.6504,  0, 0, 0
L -361.6554, 134.9828, 1.6504,  -360.8988, 133.1516, 1.6398,  0, 0, 0
L -360.8988, 133.1516, 1.6398,  -360.1604, 131.3665, 3.0741,  0, 0, 0
L -360.1604, 131.3665, 3.0741,  -359.4774, 130.3463, 3.0353,  0, 0, 0
L -359.4774, 130.3463, 3.0353,  -358.8708, 129.5988, 3.0183,  0, 0, 0
L -358.8708, 129.5988, 3.0183,  -358.0679, 128.7080, 3.0066,  0, 0, 0
L -358.0679, 128.7080, 3.0066,  -353.7258, 123.9230, 3.0845,  0, 0, 0
L -353.7258, 123.9230, 3.0845,  -355.3382, 122.8637, 3.0845,  0, 0, 0
L -355.3382, 122.8637, 3.0845,  -357.2678, 121.5858, 3.0845,  0, 0, 0
L -357.2678, 121.5858, 3.0845,  -358.0992, 119.8023, 3.0845,  0, 0, 0
L -358.0992, 119.8023, 3.0845,  -357.6375, 118.4560, 3.0845,  0, 0, 0
L -357.6375, 118.4560, 3.0845,  -356.4349, 117.4936, 3.0845,  0, 0, 0
L -356.4349, 117.4936, 3.0845,  -354.6157, 116.0378, 3.0845,  0, 0, 0
L -354.6157, 116.0378, 3.0845,  -353.1711, 116.1754, 3.0319,  0, 0, 0
L -353.1711, 116.1754, 3.0319,  -351.6073, 116.4151, 2.9904,  0, 0, 0
L -351.6073, 116.4151, 2.9904,  -350.0519, 116.8584, 2.9931,  0, 0, 0
L -350.0519, 116.8584, 2.9931,  -346.1785, 117.9902, 3.0281,  0, 0, 0
L -346.1785, 117.9902, 3.0281,  -344.7277, 116.8479, 2.1455,  0, 0, 0
L -344.7277, 116.8479, 2.1455,  -343.8969, 115.2348, 3.3490,  0, 0, 0
L -343.8969, 115.2348, 3.3490,  -343.0543, 113.4629, 3.3240,  0, 0, 0
L -343.0543, 113.4629, 3.3240,  -340.6714, 108.4543, 4.0295,  0, 0, 0
L -340.6714, 108.4543, 4.0295,  -340.4046, 108.2807, 4.0658,  0, 0, 0
L -340.4046, 108.2807, 4.0658,  -337.9165, 106.6621, 4.2764,  0, 0, 0
L -337.9165, 106.6621, 4.2764,  -337.3388, 104.7603, 8.3543,  0, 0, 0
L -337.3388, 104.7603, 8.3543,  -337.1117, 104.2950, 8.3936,  0, 0, 0
L -337.1117, 104.2950, 8.3936,  -336.7194, 101.0634, 8.9130,  0, 0, 0
L -336.7194, 101.0634, 8.9130,  -336.2899, 99.2186, 8.8685,  0, 0, 0
L -336.2899, 99.2186, 8.8685,  -335.8311, 97.3171, 8.7722,  0, 0, 0
L -335.8311, 97.3171, 8.7722,  -334.9074, 93.5178, 8.5488,  0, 0, 0
L -334.9074, 93.5178, 8.5488,  -334.3249, 91.7765, 8.4846,  0, 0, 0
L -334.3249, 91.7765, 8.4846,  -333.6854, 90.1170, 8.4518,  0, 0, 0
L -333.6854, 90.1170, 8.4518,  -330.1345, 80.7968, 8.3914,  0, 0, 0
L -330.1345, 80.7968, 8.3914,  -327.6204, 74.1933, 8.3366,  0, 0, 0
L -327.6204, 74.1933, 8.3366,  -326.6885, 73.0425, 8.3140,  0, 0, 0
L -326.6885, 73.0425, 8.3140,  -325.6132, 71.6198, 8.2880,  0, 0, 0
L -325.6132, 71.6198, 8.2880,  -322.1931, 66.9892, 8.1894,  0, 0, 0
L -322.1931, 66.9892, 8.1894,  -321.9418, 66.3771, 8.1357,  0, 0, 0
L -321.9418, 66.3771, 8.1357,  -319.5670, 60.5375, 7.6373,  0, 0, 0
L -319.5670, 60.5375, 7.6373,  -318.8685, 58.7607, 7.5298,  0, 0, 0
L -318.8685, 58.7607, 7.5298,  -318.4062, 57.5777, 7.4790,  0, 0, 0
L -318.4062, 57.5777, 7.4790,  -318.7921, 54.3780, 7.1701,  0, 0, 0
L -318.7921, 54.3780, 7.1701,  -319.5882, 52.7921, 6.9717,  0, 0, 0
L -319.5882, 52.7921, 6.9717,  -321.2745, 49.6123, 6.7484,  0, 0, 0
L -321.2745, 49.6123, 6.7484,  -322.0066, 48.0399, 6.7098,  0, 0, 0
L -322.0066, 48.0399, 6.7098,  -323.1328, 45.6237, 6.6902,  0, 0, 0
L -323.1328, 45.6237, 6.6902,  -323.5582, 43.8632, 6.6840,  0, 0, 0
L -323.5582, 43.8632, 6.6840,  -323.8472, 41.9114, 6.6810,  0, 0, 0
L -323.8472, 41.9114, 6.6810,  -323.0694, 40.4818, 6.6801,  0, 0, 0
L -323.0694, 40.4818, 6.6801,  -322.2945, 39.7257, 6.6801,  0, 0, 0
L -322.2945, 39.7257, 6.6801,  -314.5311, 32.1147, 6.6708,  0, 0, 0
L -314.5311, 32.1147, 6.6708,  -313.3110, 30.7014, 6.6137,  0, 0, 0
L -313.3110, 30.7014, 6.6137,  -312.3759, 29.6862, 6.5873,  0, 0, 0
L -312.3759, 29.6862, 6.5873,  -307.8956, 25.1459, 6.5440,  0, 0, 0
L -307.8956, 25.1459, 6.5440,  -301.8737, 18.9922, 6.5429,  0, 0, 0
L -301.8737, 18.9922, 6.5429,  -303.2174, 17.5478, 6.3454,  0, 0, 0
L -303.2174, 17.5478, 6.3454,  -304.1544, 16.3820, 6.3454,  0, 0, 0
L -304.1544, 16.3820, 6.3454,  -304.5440, 14.4225, 6.3454,  0, 0, 0
L -304.5440, 14.4225, 6.3454,  -304.1913, 13.0546, 6.3454,  0, 0, 0
L -304.1913, 13.0546, 6.3454,  -304.0190, 11.0663, 6.3454,  0, 0, 0
L -304.0190, 11.0663, 6.3454,  -302.6916, 10.3640, 6.3454,  0, 0, 0
L -302.6916, 10.3640, 6.3454,  -298.6716, 8.5230, 6.3454,  0, 0, 0
L -298.6716, 8.5230, 6.3454,  -297.4398, 9.0870, 6.3454,  0, 0, 0
L -297.4398, 9.0870, 6.3454,  -286.9482, 13.8271, 6.3453,  0, 0, 0
L -286.9482, 13.8271, 6.3453,  -285.7086, 14.3301, 6.3453,  0, 0, 0
L -285.7086, 14.3301, 6.3453,  -282.9240, 15.2767, 6.3932,  0, 0, 0
L -282.9240, 15.2767, 6.3932,  -281.8698, 15.4243, 11.7078,  0, 0, 0
L -272.9911, 27.3788, 3.2221,  -271.1821, 27.8197, 6.7120,  0, 0, 0
L -271.1821, 27.8197, 6.7120,  -269.7176, 28.2049, 6.7807,  0, 0, 0
L -269.7176, 28.2049, 6.7807,  -268.2097, 29.0619, 6.7110,  0, 0, 0
L -268.2097, 29.0619, 6.7110,  -266.5177, 29.3158, 6.6776,  0, 0, 0
L -266.5177, 29.3158, 6.6776,  -259.8937, 29.9896, 10.1757,  0, 0, 0
L -259.8937, 29.9896, 10.1757,  -258.3692, 28.9500, 10.6164,  0, 0, 0
L -258.3692, 28.9500, 10.6164,  -256.8134, 28.3280, 11.9715,  0, 0, 0
L -256.8134, 28.3280, 11.9715,  -255.0303, 27.9276, 12.0076,  0, 0, 0
L -255.0303, 27.9276, 12.0076,  -247.6631, 26.5286, 12.1390,  0, 0, 0
L -247.6631, 26.5286, 12.1390,  -246.6823, 26.5045, 12.1149,  0, 0, 0
L -246.6823, 26.5045, 12.1149,  -237.1474, 26.3549, -0.2551,  0, 0, 0
L -237.1474, 26.3549, -0.2551,  -236.2208, 26.5511, -0.3104,  0, 0, 0
L -236.2208, 26.5511, -0.3104,  -225.4248, 28.8366, -0.3105,  0, 0, 0
L -225.4248, 28.8366, -0.3105,  -223.0146, 28.4225, -0.3104,  0, 0, 0
L -223.0146, 28.4225, -0.3104,  -223.0184, 26.9479, -0.3105,  0, 0, 0
L -223.0184, 26.9479, -0.3105,  -223.0175, 23.5986, -0.3105,  0, 0, 0
L -223.0175, 23.5986, -0.3105,  -221.7588, 23.7382, -0.3105,  0, 0, 0
L -221.7588, 23.7382, -0.3105,  -219.6915, 23.8926, -0.3105,  0, 0, 0
L -219.6915, 23.8926, -0.3105,  -213.3307, 24.4445, -0.3105,  0, 0, 0
L -213.3307, 24.4445, -0.3105,  -212.2531, 25.9353, -0.3105,  0, 0, 0
L -212.2531, 25.9353, -0.3105,  -210.1350, 28.8656, -0.3105,  0, 0, 0
L -210.1350, 28.8656, -0.3105,  -209.2735, 29.8481, -0.3018,  0, 0, 0
L -209.2735, 29.8481, -0.3018,  -208.2383, 30.6652, -0.2904,  0, 0, 0
L -208.2383, 30.6652, -0.2904,  -206.4658, 32.0863, -0.2926,  0, 0, 0
L -206.4658, 32.0863, -0.2926,  -204.7707, 32.7300, 1.0057,  0, 0, 0
L -204.7707, 32.7300, 1.0057,  -203.5049, 32.3290, 0.6729,  0, 0, 0
L -203.5049, 32.3290, 0.6729,  -201.7054, 31.7590, -0.3105,  0, 0, 0
L -201.7054, 31.7590, -0.3105,  -200.5819, 32.2243, -0.3105,  0, 0, 0
L -200.5819, 32.2243, -0.3105,  -198.7367, 32.8074, -0.1828,  0, 0, 0
L -198.7367, 32.8074, -0.1828,  -195.6788, 33.8947, -0.3105,  0, 0, 0
L -195.6788, 33.8947, -0.3105,  -194.4687, 34.8154, -0.3105,  0, 0, 0
L -194.4687, 34.8154, -0.3105,  -192.8743, 36.0284, -0.3105,  0, 0, 0
L -192.8743, 36.0284, -0.3105,  -191.1299, 36.5620, -0.3105,  0, 0, 0
L -191.1299, 36.5620, -0.3105,  -191.1582, 38.5241, -0.1693,  0, 0, 0
L -191.1582, 38.5241, -0.1693,  -191.7493, 40.3133, -0.2268,  0, 0, 0
L -191.7493, 40.3133, -0.2268,  -192.5466, 42.7273, -0.2269,  0, 0, 0
L -192.5466, 42.7273, -0.2269,  -193.9593, 43.3955, -0.2269,  0, 0, 0
L -193.9593, 43.3955, -0.2269,  -198.5034, 45.5447, -0.2269,  0, 0, 0
L -198.5034, 45.5447, -0.2269,  -199.0753, 47.2403, 0.9355,  0, 0, 0
L -199.0753, 47.2403, 0.9355,  -199.0526, 48.8770, 3.1289,  0, 0, 0
L -199.0526, 48.8770, 3.1289,  -198.3107, 50.4966, 1.4866,  0, 0, 0
L -198.3107, 50.4966, 1.4866,  -197.1451, 52.1139, -0.2269,  0, 0, 0
L -197.1451, 52.1139, -0.2269,  -196.6629, 53.7069, -0.2269,  0, 0, 0
L -196.6629, 53.7069, -0.2269,  -196.1974, 55.4980, -0.2269,  0, 0, 0
L -196.1974, 55.4980, -0.2269,  -196.0134, 57.1716, -0.2269,  0, 0, 0
L -196.0134, 57.1716, -0.2269,  -196.6762, 58.3088, -0.2269,  0, 0, 0
L -196.6762, 58.3088, -0.2269,  -198.8503, 62.0393, -0.2269,  0, 0, 0
L -198.8503, 62.0393, -0.2269,  -198.8763, 63.7662, -0.2269,  0, 0, 0
L -198.8763, 63.7662, -0.2269,  -197.8556, 65.0494, -0.2269,  0, 0, 0
L -197.8556, 65.0494, -0.2269,  -196.1811, 65.6793, -0.2269,  0, 0, 0
L -196.1811, 65.6793, -0.2269,  -194.1523, 66.3603, -0.2269,  0, 0, 0
L -194.1523, 66.3603, -0.2269,  -188.5220, 64.9207, -0.2269,  0, 0, 0
L -188.5220, 64.9207, -0.2269,  -184.9482, 65.7233, -0.2269,  0, 0, 0
L -184.9482, 65.7233, -0.2269,  -183.2215, 66.3487, -0.2269,  0, 0, 0
L -183.2215, 66.3487, -0.2269,  -182.5947, 65.2459, -0.2269,  0, 0, 0
L -182.5947, 65.2459, -0.2269,  -182.0441, 63.8393, -0.2269,  0, 0, 0
L -182.0441, 63.8393, -0.2269,  -181.4733, 62.2024, -0.1454,  0, 0, 0
L -181.4733, 62.2024, -0.1454,  -181.2487, 60.7419, -0.1019,  0, 0, 0
L -181.2487, 60.7419, -0.1019,  -180.8103, 58.0280, -0.2269,  0, 0, 0
L -180.8103, 58.0280, -0.2269,  -180.5758, 57.0406, -0.2269,  0, 0, 0
L -180.5758, 57.0406, -0.2269,  -181.0649, 54.9923, -0.2269,  0, 0, 0
L -181.0649, 54.9923, -0.2269,  -182.6785, 54.0702, -0.2269,  0, 0, 0
L -182.6785, 54.0702, -0.2269,  -182.9897, 52.1533, -0.2269,  0, 0, 0
L -182.9897, 52.1533, -0.2269,  -182.7616, 48.5976, -0.2269,  0, 0, 0
L -182.7616, 48.5976, -0.2269,  -181.8519, 47.4020, -0.2269,  0, 0, 0
L -181.8519, 47.4020, -0.2269,  -181.1660, 45.9756, -0.2906,  0, 0, 0
L -181.1660, 45.9756, -0.2906,  -181.1263, 44.4737, -0.2441,  0, 0, 0
L -181.1263, 44.4737, -0.2441,  -180.7608, 42.7581, -0.2283,  0, 0, 0
L -180.7608, 42.7581, -0.2283,  -181.0755, 40.8260, -0.2269,  0, 0, 0
L -181.0755, 40.8260, -0.2269,  -182.7035, 40.4875, -0.2269,  0, 0, 0
L -182.7035, 40.4875, -0.2269,  -184.5858, 39.9574, -0.2269,  0, 0, 0
L -184.5858, 39.9574, -0.2269,  -185.9487, 40.5179, -0.2269,  0, 0, 0
L -185.9487, 40.5179, -0.2269,  -187.8816, 40.9210, -0.2269,  0, 0, 0
L -187.8816, 40.9210, -0.2269,  -188.0886, 38.9780, -0.2269,  0, 0, 0
L -188.0886, 38.9780, -0.2269,  -187.8620, 35.3696, -0.3105,  0, 0, 0
L -187.8620, 35.3696, -0.3105,  -186.4117, 34.9873, -0.3105,  0, 0, 0
L -186.4117, 34.9873, -0.3105,  -171.0512, 30.9209, -0.3088,  0, 0, 0
L -171.0512, 30.9209, -0.3088,  -169.5563, 29.7975, -0.2977,  0, 0, 0
L -169.5563, 29.7975, -0.2977,  -167.9073, 28.7474, -0.3105,  0, 0, 0
L -167.9073, 28.7474, -0.3105,  -167.0019, 28.3646, -0.3105,  0, 0, 0
L -167.0019, 28.3646, -0.3105,  -165.1043, 27.7151, -0.3105,  0, 0, 0
L -165.1043, 27.7151, -0.3105,  -163.0143, 27.0693, -0.3105,  0, 0, 0
L -163.0143, 27.0693, -0.3105,  -163.0164, 25.2478, -0.3105,  0, 0, 0
L -163.0164, 25.2478, -0.3105,  -162.5056, 23.3842, -0.3105,  0, 0, 0
L -162.5056, 23.3842, -0.3105,  -161.2489, 23.2915, -0.3105,  0, 0, 0
L -161.2489, 23.2915, -0.3105,  -153.5475, 23.0698, -0.3105,  0, 0, 0
L -153.5475, 23.0698, -0.3105,  -152.2987, 23.7571, -0.3105,  0, 0, 0
L -152.2987, 23.7571, -0.3105,  -141.0244, 29.9623, -0.3105,  0, 0, 0
L -141.0244, 29.9623, -0.3105,  -139.0424, 29.9251, 3.3070,  0, 0, 0
L -139.0424, 29.9251, 3.3070,  -137.6686, 28.8290, 4.2977,  0, 0, 0
L -137.6686, 28.8290, 4.2977,  -132.9348, 24.7566, 3.2774,  0, 0, 0
L -132.9348, 24.7566, 3.2774,  -131.6542, 23.4061, 2.2083,  0, 0, 0
L -131.6542, 23.4061, 2.2083,  -130.2707, 22.2794, 0.8196,  0, 0, 0
L -130.2707, 22.2794, 0.8196,  -128.7580, 21.6203, -0.3101,  0, 0, 0
L -128.7580, 21.6203, -0.3101,  -127.3662, 21.3818, -0.3105,  0, 0, 0
L -127.3662, 21.3818, -0.3105,  -125.8201, 21.9565, -0.3105,  0, 0, 0
L -125.8201, 21.9565, -0.3105,  -112.6623, 26.7732, -0.3105,  0, 0, 0
L -112.6623, 26.7732, -0.3105,  -110.9589, 26.9725, -0.3093,  0, 0, 0
L -110.9589, 26.9725, -0.3093,  -109.2390, 26.6125, -0.3102,  0, 0, 0
L -109.2390, 26.6125, -0.3102,  -103.0169, 25.0502, -0.3105,  0, 0, 0
L -103.0169, 25.0502, -0.3105,  -102.0040, 23.5184, -0.3105,  0, 0, 0
L -102.0040, 23.5184, -0.3105,  -100.2137, 22.9473, -0.3105,  0, 0, 0
L -100.2137, 22.9473, -0.3105,  -98.3741, 22.7991, -0.3105,  0, 0, 0
L -98.3741, 22.7991, -0.3105,  -96.9357, 23.7860, -0.3105,  0, 0, 0
L -96.9357, 23.7860, -0.3105,  -83.8406, 32.7702, -0.3105,  0, 0, 0
L -83.8406, 32.7702, -0.3105,  -82.6633, 33.0931, 0.9202,  0, 0, 0
L -82.6633, 33.0931, 0.9202,  -81.2307, 33.3426, 2.4358,  0, 0, 0
L -81.2307, 33.3426, 2.4358,  -77.9221, 34.0090, 2.9155,  0, 0, 0
L -77.9221, 34.0090, 2.9155,  -76.1158, 34.6553, 2.2735,  0, 0, 0
L -76.1158, 34.6553, 2.2735,  -72.7842, 36.0039, -0.3105,  0, 0, 0
L -72.7842, 36.0039, -0.3105,  -71.5999, 36.7616, -0.3105,  0, 0, 0
L -71.5999, 36.7616, -0.3105,  -70.2497, 37.8645, -0.1693,  0, 0, 0
L -70.2497, 37.8645, -0.1693,  -69.7318, 39.5376, -0.2268,  0, 0, 0
L -69.7318, 39.5376, -0.2268,  -70.7800, 40.5716, -0.2269,  0, 0, 0
L -70.7800, 40.5716, -0.2269,  -78.8102, 48.5145, -0.1908,  0, 0, 0
L -78.8102, 48.5145, -0.1908,  -79.3424, 50.2417, 0.0774,  0, 0, 0
L -79.3424, 50.2417, 0.0774,  -77.8137, 50.9714, -0.2269,  0, 0, 0
L -77.8137, 50.9714, -0.2269,  -77.0674, 52.3157, -0.2269,  0, 0, 0
L -77.0674, 52.3157, -0.2269,  -76.7258, 54.0788, -0.2269,  0, 0, 0
L -76.7258, 54.0788, -0.2269,  -76.2670, 57.2984, -0.2269,  0, 0, 0
L -76.2670, 57.2984, -0.2269,  -76.7225, 58.9533, -0.2269,  0, 0, 0
L -76.7225, 58.9533, -0.2269,  -77.6285, 60.1142, -0.2269,  0, 0, 0
L -77.6285, 60.1142, -0.2269,  -78.7201, 61.5130, -0.2269,  0, 0, 0
L -78.7201, 61.5130, -0.2269,  -78.8497, 63.1012, -0.2269,  0, 0, 0
L -78.8497, 63.1012, -0.2269,  -79.3264, 64.7918, -0.2322,  0, 0, 0
L -79.3264, 64.7918, -0.2322,  -77.4029, 65.3003, -0.2269,  0, 0, 0
L -77.4029, 65.3003, -0.2269,  -75.6734, 66.1059, 0.7851,  0, 0, 0
L -75.6734, 66.1059, 0.7851,  -73.7164, 66.4430, -0.2217,  0, 0, 0
L -73.7164, 66.4430, -0.2217,  -72.1922, 65.8623, -0.2256,  0, 0, 0
L -72.1922, 65.8623, -0.2256,  -70.0429, 65.1734, -0.2272,  0, 0, 0
L -70.0429, 65.1734, -0.2272,  -68.3722, 64.7519, -0.2269,  0, 0, 0
L -68.3722, 64.7519, -0.2269,  -66.5636, 64.6629, -0.2269,  0, 0, 0
L -66.5636, 64.6629, -0.2269,  -65.5571, 65.5529, -0.2269,  0, 0, 0
L -65.5571, 65.5529, -0.2269,  -64.0731, 66.4463, -0.1944,  0, 0, 0
L -64.0731, 66.4463, -0.1944,  -62.5672, 65.7653, -0.2269,  0, 0, 0
L -62.5672, 65.7653, -0.2269,  -62.3078, 64.3041, -0.2269,  0, 0, 0
L -62.3078, 64.3041, -0.2269,  -61.6812, 62.6667, -0.2269,  0, 0, 0
L -61.6812, 62.6667, -0.2269,  -61.2574, 60.8998, -0.1768,  0, 0, 0
L -61.2574, 60.8998, -0.1768,  -61.0339, 59.0123, -0.2269,  0, 0, 0
L -61.0339, 59.0123, -0.2269,  -60.4490, 57.2841, -0.2269,  0, 0, 0
L -60.4490, 57.2841, -0.2269,  -60.2958, 55.5824, -0.2269,  0, 0, 0
L -60.2958, 55.5824, -0.2269,  -62.0533, 54.9962, -0.2269,  0, 0, 0
L -62.0533, 54.9962, -0.2269,  -63.5519, 53.9774, -0.2269,  0, 0, 0
L -63.5519, 53.9774, -0.2269,  -64.4714, 52.3542, -0.2269,  0, 0, 0
L -64.4714, 52.3542, -0.2269,  -65.0251, 50.7101, -0.2269,  0, 0, 0
L -65.0251, 50.7101, -0.2269,  -64.0490, 49.8681, -0.2269,  0, 0, 0
L -64.0490, 49.8681, -0.2269,  -61.5108, 47.6786, -0.2269,  0, 0, 0
L -61.5108, 47.6786, -0.2269,  -61.1657, 46.0221, -0.3401,  0, 0, 0
L -61.1657, 46.0221, -0.3401,  -60.7085, 42.6244, -0.2269,  0, 0, 0
L -60.7085, 42.6244, -0.2269,  -61.1260, 40.8271, -0.2269,  0, 0, 0
L -61.1260, 40.8271, -0.2269,  -63.0898, 40.5458, -0.2269,  0, 0, 0
L -63.0898, 40.5458, -0.2269,  -64.7183, 39.6862, -0.2243,  0, 0, 0
L -64.7183, 39.6862, -0.2243,  -66.4595, 40.4305, -0.2269,  0, 0, 0
L -66.4595, 40.4305, -0.2269,  -67.8852, 39.3086, -0.2269,  0, 0, 0
L -67.8852, 39.3086, -0.2269,  -67.8876, 37.3909, -0.1691,  0, 0, 0
L -67.8876, 37.3909, -0.1691,  -66.8562, 35.8543, -0.3105,  0, 0, 0
L -66.8562, 35.8543, -0.3105,  -65.1072, 35.2074, -0.3105,  0, 0, 0
L -65.1072, 35.2074, -0.3105,  -63.2204, 34.9434, -0.3105,  0, 0, 0
L -63.2204, 34.9434, -0.3105,  -61.4848, 34.5488, 1.4703,  0, 0, 0
L -61.4848, 34.5488, 1.4703,  -58.8192, 33.9182, -0.2623,  0, 0, 0
L -58.8192, 33.9182, -0.2623,  -56.8339, 33.9182, -0.3105,  0, 0, 0
L -56.8339, 33.9182, -0.3105,  -54.8369, 33.8090, -0.3105,  0, 0, 0
L -54.8369, 33.8090, -0.3105,  -53.3358, 32.7623, -0.3081,  0, 0, 0
L -53.3358, 32.7623, -0.3081,  -51.8205, 31.5113, -0.3073,  0, 0, 0
L -51.8205, 31.5113, -0.3073,  -50.2676, 30.3341, -0.3075,  0, 0, 0
L -50.2676, 30.3341, -0.3075,  -48.6154, 29.2102, -0.3105,  0, 0, 0
L -48.6154, 29.2102, -0.3105,  -46.9780, 28.5006, -0.3105,  0, 0, 0
L -46.9780, 28.5006, -0.3105,  -43.0155, 26.6059, -0.3105,  0, 0, 0
L -43.0155, 26.6059, -0.3105,  -43.0153, 24.7290, -0.3105,  0, 0, 0
L -43.0153, 24.7290, -0.3105,  -41.9663, 23.0482, -0.3105,  0, 0, 0
L -41.9663, 23.0482, -0.3105,  -40.2609, 22.2752, -0.3105,  0, 0, 0
L -40.2609, 22.2752, -0.3105,  -38.6182, 23.3438, -0.3105,  0, 0, 0
L -38.6182, 23.3438, -0.3105,  -36.9019, 24.0893, -0.3105,  0, 0, 0
L -36.9019, 24.0893, -0.3105,  -31.3688, 26.2131, -0.3105,  0, 0, 0
L -31.3688, 26.2131, -0.3105,  -29.5103, 26.2753, -0.3073,  0, 0, 0
L -29.5103, 26.2753, -0.3073,  -23.0413, 26.7911, -0.3105,  0, 0, 0
L -23.0413, 26.7911, -0.3105,  -21.1259, 27.1470, -0.3105,  0, 0, 0
L -21.1259, 27.1470, -0.3105,  -19.2436, 26.5084, -0.3093,  0, 0, 0
L -19.2436, 26.5084, -0.3093,  -16.3092, 25.6391, 3.5991,  0, 0, 0
L -16.3092, 25.6391, 3.5991,  -14.5094, 25.5488, 2.7471,  0, 0, 0
L -14.5094, 25.5488, 2.7471,  -4.5869, 26.2393, 0.3811,  0, 0, 0
L -4.5869, 26.2393, 0.3811,  5.2535, 27.3272, -0.3105,  0, 0, 0
L 5.2535, 27.3272, -0.3105,  7.0101, 27.4220, -0.3022,  0, 0, 0
L 7.0101, 27.4220, -0.3022,  8.4758, 27.2670, -0.3105,  0, 0, 0
L 8.4758, 27.2670, -0.3105,  12.1841, 27.0499, -0.3105,  0, 0, 0
L 12.1841, 27.0499, -0.3105,  16.7246, 27.0132, -0.3105,  0, 0, 0
L 16.7246, 27.0132, -0.3105,  16.7271, 25.2083, -0.3105,  0, 0, 0
L 16.7271, 25.2083, -0.3105,  16.2590, 20.9524, -0.3105,  0, 0, 0
L 16.2590, 20.9524, -0.3105,  16.0654, 18.9868, -0.3105,  0, 0, 0
L 16.0654, 18.9868, -0.3105,  15.5729, 13.0091, -0.3105,  0, 0, 0
L 15.5729, 13.0091, -0.3105,  15.4849, 11.2423, -0.3105,  0, 0, 0
L 15.4849, 11.2423, -0.3105,  15.9701, -21.0823, -0.3105,  0, 0, 0
L 15.9701, -21.0823, -0.3105,  16.0820, -22.9033, -0.3105,  0, 0, 0
L 16.0820, -22.9033, -0.3105,  15.6560, -27.1016, -0.3013,  0, 0, 0
L 15.6560, -27.1016, -0.3013,  13.9249, -27.9189, -0.1078,  0, 0, 0
L 13.9249, -27.9189, -0.1078,  12.0624, -28.5991, 2.4040,  0, 0, 0
L 12.0624, -28.5991, 2.4040,  10.1055, -29.2346, 6.5039,  0, 0, 0
L 10.1055, -29.2346, 6.5039,  2.6338, -27.0474, -0.3053,  0, 0, 0
L 2.6338, -27.0474, -0.3053,  0.9847, -26.0290, -0.3094,  0, 0, 0
L 0.9847, -26.0290, -0.3094,  -1.0272, -24.8692, -0.3090,  0, 0, 0
L -1.0272, -24.8692, -0.3090,  -2.9834, -24.4688, -0.3105,  0, 0, 0
L -2.9834, -24.4688, -0.3105,  -4.9803, -24.4669, -0.3068,  0, 0, 0
L -4.9803, -24.4669, -0.3068,  -6.8249, -24.2611, -0.3076,  0, 0, 0
L -6.8249, -24.2611, -0.3076,  -10.4935, -24.0239, -0.3105,  0, 0, 0
L -10.4935, -24.0239, -0.3105,  -12.3017, -24.2960, -0.3105,  0, 0, 0
L -12.3017, -24.2960, -0.3105,  -14.0168, -24.7189, -0.3105,  0, 0, 0
L -14.0168, -24.7189, -0.3105,  -18.4586, -26.0303, -0.3105,  0, 0, 0
L -18.4586, -26.0303, -0.3105,  -20.0819, -26.7337, -0.3105,  0, 0, 0
L -20.0819, -26.7337, -0.3105,  -25.7047, -28.9186, -0.3105,  0, 0, 0
L -25.7047, -28.9186, -0.3105,  -27.6036, -29.2780, -0.3105,  0, 0, 0
L -27.6036, -29.2780, -0.3105,  -30.6620, -28.5870, -0.3105,  0, 0, 0
L -30.6620, -28.5870, -0.3105,  -36.6784, -26.9107, 0.6010,  0, 0, 0
L -36.6784, -26.9107, 0.6010,  -36.9936, -24.9817, -0.3105,  0, 0, 0
L -36.9936, -24.9817, -0.3105,  -37.7047, -23.2927, -0.3105,  0, 0, 0
L -37.7047, -23.2927, -0.3105,  -39.5186, -22.8125, -0.3105,  0, 0, 0
L -39.5186, -22.8125, -0.3105,  -41.0401, -23.5784, -0.3105,  0, 0, 0
L -41.0401, -23.5784, -0.3105,  -42.7056, -23.9135, -0.3105,  0, 0, 0
L -42.7056, -23.9135, -0.3105,  -44.5229, -24.5667, -0.3105,  0, 0, 0
L -44.5229, -24.5667, -0.3105,  -46.3152, -25.3789, -0.3105,  0, 0, 0
L -46.3152, -25.3789, -0.3105,  -48.2290, -25.9275, -0.3045,  0, 0, 0
L -48.2290, -25.9275, -0.3045,  -49.8629, -26.0272, -0.2169,  0, 0, 0
L -49.8629, -26.0272, -0.2169,  -56.7477, -26.7688, -0.3105,  0, 0, 0
L -56.7477, -26.7688, -0.3105,  -58.6641, -27.3061, -0.3105,  0, 0, 0
L -58.6641, -27.3061, -0.3105,  -63.6857, -28.5059, -0.3105,  0, 0, 0
L -63.6857, -28.5059, -0.3105,  -65.3112, -28.6325, -0.3105,  0, 0, 0
L -65.3112, -28.6325, -0.3105,  -75.2355, -28.9297, 0.1846,  0, 0, 0
L -75.2355, -28.9297, 0.1846,  -76.8519, -28.7266, -0.3105,  0, 0, 0
L -76.8519, -28.7266, -0.3105,  -78.7962, -28.3039, -0.3105,  0, 0, 0
L -78.7962, -28.3039, -0.3105,  -81.0827, -27.7031, -0.2039,  0, 0, 0
L -81.0827, -27.7031, -0.2039,  -82.6005, -26.8018, -0.3091,  0, 0, 0
L -82.6005, -26.8018, -0.3091,  -84.3530, -26.0011, -0.3105,  0, 0, 0
L -84.3530, -26.0011, -0.3105,  -85.9807, -25.5811, -0.3105,  0, 0, 0
L -85.9807, -25.5811, -0.3105,  -87.9056, -25.4095, -0.3077,  0, 0, 0
L -87.9056, -25.4095, -0.3077,  -92.4127, -25.1797, -0.3105,  0, 0, 0
L -92.4127, -25.1797, -0.3105,  -94.1743, -25.4044, -0.3105,  0, 0, 0
L -94.1743, -25.4044, -0.3105,  -95.8095, -26.0940, -0.3105,  0, 0, 0
L -95.8095, -26.0940, -0.3105,  -96.9940, -24.6458, -0.3105,  0, 0, 0
L -96.9940, -24.6458, -0.3105,  -98.6675, -23.8952, -0.3105,  0, 0, 0
L -98.6675, -23.8952, -0.3105,  -100.3040, -23.8943, -0.3105,  0, 0, 0
L -100.3040, -23.8943, -0.3105,  -102.7797, -23.9892, -0.3105,  0, 0, 0
L -102.7797, -23.9892, -0.3105,  -104.0256, -25.2625, -0.3105,  0, 0, 0
L -104.0256, -25.2625, -0.3105,  -106.3470, -27.6414, -0.3105,  0, 0, 0
L -106.3470, -27.6414, -0.3105,  -108.2132, -27.9650, -0.3109,  0, 0, 0
L -108.2132, -27.9650, -0.3109,  -109.7280, -28.8972, -0.3105,  0, 0, 0
L -109.7280, -28.8972, -0.3105,  -116.7973, -32.9921, 1.8994,  0, 0, 0
L -116.7973, -32.9921, 1.8994,  -118.6455, -33.3165, 2.4847,  0, 0, 0
L -118.6455, -33.3165, 2.4847,  -124.5181, -34.6187, -0.3105,  0, 0, 0
L -124.5181, -34.6187, -0.3105,  -126.0451, -35.6698, -0.3105,  0, 0, 0
L -126.0451, -35.6698, -0.3105,  -127.8376, -36.4791, -0.3105,  0, 0, 0
L -127.8376, -36.4791, -0.3105,  -127.9391, -38.2587, -0.1691,  0, 0, 0
L -127.9391, -38.2587, -0.1691,  -127.6003, -40.2392, -0.2269,  0, 0, 0
L -127.6003, -40.2392, -0.2269,  -125.8111, -40.9332, -0.2269,  0, 0, 0
L -125.8111, -40.9332, -0.2269,  -123.9208, -41.5365, -0.2269,  0, 0, 0
L -123.9208, -41.5365, -0.2269,  -122.2418, -42.1855, -0.2269,  0, 0, 0
L -122.2418, -42.1855, -0.2269,  -121.4423, -43.9772, -0.2146,  0, 0, 0
L -121.4423, -43.9772, -0.2146,  -121.5080, -45.9157, -0.2091,  0, 0, 0
L -121.5080, -45.9157, -0.2091,  -121.0270, -49.2443, -0.2269,  0, 0, 0
L -121.0270, -49.2443, -0.2269,  -122.0294, -50.8843, -0.2269,  0, 0, 0
L -122.0294, -50.8843, -0.2269,  -122.5641, -52.5571, -0.2269,  0, 0, 0
L -122.5641, -52.5571, -0.2269,  -122.5558, -54.5202, -0.2269,  0, 0, 0
L -122.5558, -54.5202, -0.2269,  -122.0796, -58.4092, -0.2269,  0, 0, 0
L -122.0796, -58.4092, -0.2269,  -121.8307, -60.2424, -0.2269,  0, 0, 0
L -121.8307, -60.2424, -0.2269,  -122.2769, -65.1972, -0.2269,  0, 0, 0
L -122.2769, -65.1972, -0.2269,  -124.2242, -65.5140, -0.2269,  0, 0, 0
L -124.2242, -65.5140, -0.2269,  -126.0714, -65.4346, -0.2269,  0, 0, 0
L -126.0714, -65.4346, -0.2269,  -135.8662, -64.7720, -0.2269,  0, 0, 0
L -135.8662, -64.7720, -0.2269,  -137.4256, -63.7162, -0.2269,  0, 0, 0
L -137.4256, -63.7162, -0.2269,  -138.5993, -62.1563, -0.2135,  0, 0, 0
L -138.5993, -62.1563, -0.2135,  -138.8053, -60.4524, -0.2162,  0, 0, 0
L -138.8053, -60.4524, -0.2162,  -139.3475, -58.6468, -0.2232,  0, 0, 0
L -139.3475, -58.6468, -0.2232,  -139.7198, -56.9191, -0.2269,  0, 0, 0
L -139.7198, -56.9191, -0.2269,  -139.4135, -54.9921, -0.2269,  0, 0, 0
L -139.4135, -54.9921, -0.2269,  -137.5077, -54.5868, -0.2269,  0, 0, 0
L -137.5077, -54.5868, -0.2269,  -137.3129, -52.6070, -0.2269,  0, 0, 0
L -137.3129, -52.6070, -0.2269,  -137.7550, -50.3943, -0.2269,  0, 0, 0
L -137.7550, -50.3943, -0.2269,  -138.8745, -48.8847, -0.2269,  0, 0, 0
L -138.8745, -48.8847, -0.2269,  -138.9240, -47.0778, -0.2473,  0, 0, 0
L -138.9240, -47.0778, -0.2473,  -139.4028, -42.3269, -0.2278,  0, 0, 0
L -139.4028, -42.3269, -0.2278,  -138.0809, -40.8269, -0.2269,  0, 0, 0
L -138.0809, -40.8269, -0.2269,  -136.2142, -40.3927, -0.2269,  0, 0, 0
L -136.2142, -40.3927, -0.2269,  -134.2863, -40.3551, -0.2269,  0, 0, 0
L -134.2863, -40.3551, -0.2269,  -132.3945, -40.2015, -0.2269,  0, 0, 0
L -132.3945, -40.2015, -0.2269,  -131.9169, -38.3015, -0.1691,  0, 0, 0
L -131.9169, -38.3015, -0.1691,  -132.3460, -36.3161, -0.3105,  0, 0, 0
L -132.3460, -36.3161, -0.3105,  -134.0022, -35.2659, -0.3105,  0, 0, 0
L -134.0022, -35.2659, -0.3105,  -135.7187, -34.9025, -0.3105,  0, 0, 0
L -135.7187, -34.9025, -0.3105,  -145.4074, -32.6809, -0.3105,  0, 0, 0
L -145.4074, -32.6809, -0.3105,  -147.3049, -32.1297, -0.3105,  0, 0, 0
L -147.3049, -32.1297, -0.3105,  -148.7838, -31.0493, -0.3089,  0, 0, 0
L -148.7838, -31.0493, -0.3089,  -151.5549, -29.1203, -0.3105,  0, 0, 0
L -151.5549, -29.1203, -0.3105,  -153.2219, -28.2309, -0.3105,  0, 0, 0
L -153.2219, -28.2309, -0.3105,  -155.5577, -26.8844, -0.3105,  0, 0, 0
L -155.5577, -26.8844, -0.3105,  -156.9931, -25.5207, -0.3105,  0, 0, 0
L -156.9931, -25.5207, -0.3105,  -158.0293, -23.8611, -0.3105,  0, 0, 0
L -158.0293, -23.8611, -0.3105,  -159.9685, -23.8959, -0.3105,  0, 0, 0
L -159.9685, -23.8959, -0.3105,  -164.8443, -24.1974, -0.3105,  0, 0, 0
L -164.8443, -24.1974, -0.3105,  -166.5196, -24.6139, -0.3105,  0, 0, 0
L -166.5196, -24.6139, -0.3105,  -171.7738, -25.7513, 0.1359,  0, 0, 0
L -171.7738, -25.7513, 0.1359,  -173.5687, -25.5658, 0.1049,  0, 0, 0
L -173.5687, -25.5658, 0.1049,  -175.3785, -25.2450, -0.2674,  0, 0, 0
L -175.3785, -25.2450, -0.2674,  -185.9626, -23.4292, -0.3105,  0, 0, 0
L -185.9626, -23.4292, -0.3105,  -195.6928, -24.6562, -0.3105,  0, 0, 0
L -195.6928, -24.6562, -0.3105,  -197.4150, -25.0510, -0.3105,  0, 0, 0
L -197.4150, -25.0510, -0.3105,  -199.0229, -25.5572, -0.3105,  0, 0, 0
L -199.0229, -25.5572, -0.3105,  -205.3523, -27.2819, -0.3105,  0, 0, 0
L -205.3523, -27.2819, -0.3105,  -207.1871, -27.3149, -0.3105,  0, 0, 0
L -207.1871, -27.3149, -0.3105,  -215.4982, -26.8319, -0.3105,  0, 0, 0
L -215.4982, -26.8319, -0.3105,  -216.9940, -25.7323, -0.3105,  0, 0, 0
L -216.9940, -25.7323, -0.3105,  -217.1259, -23.9012, -0.3105,  0, 0, 0
L -217.1259, -23.9012, -0.3105,  -218.7905, -22.8983, -0.3105,  0, 0, 0
L -218.7905, -22.8983, -0.3105,  -220.4290, -23.7484, -0.3105,  0, 0, 0
L -220.4290, -23.7484, -0.3105,  -222.3808, -23.8959, -0.3105,  0, 0, 0
L -222.3808, -23.8959, -0.3105,  -224.1688, -24.6099, -0.3105,  0, 0, 0
L -224.1688, -24.6099, -0.3105,  -225.7198, -25.6388, -0.3105,  0, 0, 0
L -225.7198, -25.6388, -0.3105,  -227.1429, -26.6941, -0.3105,  0, 0, 0
L -227.1429, -26.6941, -0.3105,  -228.7836, -27.8315, -0.2965,  0, 0, 0
L -228.7836, -27.8315, -0.2965,  -230.6913, -27.8582, -0.0376,  0, 0, 0
L -230.6913, -27.8582, -0.0376,  -233.9382, -27.6902, 0.2361,  0, 0, 0
L -233.9382, -27.6902, 0.2361,  -235.6916, -26.8308, -0.3024,  0, 0, 0
L -235.6916, -26.8308, -0.3024,  -237.5331, -26.2202, 1.3227,  0, 0, 0
L -237.5331, -26.2202, 1.3227,  -239.2690, -25.7254, 3.4004,  0, 0, 0
L -239.2690, -25.7254, 3.4004,  -241.2294, -25.3531, 1.9552,  0, 0, 0
L -241.2294, -25.3531, 1.9552,  -243.1063, -25.1619, 1.0099,  0, 0, 0
L -243.1063, -25.1619, 1.0099,  -247.4672, -24.8933, -0.3105,  0, 0, 0
L -247.4672, -24.8933, -0.3105,  -249.1752, -25.1978, -0.3105,  0, 0, 0
L -249.1752, -25.1978, -0.3105,  -258.7441, -27.0633, -0.3105,  0, 0, 0
L -258.7441, -27.0633, -0.3105,  -260.5287, -27.2462, -0.3105,  0, 0, 0
L -260.5287, -27.2462, -0.3105,  -267.8193, -26.9445, -0.0819,  0, 0, 0
L -267.8193, -26.9445, -0.0819,  -269.7424, -27.3020, 1.8903,  0, 0, 0
L -269.7424, -27.3020, 1.8903,  -271.6011, -27.3454, 2.5607,  0, 0, 0
L -271.6011, -27.3454, 2.5607,  -272.9938, -26.1021, -0.3105,  0, 0, 0
L -272.9938, -26.1021, -0.3105,  -273.0976, -24.2327, -0.3105,  0, 0, 0
L -273.0976, -24.2327, -0.3105,  -274.7267, -23.2079, -0.3105,  0, 0, 0
L -274.7267, -23.2079, -0.3105,  -275.7342, -21.6707, -0.3155,  0, 0, 0
L -275.7342, -21.6707, -0.3155,  -276.4642, -20.1541, -0.3119,  0, 0, 0
L -276.4642, -20.1541, -0.3119,  -276.2885, -18.3122, -0.3070,  0, 0, 0
L -276.2885, -18.3122, -0.3070,  -274.4650, -17.5471, -0.3105,  0, 0, 0
L -274.4650, -17.5471, -0.3105,  -272.8911, -16.7341, -0.3105,  0, 0, 0
L -272.8911, -16.7341, -0.3105,  -272.5143, -15.1064, -0.3105,  0, 0, 0
L -272.5143, -15.1064, -0.3105,  -273.0064, -9.6536, -0.3105,  0, 0, 0
L -273.0064, -9.6536, -0.3105,  -274.4831, -8.9169, 0.0156,  0, 0, 0
L -274.4831, -8.9169, 0.0156,  -275.3297, -8.3357, 0.0158,  0, 0, 0
L -273.3727, 2.9744, -0.3105,  -274.6945, 4.0594, 0.0158,  0, 0, 0
L -274.6945, 4.0594, 0.0158,  -274.9388, 5.9154, 0.0158,  0, 0, 0
L -274.9388, 5.9154, 0.0158,  -274.4409, 9.6015, 0.0158,  0, 0, 0
L -274.4409, 9.6015, 0.0158,  -273.1221, 11.0770, -0.3105,  0, 0, 0
L -273.1221, 11.0770, -0.3105,  -272.9937, 12.9125, -0.3105,  0, 0, 0
L -272.9937, 12.9125, -0.3105,  -273.4699, 18.6465, -0.3105,  0, 0, 0
L -273.4699, 18.6465, -0.3105,  -274.1097, 20.4402, -0.3101,  0, 0, 0
L -274.1097, 20.4402, -0.3101,  -274.1400, 22.3697, -0.3103,  0, 0, 0
L -274.1400, 22.3697, -0.3103,  -273.2481, 24.0693, -0.3105,  0, 0, 0
L -273.2481, 24.0693, -0.3105,  -272.5252, 25.8465, -0.3105,  0, 0, 0
L -272.5252, 25.8465, -0.3105,  -271.2242, 27.3125, -0.3018,  0, 0, 0
L -271.2242, 27.3125, -0.3018,  -269.5102, 28.1210, -0.0113,  0, 0, 0
L -269.5102, 28.1210, -0.0113,  -267.6425, 28.6913, 2.9562,  0, 0, 0
L -267.6425, 28.6913, 2.9562,  -265.8462, 28.8842, 4.1599,  0, 0, 0
L -265.8462, 28.8842, 4.1599,  -264.1080, 29.1345, 5.9064,  0, 0, 0
