P -2213.2336, -3661.3711, 94.8486,  240, 0, 0,  2,  Arachnotron
P 528.7738, -892.7372, 23.7558,  240, 0, 0,  2,  Ellymil_Cogswin_(76_Spells)
P -1739.0376, -1446.7698, 272.5277,  240, 0, 0,  3,  Seridyn_(Supplier)
P -428.5108, -1753.9420, 187.3306,  240, 0, 0,  2,  Witchkin
P 40.5096, -2195.2764, 180.5485,  240, 0, 0,  2,  Tonas
P -381.8870, -165.4174, 169.4326,  240, 0, 0,  2,  Jashy
P -1812.9517, 18.1245, 176.0329,  240, 0, 0,  2,  Aring
P -2273.5505, -1864.0565, 127.8393,  240, 0, 0,  2,  Vesiss
P 2570.6951, -2643.6362, 0.6474,  240, 0, 0,  2,  King_Ak'anon
P 2516.5254, -3648.5986, 24.3770,  240, 0, 0,  2,  Overvolt_Rigster_the_IV
P 1969.0000, -3977.0000, 28.0000,  0, 240, 0,  3,  Steamfont
P 2555.1423, -3744.2122, 24.3770,  240, 0, 0,  2,  Dwindlix
P 2486.3374, -3731.7021, 25.9687,  240, 0, 0,  2,  Derek_Wolfblood
P -1548.7561, -967.7548, 65.3492,  240, 0, 0,  2,  Delilah_Windrider
P -455.2531, -2976.7737, 56.7360,  240, 0, 0,  2,  Gubble_Gumshoe
P -1240.4149, -2096.3220, 33.9065,  240, 0, 0,  2,  Sir_Owell_+_Benson_(roaming)
P 573.5004, -794.6261, 179.6232,  240, 0, 0,  2,  Eron_Nurwislte_(Quests)
P 539.8618, -871.8075, 25.9178,  0, 0, 0,  1,  Windmill
P -5.1349, -3.9336, 55.2038,  240, 0, 0,  2,  Gimblefixx
P -2764.4631, 722.8186, -270.7115,  0, 240, 0,  3,  Minotaur_Mine
P -2629.0886, 3360.3137, -52.4623,  240, 0, 0,  2,  Leafrot
P -2278.4590, 2071.5825, 161.9159,  240, 0, 0,  2,  Gillipuzz
P -2225.5544, 2484.9465, 122.8425,  240, 0, 0,  2,  Tangler_Timbleton
P -2612.9917, 2536.3279, 372.2255,  240, 0, 0,  2,  Queen_Veneneu
P -1744.0854, -1436.7858, 209.7261,  240, 0, 0,  2,  Kaerra_of_the_Light
P -2389.6489, -1721.3856, 61.8056,  240, 0, 0,  2,  Arachnotron
P 427.2890, 1842.2384, 249.4081,  240, 0, 0,  2,  Fireeye
P 1169.6001, 748.9818, 249.7523,  240, 0, 0,  2,  Tearscale
P 2520.5945, 1582.9219, 226.9317,  240, 0, 0,  2,  Putidious
P -515.2059, -2981.5806, 77.6608,  240, 0, 0,  2,  Windmill
P -2031.2183, -2422.9861, 36.1133,  240, 0, 0,  2,  Minotauros_Fort
P -1672.6395, -1312.3190, 201.2882,  127, 0, 0,  2,  Nymph_Castle
P 2507.9185, 3185.2090, 260.3372,  240, 0, 0,  2,  Arcthorn
P 756.6954, -3617.7595, 107.0821,  240, 0, 0,  2,  Tizzle
P 770.4908, -3636.4043, 107.4776,  240, 0, 0,  2,  Gallumpallo
P 813.1508, -3623.4395, 107.0685,  240, 0, 0,  2,  Brislebum
P 808.1493, -3634.0264, 106.9611,  240, 0, 0,  2,  Babelskiff
P 816.5734, -3665.0867, 105.6004,  240, 0, 0,  2,  Sigglik
P 832.8521, -3682.7463, 105.6379,  240, 0, 0,  2,  Bobbenpin
P 853.2128, -3691.8687, 105.7753,  240, 0, 0,  2,  Nanzie
P 868.4854, -3688.5132, 107.3100,  240, 0, 0,  2,  Mamenil
P 2306.9651, 3893.7825, 187.4423,  0, 240, 0,  3,  Crystallos
P 77.5533, 2470.5273, 249.4081,  240, 0, 0,  2,  Shardcrasher
P 1481.7075, 346.2231, 249.4618,  240, 0, 0,  2,  Thunderclaw
P 2181.2959, 305.4761, 267.3128,  240, 0, 0,  1,  Lifewing
P 2574.6201, -620.1443, 261.0361,  240, 0, 0,  1,  Shiffang
P 2596.2896, -1732.3575, 249.5222,  240, 0, 0,  1,  Manaclaw
P 1563.0016, -1453.4636, 249.4081,  240, 0, 0,  1,  Ragewing
P 1222.5408, -2290.1431, 94.7190,  0, 0, 0,  1,  Click-o-nik
P -320.3952, -3436.1726, 69.0345,  240, 0, 0,  2,  Darvin
P -2071.3303, -3982.6570, 100.4572,  240, 0, 0,  2,  Falrazim_(missions)
P -2092.0593, -3988.2710, 101.1491,  0, 0, 0,  1,  brewer
P -2116.6267, -3936.5935, 101.4442,  0, 0, 0,  1,  forge
P -55.1471, -2558.9587, 45.9522,  0, 240, 0,  2,  The_Mechamatic_Guardian
P 2432.4099, -3676.2900, 27.0743,  240, 0, 0,  3,  Canon_to_FORTRESS_MECHANOTUS
P -2267.2144, -2321.6824, 78.7487,  240, 0, 0,  2,  Chief_Thundragon
P -1739.7815, 234.5190, 64.5400,  240, 0, 0,  2,  King_Mustef_(roaming_tiger)
P 562.8884, -1642.6525, 43.9173,  240, 0, 0,  2,  Dungore
P -2623.8875, 2572.5503, 301.8680,  240, 0, 0,  2,  Agilica
P -2776.8701, -2349.4739, 39.9545,  240, 0, 0,  3,  Overseer_Sickletooth
P -1666.8313, -1458.2399, 235.8238,  240, 0, 0,  2,  Qandieal
P -1666.6482, -1459.2410, 325.6794,  240, 0, 0,  2,  Erradien
P 79.0007, -2950.7202, 18.4603,  240, 0, 0,  2,  Bloodbeak
P 2556.4988, -3697.4875, 24.3770,  240, 0, 0,  2,  Automated_Vending_Unit_II_(Supplier)
P -143.0000, -3030.0000, 11.0000,  240, 0, 0,  3,  Strawshanks_(wandering)
P 1954.0000, -3916.0000, 17.0000,  0, 0, 0,  3,  Succor_Point
