P 295.6640, -1027.5420, -79.3790,  0, 0, 240,  2,  This_way_is_blocked
P 1719.0000, -1058.0000, -44.0000,  0, 0, 0,  3,  Zun'Muram_Volklana
P 1120.0000, 1950.0000, -370.0000,  0, 240, 0,  3,  to_Blood_Fields
P 137.0040, 1243.7710, -240.4720,  0, 240, 0,  1,  to_Dranik_Sewers
P 1450.6080, -415.4010, -42.4600,  0, 0, 0,  1,  Discordling_Dark_Animist
P 1043.7860, 1053.4590, -335.6700,  0, 0, 0,  1,  Ziven
P -702.2160, -803.9700, 143.0350,  240, 240, 0,  1,  Daignal_the_Revered
P -997.5140, -2422.6699, -28.2900,  240, 240, 0,  1,  Filligno_the_Slayer
P -1692.4659, -2773.9829, -28.1940,  0, 0, 0,  1,  Battlemaster_Rhorious
P -801.6410, -482.0150, 145.9770,  0, 0, 0,  1,  Lirah_the_Bridgekeeper
P -429.2200, 945.4840, 98.1130,  0, 0, 0,  1,  Kyv_Sharpshooter_Jaeth
P -508.7760, 569.6910, 95.9760,  0, 0, 0,  1,  Kyv_Sharpshooter_Mihl
P -128.4540, 567.9420, 76.6170,  0, 0, 0,  1,  Mistress_Ujani
P -882.2920, 762.5640, -119.5700,  0, 0, 0,  1,  Murkglider_Breeder
P 257.5700, 1021.9670, -286.5550,  240, 240, 0,  1,  Erana_Farrel
P 346.3630, -517.0790, -222.9680,  0, 0, 0,  1,  Tiorpat_Tornwing
P 404.1740, -1004.5550, -82.1180,  240, 240, 0,  1,  Jurrock
P 308.7080, -986.2450, -82.1700,  240, 240, 0,  1,  Natvil
P 1196.8571, -986.9670, -31.6190,  240, 240, 0,  1,  Krekk_Brimblade
P -524.9850, 575.5670, 97.8300,  0, 0, 0,  1,  Kyv_Sharpshooter_Nass
P 181.3550, -1220.4440, 102.4280,  0, 0, 0,  1,  A_fluxing_Chunk_of_Ore
P 293.4060, -1555.8170, 101.7450,  0, 240, 0,  1,  to_Bloodfields_-_Right_Click_Stones
P -1101.7290, -839.3680, 146.7790,  240, 240, 0,  1,  Grithyank_Avlonnon
P 293.2730, -1031.2209, -79.8570,  0, 240, 0,  1,  to_Dranik_Sewers
P -929.8670, 434.6080, -9.0090,  240, 0, 0,  3,  Ungi_the_Swift
P -1073.2590, -169.2350, -73.9860,  240, 0, 0,  3,  Stoneworker_Stonetooth
P 749.3680, 868.2950, -338.6220,  0, 0, 240,  1,  Grand_Historian_Rygua
P 1285.9960, -652.4210, -41.3540,  240, 0, 0,  3,  Kyv_Bowguard
P -1396.3680, -1851.4340, 25.7350,  240, 0, 0,  3,  Tyian_Rianda
P -1284.3430, -1952.7280, 25.3070,  0, 0, 240,  1,  Dragorn_Prodigy
P -1039.1750, -2053.9399, 20.6470,  240, 0, 0,  3,  Bowlord_Rorn
P -685.0020, -626.1930, 149.7030,  240, 0, 0,  2,  Noc_Slavehunter
P -843.7380, 794.6020, -106.9570,  240, 0, 0,  2,  Murkglider_Deathsting
P -916.5300, -203.0410, -67.3790,  0, 0, 240,  1,  Dragorn_Prodigy
P 37.5090, -380.1040, -215.1750,  240, 0, 0,  2,  Ornaia_the_Foul
P 423.6100, -682.8990, -219.1210,  240, 0, 0,  2,  Dragorn_Laborer
P 960.4960, -612.7100, -98.9660,  240, 0, 0,  2,  Granitesmash
P 599.1770, 340.8920, -276.7890,  240, 0, 0,  2,  Kyv_Bowhound
P 293.2730, -1031.2209, -79.8570,  240, 0, 0,  2,  to_Dranik_Catacombs
