P -1986.0000, -1339.0000, 0.0000,  0, 240, 0,  2,  to_Bloodfields
P 610.0000, -1992.0000, 0.0000,  0, 240, 0,  2,  to_Nobles_Causeway
P 1544.6331, 1099.8990, 234.1110,  0, 0, 0,  2,  Spell_Master_Vahtan
P 1468.0000, 1519.0000, 257.1080,  240, 240, 0,  3,  Succor_Point
P 2004.2930, -1350.0890, 409.3030,  0, 240, 0,  3,  to_Harbinger's_Spire
P 1564.0000, -429.0000, 189.0000,  0, 0, 0,  3,  Grand_Historian_Gersh
P 1441.0000, 1638.0000, 245.0000,  0, 0, 0,  3,  Old_man_Thorrin
P -150.7100, 1066.1479, 24.8920,  0, 0, 0,  1,  Ore_Spawn_2
P 804.5120, 948.1370, 77.3050,  0, 0, 0,  1,  Page_3_Spawn
P -149.9960, 1246.3820, 59.4100,  0, 0, 0,  1,  Page2_Spawn
P 499.2910, 58.6360, -87.3950,  0, 0, 0,  1,  Page2_Spawn
P 386.2030, -1324.7440, -292.9190,  0, 0, 0,  1,  Page3_Spawn/Page_2_spawn
P 239.1790, 433.5120, -64.7970,  0, 0, 0,  1,  Page1_Spawn_Point
P 1065.9850, 1652.7250, 260.1070,  0, 0, 0,  1,  Cover_Spawn
P 716.4560, 1625.4449, 167.8850,  0, 0, 0,  1,  Page3_Spawn
P -190.5860, -1611.0811, -273.7010,  0, 0, 0,  1,  Ore1
P 1400.9420, 293.9590, 200.9590,  0, 0, 0,  1,  Cover_Spawn
P -1181.7710, -254.5860, 426.7180,  0, 0, 0,  1,  Cover_spawn
P 358.6110, -1621.5570, -251.8760,  240, 0, 0,  1,  Kirspos_the_Cruel
P -51.6650, 582.1480, -23.2430,  240, 240, 0,  1,  Yerika_Sisslak
P 1348.6880, 1036.4320, 247.7450,  240, 240, 0,  1,  Korbuk_Brimblade
P 1068.0179, 169.3800, 149.0350,  240, 240, 0,  1,  Shorvock
P 1423.2600, -737.5070, 291.2110,  240, 240, 0,  1,  Bolodakan
P 256.3720, 560.5440, -36.7350,  240, 240, 0,  1,  Iilivina
P 1438.2560, 1228.0341, 221.0620,  240, 240, 240,  1,  Priests_of_Discord
P 46.0010, 1659.4189, 167.3440,  240, 240, 0,  1,  Karsor_the_Mad
P 34.8550, -1746.9550, -238.9050,  240, 240, 0,  1,  Kirostall
P 1103.2640, 922.7300, 191.9680,  240, 240, 0,  1,  Tibor
P 109.7570, 1318.6990, 110.1540,  240, 0, 0,  1,  Murkglider_Hiveguard
P -160.7630, 458.5260, -38.2440,  240, 240, 0,  1,  Grathnok_Gilforgan
P -153.5170, -263.6160, -104.9290,  240, 0, 0,  1,  Girplan_Spiritleacher
P -116.8420, -1044.2419, -248.7610,  0, 0, 0,  1,  A_soulstone_shard
P 6.6820, -1035.8480, -230.7030,  0, 0, 0,  1,  Darkwood_sapling_branch
P 1509.9210, -1652.9301, 401.5910,  240, 240, 0,  1,  Voskahn
P 2036.5620, -589.2110, 199.7090,  240, 240, 240,  1,  Murkgliders_Hive
P 2062.2949, -397.4410, 144.1180,  240, 240, 240,  1,  Fire_Pit
P 2021.2020, -14.3170, 202.5950,  240, 240, 240,  1,  Watering_Hole
P -420.6720, -1489.7670, -167.3390,  240, 0, 0,  1,  Noc_Razortusk
P 238.7630, -1361.1370, -240.0730,  240, 0, 0,  1,  Kyv_Darkscout
P -1362.7880, 590.2590, 453.9650,  240, 0, 0,  1,  Kyv_Headhunter
P 1575.2590, 998.4130, 239.5940,  240, 0, 0,  1,  Ukun_Gutfeaster
P -768.2700, 791.2210, 435.8360,  240, 0, 0,  1,  Ukun_Slavehunter
