P -9656.5225, -3018.4360, 1048.5950,  0, 0, 0,  3,  Great_Spires
P -9140.0000, -780.0000, 1064.0630,  0, 0, 0,  3,  Klok_(Merchant)
P 1970.0770, -501.5600, 23.6890,  0, 0, 0,  3,  to_Karnor's_Castle
P -7698.4399, -2497.3020, 1046.0950,  0, 0, 0,  3,  Druid_Circle
P -9666.6436, -3063.2219, 1046.0950,  0, 0, 0,  3,  Nexus_Scion
P 5817.6392, -375.0750, 122.0700,  0, 0, 0,  3,  to_Firiona_Vie
P 3512.1340, -2291.8630, 135.7820,  0, 0, 0,  3,  to_Frontier_Mountains
P 831.4570, -3360.6489, 196.3450,  0, 0, 0,  3,  to_Burning_Woods
P -9632.8672, -499.9910, 1061.9540,  240, 0, 0,  3,  Loremaster_Yoakum
P -8738.6611, -778.2810, 1060.9399,  240, 0, 0,  3,  Furious_Jailor/Trapped_Spirit
P -8754.1895, -826.1470, 1061.1541,  240, 0, 0,  1,  Post_Kill_Turn_in_Mob
P -8613.3770, -775.6820, 1060.4990,  240, 0, 0,  3,  Melee_and_PETS
P -8766.4219, -781.0930, 1061.1030,  240, 0, 0,  3,  MT_and_Ramp_Tanks
P -8840.7773, -776.7050, 1060.9709,  240, 0, 0,  3,  Healers_and_Casters
P -9211.6992, -1329.6600, 1060.9480,  0, 240, 0,  3,  Camp_Setup
P -9056.8984, -977.0650, 1098.0730,  0, 0, 240,  3,  Brother_Balatin
P -9288.5313, -1156.5350, 1060.9480,  240, 0, 0,  3,  Plaguebones
P -9565.0000, -2806.0000, 0.0000,  255, 255, 255,  2,  Succor_Point
P -9656.0000, -3006.0000, 0.0000,  255, 255, 255,  2,  Wizard_Spires
P -1818.0000, 507.0000, 0.0000,  255, 255, 255,  2,  Giant_Fort
P 2000.0000, -560.0000, 0.0000,  255, 255, 0,  2,  Karnors
P 2983.0000, 2206.0000, 0.0000,  255, 255, 255,  2,  Spiders
P 4874.0000, 1420.0000, 0.0000,  255, 255, 255,  2,  Spiders
P 5600.0000, -325.0000, 0.0000,  255, 255, 0,  2,  Firiona_Vie
P 5394.0000, -1272.0000, 0.0000,  255, 255, 255,  2,  Skels
P 5009.0000, -1766.0000, 0.0000,  255, 255, 255,  2,  Spiders
