P -251.9000, -2647.6001, 125.0000,  0, 255, 255,  3,  Secret_Door
P 181.4000, -2701.6001, 125.0000,  255, 255, 255,  3,  Teleport_to_Southern_Spire
P -307.3000, -2517.5000, 125.0000,  0, 255, 255,  3,  Locked_Secret_Door
P 0.0000, 139.0000, 98.8880,  240, 240, 240,  3,  Door_to_Northern_Spire
P 0.0000, -2476.0000, 98.1370,  240, 240, 240,  3,  Door_to_Bridges
P 695.7690, -2933.7729, 479.4250,  240, 240, 0,  2,  Mayong
P 658.7120, -3011.8689, 469.5690,  240, 240, 0,  2,  Orc
P 568.8510, -2857.3069, 469.1360,  240, 240, 0,  2,  Wolf
P 668.9230, -2861.1340, 469.1360,  240, 240, 0,  2,  Spider
P -439.4900, -3059.7200, -63.8850,  0, 0, 0,  1,  trap
P -349.1170, -3007.0481, -66.1130,  0, 0, 0,  1,  trap
P -403.7370, -3007.6169, -64.6350,  0, 0, 0,  1,  trap
P -436.8950, -2955.4470, -64.7540,  0, 0, 0,  1,  trap
P -36.6000, -22.2000, -1295.2000,  0, 0, 0,  3,  100_Eyes
P -0.5000, -149.0000, -1358.2000,  0, 0, 0,  3,  Vule
P -41.9000, -2775.8000, -201.8000,  0, 240, 0,  3,  Zone_out
P 181.4000, -2701.6001, 125.0000,  0, 240, 0,  3,  Zone_out
P 252.5000, -2986.0000, 100.1000,  0, 255, 255,  3,  Library
P -251.9000, -2647.6001, 125.0000,  0, 255, 255,  3,  Secret_Panel
P 6.3000, 909.3000, -314.3000,  0, 0, 0,  2,  Arturos
P -13.5000, 886.3000, -314.3000,  0, 255, 255,  3,  The_Batspire
P -523.5000, 1281.5000, -427.5000,  0, 0, 0,  2,  Chattering_Bonewalker
P -1350.0000, 1031.1000, -575.3000,  0, 240, 0,  3,  to_The_Hive
P -1299.1000, 1022.7000, -574.4000,  0, 0, 0,  2,  Gaelic_the_Small
P 0.2000, -3486.1001, 99.9000,  0, 255, 255,  3,  Dining_Room
P -30.9000, -3434.7000, 97.0000,  0, 0, 0,  2,  Melion_Pell
P -22.9000, -2745.1001, 97.0000,  0, 0, 0,  2,  Mr._Smotts
P -0.2000, -2947.5000, 97.0000,  0, 255, 255,  3,  Ball_Room
P -203.1000, -3022.2000, 81.0000,  0, 255, 255,  3,  The_Laboratory_(KOS)
P -47.7000, -3454.7000, 21.0000,  255, 0, 0,  2,  FAKE_RUG
P -17.4000, -3294.6001, 15.0000,  0, 0, 0,  2,  Alitattis_the_Drinker
P -165.1000, -3283.6001, 16.0000,  0, 255, 255,  3,  Merci's_Feeding_Pit_(KOS)
P -280.7730, -3013.1970, -54.2480,  0, 0, 0,  2,  locked
P -31.1680, -3438.3811, 97.0020,  0, 0, 0,  1,  carpet_trap
P 198.0730, -3071.8291, 97.0020,  0, 0, 0,  2,  secret_wall
P -307.3960, -2517.5249, 125.0020,  0, 0, 0,  2,  secret_doors
