P 1706.3669, -1895.4490, -38.8280,  240, 0, 0,  3,  Orc_High_Chief
P 176.0880, -171.4550, 97.8160,  0, 240, 0,  3,  Zone_to_Takish-Hz
P 113.4210, 992.5230, -10.4030,  0, 0, 240,  3,  Ramp
P -1221.3230, -38.4370, 209.6670,  240, 0, 0,  3,  Giants
P 181.1760, -187.6410, 87.0690,  240, 240, 0,  2,  Chancellor_Oroman
P -586.2620, -295.3650, -36.3100,  0, 240, 0,  3,  Zone_in_from_PoK
P 1253.0750, -1719.6730, -67.1390,  0, 0, 0,  3,  Orc_camp
P 1323.9720, 501.4440, -99.9550,  0, 0, 240,  3,  Unicorn_Lake
P -497.4780, 1120.8669, -72.1700,  240, 240, 0,  3,  Zorbig_the_Scorned
P -1595.1960, 349.5050, 120.0130,  0, 0, 240,  3,  Forest_Giant_Village
P -923.3170, 430.8090, 115.3410,  0, 36, 0,  2,  Ancient_Tree
P -381.9910, 1165.1580, -18.6760,  0, 36, 0,  2,  Huge_Tree
P -844.2660, -904.0620, 20.7580,  0, 36, 0,  2,  Hollow_Tree
P -548.5050, -1067.2050, 74.2820,  0, 36, 0,  2,  Ancient_Tree
P 338.6680, -912.9960, 1.2570,  0, 0, 240,  2,  Speaker_Grayleaf
P 917.5010, -1117.1030, -70.2250,  240, 240, 0,  2,  Drekin_the_Scorned
P 1215.8790, -273.7710, -100.3820,  0, 127, 0,  2,  Mushroom_Grove
P 1289.2310, -68.7210, -100.6000,  240, 240, 0,  2,  Agrel_the_Scorned
P -1642.5959, -1206.4790, 69.3650,  240, 240, 0,  2,  Remlin_the_Scorned
P -1580.0210, -94.4580, 74.1670,  240, 240, 0,  2,  Vertekin_the_Soothsayer
P -75.6100, -172.3580, 87.8910,  240, 240, 0,  2,  Chancelor_Erad
P 158.8500, 326.9380, 218.8870,  240, 0, 0,  2,  Prophet_Mooreh
P 231.1250, 316.6010, 216.9010,  240, 240, 0,  2,  Chancellor_Do'mare
P -159.9760, -649.5740, 260.7860,  240, 0, 0,  3,  Watchman_Sayure
P -1517.1720, 42.2850, 86.4200,  240, 0, 0,  2,  Totemkeeper_Goz
P -5.1580, -127.2030, 84.5740,  240, 0, 0,  3,  Shalowen_the_Pure_(Group_Tasks)
P 210.5360, -739.3630, 112.3170,  240, 0, 0,  3,  Chancellor_Deradan
P 144.7260, -974.0700, 280.7860,  240, 0, 0,  3,  Chancellor_Rokhoi
P 434.7920, -693.0870, 280.7860,  240, 0, 0,  3,  Clergyman_Jaynen
P -190.7540, 44.8260, 214.5600,  240, 0, 0,  3,  Loyalist_Tobey
P 343.9820, -899.6670, -0.5030,  240, 0, 0,  3,  Arch_Druid_Lilthill`yan_(Single_missions)
P 47.7240, -112.1230, 87.3850,  240, 0, 0,  3,  Maryn_Tak`Yaliz
