P -626.0000, -662.0000, 0.0000,  255, 255, 255,  2,  Vials_of_Vitality
P -782.0000, -664.0000, 0.0000,  255, 255, 255,  2,  City_Office
P -782.0000, -760.0000, 0.0000,  255, 255, 255,  2,  Bank
P -690.0000, -900.0000, 0.0000,  255, 255, 255,  2,  Wizard_Guild
P -950.0000, -650.0000, 0.0000,  255, 255, 255,  2,  Magician_Guild
P -760.0000, -480.0000, 0.0000,  255, 255, 255,  2,  Enchanter_Guild
P 0.0000, 0.0000, 0.0000,  255, 255, 255,  2,  Succor_Point
P -806.9350, -712.0960, 0.6260,  0, 240, 0,  3,  to_Erudin
P -776.0000, -537.0000, 84.7200,  0, 0, 0,  3,  Lanken_(GM_Enchanter)
P -744.0000, -509.0000, 51.7200,  0, 0, 0,  3,  Nikina_(GM_Enchanter)
P -712.0000, -887.0000, 84.7200,  0, 0, 0,  3,  Ghanlin_(GM_Wizard)
P -744.0000, -917.0000, 51.7200,  0, 0, 0,  3,  Josper_(GM_Wizard)
P -919.0000, -744.0000, 84.7200,  0, 0, 0,  3,  Markus_(GM_Magician)
P -912.0000, -742.0000, 84.7200,  0, 0, 0,  3,  Reba_(GM_Magician)
P -904.0000, -713.0000, 67.7200,  0, 0, 0,  3,  Vasile_(GM_Magician)
P -921.0000, -711.0000, 51.7200,  0, 0, 0,  3,  Dalles_(GM_Magician)
P -804.0000, -703.0000, 35.7510,  0, 0, 0,  3,  Telor_(Spells)
P -804.0000, -718.0000, 35.7510,  0, 0, 0,  3,  Raskena_(GM_Wizard)
P -805.0000, -727.0000, 35.7510,  0, 0, 0,  3,  Toresian_(GM_Enchanter)
P -777.0000, -810.0000, 35.7510,  0, 0, 0,  3,  Whes_(GM_Wizard)
P -539.0000, -661.0000, -12.2480,  0, 0, 0,  3,  Sharin_(Alchemy)
P -597.0000, -697.0000, -12.2490,  0, 0, 0,  3,  Myrcin_(Gems)
P -574.0000, -667.0000, -12.2490,  0, 0, 0,  3,  Elsbin_(Gems)
P -574.0000, -631.0000, -12.2490,  0, 0, 0,  3,  Glysin_(Gems)
P -552.0000, -731.0000, -12.2490,  0, 0, 0,  3,  Sothure_(Jewelry)
P -598.0000, -784.0000, -12.2480,  0, 0, 0,  3,  Anite_(Gems)
P -856.0000, -726.0000, -12.2490,  0, 0, 0,  3,  Tyrena_(Bank)
P -834.0000, -783.0000, -12.2490,  0, 0, 0,  3,  Wick_(Bank)
P -834.0000, -764.0000, -12.2490,  0, 0, 0,  3,  Sahana_(Bank)
P -780.0000, -745.0000, -12.2490,  0, 0, 0,  3,  Sparlus_(Merchant)
P -829.0000, -667.0000, -12.2490,  0, 0, 0,  3,  Tan_(Merchant)
P -832.0000, -590.0000, -12.2490,  0, 0, 0,  3,  Vall_(Merchant)
P -829.0000, -689.0000, -12.2490,  0, 0, 0,  3,  Judge_(Merchant)
P -647.0000, -703.0000, 3.7510,  0, 0, 0,  3,  Nolusia_(GM_Enchanter)
