P 77.9380, -2886.8940, -53.8870,  0, 0, 0,  3,  Knowledge_Portal
P 3431.0010, -2871.0000, -40.2490,  0, 0, 0,  3,  Starn_(Spells)
P -383.3150, -3681.3149, 0.0010,  0, 240, 0,  3,  to_Halas
P -701.0000, -3608.0000, 0.1350,  0, 0, 0,  3,  Seria_(Merchant)
P -697.0000, -3638.0000, 0.0910,  0, 0, 0,  3,  Dansie_(Merchant)
P 524.8510, 3054.0540, -113.1870,  0, 240, 0,  3,  to_Blackburrow
P 7076.6250, -2018.0510, -63.8430,  0, 240, 0,  3,  to_Permafrost_Caverns
P 4697.0000, -2755.0000, -105.0000,  240, 0, 0,  3,  Snowy_Mine_(LDoN)
P 4594.0000, -1350.0000, 0.0000,  255, 255, 255,  2,  Icehole
P 5447.0000, 865.0000, 0.0000,  255, 255, 255,  2,  Shimmering_Portal_(LDoN)
P 5054.0000, -1840.0000, 0.0000,  255, 255, 255,  2,  Wayfarer_Camp
P -629.0000, -3139.0000, 0.0000,  255, 255, 255,  2,  Succor_Point
P 5275.0000, -1122.0000, 0.0000,  255, 255, 255,  2,  Redwind
P 5392.0000, -557.0000, 0.0000,  255, 255, 255,  2,  Giant_Statue
P 2293.0000, -3126.0000, 0.0000,  255, 255, 255,  2,  Ice_Comet_Quest_Npc
P 3900.0000, -3900.0000, 0.0000,  255, 255, 255,  2,  Lich's_Cave
P 4000.0000, -3164.0000, 0.0000,  255, 255, 255,  2,  Underwater_Entrance
P 6350.0000, -3200.0000, 0.0000,  255, 255, 255,  2,  Secret_Tunnel
