L 186.8221, 1015.3601, -6.5982,  186.8627, 1011.9836, -6.3615,  0, 0, 0
L 226.6596, 1117.6616, -6.7192,  124.3646, 1117.6681, -8.4176,  0, 0, 0
L 226.6596, 1117.6616, -6.7192,  226.6681, 1015.3457, -5.7203,  0, 0, 0
L 186.8232, 1015.3763, -6.5991,  226.6681, 1015.3457, -5.5192,  0, 0, 0
L 164.2338, 1015.3754, -6.8166,  164.2287, 1011.9247, -6.8165,  0, 0, 0
L 124.3584, 1015.3746, -7.1855,  164.2328, 1015.3765, -6.8164,  0, 0, 0
L 124.3646, 1117.6681, -9.8586,  124.3584, 1015.3746, -8.1222,  0, 0, 0
L -331.8793, 886.2955, -6.7192,  -331.9871, 846.5872, -6.7192,  0, 0, 0
L -434.2218, 886.2417, -6.7192,  -331.8793, 886.2955, -6.7192,  0, 0, 0
L -433.9400, 784.1557, -6.7192,  -434.2218, 886.2417, -6.7192,  0, 0, 0
L -332.0888, 784.0778, -6.7192,  -433.9400, 784.1557, -6.7192,  0, 0, 0
L -331.9872, 823.9985, -6.7192,  -332.0888, 784.0778, -6.7192,  0, 0, 0
L -331.9872, 823.9985, -6.7192,  -324.3087, 823.8072, -6.7192,  0, 0, 0
L -331.9871, 846.5872, -6.7192,  -325.6710, 846.0341, -6.7192,  0, 0, 0
L -127.0758, 845.4493, -6.7192,  -133.2955, 845.2963, -6.7192,  0, 0, 0
L -127.0778, 845.7837, -6.7192,  -127.0772, 847.1162, -6.7192,  0, 0, 0
L -127.3137, 885.6876, -6.7192,  -127.0758, 845.4493, -6.7192,  0, 0, 0
L -24.7322, 884.9128, -5.5670,  -127.3137, 885.6876, -6.7192,  0, 0, 0
L -127.0777, 822.5267, -6.7192,  -133.8647, 822.5087, -6.7192,  0, 0, 0
L -126.9205, 782.9007, -6.7192,  -127.0777, 822.5267, -6.7192,  0, 0, 0
L -24.8579, 781.3357, -5.5370,  -126.9205, 782.9007, -6.7192,  0, 0, 0
L -24.7322, 884.9128, -5.4635,  -24.8579, 781.3357, -5.5370,  0, 0, 0
L -146.5187, 964.8270, -14.7191,  -159.9599, 964.4850, -14.5098,  0, 0, 0
L -145.5919, 1137.4224, 42.5692,  -146.5187, 964.8270, -14.7191,  0, 0, 0
L -73.4483, 1136.3285, 42.5664,  -145.5919, 1137.4224, 42.5692,  0, 0, 0
L -75.1749, 1211.5441, 42.5764,  -73.4483, 1136.3285, 42.5664,  0, 0, 0
L -4.1228, 1194.5228, 42.5764,  -4.1229, 1211.2268, 42.5764,  0, 0, 0
L -59.2833, 1193.9950, 42.5764,  -4.1228, 1194.5228, 42.5764,  0, 0, 0
L -59.9196, 1136.5742, 42.5673,  -59.2833, 1193.9950, 42.5764,  0, 0, 0
L 11.3099, 1137.4224, 42.5687,  -59.9196, 1136.5742, 42.5673,  0, 0, 0
L 11.4761, 972.1686, -10.3845,  11.3099, 1137.4224, 42.5687,  0, 0, 0
L 26.1467, 972.3523, -10.5375,  11.4761, 972.1686, -10.3845,  0, 0, 0
L 1100.5201, 1116.3435, 11.7460,  966.8739, 1162.8584, 14.5140,  0, 0, 0
L 1214.8287, 1066.9478, 5.1603,  1100.5201, 1116.3435, 11.7460,  0, 0, 0
L 1341.0642, 1045.1302, 10.0708,  1214.8287, 1066.9478, 5.1603,  0, 0, 0
L 1416.2601, 1056.5483, 7.1329,  1341.0642, 1045.1302, 10.0708,  0, 0, 0
L 1509.5615, 1054.5958, 14.7538,  1416.2601, 1056.5483, 7.1329,  0, 0, 0
L 1569.2335, 1041.9451, 15.1917,  1509.5615, 1054.5958, 14.7538,  0, 0, 0
L 1664.8047, 1058.0874, 15.1670,  1569.2335, 1041.9451, 15.1917,  0, 0, 0
L 1791.6240, 1093.3868, 10.7722,  1664.8047, 1058.0874, 15.1670,  0, 0, 0
L 1848.0232, 1087.9451, 22.8015,  1791.6240, 1093.3868, 10.7722,  0, 0, 0
L 1884.6234, 1053.7021, 30.7012,  1848.0232, 1087.9451, 22.8015,  0, 0, 0
L 1950.2256, 1059.8209, 32.4959,  1884.6234, 1053.7021, 30.7012,  0, 0, 0
L 2023.1299, 1065.3094, 21.2085,  1950.2256, 1059.8209, 32.4959,  0, 0, 0
L 2054.5271, 1083.5947, 18.8695,  2023.1299, 1065.3094, 21.2085,  0, 0, 0
L 2114.4377, 1070.1324, 13.7242,  2054.5271, 1083.5947, 18.8695,  0, 0, 0
L 2150.8572, 1102.3236, 9.9404,  2114.4377, 1070.1324, 13.7242,  0, 0, 0
L 2262.9385, 1111.9425, 23.0434,  2150.8572, 1102.3236, 9.9404,  0, 0, 0
L 2516.8406, 1071.9125, 1.4515,  2262.9385, 1111.9425, 23.0434,  0, 0, 0
L 2539.8350, 1050.3711, 4.6257,  2516.8406, 1071.9125, 1.4515,  0, 0, 0
L 2607.7153, 1025.8524, 26.0130,  2539.8350, 1050.3711, 4.6257,  0, 0, 0
L 2643.5735, 997.0745, 7.6813,  2607.7153, 1025.8524, 21.2330,  0, 0, 0
L 2752.2222, 996.5286, -2.3867,  2643.5735, 997.0745, 7.6813,  0, 0, 0
L 2829.8184, 999.6345, -10.0125,  2752.2222, 996.5286, -2.3867,  0, 0, 0
L 2886.9189, 995.4040, -12.5782,  2829.8184, 999.6345, -10.0125,  0, 0, 0
L 2868.3682, 917.7581, -10.5531,  2887.7185, 912.0917, -14.2495,  0, 0, 0
L 2845.6921, 924.9511, -11.0133,  2868.3682, 917.7581, -10.5531,  0, 0, 0
L 2823.9885, 927.1360, -5.6872,  2845.6921, 924.9511, -11.0133,  0, 0, 0
L 2804.9795, 927.7692, -0.6307,  2823.9885, 927.1360, -5.6872,  0, 0, 0
L 2779.9692, 928.6018, 6.8565,  2804.9795, 927.7692, -0.6307,  0, 0, 0
L 2695.5867, 942.3102, 14.0085,  2779.9692, 928.6018, 6.8565,  0, 0, 0
L 2639.2473, 915.8442, 16.9261,  2695.5867, 942.3102, 14.0085,  0, 0, 0
L 2660.2363, 869.1726, 16.0829,  2639.2473, 915.8442, 16.9261,  0, 0, 0
L 2656.7334, 811.7277, 17.1014,  2660.2363, 869.1726, 16.0829,  0, 0, 0
L 2621.4607, 683.0323, 22.6993,  2656.7334, 811.7277, 17.1014,  0, 0, 0
L 2549.8914, 558.6495, 26.8322,  2621.4607, 683.0323, 22.6993,  0, 0, 0
L 2577.2949, 434.5855, 22.3208,  2549.8914, 558.6495, 26.8322,  0, 0, 0
L 2592.9246, 366.4925, 33.8003,  2577.8489, 433.0757, 21.1926,  0, 0, 0
L 2572.3062, 292.5043, 27.5836,  2592.9246, 366.4925, 33.8003,  0, 0, 0
L 2545.4685, 153.5000, 33.6059,  2572.3062, 292.5043, 27.5836,  0, 0, 0
L 2600.1890, 51.0185, 58.7484,  2545.4685, 153.5000, 33.6059,  0, 0, 0
L 2667.8289, 20.1257, 64.0585,  2600.1890, 51.0185, 58.7484,  0, 0, 0
L 2661.0593, -101.2899, 53.6800,  2667.8289, 20.1257, 64.0585,  0, 0, 0
L 2626.7354, -152.1600, 54.2808,  2661.0593, -101.2899, 53.6800,  0, 0, 0
L 2636.8511, -217.8799, 60.8731,  2626.7354, -152.1600, 54.2808,  0, 0, 0
L 2558.3752, -387.9603, 55.7510,  2636.8511, -217.8799, 60.8731,  0, 0, 0
L 2587.7385, -619.4625, 70.4118,  2557.8469, -388.9795, 55.7219,  0, 0, 0
L 2610.4646, -694.9897, 50.9999,  2587.7385, -619.4625, 70.4118,  0, 0, 0
L 2580.5293, -819.5580, 38.7450,  2610.4646, -694.9897, 50.9999,  0, 0, 0
L 2633.4546, -892.2409, 40.3637,  2580.5293, -819.5580, 38.7450,  0, 0, 0
L 2648.4736, -934.3582, 22.4474,  2633.4546, -892.2409, 40.3637,  0, 0, 0
L 2752.7732, -923.1816, 6.3702,  2648.4736, -934.3582, 22.4474,  0, 0, 0
L 2811.9561, -864.2153, -0.7191,  2752.7732, -923.1816, 6.3702,  0, 0, 0
L 2876.6052, -863.6021, 4.8428,  2811.9561, -864.2153, -0.7191,  0, 0, 0
L 2912.8435, -897.4851, 2.6166,  2876.6052, -863.6021, 4.8428,  0, 0, 0
L 2910.0215, -985.8398, 10.0731,  2912.8435, -897.4851, 2.6166,  0, 0, 0
L 2897.1663, -1034.1667, 17.3763,  2910.0215, -987.9134, 10.2897,  0, 0, 0
L 2877.7285, -1084.6124, -0.7192,  2897.1663, -1034.1667, 17.3763,  0, 0, 0
L 2937.0305, -1150.0375, 9.8552,  2877.7285, -1084.6124, -0.7192,  0, 0, 0
L 2946.0437, -1207.9698, 10.6673,  2937.0305, -1150.0375, 9.8552,  0, 0, 0
L 2887.6304, -1289.7942, 5.0397,  2946.0437, -1207.9698, 10.6673,  0, 0, 0
L 2740.6870, -1316.4714, 6.4851,  2887.6304, -1289.7942, 5.0397,  0, 0, 0
L 2692.4070, -1296.0530, 0.0333,  2740.6870, -1316.4714, 6.4851,  0, 0, 0
L 2686.7092, -1242.3767, 0.2389,  2692.4070, -1296.0530, 0.0333,  0, 0, 0
L 2608.0146, -1251.2444, 24.8158,  2686.7092, -1242.3767, 0.2389,  0, 0, 0
L 2514.0881, -1371.7480, 35.5801,  2608.0146, -1251.2444, 24.8158,  0, 0, 0
L 2319.8472, -1308.5280, 4.8756,  2514.0881, -1371.7480, 35.5801,  0, 0, 0
L 2187.4854, -1292.1497, 11.3240,  2319.0251, -1308.3221, 4.8375,  0, 0, 0
L 2069.6213, -1300.6917, 16.2124,  2187.4854, -1292.1497, 11.3240,  0, 0, 0
L 1989.1100, -1360.7916, 14.7274,  2069.6213, -1300.6917, 16.2124,  0, 0, 0
L 1947.4314, -1389.5201, 24.1038,  1989.1100, -1360.7916, 14.7274,  0, 0, 0
L 1836.2544, -1330.6615, 5.9775,  1947.4314, -1389.5201, 24.1038,  0, 0, 0
L 1657.3204, -1299.1250, 16.0396,  1834.5814, -1329.9932, 6.1343,  0, 0, 0
L 1542.7615, -1313.4985, 5.2553,  1656.7771, -1299.2897, 16.0271,  0, 0, 0
L 1507.9823, -1324.8232, 4.3848,  1542.7615, -1313.4985, 5.2553,  0, 0, 0
L 1471.6168, -1390.4696, 14.5231,  1507.9823, -1324.8232, 4.3848,  0, 0, 0
L 1220.9513, -1378.4144, 44.6815,  1471.6168, -1390.4696, 14.5231,  0, 0, 0
L 1000.6178, -1318.8464, 37.4481,  1220.9513, -1378.4144, 44.6815,  0, 0, 0
L 897.5892, -1308.4680, 53.0062,  1000.6178, -1318.8464, 37.4481,  0, 0, 0
L 829.4080, -1345.2357, 79.1640,  897.5892, -1308.4680, 53.0062,  0, 0, 0
L 725.4621, -1340.1086, 105.5106,  829.4080, -1345.2357, 79.1640,  0, 0, 0
L 628.8354, -1402.7969, 109.6742,  725.4621, -1340.1086, 105.5106,  0, 0, 0
L 526.3643, -1388.6367, 100.0116,  628.8354, -1402.7969, 109.6742,  0, 0, 0
L 498.8078, -1375.7109, 93.8192,  526.3643, -1388.6367, 100.0116,  0, 0, 0
L 431.7468, -1341.2827, 86.4273,  498.8078, -1375.7109, 93.8192,  0, 0, 0
L 223.4371, -1335.1116, 62.4024,  431.7468, -1341.2827, 86.4273,  0, 0, 0
L 154.0261, -1353.6820, 50.7992,  223.4371, -1335.1116, 62.4024,  0, 0, 0
L 97.5586, -1372.8877, 45.4870,  154.0261, -1353.6820, 50.7992,  0, 0, 0
L -79.0296, -1384.9211, 60.7740,  97.5586, -1372.8877, 45.4870,  0, 0, 0
L -143.0984, -1364.3894, 49.6744,  -79.0296, -1384.9211, 60.7740,  0, 0, 0
L -200.2605, -1347.9753, 60.6725,  -143.0984, -1364.3894, 51.2889,  0, 0, 0
L -330.6782, -1344.1632, 57.2020,  -200.2605, -1347.9753, 60.6725,  0, 0, 0
L -376.3666, -1331.5458, 46.1731,  -330.6782, -1344.1632, 57.2020,  0, 0, 0
L -559.9896, -1330.0916, 12.6630,  -376.3666, -1331.5458, 46.1731,  0, 0, 0
L -661.9797, -1341.0791, 25.9958,  -559.9896, -1330.0916, 12.6630,  0, 0, 0
L -842.5904, -1399.4490, 24.8738,  -795.0613, -1395.6672, 24.1343,  0, 0, 0
L -871.6672, -1391.2594, 21.6299,  -842.5904, -1399.4490, 24.4449,  0, 0, 0
L -864.8943, -1370.9388, 23.5718,  -871.6672, -1391.2594, 21.6299,  0, 0, 0
L -814.7693, -1360.3452, 22.7486,  -864.8943, -1370.9388, 23.5718,  0, 0, 0
L -756.5982, -1326.9133, 25.6759,  -814.7693, -1360.3452, 22.7252,  0, 0, 0
L -720.7329, -1305.4983, 24.3828,  -756.5982, -1326.9133, 25.5993,  0, 0, 0
L -661.9797, -1341.0791, 24.2075,  -720.7329, -1305.4983, 24.3828,  0, 0, 0
L -867.9552, -1440.3076, 20.9882,  -821.2712, -1444.9741, 20.8065,  0, 0, 0
L -894.1276, -1423.0612, 22.5051,  -867.9552, -1440.3076, 20.9882,  0, 0, 0
L -904.2157, -1375.8485, 26.4808,  -894.1600, -1422.9829, 22.8206,  0, 0, 0
L -956.1416, -1362.3317, 26.2108,  -904.2157, -1375.8485, 26.4808,  0, 0, 0
L -1010.7253, -1302.6312, 24.3876,  -956.1416, -1362.3317, 26.2108,  0, 0, 0
L -1045.6790, -1308.7097, 20.7361,  -1010.7253, -1302.6312, 24.3876,  0, 0, 0
L -1088.8280, -1356.2148, 21.4508,  -1045.6790, -1308.7097, 20.7361,  0, 0, 0
L -1106.7341, -1364.6071, 21.4569,  -1088.8280, -1356.2148, 21.4508,  0, 0, 0
L -908.1044, 1404.2719, -6.5028,  -908.1201, 1399.8094, -6.5028,  255, 0, 255
L -949.3547, 1403.6226, -6.5028,  -949.3493, 1399.6628, -6.5028,  255, 0, 255
L -908.4069, 1404.2716, -6.5028,  -949.3547, 1403.6226, -6.5028,  255, 0, 255
L -714.2852, 1343.5229, -30.4932,  -706.5731, 1339.2271, -30.2386,  0, 0, 240
L -710.7136, 1360.8324, -29.7942,  -714.2852, 1343.5229, -30.4932,  0, 0, 240
L -718.8591, 1364.4042, -29.1026,  -710.7136, 1360.8324, -29.7942,  0, 0, 240
L -727.4997, 1392.6450, -24.1502,  -718.8591, 1364.4042, -29.1026,  0, 0, 240
L -742.9702, 1405.6505, -25.2502,  -727.4997, 1392.6450, -24.1502,  0, 0, 240
L -810.2122, 1405.9509, -32.1457,  -745.5472, 1405.6620, -25.2502,  0, 0, 240
L -802.5391, 1372.6888, -31.3234,  -783.0961, 1343.6602, -30.4950,  0, 0, 240
L -807.1875, 1399.5205, -30.1952,  -802.5391, 1372.6888, -31.3234,  0, 0, 240
L -817.8141, 1405.4741, -31.0642,  -807.1875, 1399.5205, -30.1952,  0, 0, 240
L -908.1201, 1399.8094, -6.5028,  -810.2122, 1405.9509, -31.0642,  0, 0, 0
L -1014.1092, 1402.4608, 4.6816,  -949.3493, 1399.6628, -6.5028,  0, 0, 0
L -906.2028, 1292.3379, -1.1803,  -1014.1092, 1402.4608, 4.6816,  0, 0, 0
L -907.4116, 1231.1853, -0.5028,  -906.2028, 1292.3379, -1.1803,  0, 0, 0
L -900.0887, 1148.2997, -0.4427,  -907.4116, 1231.1853, -0.5028,  0, 0, 0
L -925.2442, 1137.4835, 4.1171,  -900.0887, 1148.2997, -0.4427,  0, 0, 0
L -1048.9003, 1114.5444, 30.8025,  -925.2442, 1137.4835, 4.1171,  0, 0, 0
L -1105.8483, 1119.6058, 41.9001,  -1048.9003, 1114.5444, 30.8025,  0, 0, 0
L -1199.8740, 1131.1818, 46.2182,  -1111.1283, 1120.9551, 43.6304,  0, 0, 0
L -1277.9524, 1060.3864, 65.6112,  -1199.8740, 1131.1818, 46.2182,  0, 0, 0
L -1353.7935, 1033.3040, 80.8444,  -1277.9524, 1060.3864, 65.6112,  0, 0, 0
L -1450.0072, 1005.5462, 97.1120,  -1356.9641, 1031.4570, 81.6767,  0, 0, 0
L -1496.9949, 1009.3001, 112.2120,  -1450.0072, 1005.5462, 97.1120,  0, 0, 0
L -1685.0220, 1028.0060, 102.7955,  -1496.9949, 1009.3001, 112.2120,  0, 0, 0
L -1720.4755, 1068.6661, 101.5169,  -1685.0220, 1028.0060, 102.7955,  0, 0, 0
L -1783.3539, 1086.9508, 61.1682,  -1720.5953, 1068.7805, 101.5160,  0, 0, 0
L -1804.4197, 1122.3555, 62.6266,  -1783.6117, 1086.9891, 61.1678,  0, 0, 0
L -1854.1760, 1098.1628, 47.2367,  -1804.5225, 1122.5367, 62.6258,  0, 0, 0
L -1932.6503, 1047.8623, 47.9655,  -1854.1760, 1098.1628, 47.2367,  0, 0, 0
L -2223.2375, 1035.7443, 41.2368,  -1932.6503, 1047.8623, 47.9655,  0, 0, 0
L -2279.2104, 1049.1093, 42.8305,  -2223.2375, 1035.7443, 41.2368,  0, 0, 0
L -2641.2393, 1163.4644, 13.4212,  -2279.2104, 1049.1093, 42.8305,  0, 0, 0
L -2672.0012, 1174.5665, 1.4982,  -2641.2393, 1163.4644, 13.4212,  0, 0, 0
L -2692.8438, 1170.4929, 1.4972,  -2672.0012, 1174.5665, 1.4982,  0, 0, 0
L -2689.7808, 1274.5068, 11.0822,  -2692.8438, 1170.4929, 1.4972,  0, 0, 0
L -2726.4563, 1177.0023, 1.2311,  -2730.0051, 1276.5685, 5.7289,  0, 0, 0
L -2750.9543, 1165.7792, 1.8360,  -2726.4563, 1177.0023, 1.2311,  0, 0, 0
L -2797.1235, 1151.8235, 10.9232,  -2750.9543, 1165.7792, 1.8360,  0, 0, 0
L -2853.4072, 1067.8212, 8.5723,  -2797.1235, 1151.8235, 10.9232,  0, 0, 0
L -2904.3459, 838.7738, 22.3476,  -2853.4072, 1067.8212, 8.5723,  0, 0, 0
L -2826.0471, 532.9390, 17.3902,  -2904.3459, 838.7738, 22.3476,  0, 0, 0
L -2860.5354, 465.4904, 21.3049,  -2826.0471, 532.9390, 17.3902,  0, 0, 0
L -2837.1973, 360.7368, 6.0497,  -2860.5354, 465.4904, 21.3049,  0, 0, 0
L -2904.4910, 245.9825, 9.4097,  -2837.1973, 360.7368, 6.0497,  0, 0, 0
L -2824.5173, -29.5208, 37.4170,  -2904.4910, 245.9825, 9.4097,  0, 0, 0
L -2855.9565, -154.6111, 26.4972,  -2824.5173, -29.5208, 37.4170,  0, 0, 0
L -2900.7197, -207.1639, 55.8715,  -2855.9565, -154.6111, 26.4972,  0, 0, 0
L -2769.5210, -328.5980, 29.4340,  -2900.7197, -207.1639, 55.8715,  0, 0, 0
L -2779.1035, -438.5955, 26.4972,  -2769.5210, -328.5980, 29.4340,  0, 0, 0
L -2844.8801, -540.5295, 33.6695,  -2779.1035, -438.5955, 26.4972,  0, 0, 0
L -2946.4343, -522.1138, 51.1888,  -2844.8801, -540.5295, 33.6695,  0, 0, 0
L -3098.6199, -473.2620, 66.8202,  -2946.4343, -522.1138, 51.1888,  0, 0, 0
L -3041.3706, -574.1107, 62.8801,  -3131.9705, -516.5979, 59.2220,  0, 0, 0
L -2918.4512, -632.4296, 46.2998,  -3041.3706, -574.1107, 62.8801,  0, 0, 0
L -2908.3413, -759.5864, 28.4753,  -2918.4512, -632.4296, 46.2998,  0, 0, 0
L -2818.1548, -920.0009, 25.3435,  -2908.3413, -759.5864, 28.4753,  0, 0, 0
L -2801.4929, -1094.2651, 26.4972,  -2818.1548, -920.0009, 25.3435,  0, 0, 0
L -2846.1284, -1126.4785, 69.7601,  -2801.4929, -1094.2651, 26.4972,  0, 0, 0
L -2893.5679, -1261.6392, 42.1786,  -2846.1284, -1126.4785, 69.7601,  0, 0, 0
L -2897.8704, -1327.7711, 57.7810,  -2893.5679, -1261.6392, 42.1786,  0, 0, 0
L -2852.1965, -1378.8105, 43.7097,  -2897.8704, -1327.7711, 57.7810,  0, 0, 0
L -2748.3301, -1389.4231, 34.9523,  -2852.1965, -1378.8105, 43.7097,  0, 0, 0
L -2678.0488, -1389.0806, 31.9484,  -2748.3301, -1389.4231, 34.9523,  0, 0, 0
L -2568.8286, -1386.9171, 33.7127,  -2678.0488, -1389.0806, 31.9484,  0, 0, 0
L -2528.7476, -1394.6396, 43.0428,  -2568.8286, -1386.9171, 33.7127,  0, 0, 0
L -2451.4165, -1385.3767, 50.3253,  -2528.7476, -1394.6396, 43.0428,  0, 0, 0
L -2385.3884, -1355.5245, 37.8233,  -2451.4165, -1385.3767, 50.3253,  0, 0, 0
L -2325.3760, -1324.8090, 19.9260,  -2385.3884, -1355.5245, 37.8233,  0, 0, 0
L -2282.3613, -1300.7090, 8.7407,  -2325.3760, -1324.8090, 19.9260,  0, 0, 0
L -2256.4875, -1321.9974, 15.5102,  -2282.3613, -1300.7090, 8.7407,  0, 0, 0
L -2218.7122, -1333.5760, 6.5222,  -2256.4875, -1321.9974, 15.5102,  0, 0, 0
L -2173.5234, -1327.2509, -9.6886,  -2218.7122, -1333.5760, 6.5222,  0, 0, 0
L -2171.2896, -1402.6047, -32.1622,  -2173.5234, -1327.2509, -9.6886,  0, 0, 0
L -2176.6104, -1547.5087, -20.8005,  -2171.2896, -1402.6047, -32.1622,  0, 0, 0
L -2160.9917, -1576.8176, -20.6530,  -2176.6104, -1547.5087, -20.8005,  0, 0, 0
L -2021.3926, -1577.5339, -19.8948,  -2160.9917, -1576.8176, -20.6530,  0, 0, 0
L -1928.7968, -1561.6060, 19.9357,  -2021.3926, -1577.5339, -19.8948,  0, 0, 0
L -1910.1306, -1529.2991, 11.1918,  -1928.7968, -1561.6060, 19.9357,  0, 0, 0
L -1873.5365, -1414.7224, -15.7803,  -1910.1306, -1529.2991, 11.1918,  0, 0, 0
L -1835.2760, -1386.4948, -10.1063,  -1873.5365, -1414.7224, -15.7803,  0, 0, 0
L -1786.4006, -1397.6597, 6.2530,  -1835.2760, -1386.4948, -10.1063,  0, 0, 0
L -1728.7429, -1439.7618, 19.1202,  -1786.4006, -1397.6598, 6.2533,  0, 0, 0
L -1699.5494, -1438.7086, 23.2122,  -1728.7429, -1439.7618, 19.1202,  0, 0, 0
L -1617.9728, -1370.5981, 7.8787,  -1699.5494, -1438.7086, 23.2122,  0, 0, 0
L -1495.3131, -1350.6151, 6.9002,  -1617.9728, -1370.5981, 7.8787,  0, 0, 0
L -3098.6199, -473.2620, 66.1988,  -3178.9888, -421.2802, 75.3660,  0, 0, 0
L -3201.2332, -478.7309, 79.9848,  -3131.9705, -516.5979, 62.2664,  0, 0, 0
L -1583.3452, -1041.7240, -30.6710,  -1569.2539, -1024.1075, -30.5545,  0, 0, 240
L -1569.2539, -1024.1075, -30.5545,  -1548.5940, -1009.8369, -30.5762,  0, 0, 240
L -1548.5940, -1009.8369, -30.5762,  -1535.9646, -1009.2994, -30.5030,  0, 0, 240
L -1535.9646, -1009.2994, -30.5030,  -1501.6321, -995.7894, -30.4701,  0, 0, 240
L -1501.6321, -995.7894, -30.4701,  -1477.1606, -955.2642, -30.5163,  0, 0, 240
L -1477.1606, -955.2642, -30.5163,  -1445.6005, -923.3389, -30.5125,  0, 0, 240
L -1445.6005, -923.3389, -30.5125,  -1443.0619, -911.2846, -30.2759,  0, 0, 240
L -1443.0619, -911.2846, -30.2759,  -1357.6818, -846.8617, -30.4945,  0, 0, 240
L -1357.6818, -846.8617, -30.4945,  -1309.5895, -774.4523, -30.3420,  0, 0, 240
L -1309.5895, -774.4523, -30.3420,  -1289.4333, -753.2130, -30.3641,  0, 0, 240
L -1289.4333, -753.2130, -30.3641,  -1282.1749, -734.2282, -30.7069,  0, 0, 240
L -1282.1749, -734.2282, -30.7069,  -1254.1384, -703.2687, -30.4114,  0, 0, 240
L -1254.1384, -703.2687, -30.4114,  -1204.6067, -673.9568, -30.3235,  0, 0, 240
L -1204.6067, -673.9568, -30.3235,  -1151.7268, -636.2173, -30.2621,  0, 0, 240
L -1151.7268, -636.2173, -30.2621,  -1139.7351, -599.4106, -29.6561,  0, 0, 240
L -1139.7351, -599.4106, -29.6561,  -1138.2098, -592.0446, -32.0411,  0, 0, 240
L -1138.2098, -592.0446, -32.0411,  -1121.7992, -587.3761, -30.2927,  0, 0, 240
L -1121.7992, -587.3761, -30.2927,  -1097.2007, -583.3572, -30.4537,  0, 0, 240
L -1097.2007, -583.3572, -30.4537,  -1074.6333, -591.3003, -30.4997,  0, 0, 240
L -1074.6333, -591.3003, -30.4997,  -1057.0959, -572.4557, -30.6006,  0, 0, 240
L -1057.0959, -572.4557, -30.6006,  -1020.6116, -513.2372, -30.5610,  0, 0, 240
L -1020.6116, -513.2372, -30.5610,  -989.7738, -484.7374, -30.4802,  0, 0, 240
L -989.7738, -484.7374, -30.4802,  -928.2824, -450.4969, -30.6651,  0, 0, 240
L -928.2824, -450.4969, -30.6651,  -891.4596, -388.6440, -30.4226,  0, 0, 240
L -891.4596, -388.6440, -30.4226,  -853.1177, -351.7680, -30.6226,  0, 0, 240
L -853.1177, -351.7680, -30.6226,  -802.7142, -318.6615, -30.5012,  0, 0, 240
L -802.7142, -318.6615, -30.5012,  -772.5554, -258.8639, -30.3935,  0, 0, 240
L -772.5554, -258.8639, -30.3935,  -744.5500, -225.2021, -30.6747,  0, 0, 240
L -744.5500, -225.2021, -30.6747,  -574.5233, -110.8124, -30.5313,  0, 0, 240
L -574.5233, -110.8124, -30.5313,  -534.4381, -68.0494, -30.4837,  0, 0, 240
L -534.4381, -68.0494, -30.4837,  -390.2151, 32.6361, -30.5251,  0, 0, 240
L -390.2151, 32.6361, -30.5251,  -369.7195, 109.8396, -30.3919,  0, 0, 240
L -369.7195, 109.8396, -30.3919,  -323.6594, 129.1182, -30.5966,  0, 0, 240
L -323.6594, 129.1182, -30.5966,  -308.3283, 146.8893, -30.5410,  0, 0, 240
L -308.3283, 146.8893, -30.5410,  -304.5832, 162.9579, -30.6453,  0, 0, 240
L -304.5832, 162.9579, -30.6453,  -284.3973, 190.3562, -30.6431,  0, 0, 240
L -284.0416, 190.6067, -30.6430,  -194.9790, 255.1508, -30.4923,  0, 0, 240
L -194.9790, 255.1508, -30.4923,  -143.1730, 316.5487, -29.2967,  0, 0, 240
L -143.1730, 316.5487, -29.2967,  -64.6811, 383.4562, -30.4246,  0, 0, 240
L -64.6811, 383.4562, -30.4246,  -34.3800, 432.7972, -30.6253,  0, 0, 240
L -34.3800, 432.7972, -30.6253,  -5.3885, 453.5031, -30.5813,  0, 0, 240
L -5.3885, 453.5031, -30.5813,  -6.8903, 495.5595, -30.3945,  0, 0, 240
L -6.8903, 495.5595, -30.3945,  32.8126, 539.5280, -30.4151,  0, 0, 240
L 32.8126, 539.5280, -30.4151,  56.5940, 549.4849, -30.3575,  0, 0, 240
L 56.5940, 549.4849, -30.3575,  91.2083, 549.9639, -30.5125,  0, 0, 240
L 91.2083, 549.9639, -30.5125,  148.7954, 591.0149, -30.7030,  0, 0, 240
L 148.7954, 591.0149, -30.7030,  164.5994, 621.4171, -30.4903,  0, 0, 240
L 164.5994, 621.4171, -30.4903,  224.1071, 676.6235, -30.0575,  0, 0, 240
L 224.1071, 676.6235, -30.0575,  284.9146, 745.4108, -32.3091,  0, 0, 240
L 284.9146, 745.4108, -32.3091,  379.0009, 795.9122, -29.2845,  0, 0, 240
L 379.0009, 795.9122, -29.2845,  416.1557, 858.0421, -28.8298,  0, 0, 240
L 416.1557, 858.0421, -28.8298,  451.1538, 885.8027, -29.5789,  0, 0, 240
L 451.1538, 885.8027, -29.5789,  520.5803, 916.1754, -30.1951,  0, 0, 240
L 520.5803, 916.1754, -30.1951,  559.4453, 961.5658, -28.7285,  0, 0, 240
L 559.4453, 961.5658, -28.7285,  670.3431, 1049.5594, -30.1891,  0, 0, 240
L 670.3431, 1049.5594, -30.1891,  684.2477, 1130.5366, -30.5827,  0, 0, 240
L 684.2477, 1130.5366, -30.5827,  812.6264, 1281.6460, -30.6055,  0, 0, 240
L 812.6264, 1281.6460, -30.6055,  814.5298, 1379.1796, -29.8308,  0, 0, 240
L 814.5298, 1379.1796, -29.8308,  831.4236, 1408.2986, -29.7556,  0, 0, 240
L 831.4236, 1408.2986, -29.4911,  881.5923, 1476.4043, -30.2198,  0, 0, 240
L 881.5923, 1476.4043, -30.2198,  930.2674, 1505.9558, -30.3236,  0, 0, 240
L 930.2674, 1505.9558, -30.3236,  952.7868, 1542.3264, -30.0624,  0, 0, 240
L 952.7868, 1542.3264, -30.0624,  986.8983, 1569.1388, -30.6820,  0, 0, 240
L 986.8983, 1569.1388, -30.6820,  1042.9928, 1580.4534, -30.6123,  0, 0, 240
L 1042.9928, 1580.4534, -30.6123,  1071.4124, 1620.4651, -30.1804,  0, 0, 240
L 1071.4124, 1620.4651, -30.1804,  1145.1857, 1638.8704, -30.7469,  0, 0, 240
L 1145.1857, 1638.8704, -30.7469,  1200.9540, 1665.1257, -27.6457,  0, 0, 240
L 1200.9540, 1665.1257, -27.6457,  1264.4929, 1688.7043, -29.8837,  0, 0, 240
L 1264.4929, 1688.7043, -29.8837,  1300.2916, 1692.5748, -31.0591,  0, 0, 240
L 1300.3705, 1692.7742, -31.0591,  1340.8159, 1794.9966, -44.9960,  0, 0, 240
L 1340.8159, 1794.9966, -44.9960,  1283.7759, 1824.9031, -31.1665,  0, 0, 240
L 1224.8104, 1782.6163, -29.3907,  1276.8920, 1799.8799, -32.4906,  0, 0, 240
L 1283.7759, 1824.9031, -30.4980,  1166.4628, 1886.3879, 2.0532,  0, 0, 0
L 1166.4628, 1886.3879, 2.0532,  974.1583, 1802.5697, 8.9896,  0, 0, 0
L 974.1583, 1802.5697, 8.9896,  751.2230, 1648.4268, 2.2083,  0, 0, 0
L 751.2230, 1648.4268, 2.2083,  674.4084, 1556.2810, 4.3564,  0, 0, 0
L 674.4084, 1556.2810, 4.3564,  485.0932, 1137.9529, -31.4871,  0, 0, 0
L 655.4337, 1317.9500, -28.3991,  702.4871, 1406.1620, -29.4212,  0, 0, 240
L 702.4871, 1406.1620, -29.4212,  763.4373, 1468.7257, -30.1887,  0, 0, 240
L 763.6735, 1469.0699, -30.1890,  820.3792, 1546.6074, -29.5483,  0, 0, 240
L 824.2709, 1548.4474, -30.0609,  930.3093, 1608.6332, -30.8744,  0, 0, 240
L 930.3093, 1608.6332, -30.8744,  1023.8297, 1726.5811, -30.4909,  0, 0, 240
L 1023.8297, 1726.5811, -30.4909,  1056.2664, 1742.9519, -31.9671,  0, 0, 240
L 1056.5211, 1743.0057, -31.9668,  1108.7458, 1749.2269, -30.2435,  0, 0, 240
L 1108.7458, 1749.2269, -30.2435,  1224.8104, 1782.6163, -29.2813,  0, 0, 240
L 1276.8920, 1799.8799, -29.2813,  1308.6439, 1811.8646, -31.0994,  0, 0, 240
L 1300.3705, 1692.7742, -31.2025,  1259.6317, 1600.2610, -9.1106,  0, 0, 0
L 1259.6317, 1600.2610, -9.1106,  1018.1921, 1494.8749, 9.4920,  0, 0, 0
L 1018.1921, 1494.8749, 9.4920,  926.7157, 1329.6982, 20.0262,  0, 0, 0
L 926.1696, 1326.9358, 19.9196,  918.9231, 1238.1858, 14.6045,  0, 0, 0
L 918.9231, 1238.1858, 14.6045,  966.8739, 1162.8584, 13.2239,  0, 0, 0
L 938.4031, 1359.3029, 43.1859,  656.7089, 1518.8148, 4.0422,  240, 0, 0
L 474.0482, 1141.6505, -30.9637,  433.2254, 1089.8972, -32.4387,  0, 0, 240
L 433.2242, 1089.8914, -32.4387,  351.4032, 1007.0320, -31.6687,  0, 0, 240
L 351.4032, 1007.0320, -31.6687,  161.9841, 828.0000, -30.9854,  0, 0, 240
L 655.4337, 1317.9500, -31.8790,  474.0482, 1141.6505, -30.0992,  0, 0, 240
L 485.0932, 1137.9529, -32.2960,  253.6183, 1162.6910, -14.5028,  0, 0, 0
L 252.8759, 1162.5048, -14.5028,  86.4060, 1137.8683, -14.5028,  0, 0, 0
L 85.4170, 1137.8594, -14.5028,  24.8986, 1137.8658, -14.5028,  0, 0, 0
L 24.8986, 1137.8658, -14.5028,  26.1467, 972.3523, -10.2610,  0, 0, 0
L -159.9599, 964.4850, -12.8147,  -159.1812, 1137.8677, -14.5028,  0, 0, 0
L -159.1812, 1137.8677, -14.5028,  -202.3966, 1137.8729, -14.5028,  0, 0, 0
L -202.3966, 1137.8729, -14.5028,  -366.2135, 1162.8159, -14.5028,  0, 0, 0
L -366.2135, 1162.8159, -14.5028,  -608.5975, 1137.7495, -6.9185,  0, 0, 0
L -608.5975, 1137.7495, -6.9185,  -637.2390, 1402.4598, -6.8936,  0, 0, 0
L -637.2390, 1402.4598, -6.8936,  -745.5472, 1405.6620, -32.7560,  0, 0, 0
L -821.2712, -1444.9741, 30.4506,  -802.1461, -1439.3003, 25.9494,  0, 0, 0
L -802.1461, -1439.3003, 25.9494,  -789.7144, -1443.1405, 23.0417,  0, 0, 0
L -782.2225, -1401.1267, 19.9520,  -795.0613, -1395.6672, 24.3704,  0, 0, 0
L -1106.7341, -1364.6071, 18.5391,  -1281.1799, -1304.4830, 22.8446,  0, 0, 0
L -1281.1799, -1304.4830, 22.8446,  -1330.9279, -1313.3020, 20.3418,  0, 0, 0
L -1330.9279, -1313.3020, 20.1495,  -1409.2620, -1311.8142, 17.3154,  0, 0, 0
L -1409.2620, -1311.8142, 17.0165,  -1485.0475, -1329.6790, 15.1059,  0, 0, 0
L -1485.0475, -1329.6790, 14.8924,  -1495.3131, -1350.6151, 14.3666,  0, 0, 0
L -1934.5787, -1562.6006, -4.2472,  -1946.3386, -1490.0555, -20.8207,  0, 0, 240
L -1946.3386, -1490.0555, -20.8207,  -1918.1493, -1425.7559, -27.3658,  0, 0, 240
L -1918.1493, -1425.7559, -27.3658,  -1894.6737, -1399.8538, -29.0877,  0, 0, 240
L -1894.6737, -1399.8538, -28.8072,  -1888.9343, -1375.7067, -28.5907,  0, 0, 240
L -1888.9343, -1375.7067, -28.5896,  -1890.0264, -1345.8431, -28.5654,  0, 0, 240
L -1890.0264, -1345.8431, -28.5654,  -1839.1193, -1293.6777, -28.7321,  0, 0, 240
L -1839.1193, -1293.6777, -30.2868,  -1824.1699, -1290.7009, -30.3517,  0, 0, 240
L -1824.1699, -1290.7009, -30.3517,  -1785.1331, -1273.2582, -30.1900,  0, 0, 240
L -1785.1331, -1273.2582, -30.1900,  -1760.8525, -1270.8892, -30.1754,  0, 0, 240
L -1760.8525, -1270.8892, -30.1754,  -1726.2942, -1246.9603, -30.2974,  0, 0, 240
L -1726.2942, -1246.9603, -30.2974,  -1701.9344, -1242.6874, -30.2277,  0, 0, 240
L -1701.9344, -1242.6874, -30.2277,  -1694.9501, -1233.0264, -30.2274,  0, 0, 240
L -1694.9501, -1233.0264, -30.2274,  -1664.4624, -1204.5505, -30.2678,  0, 0, 240
L -1664.4624, -1204.5505, -30.2678,  -1654.5333, -1183.9668, -30.2664,  0, 0, 240
L -1654.5333, -1183.9668, -30.2664,  -1643.8387, -1172.1709, -30.2856,  0, 0, 240
L -1643.8387, -1172.1709, -30.2856,  -1605.8904, -1111.8043, -30.2893,  0, 0, 240
L -1605.8904, -1111.8043, -30.2893,  -1583.3452, -1041.7240, -30.2429,  0, 0, 240
L -2171.6116, -1391.7468, -28.2195,  -2161.0017, -1357.7279, -29.8617,  0, 0, 240
L -2161.0017, -1357.7279, -29.8617,  -2094.0886, -1335.1559, -30.4307,  0, 0, 240
L -2094.0886, -1335.1559, -30.4307,  -2074.1519, -1320.5685, -30.0028,  0, 0, 240
L -2074.1519, -1320.5685, -30.0028,  -2053.0269, -1312.1221, -30.0497,  0, 0, 240
L -2053.0269, -1312.1221, -30.0497,  -2031.1509, -1298.3250, -29.6681,  0, 0, 240
L -2031.1509, -1298.3250, -29.6681,  -1997.0377, -1265.8873, -30.2156,  0, 0, 240
L -1997.0377, -1265.8873, -30.2156,  -1952.7761, -1234.2692, -30.9669,  0, 0, 240
L -1952.7761, -1234.2692, -30.9669,  -1918.4272, -1181.6233, -30.0343,  0, 0, 240
L -1918.4272, -1181.6233, -30.0343,  -1905.3704, -1173.7964, -30.1570,  0, 0, 240
L -1905.3704, -1173.7964, -30.1570,  -1865.5702, -1170.6348, -30.2531,  0, 0, 240
L -1865.5702, -1170.6348, -30.2531,  -1820.0962, -1125.5715, -30.2382,  0, 0, 240
L -1820.0962, -1125.5715, -30.2382,  -1808.7484, -1087.8210, -30.2424,  0, 0, 240
L -1808.7484, -1087.8210, -30.2424,  -1761.0326, -1056.7776, -30.3140,  0, 0, 240
L -1761.0326, -1056.7776, -30.3140,  -1728.2800, -1042.4984, -30.3072,  0, 0, 240
L -1728.2800, -1042.4984, -30.3072,  -1713.9226, -993.8376, -30.2751,  0, 0, 240
L -1713.9226, -993.8376, -30.2751,  -1676.0848, -914.9731, -30.5680,  0, 0, 240
L -1676.0848, -914.9731, -30.5680,  -1608.5212, -833.8010, -30.3336,  0, 0, 240
L -1608.5212, -833.8010, -30.3336,  -1532.2334, -740.9850, -30.8550,  0, 0, 240
L -1532.2334, -740.9850, -30.8550,  -1422.7737, -694.4731, -30.0913,  0, 0, 240
L -1422.7737, -694.4731, -30.0913,  -1391.9163, -672.4875, -30.0351,  0, 0, 240
L -1391.9163, -672.4875, -30.0351,  -1318.4454, -591.7564, -29.6543,  0, 0, 240
L -1318.4454, -591.7564, -29.6543,  -1207.5400, -489.2155, -30.2429,  0, 0, 240
L -1207.5400, -489.2155, -30.2429,  -1182.0305, -477.6085, -30.1418,  0, 0, 240
L -1182.0305, -477.6085, -30.1418,  -1163.0792, -463.3076, -30.1586,  0, 0, 240
L -1163.0792, -463.3076, -30.1586,  -1137.6362, -446.1139, -29.6703,  0, 0, 240
L -1137.6362, -446.1139, -29.6703,  -1118.4355, -420.2378, -29.8218,  0, 0, 240
L -1118.4355, -420.2378, -29.8218,  -1060.1128, -382.9427, -30.1675,  0, 0, 240
L -1060.1128, -382.9427, -30.1675,  -1009.0497, -336.4402, -29.5399,  0, 0, 240
L -1009.0497, -336.4402, -29.5399,  -1001.6096, -312.8911, -29.6598,  0, 0, 240
L -1001.6096, -312.8911, -29.6598,  -970.2150, -285.6717, -29.6321,  0, 0, 240
L -970.2150, -285.6717, -29.6321,  -883.6827, -160.8512, -30.1965,  0, 0, 240
L -883.6827, -160.8512, -30.1965,  -799.1461, -57.8420, -30.3518,  0, 0, 240
L -799.1461, -57.8420, -30.3518,  -770.5381, 2.0534, -30.2315,  0, 0, 240
L -770.5381, 2.0534, -30.2315,  -758.8278, 55.9609, -30.1701,  0, 0, 240
L -758.8278, 55.9609, -30.1701,  -701.2545, 127.8857, -30.3910,  0, 0, 240
L -701.2545, 127.8857, -30.3910,  -688.5476, 160.7802, -30.0880,  0, 0, 240
L -688.5476, 160.7802, -30.0880,  -689.7853, 184.9077, -30.1148,  0, 0, 240
L -689.7853, 184.9077, -30.1148,  -712.4953, 246.9296, -30.1955,  0, 0, 240
L -712.4953, 246.9296, -30.1955,  -714.4199, 297.9328, -29.9751,  0, 0, 240
L -714.4199, 297.9328, -29.9751,  -722.6468, 365.5923, -30.3102,  0, 0, 240
L -722.6468, 365.5923, -30.3102,  -715.1384, 409.7429, -29.9213,  0, 0, 240
L -715.1384, 409.7429, -29.9213,  -713.9725, 439.7555, -30.1620,  0, 0, 240
L -713.9725, 439.7555, -30.1620,  -719.4011, 479.5643, -30.1477,  0, 0, 240
L -719.4011, 479.5643, -30.1477,  -718.0334, 536.3116, -30.3244,  0, 0, 240
L -718.0334, 536.3116, -30.3244,  -713.7756, 570.0463, -30.4594,  0, 0, 240
L -713.7756, 570.0463, -30.4594,  -711.8223, 645.5901, -30.1303,  0, 0, 240
L -711.8223, 645.5901, -30.1303,  -704.1547, 672.6121, -30.3544,  0, 0, 240
L -704.1547, 672.6121, -30.3544,  -703.1675, 710.5818, -30.3115,  0, 0, 240
L -703.1675, 710.5818, -30.3115,  -717.3100, 777.0806, -30.3116,  0, 0, 240
L -717.3100, 777.0806, -30.3116,  -747.9774, 859.9434, -30.1387,  0, 0, 240
L -747.9774, 859.9434, -30.1387,  -741.3647, 895.1028, -30.2559,  0, 0, 240
L -741.3647, 895.1028, -30.2559,  -741.3647, 926.0737, -30.2398,  0, 0, 240
L -741.3647, 926.0737, -30.2398,  -746.9871, 958.4503, -30.1738,  0, 0, 240
L -746.9871, 958.4503, -30.1738,  -752.8542, 975.5649, -30.2480,  0, 0, 240
L -752.8542, 975.5649, -30.2480,  -753.5423, 1009.2073, -30.0147,  0, 0, 240
L -753.5423, 1009.2073, -30.0147,  -755.8465, 1024.7584, -30.0299,  0, 0, 240
L -755.8465, 1024.7584, -30.0299,  -750.1506, 1037.9001, -30.2678,  0, 0, 240
L -750.1506, 1037.9001, -30.2678,  -750.9920, 1149.3386, -30.6098,  0, 0, 240
L -750.9920, 1149.3386, -30.6098,  -762.0259, 1185.7178, -30.0889,  0, 0, 240
L -762.0259, 1185.7178, -30.0889,  -764.3450, 1222.1282, -30.1413,  0, 0, 240
L -764.3450, 1222.1282, -30.1413,  -776.0330, 1295.3335, -29.7001,  0, 0, 240
L -776.0330, 1295.3335, -29.7001,  -783.0961, 1343.6602, -30.3892,  0, 0, 240
L -706.5731, 1339.2271, -28.3746,  -694.6447, 1303.1252, -30.4351,  0, 0, 240
L -694.6447, 1303.1252, -30.4351,  -700.5569, 1279.7343, -29.7791,  0, 0, 240
L -700.5569, 1279.7343, -29.7791,  -681.2211, 1238.0120, -30.2167,  0, 0, 240
L -681.2211, 1238.0120, -30.2167,  -680.3304, 1216.3788, -29.2511,  0, 0, 240
L -680.3304, 1216.3788, -29.2511,  -674.0027, 1162.8087, -29.3986,  0, 0, 240
L -674.0027, 1162.8087, -29.3986,  -651.7014, 1113.3662, -29.1507,  0, 0, 240
L -651.7014, 1113.3662, -29.1507,  -593.7596, 1062.3271, -29.9717,  0, 0, 240
L -593.7596, 1062.3271, -29.9717,  -578.2414, 1052.7981, -30.4251,  0, 0, 240
L -578.2414, 1052.7981, -30.4251,  -578.9573, 963.4343, -30.1202,  0, 0, 240
L -578.9573, 963.4343, -30.1202,  -573.2336, 929.5728, -30.0489,  0, 0, 240
L -573.2336, 929.5728, -30.0489,  -566.2929, 896.1758, -30.2620,  0, 0, 240
L -566.2929, 896.1758, -30.2620,  -576.6295, 871.7050, -30.5011,  0, 0, 240
L -576.6295, 871.7050, -30.5011,  -577.4322, 829.4927, -29.6026,  0, 0, 240
L -577.4322, 829.4927, -29.6026,  -564.6127, 813.1405, -30.1756,  0, 0, 240
L -564.6127, 813.1405, -30.1756,  -560.9785, 736.3582, -29.9316,  0, 0, 240
L -560.9785, 736.3582, -29.9316,  -555.6870, 704.8975, -29.7468,  0, 0, 240
L -555.6870, 704.8975, -29.7468,  -548.2341, 696.4692, -29.7642,  0, 0, 240
L -547.8911, 695.3387, -29.7195,  -537.5158, 634.4284, -30.6935,  0, 0, 240
L -537.5158, 634.4284, -30.6935,  -539.8458, 619.6989, -29.7762,  0, 0, 240
L -539.8458, 619.6989, -29.6345,  -545.3528, 579.0993, -30.1602,  0, 0, 240
L -545.3528, 579.0993, -30.1602,  -544.1045, 543.8168, -30.3183,  0, 0, 240
L -544.1045, 543.8168, -30.3183,  -534.4362, 466.5603, -30.0010,  0, 0, 240
L -534.4362, 466.5603, -30.0010,  -538.7072, 403.8695, -29.9086,  0, 0, 240
L -538.7072, 403.8695, -29.9086,  -535.6213, 391.3972, -31.1535,  0, 0, 240
L -535.6213, 391.3972, -31.1535,  -550.7515, 326.9819, -26.0735,  0, 0, 240
L -550.7515, 326.9819, -26.0735,  -554.5232, 243.1673, -26.3586,  0, 0, 240
L -554.5232, 243.1673, -26.3586,  -539.6533, 199.7713, -30.7289,  0, 0, 240
L -539.6533, 199.7713, -30.7289,  -520.7779, 200.3561, -29.7159,  0, 0, 240
L -520.7779, 200.3561, -29.7159,  -475.4420, 197.2422, -29.4852,  0, 0, 240
L -475.4420, 197.2422, -29.4852,  -450.6499, 203.8962, -30.0332,  0, 0, 240
L -450.1154, 204.3688, -29.9635,  -405.2579, 240.0276, -32.6522,  0, 0, 240
L -405.2579, 240.0276, -32.6522,  -352.4903, 287.5896, -29.2417,  0, 0, 240
L -352.4903, 287.5896, -29.2417,  -334.1062, 306.8943, -30.1008,  0, 0, 240
L -334.1062, 306.8943, -30.1008,  -288.5887, 367.9320, -29.4626,  0, 0, 240
L -288.4705, 368.1186, -29.4626,  -263.2628, 404.6693, -30.6710,  0, 0, 240
L -263.2628, 404.6693, -30.6710,  -223.8409, 447.0881, -30.1911,  0, 0, 240
L -223.8409, 447.0881, -30.1911,  -202.6039, 473.1033, -29.3668,  0, 0, 240
L -202.6039, 473.1033, -29.3668,  -171.2246, 495.2004, -30.0085,  0, 0, 240
L -171.2246, 495.2004, -30.0085,  -127.7929, 538.8211, -30.3853,  0, 0, 240
L -127.7929, 538.8211, -30.3853,  -81.7914, 579.1157, -30.0930,  0, 0, 240
L -81.7914, 579.1157, -30.0930,  -49.4469, 617.1959, -31.3286,  0, 0, 240
L -49.4469, 617.1959, -31.3286,  -29.7283, 632.8225, -30.2733,  0, 0, 240
L -29.7283, 632.8225, -30.2733,  -4.2057, 660.3034, -30.2746,  0, 0, 240
L -4.2057, 660.3034, -30.2746,  8.2095, 681.6810, -29.2313,  0, 0, 240
L 8.2095, 681.6810, -29.2313,  11.8787, 702.3047, -30.1409,  0, 0, 240
L 11.8787, 702.3047, -30.1409,  20.2615, 715.9327, -30.1062,  0, 0, 240
L 20.2615, 715.9327, -30.1062,  39.9884, 724.7562, -30.5992,  0, 0, 240
L 39.9884, 724.7562, -30.5992,  49.3440, 726.6578, -30.4575,  0, 0, 240
L 49.3440, 726.6578, -30.4575,  61.6869, 742.4555, -30.5685,  0, 0, 240
L 62.1707, 742.9392, -30.5289,  116.5051, 790.9709, -30.8697,  0, 0, 240
L 116.6742, 791.1932, -30.8704,  146.7268, 821.9363, -31.3360,  0, 0, 240
L 146.7268, 821.9363, -31.3360,  161.9841, 828.0000, -30.3642,  0, 0, 240
L -75.1749, 1211.5441, 44.1706,  -20.3127, 1211.6682, 43.0902,  0, 0, 0
L -261.8977, 614.4406, 39.1801,  -254.7886, 614.0493, 38.7347,  0, 0, 0
L -261.8985, 614.3187, 39.1819,  -261.8955, 653.5647, 38.8205,  0, 0, 0
L -261.8955, 653.5647, 38.8205,  -364.0396, 653.5632, 39.2808,  0, 0, 0
L -364.0396, 653.5632, 39.2808,  -364.2340, 552.7763, 36.0212,  0, 0, 0
L -364.2340, 552.7763, 36.0212,  -261.8979, 552.9598, 37.9639,  0, 0, 0
L -261.8979, 552.9598, 37.9639,  -261.8987, 591.7301, 39.2808,  0, 0, 0
L -261.8987, 591.7301, 39.2808,  -254.7164, 592.2570, 38.9140,  0, 0, 0
L -2689.3091, 1276.7516, 12.2347,  -2704.7339, 1315.5143, 10.1956,  0, 0, 0
L -2704.7339, 1315.5143, 10.1956,  -2758.6587, 1322.8130, 10.1335,  0, 0, 0
L -2758.6587, 1322.8130, 10.1335,  -2758.0339, 1327.5072, 10.1878,  0, 0, 0
L -2758.0339, 1327.5072, 10.1878,  -2738.8882, 1332.6405, 10.1728,  0, 0, 0
L -2738.8882, 1332.6405, 10.1728,  -2736.4348, 1346.7479, 10.1993,  0, 0, 0
L -2736.4348, 1346.7479, 10.1993,  -2753.3064, 1346.7479, 10.1818,  0, 0, 0
L -2753.3064, 1346.7479, 10.1818,  -2753.5713, 1342.0281, 10.1547,  0, 0, 0
L -2753.5713, 1342.0281, 10.1547,  -2763.0266, 1341.1558, 10.1475,  0, 0, 0
L -2763.0266, 1341.1558, 10.1475,  -2774.6846, 1328.7896, 10.1487,  0, 0, 0
L -2774.6846, 1328.7896, 10.1487,  -2764.3315, 1310.5623, 10.0517,  0, 0, 0
L -2764.3315, 1310.5623, 10.0517,  -2787.7766, 1310.0062, 9.9730,  0, 0, 0
L -2787.7766, 1310.0062, 9.9730,  -2785.8179, 1322.3009, 6.3871,  0, 0, 0
L -2775.6982, 1323.8136, -3.6783,  -2785.9690, 1330.6273, 9.4366,  0, 0, 0
L -2785.9690, 1330.6273, 9.4366,  -2787.2537, 1353.5166, -6.4566,  0, 0, 0
L -2787.2537, 1353.5166, -6.4566,  -2773.4417, 1354.6077, -10.7170,  0, 0, 0
L -2774.3274, 1353.7548, -10.6913,  -2768.5830, 1360.8088, -10.7373,  0, 0, 0
L -2768.5830, 1360.8088, -10.7373,  -2765.3955, 1376.3656, -10.7052,  0, 0, 0
L -2730.5076, 1275.0706, 5.6449,  -2718.4221, 1301.3997, 10.1312,  0, 0, 0
L -2718.4221, 1301.3997, 10.1312,  -2787.6416, 1297.0865, 10.2110,  0, 0, 0
L -2787.6416, 1297.0865, 10.2110,  -2795.4524, 1300.6427, 10.1408,  0, 0, 0
L -2795.4524, 1300.6427, 10.1408,  -2802.9385, 1314.0585, 10.1929,  0, 0, 0
L -2802.9385, 1314.0585, 10.1929,  -2804.2830, 1354.1976, 3.5642,  0, 0, 0
L -2804.2830, 1354.1976, 3.5642,  -2793.8083, 1368.1331, -7.6210,  0, 0, 0
L -2793.8083, 1368.1331, -7.6210,  -2782.3838, 1368.7153, -10.7455,  0, 0, 0
L -2782.3838, 1368.7153, -10.7455,  -2779.0608, 1376.0308, -10.6270,  0, 0, 0
L -2782.5300, 1315.2218, -11.1314,  -2785.8179, 1322.3009, 6.5862,  0, 0, 0
L -2779.0608, 1376.0308, -10.8159,  -2831.2410, 1376.3612, -13.7730,  0, 0, 0
L -2831.2410, 1376.3612, -13.7730,  -2930.0386, 1433.8868, -7.1550,  0, 0, 0
L -2930.0386, 1433.8868, -7.1550,  -2986.6311, 1531.4391, -2.0445,  0, 0, 0
L -2986.6311, 1531.4391, -2.0445,  -2986.0620, 1642.5817, -13.6015,  0, 0, 0
L -2986.0620, 1642.5817, -13.6015,  -2929.5933, 1741.3981, -13.7844,  0, 0, 0
L -2929.5933, 1741.3981, -13.7844,  -2828.0767, 1800.0381, -3.2229,  0, 0, 0
L -2828.0767, 1800.0381, -3.2229,  -2718.1831, 1799.1105, -13.7812,  0, 0, 0
L -2718.1831, 1799.1105, -13.7812,  -2620.1709, 1743.1447, -4.9728,  0, 0, 0
L -2620.1709, 1743.1447, -4.9728,  -2565.1885, 1647.1722, -13.5228,  0, 0, 0
L -2565.1885, 1647.1722, -13.5228,  -2565.0476, 1529.4432, -8.4431,  0, 0, 0
L -2565.7656, 1528.1951, -8.4985,  -2621.0732, 1432.5079, -13.7362,  0, 0, 0
L -2622.5352, 1431.6682, -13.6918,  -2717.0562, 1377.0273, -8.9351,  0, 0, 0
L -2717.0562, 1377.0273, -8.9351,  -2765.3955, 1376.3656, -10.6173,  0, 0, 0
L -2760.6934, 1573.9012, -0.5416,  -2761.0466, 1533.3562, -13.7844,  0, 0, 0
L -2787.3770, 1571.7605, -0.5416,  -2787.8162, 1533.3397, -13.7844,  0, 0, 0
L -2787.3770, 1571.7605, -13.7844,  -2811.0364, 1570.8246, -13.7844,  0, 0, 0
L -2811.0364, 1570.8246, -13.7844,  -2810.4741, 1621.8252, -13.7844,  0, 0, 0
L -2810.4741, 1621.8252, -13.7844,  -2787.7058, 1618.8269, -13.7844,  0, 0, 0
L -2787.7058, 1618.8269, -0.5416,  -2787.8574, 1658.5160, -13.7844,  0, 0, 0
L -2760.5051, 1617.4136, -0.5416,  -2760.3879, 1658.1027, -13.7230,  0, 0, 0
L -2760.5051, 1617.4136, -10.8563,  -2736.7249, 1620.9128, -13.7844,  0, 0, 0
L -2736.7249, 1620.9128, -13.7844,  -2736.9192, 1572.1461, -13.7844,  0, 0, 0
L -2736.9192, 1572.1461, -13.7844,  -2736.8862, 1569.8789, -13.7844,  0, 0, 0
L -2736.8862, 1569.8789, -13.7844,  -2760.6934, 1573.9012, -11.9658,  0, 0, 0
L -1272.4722, -460.1833, -18.8007,  -1084.0846, -650.6131, -20.4454,  0, 0, 0
L -1122.7382, -690.2800, -16.7982,  -1310.9824, -500.4963, -19.1460,  0, 0, 0
