P -905.0000, -1051.0000, 0.0000,  255, 255, 255,  2,  Succor_Point
P -1267.0000, -975.0000, -18.5300,  0, 0, 0,  3,  Fugla_(Fletcher)
P -117.0000, -1182.0000, -4.5560,  0, 0, 0,  3,  Bup_(Baking)
P -1444.0000, -1144.0000, -18.2460,  0, 0, 0,  3,  Gub_(Merchant)
P 145.0000, -1144.0000, 0.4480,  0, 0, 0,  3,  Morpa_(Merchant)
P 138.0000, -1129.0000, -0.1130,  0, 0, 0,  3,  Murga_(Tailor)
P -840.0000, -1000.0000, 21.8650,  0, 0, 0,  3,  Klob_(Merchant)
P -1451.0000, -1054.0000, -21.2430,  0, 0, 0,  3,  Kogg_(Fishing)
P 1836.0760, -393.2710, 12.2600,  0, 0, 0,  3,  Druid_Circle
P 160.0000, -870.0000, -7.6250,  0, 240, 0,  3,  Knowledge_Portal
P -905.3380, -1450.8669, 68.8040,  0, 240, 0,  3,  to_Oggok
P -3438.9819, -359.0320, 0.0010,  0, 240, 0,  3,  to_Rathe_Mountains
P -2602.1111, 2385.8679, 23.0710,  0, 240, 0,  3,  to_Plane_of_Fear
P 106.0550, 1462.0370, 47.9390,  0, 240, 0,  3,  to_Temple_of_Cazic_Thule
P 3122.1069, 1134.3540, -12.3430,  0, 240, 0,  3,  to_Innothule_Swamp
