P -442.7040, -428.5720, 96.0020,  240, 0, 0,  2,  Pxet_Elite_Blademaster
P 773.6470, -332.6650, 95.0030,  240, 0, 0,  2,  Pxet_Elite_Spearmaster
P 722.6250, 659.5050, 24.0020,  240, 0, 0,  2,  Pxet_Elite_Brawler
P -571.4660, 483.2630, 1.0020,  240, 0, 0,  2,  Pxet_Elite_Hammermaster
P 1845.0000, -599.0000, 0.0000,  0, 240, 0,  2,  to_Barindu
P 76.0000, -1603.0000, 0.0000,  0, 240, 0,  2,  to_Riwwi
P -1494.0000, -581.0000, 0.0000,  0, 240, 0,  2,  to_Qinimi
P -1210.0000, 586.0000, 103.0000,  0, 0, 240,  3,  Smith_Rondo
P -40.3070, 839.9980, 0.0010,  240, 0, 0,  3,  Packmaster_Skoziat_Pizak
P -12.3750, -138.4070, 2.0010,  240, 0, 0,  3,  Hexxt_Pzik_Shziaak
P -648.6400, 502.0390, 1.0010,  240, 0, 0,  3,  Pxet_Vzanki_Kzan
P 736.0340, 1066.1920, 32.0010,  240, 0, 0,  3,  Zun'Muram_Votal
P 25.5290, -430.4360, 120.0010,  240, 0, 0,  3,  Hexxt_Gkon
