P 507.2090, 3.9270, -36.8590,  0, 240, 0,  3,  Freeport_Sewers
P 1738.2750, 1864.5450, -3.8720,  0, 240, 0,  3,  Freeport_Sewers
P 164.7920, 1648.2660, 4.5720,  0, 240, 0,  3,  North_Ro
P -533.9850, 1590.9220, -51.2430,  240, 240, 0,  2,  Gord's_Smithy
P -162.7460, 46.4290, 20.0350,  240, 240, 0,  2,  Armor_by_Ikthar
P -54.5430, 325.8650, 0.9520,  240, 240, 0,  2,  Leather_and_Hide
P -570.4680, 1052.3290, 7.5500,  240, 240, 0,  2,  Freeport_Militia_House
P 0.8220, 960.3890, 1.3280,  240, 240, 0,  2,  Hallards_Resales
P 631.3450, 440.2400, 4.7340,  240, 240, 0,  2,  Port_Authority
P 821.8630, -131.0470, 3.2680,  240, 240, 0,  2,  Grub_'n_Grog_Tavern
P 836.9050, 611.9760, 3.4360,  0, 240, 0,  3,  Ocean_of_Tears_Translocator
P 203.5240, 940.6170, 2.8590,  240, 240, 0,  2,  Freeport_Inn
P -364.4220, 1269.3290, -54.5870,  240, 240, 0,  2,  Chops_-n-_Hops
P -113.4240, -202.6870, 26.4290,  240, 240, 0,  2,  Trader's_Holiday
P 200.5380, -206.0170, 3.7480,  240, 240, 0,  2,  Velithe_&_Bardo's_Imported_Goods
P 465.9650, -118.2160, 3.2670,  240, 0, 0,  1,  Statue
P 20.6620, 1238.5740, 4.4820,  240, 240, 0,  1,  Soulbinder
P -551.7520, 1052.9760, 18.5030,  240, 240, 0,  2,  Milita_HQ
P 718.1660, 1262.0959, 3.1240,  240, 240, 0,  1,  Priest_of_Discord
P 880.5960, 1031.6610, 8.6780,  240, 240, 0,  2,  Bard_Guild
P 555.1830, -687.2400, -8.0320,  240, 240, 0,  2,  Warrior_GL
P 719.6040, -831.2260, -56.0710,  240, 0, 0,  1,  Statue
P 628.1990, -449.4250, 5.8730,  240, 240, 0,  2,  Arena
P 648.4020, 422.0400, 4.7340,  240, 240, 0,  2,  Customs_House
P 914.2750, 393.4740, 1.5550,  240, 0, 0,  1,  Bauhb's_Bauht
P 1378.1110, 164.0560, -38.4870,  240, 0, 0,  1,  Gratitude
P 1133.8480, 1112.1689, 10.0850,  240, 240, 0,  2,  Seafare's_Roost
P -343.0830, 1405.7610, -49.3690,  240, 240, 0,  2,  Nefarious_GL's
P -403.0000, 659.0000, 4.0000,  0, 240, 0,  2,  West_Freeport
P -318.0000, -33.0000, 27.0000,  0, 240, 0,  2,  West_Freeport
P 10.0000, -87.0000, 19.0000,  0, 0, 0,  2,  a_Town_Crier
P 651.0000, 195.0000, 3.0000,  0, 0, 0,  2,  Queluran_Keletia
P 471.0000, 35.0000, 3.0000,  0, 0, 0,  2,  Joshua
P 445.0000, 39.0000, 3.0000,  0, 0, 0,  2,  Innkeep_Paggie
P 429.0000, 40.0000, 3.0000,  0, 0, 0,  2,  Innkeep_Rastle
P 441.0000, -4.0000, 29.0000,  0, 0, 0,  2,  Jheron_Felkis
P 493.0000, 2.0000, 29.0000,  0, 0, 0,  2,  Jyle_Windshot
P 323.0000, -198.0000, 2.0000,  0, 0, 0,  2,  Tarn_Bearcrusher
P 434.0000, -216.0000, 3.0000,  0, 0, 0,  2,  Umuhyon_Cilius
P 292.0000, -135.0000, 3.0000,  0, 0, 0,  2,  Umenon_Clotius
P 233.0000, -445.0000, 4.0000,  0, 0, 0,  2,  Malon_Lailius
P 201.0000, -443.0000, 4.0000,  0, 0, 0,  2,  Ethruncil_Draitia
P -199.0000, -292.0000, 29.0000,  0, 0, 0,  2,  Eroncil_Rellyus
P -198.0000, -262.0000, 29.0000,  0, 0, 0,  2,  Palrion_Enieus
P -122.0000, -185.0000, 26.0000,  0, 0, 0,  2,  Tislan_(Smithing)
P -79.0000, -196.0000, 26.0000,  0, 0, 0,  2,  Cloud_Alemaker
P -105.0000, -216.0000, 45.0000,  0, 0, 0,  2,  Sun_Alemaker
P -83.0000, -196.0000, 45.0000,  0, 0, 0,  2,  River_Alemaker
P -118.0000, -96.0000, 24.0000,  0, 0, 0,  2,  Farista_Eniatia
P -268.0000, -51.0000, 28.0000,  0, 0, 0,  2,  Filrion_Dokius
P -141.0000, 12.0000, 20.0000,  0, 0, 0,  2,  Valentin_Firehear_(Smithing)
P -133.0000, 32.0000, 20.0000,  0, 0, 0,  2,  Issilyn_Ristan_(Smithing)
P -143.0000, 49.0000, 20.0000,  0, 0, 0,  2,  Sir_Ranlon
P -168.0000, 81.0000, 20.0000,  0, 0, 0,  2,  Ikthar_Fireheart
P -183.0000, 66.0000, 20.0000,  0, 0, 0,  2,  Kif_(Smithing)
P -206.0000, 60.0000, 20.0000,  0, 0, 0,  2,  Daria_Smith_(Smithing)
P -375.0000, 153.0000, 26.0000,  0, 0, 0,  2,  Eyan_Rehius
P -373.0000, 181.0000, 26.0000,  0, 0, 0,  2,  Palusiel_Drobius
P -98.0000, 310.0000, 1.0000,  0, 0, 0,  2,  Sanhan_Tanner
P -73.0000, 308.0000, 3.0000,  0, 0, 0,  2,  Sissin_Tanner
P -39.0000, 322.0000, 1.0000,  0, 0, 0,  2,  Winlar_Tanner
P -40.0000, 341.0000, 1.0000,  0, 0, 0,  2,  Winsa_Tanner
P 149.0000, 522.0000, 0.0000,  0, 0, 0,  2,  Firrion_Roweus
P 192.0000, 485.0000, 1.0000,  0, 0, 0,  2,  Malusuard_Blolus
P 289.0000, 439.0000, 4.0000,  0, 0, 0,  2,  Ethrrian_Drowius
P 306.0000, 441.0000, 4.0000,  0, 0, 0,  2,  Eyunon_Storius
P 319.0000, 440.0000, 4.0000,  0, 0, 0,  2,  Farihon_Nastuius
P 358.0000, 353.0000, 4.0000,  0, 0, 240,  2,  Moe_Wilborn_(Missions)
P 258.0000, 391.0000, 4.0000,  0, 0, 0,  2,  Bronan_Namok
P 509.0000, 785.0000, 4.0000,  0, 0, 0,  2,  Quanan_Mahius
P 403.0000, 912.0000, 1.0000,  0, 0, 0,  2,  Palunrion_Shyeitia
P 402.0000, 942.0000, 1.0000,  0, 0, 0,  2,  Ennarn_Shotius
P 382.0000, 1307.0000, 5.0000,  0, 0, 0,  2,  Kargek_Redblade
P 360.0000, 1305.0000, 5.0000,  0, 0, 0,  2,  Wenden_Blackhamm
P 368.0000, 1320.0000, 5.0000,  0, 0, 0,  2,  Gartrog_Smitehammer
P 232.0000, 1251.0000, 19.0000,  0, 0, 0,  2,  a_Town_Crier
P 113.0000, 1285.0000, 5.0000,  0, 0, 0,  2,  Eywen_Nalous
P 56.0000, 1336.0000, 5.0000,  0, 0, 0,  2,  Eyon_Swouglus
P 34.0000, 1382.0000, 5.0000,  0, 0, 0,  2,  Ealyson_Roloius
P 83.0000, 1540.0000, 5.0000,  0, 0, 0,  2,  Malloy_the_Songbird
P 242.0000, 1465.0000, 5.0000,  0, 0, 0,  2,  Exterminator_Larkey
P 418.0000, 1670.0000, 5.0000,  0, 0, 0,  2,  Ralfson_Gerositan
P 542.0000, 1083.0000, 3.0000,  0, 0, 0,  2,  Drona_Whystlethin_(Brewing)
P 551.0000, 1188.0000, 3.0000,  0, 0, 0,  2,  Jynsa_Smithson_(Pottery)
P 871.0000, 1308.0000, 3.0000,  0, 0, 0,  2,  Trithalis_Leredar_(Tailoring)
P 862.0000, 1347.0000, 3.0000,  0, 0, 0,  2,  Linadian
P 833.0000, 1463.0000, 3.0000,  0, 0, 0,  2,  Boomba_the_Big
P 505.0000, 1429.0000, 13.0000,  0, 0, 0,  2,  Exterminator_Qalantir
P 569.0000, 1435.0000, 8.0000,  0, 0, 0,  2,  Lindie_Rains_(Town_Crier)
P 800.0000, 1145.0000, 9.0000,  0, 0, 0,  2,  Lythe_Songbird
P 893.0000, 1145.0000, 9.0000,  0, 0, 0,  2,  Marus_Kemson
P 942.0000, 1082.0000, 9.0000,  0, 0, 0,  2,  Felisity_Starbright
P 892.0000, 1030.0000, 9.0000,  0, 0, 0,  2,  Sten_Harnak
P 865.0000, 1011.0000, 9.0000,  0, 0, 0,  2,  Artisan_Vivian_Selgan_(Tradeskill_Quests)
P 828.0000, 1029.0000, 9.0000,  0, 0, 0,  2,  Jekel_Enhied
P 912.0000, 1089.0000, 9.0000,  0, 0, 0,  2,  Caskin_Marsheart
P 866.0000, 1129.0000, 40.0000,  0, 0, 0,  2,  Nashia_Lanseb
P 865.0000, 1098.0000, 40.0000,  0, 0, 0,  2,  Ton_Twostring
P 845.0000, 1087.0000, 40.0000,  0, 0, 0,  2,  Inisis_Trimpet_(Bard_Songs)
P 826.0000, 1096.0000, 40.0000,  0, 0, 0,  2,  Lysric_Loresinger_(Bard_Songs)
P 743.0000, 1592.0000, 3.0000,  0, 0, 0,  2,  Winoyn_(Pottery)
P 806.0000, 1363.0000, 3.0000,  0, 0, 0,  2,  Gurb_Smithson_(Pottery)
P 221.0000, 932.0000, 3.0000,  0, 0, 0,  2,  Innkeep_Nasumi
P 238.0000, 931.0000, 3.0000,  0, 0, 0,  2,  Innkeep_Hunter
P 165.0000, 972.0000, 32.0000,  0, 0, 0,  2,  Grendig
P -382.0000, 1293.0000, -55.0000,  0, 0, 0,  2,  Canlan_Talespinner
P -377.0000, 1255.0000, -55.0000,  0, 0, 0,  2,  Palatos_Kynarn
P -368.0000, 1239.0000, -55.0000,  0, 0, 0,  2,  Nesin_Tapper
P -281.0000, 1224.0000, -53.0000,  0, 0, 240,  2,  Xon_Stonehands_(Tribute)
P -130.0000, 1313.0000, -49.0000,  0, 0, 0,  2,  Jerra_Renlock
P -132.0000, 1331.0000, -48.0000,  0, 0, 0,  2,  Quan_Nektogo
P -234.0000, 1322.0000, -59.0000,  0, 0, 0,  2,  Ainla_Yurimar
P -214.0000, 1334.0000, -60.0000,  0, 0, 0,  2,  Harkin_Duskfoot
P -433.0000, 1327.0000, -53.0000,  0, 0, 0,  2,  Celanie_Xtoria
P -440.0000, 1312.0000, -53.0000,  0, 0, 0,  2,  Netuk_Phenzon
P -413.0000, 1256.0000, -54.0000,  0, 0, 0,  2,  Tagus_Wunne_(Shadow_Knight_Spells)
P -426.0000, 1258.0000, -54.0000,  0, 0, 0,  2,  Prasen_Rusgor
P -440.0000, 1254.0000, -54.0000,  0, 0, 0,  2,  Sermio_Capret_(Shadow_Knight_Spells)
P -583.0000, 1272.0000, -53.0000,  0, 0, 0,  2,  Saxarivza_Zaxun
P -612.0000, 1285.0000, -52.0000,  0, 0, 0,  2,  Gren_Frikniller
P -620.0000, 1289.0000, -52.0000,  0, 0, 0,  2,  Elisi_Nasin
P -627.0000, 1434.0000, -52.0000,  0, 0, 0,  2,  Vesagar_Nekio
P -631.0000, 1448.0000, -52.0000,  0, 0, 0,  2,  Brek_Stolrus
P -629.0000, 1459.0000, -52.0000,  0, 0, 0,  2,  Hundle_Quatvel_(Necromancer_Spells)
P -634.0000, 1479.0000, -52.0000,  0, 0, 0,  2,  Miocaei_Herlsas
P -607.0000, 1572.0000, -53.0000,  0, 0, 0,  2,  Nexvok_Thirod
P -557.0000, 1572.0000, -53.0000,  0, 0, 0,  2,  Heneva_Jexsped
P -596.0000, 1504.0000, -53.0000,  0, 0, 0,  2,  Konious_Eranon
P -570.0000, 1528.0000, -53.0000,  0, 0, 0,  2,  Venox_Tarkog
P -500.0000, 1617.0000, -53.0000,  0, 0, 0,  2,  Klan_Smith
P -415.0000, 1573.0000, -54.0000,  0, 0, 0,  2,  Gunex_Eklar
P -382.0000, 1572.0000, -54.0000,  0, 0, 0,  2,  Mika_Fugas
P -350.0000, 1592.0000, -52.0000,  0, 0, 0,  2,  Peku_Croxe
P -335.0000, 1547.0000, -52.0000,  0, 0, 0,  2,  Zenita_D`Rin
P -379.0000, 1510.0000, -53.0000,  0, 0, 0,  2,  Tovan_Tenlah
P -365.0000, 1516.0000, -53.0000,  0, 0, 0,  2,  Zhem_Xecia
P -303.0000, 1480.0000, -52.0000,  0, 0, 0,  2,  Marv_Orilis
P -294.0000, 1465.0000, -52.0000,  0, 0, 0,  2,  Jak_Sindin
P -290.0000, 1462.0000, -52.0000,  0, 0, 0,  2,  Pietro_Zarn
P -356.0000, 1420.0000, -53.0000,  0, 0, 0,  2,  Beur_Tenlah
P -402.0000, 1424.0000, -53.0000,  0, 0, 0,  2,  Nestral_TGaza
P -397.0000, 1442.0000, -53.0000,  0, 0, 0,  2,  Rin_Distlemor
P -456.0000, 1485.0000, -53.0000,  0, 0, 0,  2,  Banor_Raglesin
P -469.0000, 1484.0000, -53.0000,  0, 0, 0,  2,  Mheno_Raveus
P -546.0000, 1470.0000, -53.0000,  0, 0, 0,  2,  Thuzin_Kaver
P -546.0000, 1411.0000, -53.0000,  0, 0, 0,  2,  Xelha_Nevagon
P -577.0000, 1368.0000, -53.0000,  0, 0, 0,  2,  Opal_Darkbriar
P -558.0000, 1354.0000, -53.0000,  0, 0, 0,  2,  Itzia_Vunpe
P -510.0000, 1356.0000, -53.0000,  0, 0, 0,  2,  Verona_Rankin
P -398.0000, 1123.0000, 29.0000,  0, 0, 0,  2,  Captain_Hazran
P -420.0000, 762.0000, 4.0000,  0, 0, 0,  2,  Queloslista_Samautia
P -419.0000, 729.0000, 4.0000,  0, 0, 0,  2,  Ardrian_Zhusius
P -280.0000, 840.0000, 4.0000,  0, 0, 0,  2,  Malalon_Morotia
P -225.0000, 683.0000, 18.0000,  0, 0, 0,  2,  a_Town_Crier
P 696.0000, 423.0000, 5.0000,  0, 0, 0,  2,  Cartographer_Piri
P 651.0000, 475.0000, 5.0000,  0, 0, 0,  2,  a_grubby_rogue
P 618.0000, 472.0000, 5.0000,  0, 0, 0,  2,  Jasmine_Yiur
P 620.0000, 357.0000, 5.0000,  0, 0, 0,  2,  Tanlok_Harson_(Fishing)
P 625.0000, 290.0000, 6.0000,  0, 0, 0,  2,  Iseba_Gargurd_(Fishing)
P 660.0000, 287.0000, 6.0000,  0, 0, 0,  2,  Ilanon_Untitia
P 655.0000, 320.0000, 6.0000,  0, 0, 0,  2,  Tarker_Gargurd_(Fishing)
P 826.0000, 734.0000, 2.0000,  0, 0, 0,  2,  Eriel_Skelytia
P 1036.0000, 1020.0000, 4.0000,  0, 0, 0,  2,  Ennenmol_Tienyius
P 1008.0000, 1001.0000, 15.0000,  0, 0, 0,  2,  a_Town_Crier
P 1111.0000, 1086.0000, 4.0000,  0, 0, 0,  2,  Branis_Noolright
P 1088.0000, 1107.0000, 8.0000,  0, 0, 0,  2,  Talym_Shoontar
P 1119.0000, 1117.0000, 4.0000,  0, 0, 0,  2,  Bronto_Thudfoot
P 1123.0000, 1132.0000, 4.0000,  0, 0, 0,  2,  Lenka_Stoutheart
P 1124.0000, 1146.0000, 4.0000,  0, 0, 0,  2,  Gregor_Nasin
P 1137.0000, 1132.0000, 4.0000,  0, 0, 0,  2,  Henna_Treghost
P 1139.0000, 1168.0000, 4.0000,  0, 0, 0,  2,  Lunce_Nasin
P 836.0000, 612.0000, 3.0000,  0, 0, 240,  2,  Translocator_Setikan
P 946.0000, 591.0000, -1.0000,  0, 0, 0,  2,  Olunea_Miltin
P 818.0000, 99.0000, 4.0000,  0, 0, 0,  2,  Ilyon_Olditia
P 1023.0000, 82.0000, -1.0000,  0, 0, 0,  2,  Brunar_Rankin
P 919.0000, -121.0000, 4.0000,  0, 0, 0,  2,  Ilrion_Schaecius
P 873.0000, -176.0000, 4.0000,  0, 0, 0,  2,  Ennrion_Striesius
P 856.0000, -162.0000, 13.0000,  0, 0, 0,  2,  a_Town_Crier
P 808.0000, -113.0000, 4.0000,  0, 0, 0,  2,  Runthar
P 837.0000, -144.0000, 3.0000,  0, 0, 0,  2,  Malonwen_Kaleius
P 789.0000, -134.0000, 3.0000,  0, 0, 0,  2,  Fabrian
P 783.0000, -164.0000, 4.0000,  0, 0, 0,  2,  Jaleel_Hoglomp
P 794.0000, -176.0000, 3.0000,  0, 0, 0,  2,  Winda_Lylil
P 2222.0000, 639.0000, 63.0000,  0, 0, 240,  2,  Jyve's_Bluff
P 1120.0000, -777.0000, -101.0000,  0, 0, 0,  2,  Driana_Poxsbourne
P 420.0000, -905.0000, -130.0000,  0, 0, 0,  2,  Toxdil_(Poison)
P 306.0000, -718.0000, -75.0000,  0, 0, 0,  2,  Trancil_Clearpond
P 306.0000, -685.0000, -75.0000,  0, 0, 0,  2,  Monia_Oakstone
P 555.0000, -651.0000, -12.0000,  0, 0, 0,  2,  Qukibue_Stisys
P 526.0000, -653.0000, -12.0000,  0, 0, 0,  2,  Ilenarn_Ghaeaus
P 530.0000, -692.0000, -12.0000,  0, 0, 0,  2,  Ennuard_Yetaius
P 528.0000, -713.0000, -12.0000,  0, 0, 0,  2,  Larn_Brugal
P 583.0000, -713.0000, -12.0000,  0, 0, 0,  2,  Brina_Foxtripper
P 586.0000, -691.0000, -12.0000,  0, 0, 0,  2,  Quareran_Borius
P 584.0000, -670.0000, -12.0000,  0, 0, 0,  2,  Eyasie_Dyrius
P 681.0000, -714.0000, -25.0000,  0, 0, 240,  2,  Joffin_Sinclay_(Tasks)
P 740.0000, -688.0000, -25.0000,  0, 0, 0,  2,  Plagus_Ladeson
P 708.0000, -651.0000, -25.0000,  0, 0, 240,  2,  Vun_Winstone_(Tasks)
P 672.0000, -654.0000, -25.0000,  0, 0, 0,  2,  Cain_Darkmoore
P 707.0000, -692.0000, -25.0000,  0, 0, 0,  2,  Tyeg_Envil
P 629.0000, -446.0000, 6.0000,  0, 0, 240,  2,  Freeport_Arena
