L -113.0627, 175.3910, 20.5078,  -113.0615, 184.3604, 22.3858,  0, 240, 0
L -113.0616, 179.4300, 22.3787,  -113.0616, 179.4300, 22.3787,  0, 240, 0
L -113.0623, 178.3528, 20.5078,  -113.0619, 169.8269, 20.5079,  0, 240, 0
L -113.0622, 175.4594, 20.5078,  -113.0617, 178.8108, 20.7317,  0, 240, 0
L -113.0624, 166.3190, 20.5079,  -113.0616, 164.6386, 21.1634,  0, 240, 0
L -113.0619, 165.2276, 20.5081,  -113.0614, 173.9196, 22.3816,  0, 240, 0
L -113.0622, 168.3567, 20.5078,  -113.0623, 165.2283, 20.5078,  0, 240, 0
L -113.0624, 176.3568, 20.5078,  -113.0614, 178.8198, 20.8857,  0, 240, 0
L -113.0624, 178.7968, 20.5078,  -113.0624, 175.3905, 20.5078,  0, 240, 0
L -113.0638, 185.2991, 22.4079,  -113.0615, 180.2510, 22.6943,  0, 240, 0
L -113.0667, 186.8422, 20.7765,  -113.0638, 185.2991, 22.4079,  0, 240, 0
L -113.9528, 188.4941, 20.5079,  -113.0667, 186.8422, 20.7765,  0, 240, 0
L -114.3892, 191.3100, 20.5079,  -113.9528, 188.4941, 20.5079,  0, 240, 0
L -113.9657, 192.9018, 20.8321,  -114.3892, 191.3100, 20.5079,  0, 240, 0
L -112.0236, 193.2005, 21.4802,  -113.9657, 192.9018, 20.8321,  0, 240, 0
L -110.1849, 193.2263, 21.4802,  -112.0236, 193.2005, 21.4802,  0, 240, 0
L -108.9511, 191.7481, 21.4802,  -110.1849, 193.2263, 21.4802,  0, 240, 0
L -108.9509, 189.7837, 21.4802,  -108.9511, 191.7481, 21.4802,  0, 240, 0
L 63.5519, 189.6000, 21.4802,  -108.9509, 189.7837, 21.4802,  0, 240, 0
L 93.2463, 189.5943, 21.4801,  63.5519, 189.6000, 21.4802,  0, 240, 0
L 93.2427, 190.3999, 21.4802,  93.2463, 189.5943, 21.4801,  0, 240, 0
L 93.2407, 191.9901, 21.4802,  93.2427, 190.3999, 21.4802,  0, 240, 0
L 94.7643, 193.2004, 21.4802,  93.2407, 191.9901, 21.4802,  0, 240, 0
L 96.6627, 193.4699, 20.9524,  94.7643, 193.2004, 21.4802,  0, 240, 0
L 98.2394, 193.2918, 20.5079,  96.6627, 193.4699, 20.9524,  0, 240, 0
L 98.6844, 191.7350, 20.5079,  98.2394, 193.2918, 20.5079,  0, 240, 0
L 98.7042, 190.0986, 20.5079,  98.6844, 191.7350, 20.5079,  0, 240, 0
L 97.7242, 188.3655, 20.9524,  98.7042, 190.0986, 20.5079,  0, 240, 0
L 97.2261, 159.1709, 20.5078,  97.7242, 188.3655, 20.9524,  0, 240, 0
L 97.2214, 157.2627, 20.5078,  97.2261, 159.1709, 20.5078,  0, 240, 0
L 123.9020, 157.2655, 20.5078,  97.2214, 157.2627, 20.5078,  0, 240, 0
L 125.6681, 157.2644, 20.5079,  123.9020, 157.2655, 20.5078,  0, 240, 0
L 125.9612, 200.7789, 20.5079,  125.6681, 157.2644, 20.5079,  0, 240, 0
L 125.9653, 202.3666, 20.5078,  125.9612, 200.7789, 20.5079,  0, 240, 0
L 102.2421, 202.3781, 20.5079,  125.9653, 202.3666, 20.5078,  0, 240, 0
L 100.6308, 202.3797, 20.5079,  102.2421, 202.3781, 20.5079,  0, 240, 0
L 98.9958, 201.7556, 20.5079,  100.6308, 202.3797, 20.5079,  0, 240, 0
L 98.6452, 199.9479, 20.5079,  98.9958, 201.7556, 20.5079,  0, 240, 0
L 97.1095, 199.0243, 21.4631,  98.6452, 199.9479, 20.5079,  0, 240, 0
L 95.3140, 199.0085, 21.4802,  97.1095, 199.0243, 21.4631,  0, 240, 0
L 93.4969, 199.3219, 21.4802,  95.3140, 199.0085, 21.4802,  0, 240, 0
L 93.2460, 201.7214, 21.4802,  93.4969, 199.3219, 21.4802,  0, 240, 0
L 93.6411, 203.4567, 21.4802,  93.2460, 201.7214, 21.4802,  0, 240, 0
L 95.0421, 204.8490, 21.4802,  93.6411, 203.4567, 21.4802,  0, 240, 0
L 107.2194, 204.9621, 21.4802,  95.0421, 204.8490, 21.4802,  0, 240, 0
L 109.0608, 204.9669, 21.4802,  107.2194, 204.9621, 21.4802,  0, 240, 0
L 109.4632, 268.3131, 21.4802,  109.0608, 204.9669, 21.4802,  0, 240, 0
L 109.4639, 270.1947, 21.4802,  109.4632, 268.3131, 21.4802,  0, 240, 0
L 101.0698, 270.6909, 21.4802,  109.4639, 270.1947, 21.4802,  0, 240, 0
L 97.1358, 270.6237, 21.4802,  101.0698, 270.6909, 21.4802,  0, 240, 0
L 95.2952, 270.7509, 21.4802,  97.1358, 270.6237, 21.4802,  0, 240, 0
L 93.6633, 271.9055, 21.4802,  95.2952, 270.7509, 21.4802,  0, 240, 0
L 93.2573, 274.8982, 21.4802,  93.6633, 271.9055, 21.4802,  0, 240, 0
L 93.6501, 276.4891, 21.4802,  93.2573, 274.8982, 21.4802,  0, 240, 0
L 95.5815, 276.7430, 21.4802,  93.6501, 276.4891, 21.4802,  0, 240, 0
L 97.3742, 276.7437, 20.9524,  95.5815, 276.7430, 21.4802,  0, 240, 0
L 98.6959, 275.2607, 20.5079,  97.3742, 276.7437, 20.9524,  0, 240, 0
L 98.6960, 273.3871, 20.5079,  98.6959, 275.2607, 20.5079,  0, 240, 0
L 124.1703, 273.3328, 20.5079,  98.6960, 273.3871, 20.5079,  0, 240, 0
L 125.7283, 273.3299, 20.5079,  124.1703, 273.3328, 20.5079,  0, 240, 0
L 125.9616, 316.5612, 20.5079,  125.7283, 273.3299, 20.5079,  0, 240, 0
L 125.9640, 318.3115, 20.5079,  125.9616, 316.5612, 20.5079,  0, 240, 0
L 99.5345, 318.4288, 20.5078,  125.9640, 318.3115, 20.5079,  0, 240, 0
L 97.5706, 318.4299, 20.5078,  99.5345, 318.4288, 20.5078,  0, 240, 0
L 97.2245, 290.6954, 20.5079,  97.5706, 318.4299, 20.5078,  0, 240, 0
L 97.2239, 288.9973, 20.5079,  97.2245, 290.6954, 20.5079,  0, 240, 0
L 97.9200, 287.3669, 20.5079,  97.2239, 288.9973, 20.5079,  0, 240, 0
L 98.6960, 286.1437, 20.5079,  97.9200, 287.3669, 20.5079,  0, 240, 0
L 98.7381, 284.2712, 20.5079,  98.6960, 286.1437, 20.5079,  0, 240, 0
L 98.0600, 282.7000, 21.2562,  98.7381, 284.2712, 20.5079,  0, 240, 0
L 96.1639, 282.4817, 21.4802,  98.0600, 282.7000, 21.2562,  0, 240, 0
L 94.2186, 282.5775, 21.4802,  96.1639, 282.4817, 21.4802,  0, 240, 0
L 93.2598, 284.1173, 21.4802,  94.2186, 282.5775, 21.4802,  0, 240, 0
L 93.2603, 286.0440, 21.4801,  93.2598, 284.1173, 21.4802,  0, 240, 0
L 51.5786, 286.0385, 21.4802,  93.2603, 286.0440, 21.4801,  0, 240, 0
L 21.7910, 286.0440, 21.4802,  51.5786, 286.0385, 21.4802,  0, 240, 0
L 21.7910, 286.0440, 21.4802,  21.7910, 286.0440, 21.4802,  0, 240, 0
L 105.7509, 233.1062, -0.7624,  110.3874, 233.4354, -0.7624,  0, 0, 0
L 110.3874, 233.4354, -0.7624,  113.1011, 233.5187, -0.7624,  0, 0, 0
L 113.1011, 233.5187, -0.7624,  112.9145, 242.0501, -0.7624,  0, 0, 0
L 112.9145, 242.0501, -0.7624,  110.9202, 242.0515, -0.7624,  0, 0, 0
L 110.9202, 242.0515, -0.7624,  109.1868, 242.5696, -0.7624,  0, 0, 0
L 109.1868, 242.5696, -0.7624,  107.3127, 242.5715, -0.7624,  0, 0, 0
L 107.3127, 242.5715, -0.7624,  101.1207, 242.9067, -0.7624,  0, 0, 0
L 101.1207, 242.9067, -0.7624,  100.8300, 244.7239, 0.2376,  0, 0, 0
L 100.8300, 244.7239, 0.2376,  100.5543, 267.1057, 3.8558,  0, 240, 0
L 100.5543, 267.1057, 3.8558,  98.7630, 267.1017, 3.8558,  0, 240, 0
L 98.7630, 267.1017, 3.8558,  88.7311, 267.1985, 4.7357,  0, 240, 0
L 88.7311, 267.1985, 4.7357,  88.0131, 267.7226, 4.9642,  0, 240, 0
L 87.6922, 267.7226, 5.0676,  87.3687, 267.7226, 5.1722,  0, 240, 0
L 88.6988, 267.2355, 4.7616,  89.5687, 267.1079, 4.4858,  0, 240, 0
L 80.6175, 267.7387, 7.2823,  80.5587, 267.7387, 7.3013,  0, 240, 0
L 88.1833, 267.7192, 4.9255,  79.3626, 267.7329, 7.7118,  0, 240, 0
L 52.9647, 267.1080, 16.1457,  61.5734, 267.4624, 13.6494,  0, 240, 0
L 61.5734, 267.4624, 13.6494,  63.3697, 267.7167, 12.9540,  0, 240, 0
L 63.3697, 267.7167, 12.9540,  65.6697, 267.3706, 12.4011,  0, 240, 0
L 65.6697, 267.3706, 12.4011,  67.3986, 267.6887, 11.9176,  0, 240, 0
L 67.3986, 267.6887, 11.9176,  69.3408, 267.7054, 11.0725,  0, 240, 0
L 69.3408, 267.7054, 11.0725,  72.1878, 267.7517, 9.9619,  0, 240, 0
L 72.1878, 267.7517, 9.9619,  74.1812, 267.7299, 9.3945,  0, 240, 0
L 74.1812, 267.7299, 9.3945,  76.3024, 267.7296, 8.7160,  0, 240, 0
L 76.3024, 267.7296, 8.7160,  78.0322, 267.4973, 8.1188,  0, 240, 0
L 78.0322, 267.4973, 8.1188,  86.5147, 267.7204, 5.4590,  0, 240, 0
L 53.5934, 270.7191, 21.4802,  75.5942, 270.5848, 21.4775,  0, 240, 0
L 75.5942, 270.5848, 21.4775,  77.2466, 269.8135, 21.4802,  0, 240, 0
L 77.2466, 269.8135, 21.4802,  79.1619, 269.9802, 21.4802,  0, 240, 0
L 79.1619, 269.9802, 21.4802,  80.9808, 270.4465, 21.4802,  0, 240, 0
L 80.9808, 270.4465, 21.4802,  82.5146, 269.5426, 21.4802,  0, 240, 0
L 82.5146, 269.5426, 21.4802,  83.2562, 268.0341, 21.4802,  0, 240, 0
L 83.2562, 268.0341, 21.4802,  83.8595, 266.1436, 21.4802,  0, 240, 0
L 83.8595, 266.1436, 21.4802,  84.1373, 264.1740, 21.4802,  0, 240, 0
L 84.1373, 264.1740, 21.4802,  83.6586, 258.4594, 21.4786,  0, 240, 0
L 83.6586, 258.4594, 21.4786,  83.3354, 256.4935, 21.4802,  0, 240, 0
L 83.3354, 256.4935, 21.4802,  83.6365, 254.4386, 21.4802,  0, 240, 0
L 83.6365, 254.4386, 21.4802,  84.2800, 252.7265, 21.4802,  0, 240, 0
L 84.2800, 252.7265, 21.4802,  84.2799, 250.9118, 21.4802,  0, 240, 0
L 84.2799, 250.9118, 21.4802,  83.7878, 219.9571, 21.4783,  0, 240, 0
L 83.7878, 219.9571, 21.4783,  83.3956, 218.1994, 21.4802,  0, 240, 0
L 83.3956, 218.1994, 21.4802,  83.8930, 216.2615, 21.4802,  0, 240, 0
L 83.8930, 216.2615, 21.4802,  83.4046, 207.5002, 21.4802,  0, 240, 0
L 83.4046, 207.5002, 21.4802,  82.7618, 205.6182, 21.4802,  0, 240, 0
L 82.7618, 205.6182, 21.4802,  81.1447, 204.6358, 21.4802,  0, 240, 0
L 81.1447, 204.6358, 21.4802,  79.2549, 204.9343, 21.4802,  0, 240, 0
L 79.2549, 204.9343, 21.4802,  77.2278, 205.0861, 21.4798,  0, 240, 0
L 77.2278, 205.0861, 21.4798,  75.3685, 204.5269, 21.4802,  0, 240, 0
L 75.3685, 204.5269, 21.4802,  75.5584, 204.1786, 21.4802,  0, 240, 0
L 75.5584, 204.1786, 21.4802,  45.7592, 204.2422, 21.4802,  0, 240, 0
L 45.7592, 204.2422, 21.4802,  39.9752, 204.2506, 21.4803,  0, 240, 0
L 39.9752, 204.2506, 21.4803,  37.8543, 205.1709, 21.4802,  0, 240, 0
L 37.8543, 205.1709, 21.4802,  35.9044, 204.2355, 21.4788,  0, 240, 0
L 35.9044, 204.2355, 21.4788,  35.8632, 202.3526, 21.4802,  0, 240, 0
L 35.8632, 202.3526, 21.4802,  37.1986, 200.8969, 21.4802,  0, 240, 0
L 37.1986, 200.8969, 21.4802,  39.1941, 200.9026, 21.4802,  0, 240, 0
L 39.1941, 200.9026, 21.4802,  40.1161, 201.8280, 21.4802,  0, 240, 0
L 40.1161, 201.8280, 21.4802,  69.8855, 201.7646, 21.4802,  0, 240, 0
L 69.8855, 201.7646, 21.4802,  75.6174, 201.4981, 21.4767,  0, 240, 0
L 75.6174, 201.4981, 21.4767,  77.4984, 200.8273, 21.4802,  0, 240, 0
L 77.4984, 200.8273, 21.4802,  79.4703, 201.1047, 21.4802,  0, 240, 0
L 79.4703, 201.1047, 21.4802,  81.2914, 201.8899, 21.4802,  0, 240, 0
L 81.2914, 201.8899, 21.4802,  82.9475, 202.8934, 21.4802,  0, 240, 0
L 82.9475, 202.8934, 21.4802,  84.8132, 204.0824, 21.4802,  0, 240, 0
L 84.8132, 204.0824, 21.4802,  85.3924, 205.7441, 21.4802,  0, 240, 0
L 85.3924, 205.7441, 21.4802,  85.9313, 207.4350, 21.4802,  0, 240, 0
L 85.9313, 207.4350, 21.4802,  86.5564, 209.3946, 21.4802,  0, 240, 0
L 86.5564, 209.3946, 21.4802,  86.5281, 211.1674, 21.4802,  0, 240, 0
L 86.5281, 211.1674, 21.4802,  87.0278, 216.1918, 21.4814,  0, 240, 0
L 87.0278, 216.1918, 21.4814,  87.5480, 218.0686, 21.4816,  0, 240, 0
L 87.5480, 218.0686, 21.4816,  87.1650, 219.9867, 21.4822,  0, 240, 0
L 87.1650, 219.9867, 21.4822,  86.6871, 258.8774, 21.4832,  0, 240, 0
L 86.6871, 258.8774, 21.4832,  86.5941, 260.8137, 21.4802,  0, 240, 0
L 86.5941, 260.8137, 21.4802,  86.1287, 267.0121, 21.4802,  0, 240, 0
L 86.1287, 267.0121, 21.4802,  85.5358, 268.8757, 21.4802,  0, 240, 0
L 85.5358, 268.8757, 21.4802,  84.9372, 270.7179, 21.4802,  0, 240, 0
L 84.9372, 270.7179, 21.4802,  83.4447, 271.9902, 21.4802,  0, 240, 0
L 83.4447, 271.9902, 21.4802,  81.7356, 272.8166, 21.4802,  0, 240, 0
L 81.7356, 272.8166, 21.4802,  79.8867, 273.3150, 21.4802,  0, 240, 0
L 79.8867, 273.3150, 21.4802,  78.3140, 274.1096, 21.4802,  0, 240, 0
L 78.3140, 274.1096, 21.4802,  76.4383, 274.0826, 21.4786,  0, 240, 0
L 76.4383, 274.0826, 21.4786,  74.7079, 273.1978, 21.4802,  0, 240, 0
L 74.7079, 273.1978, 21.4802,  72.7726, 273.1943, 21.4802,  0, 240, 0
L 72.7726, 273.1943, 21.4802,  39.9820, 273.1370, 21.4821,  0, 240, 0
L 39.9820, 273.1370, 21.4821,  38.4116, 274.0545, 21.4802,  0, 240, 0
L 38.4116, 274.0545, 21.4802,  36.4255, 274.1398, 21.4802,  0, 240, 0
L 36.4255, 274.1398, 21.4802,  35.8682, 272.2347, 21.4802,  0, 240, 0
L 35.8682, 272.2347, 21.4802,  35.7783, 270.3258, 21.4802,  0, 240, 0
L 35.7783, 270.3258, 21.4802,  37.5494, 269.7686, 21.4802,  0, 240, 0
L 37.5494, 269.7686, 21.4802,  39.5279, 270.0109, 21.4819,  0, 240, 0
L 39.5279, 270.0109, 21.4819,  41.3851, 270.6844, 21.4802,  0, 240, 0
L 41.3851, 270.6844, 21.4802,  43.2820, 270.6893, 21.4802,  0, 240, 0
L 43.2820, 270.6893, 21.4802,  56.5603, 270.7273, 21.4802,  0, 240, 0
L 3.0140, 273.1313, 21.4802,  -26.8246, 273.1348, 21.4802,  0, 240, 0
L -26.8246, 273.1348, 21.4802,  -38.6237, 273.2495, 21.4838,  0, 240, 0
L -38.6237, 273.2495, 21.4838,  -40.2896, 274.0384, 21.4802,  0, 240, 0
L -40.2896, 274.0384, 21.4802,  -42.2533, 273.8447, 21.4802,  0, 240, 0
L -42.2533, 273.8447, 21.4802,  -44.0821, 273.1328, 21.4802,  0, 240, 0
L -44.0821, 273.1328, 21.4802,  -46.0366, 273.1338, 21.4802,  0, 240, 0
L -46.0366, 273.1338, 21.4802,  -51.2987, 273.3946, 21.4819,  0, 240, 0
L -51.2987, 273.3946, 21.4819,  -53.1523, 274.1413, 21.4802,  0, 240, 0
L -53.1523, 274.1413, 21.4802,  -55.0489, 273.5889, 21.4795,  0, 240, 0
L -55.0489, 273.5889, 21.4795,  -56.9508, 273.1334, 21.4802,  0, 240, 0
L -56.9508, 273.1334, 21.4802,  -58.9254, 273.1340, 21.4802,  0, 240, 0
L -58.9254, 273.1340, 21.4802,  -90.8360, 273.1315, 21.4802,  0, 240, 0
L -90.8360, 273.1315, 21.4802,  -92.5090, 274.0844, 21.4788,  0, 240, 0
L -92.5090, 274.0844, 21.4788,  -94.4591, 273.9832, 21.4789,  0, 240, 0
L -94.4591, 273.9832, 21.4789,  -96.1175, 273.2065, 21.4802,  0, 240, 0
L -96.1175, 273.2065, 21.4802,  -98.3282, 272.2281, 21.4802,  0, 240, 0
L -98.3282, 272.2281, 21.4802,  -100.0263, 271.2261, 21.4802,  0, 240, 0
L -100.0263, 271.2261, 21.4802,  -100.9238, 269.5101, 21.4802,  0, 240, 0
L -100.9238, 269.5101, 21.4802,  -101.4922, 267.7304, 21.4802,  0, 240, 0
L -101.4922, 267.7304, 21.4802,  -102.1671, 265.6003, 21.4802,  0, 240, 0
L -102.1671, 265.6003, 21.4802,  -102.1577, 263.7912, 21.4802,  0, 240, 0
L -102.1577, 263.7912, 21.4802,  -102.6463, 258.3566, 21.4784,  0, 240, 0
L -102.6463, 258.3566, 21.4784,  -102.9188, 256.4377, 21.4802,  0, 240, 0
L -102.9188, 256.4377, 21.4802,  -102.2971, 254.5587, 21.4802,  0, 240, 0
L -102.2971, 254.5587, 21.4802,  -102.2989, 252.5748, 21.4802,  0, 240, 0
L -102.2989, 252.5748, 21.4802,  -102.7943, 219.3796, 21.4785,  0, 240, 0
L -102.7943, 219.3796, 21.4785,  -102.8329, 217.4802, 21.4802,  0, 240, 0
L -102.8329, 217.4802, 21.4802,  -102.2005, 215.6888, 21.4802,  0, 240, 0
L -102.2005, 215.6888, 21.4802,  -102.1200, 213.7922, 21.4802,  0, 240, 0
L -102.1200, 213.7922, 21.4802,  -101.6260, 207.6078, 21.4802,  0, 240, 0
L -101.6260, 207.6078, 21.4802,  -101.0270, 205.8850, 21.4802,  0, 240, 0
L -101.0270, 205.8850, 21.4802,  -100.4735, 204.1729, 21.4802,  0, 240, 0
L -100.4735, 204.1729, 21.4802,  -98.9739, 203.1565, 21.4802,  0, 240, 0
L -98.9739, 203.1565, 21.4802,  -97.4175, 202.2100, 21.4802,  0, 240, 0
L -97.4175, 202.2100, 21.4802,  -95.5393, 201.7533, 21.4802,  0, 240, 0
L -95.5393, 201.7533, 21.4802,  -94.1457, 200.8754, 21.4764,  0, 240, 0
L -94.1457, 200.8754, 21.4764,  -92.2691, 200.8364, 21.4809,  0, 240, 0
L -92.2691, 200.8364, 21.4809,  -90.6005, 201.8312, 21.4802,  0, 240, 0
L -90.6005, 201.8312, 21.4802,  -88.7061, 201.8298, 21.4802,  0, 240, 0
L -88.7061, 201.8298, 21.4802,  -55.2735, 201.8327, 21.4802,  0, 240, 0
L -55.2735, 201.8327, 21.4802,  -53.7071, 200.8433, 21.4802,  0, 240, 0
L -53.7071, 200.8433, 21.4802,  -51.7167, 200.9202, 21.4802,  0, 240, 0
L -51.7167, 200.9202, 21.4802,  -49.9673, 201.8297, 21.4802,  0, 240, 0
L -49.9673, 201.8297, 21.4802,  -48.2284, 201.8294, 21.4802,  0, 240, 0
L -48.2284, 201.8294, 21.4802,  -42.6381, 201.6380, 21.4765,  0, 240, 0
L -42.6381, 201.6380, 21.4765,  -40.9272, 200.8758, 21.4802,  0, 240, 0
L -40.9272, 200.8758, 21.4802,  -39.0808, 201.0275, 21.4810,  0, 240, 0
L -39.0808, 201.0275, 21.4810,  -37.3532, 201.8304, 21.4802,  0, 240, 0
L -37.3532, 201.8304, 21.4802,  -35.4042, 201.8298, 21.4802,  0, 240, 0
L -35.4042, 201.8298, 21.4802,  23.3083, 201.7757, 21.4772,  0, 240, 0
L 23.3083, 201.7757, 21.4772,  24.9488, 200.6868, 21.4802,  0, 240, 0
L 24.9488, 200.6868, 21.4802,  26.8400, 201.0031, 21.4816,  0, 240, 0
L 26.8400, 201.0031, 21.4816,  27.4190, 202.7367, 21.4805,  0, 240, 0
L 27.4190, 202.7367, 21.4805,  27.1993, 204.6818, 21.4818,  0, 240, 0
L 27.1993, 204.6818, 21.4818,  26.4666, 206.3032, 21.4802,  0, 240, 0
L 26.4666, 206.3032, 21.4802,  26.4668, 208.2056, 21.1280,  0, 240, 0
L 26.4668, 208.2056, 21.1280,  26.9551, 217.7879, 20.7407,  0, 240, 0
L 26.9551, 217.7879, 20.7407,  28.8752, 217.7865, 20.7407,  0, 240, 0
L 28.8752, 217.7865, 20.7407,  88.0587, 217.7687, 4.9783,  0, 240, 0
L 88.0587, 217.7687, 4.9783,  91.7701, 217.0635, 3.8678,  0, 240, 0
L 91.7701, 217.0635, 3.8678,  92.6930, 218.6045, 3.8678,  0, 240, 0
L 92.6930, 218.6045, 3.8678,  93.0637, 220.2777, 3.6538,  0, 240, 0
L 93.0637, 220.2777, 3.6538,  92.9002, 232.1991, -0.7623,  0, 240, 0
L 92.9002, 232.1991, -0.7623,  92.9002, 232.1991, -0.7623,  0, 240, 0
L 92.9002, 232.1991, -0.7623,  89.9634, 233.5155, -0.7624,  0, 0, 0
L 89.9634, 233.5155, -0.7624,  88.1318, 233.6053, -0.7624,  0, 0, 0
L 88.1318, 233.6053, -0.7624,  86.3094, 233.3390, -0.7624,  0, 0, 0
L 86.3094, 233.3390, -0.7624,  85.9398, 231.4153, -0.7624,  0, 0, 0
L 85.9398, 231.4153, -0.7624,  86.3323, 226.7563, -0.7624,  0, 0, 0
L 86.3323, 226.7563, -0.7624,  88.0286, 225.7682, -0.7624,  0, 0, 0
L 88.0286, 225.7682, -0.7624,  88.0277, 224.0324, -0.7624,  0, 0, 0
L 88.0277, 224.0324, -0.7624,  87.5785, 220.7739, -0.7624,  0, 0, 0
L 87.5785, 220.7739, -0.7624,  85.9835, 220.7736, -0.7624,  0, 0, 0
L 26.6244, 220.7124, -0.7624,  24.5280, 220.2218, -0.7624,  0, 0, 0
L 24.5280, 220.2218, -0.7624,  24.2878, 218.4828, -0.7624,  0, 0, 0
L 24.2878, 218.4828, -0.7624,  24.2934, 212.9539, -0.7624,  0, 0, 0
L 26.2612, 220.7124, -0.7624,  55.7935, 220.7374, -0.7624,  0, 0, 0
L 55.7935, 220.7374, -0.7624,  88.0019, 220.7744, -0.7656,  0, 0, 0
L 88.0019, 220.7744, -0.7656,  86.0293, 220.7684, -0.7624,  0, 0, 0
L 24.2931, 213.5363, -0.7624,  24.7828, 204.1591, -0.7624,  0, 0, 0
L 24.7828, 204.1591, -0.7624,  25.0311, 202.2540, -0.7624,  0, 0, 0
L 25.0311, 202.2540, -0.7624,  25.5326, 200.3214, -0.7624,  0, 0, 0
L 25.5326, 200.3214, -0.7624,  27.4832, 200.0864, -0.7624,  0, 0, 0
L 27.4832, 200.0864, -0.7624,  29.4645, 200.0903, -0.7624,  0, 0, 0
L 29.4645, 200.0903, -0.7624,  34.0122, 200.3186, -0.7624,  0, 0, 0
L 34.0122, 200.3186, -0.7624,  34.5048, 202.2036, -0.7624,  0, 0, 0
L 34.5048, 202.2036, -0.7624,  34.5023, 203.9798, -0.7624,  0, 0, 0
L 34.5023, 203.9798, -0.7624,  64.2297, 203.9748, -0.7624,  0, 0, 0
L 64.2297, 203.9748, -0.7624,  87.6965, 204.0425, -0.8698,  0, 0, 0
L 87.6965, 204.0425, -0.8698,  87.8393, 204.0072, -0.7667,  0, 0, 0
L 87.8392, 204.0072, -0.7667,  88.0298, 189.5305, -0.7624,  0, 0, 0
L 88.0298, 189.5305, -0.7624,  60.5564, 189.6086, -0.7624,  0, 0, 0
L 60.5564, 189.6086, -0.7624,  59.6061, 191.2947, -0.7624,  0, 0, 0
L 59.6061, 191.2947, -0.7624,  58.1684, 191.3199, -0.7624,  0, 0, 0
L 58.1684, 191.3199, -0.7624,  52.5570, 190.9764, -0.7624,  0, 0, 0
L 52.5570, 190.9764, -0.7624,  52.0040, 189.3043, -0.7624,  0, 0, 0
L 52.0040, 189.3043, -0.7624,  52.1509, 187.3115, 0.1904,  0, 0, 0
L 52.1509, 187.3115, 0.1904,  52.6383, 182.1168, 0.1913,  0, 0, 0
L 52.6383, 182.1168, 0.1913,  54.4162, 181.2739, 0.1913,  0, 0, 0
L 54.4162, 181.2739, 0.1913,  54.3655, 179.4985, 0.1913,  0, 0, 0
L 54.3655, 179.4985, 0.1913,  53.8992, 164.7270, 0.1913,  0, 0, 0
L 53.8992, 164.7270, 0.1913,  53.1330, 162.8942, 0.1913,  0, 0, 0
L 53.1330, 162.8942, 0.1913,  52.8320, 160.9842, 0.1913,  0, 0, 0
L 52.8320, 160.9842, 0.1913,  52.6165, 158.9501, 0.1913,  0, 0, 0
L 52.6165, 158.9501, 0.1913,  52.5790, 159.2560, 0.1913,  0, 0, 0
L 52.5804, 159.2321, 0.1913,  53.0772, 156.0330, -0.7358,  255, 0, 123
L 53.0772, 156.0330, -0.7358,  53.7351, 154.1587, -1.6475,  255, 0, 123
L 53.7351, 154.1587, -1.6475,  54.5393, 152.5794, -2.0816,  255, 0, 123
L 54.5393, 152.5794, -2.0816,  55.6612, 150.9253, -2.8407,  255, 0, 123
L 55.6612, 150.9253, -2.8407,  56.9685, 149.6145, -3.3864,  255, 0, 123
L 56.9685, 149.6145, -3.3864,  58.3904, 148.3125, -4.4804,  255, 0, 123
L 58.3904, 148.3125, -4.4804,  59.9400, 147.5845, -5.1541,  255, 0, 123
L 59.9400, 147.5845, -5.1541,  61.8175, 146.6689, -5.3615,  255, 0, 123
L 61.8175, 146.6689, -5.3615,  63.7088, 146.3651, -6.4869,  255, 0, 123
L 63.7088, 146.3651, -6.4869,  65.9731, 146.0579, -6.7308,  255, 0, 123
L 65.9731, 146.0579, -6.7308,  67.4875, 146.2919, -7.1744,  255, 0, 123
L 67.4875, 146.2919, -7.1744,  69.9646, 146.6844, -8.0392,  255, 0, 123
L 69.9646, 146.6844, -8.0392,  71.5899, 147.5354, -9.4021,  255, 0, 123
L 71.5899, 147.5354, -9.4021,  73.5550, 148.5486, -9.7641,  255, 0, 123
L 73.5550, 148.5486, -9.7641,  74.8819, 149.8345, -10.2016,  255, 0, 123
L 74.8819, 149.8345, -10.2016,  76.4805, 151.4504, -11.8010,  255, 0, 123
L 76.4805, 151.4504, -11.8010,  77.3262, 153.0459, -12.4747,  255, 0, 123
L 77.3262, 153.0459, -12.4747,  78.1809, 154.7199, -12.4747,  255, 0, 123
L 78.1809, 154.7199, -12.4747,  78.5873, 156.2607, -13.1484,  255, 0, 123
L 78.5873, 156.2607, -13.1484,  78.8941, 158.1932, -13.4415,  255, 0, 123
L 78.8941, 158.1932, -13.4415,  78.4234, 163.3398, -15.3620,  255, 0, 123
L 78.4234, 163.3398, -15.3620,  77.6167, 164.9550, -16.0152,  255, 0, 123
L 77.6167, 164.9550, -16.0152,  76.5837, 166.9756, -17.0048,  255, 0, 123
L 76.5837, 166.9756, -17.0048,  75.2238, 168.3793, -18.3128,  255, 0, 123
L 75.2238, 168.3793, -18.3128,  73.6411, 169.9518, -19.1328,  255, 0, 123
L 73.6411, 169.9518, -19.1328,  71.8788, 170.8841, -19.1731,  255, 0, 123
L 71.8788, 170.8841, -19.1731,  70.0167, 171.8252, -19.8605,  255, 0, 123
L 70.0167, 171.8252, -19.8605,  68.2166, 172.1512, -21.1390,  255, 0, 123
L 68.2166, 172.1512, -21.1390,  65.9449, 172.5028, -21.7945,  255, 0, 123
L 65.9449, 172.5028, -21.7945,  61.6768, 172.1509, -23.2953,  255, 0, 123
L 61.6768, 172.1509, -23.2953,  60.1197, 171.0727, -23.2953,  255, 0, 123
L 60.1197, 171.0727, -23.2953,  58.5252, 170.2599, -24.0544,  255, 0, 123
L 58.5252, 170.2599, -24.0544,  57.0217, 169.1249, -24.8135,  255, 0, 123
L 57.0217, 169.1249, -24.8135,  56.0401, 168.0236, -24.9499,  255, 0, 123
L 56.0401, 168.0236, -24.9499,  54.6847, 166.6079, -26.4533,  255, 0, 123
L 54.6847, 166.6079, -26.4533,  53.9396, 164.8073, -26.9026,  255, 0, 123
L 53.9396, 164.8073, -26.9026,  53.1505, 162.9832, -27.2629,  255, 0, 123
L 53.1505, 162.9832, -27.2629,  52.8716, 161.2366, -28.4597,  255, 0, 123
L 52.8716, 161.2366, -28.4597,  53.3327, 117.0688, -32.3712,  255, 0, 123
L 53.3327, 117.0688, -32.3712,  54.9315, 116.6126, -32.3712,  255, 0, 123
L 54.9315, 116.6126, -32.3712,  56.5763, 117.7418, -32.3712,  255, 0, 123
L 56.5763, 117.7418, -32.3712,  58.3667, 117.8423, -32.3712,  255, 0, 123
L 58.3667, 117.8423, -32.3712,  59.4362, 119.4100, -32.3712,  255, 0, 123
L 59.4362, 119.4100, -32.3712,  61.1665, 119.4071, -32.3712,  255, 0, 123
L 61.1665, 119.4071, -32.3712,  83.8037, 119.2657, -32.3712,  255, 0, 123
L 83.8037, 119.2657, -32.3712,  83.8009, 117.3400, -32.3712,  255, 0, 123
L 83.8009, 117.3400, -32.3712,  83.4694, 42.2710, -32.3712,  255, 0, 123
L 83.4694, 42.2710, -32.3712,  81.5716, 42.2723, -32.3712,  255, 0, 123
L 81.5716, 42.2723, -32.3712,  47.2904, 42.2604, -32.3712,  255, 0, 123
L 47.2904, 42.2604, -32.3712,  46.5223, 40.7669, -32.3712,  255, 0, 123
L 46.5223, 40.7669, -32.3712,  46.4740, 38.8022, -32.3712,  255, 0, 123
L 46.4740, 38.8022, -32.3712,  46.9628, 36.7803, -32.3712,  255, 0, 123
L 46.9628, 36.7803, -32.3712,  48.6900, 36.5062, -31.3922,  255, 0, 123
L 48.6900, 36.5062, -31.3922,  49.9692, 34.9927, -31.3922,  255, 0, 123
L 49.9692, 34.9927, -31.3922,  49.9676, 33.0229, -31.3922,  255, 0, 123
L 49.9676, 33.0229, -31.3922,  49.4850, 26.5344, -31.3922,  255, 0, 123
L 49.4850, 26.5344, -31.3922,  47.4942, 26.5151, -31.4626,  255, 0, 123
L 47.4942, 26.5151, -31.4626,  46.4967, 25.1595, -32.3712,  255, 0, 123
L 46.4967, 25.1595, -32.3712,  46.3846, 23.2477, -32.3712,  255, 0, 123
L 46.3846, 23.2477, -32.3712,  46.8830, 17.7742, -32.3712,  255, 0, 123
L 46.8830, 17.7742, -32.3712,  48.8028, 17.3608, -31.4188,  255, 0, 123
L 48.8028, 17.3608, -31.4188,  49.9677, 15.9721, -31.4188,  255, 0, 123
L 49.9677, 15.9721, -31.4188,  49.9688, 13.9796, -31.4188,  255, 0, 123
L 49.9688, 13.9796, -31.4188,  49.5452, 7.4765, -31.4188,  255, 0, 123
L 49.5452, 7.4765, -31.4188,  47.5758, 7.4776, -31.4188,  255, 0, 123
L 47.5758, 7.4776, -31.4188,  46.5157, 6.0334, -32.3712,  255, 0, 123
L 46.5157, 6.0334, -32.3712,  46.1621, 4.1254, -32.3712,  255, 0, 123
L 46.1621, 4.1254, -32.3712,  44.3964, 4.1262, -32.3712,  255, 0, 123
L 44.3964, 4.1262, -32.3712,  42.5965, 3.9173, -32.3712,  255, 0, 123
L 42.5965, 3.9173, -32.3712,  41.7633, 2.1330, -31.3922,  255, 0, 123
L 41.7633, 2.1330, -31.3922,  40.7313, 0.6888, -31.3922,  255, 0, 123
L 40.7313, 0.6888, -31.3922,  38.8531, 0.2363, -31.3922,  255, 0, 123
L 38.8531, 0.2363, -31.3922,  36.9379, 0.2360, -31.3922,  255, 0, 123
L 36.9379, 0.2360, -31.3922,  29.9887, 0.5836, -31.3922,  255, 0, 123
L 29.9887, 0.5836, -31.3922,  28.5364, 1.6562, -31.3922,  255, 0, 123
L 28.5364, 1.6562, -31.3922,  28.3154, 3.6354, -31.7590,  255, 0, 123
L 28.3154, 3.6354, -31.7590,  26.5032, 4.1231, -32.3712,  255, 0, 123
L 26.5032, 4.1231, -32.3712,  24.7995, 4.1272, -32.3712,  255, 0, 123
L 24.7995, 4.1272, -32.3712,  17.7833, 3.8609, -32.3712,  255, 0, 123
L 17.7833, 3.8609, -32.3712,  16.9639, 2.0912, -31.3923,  255, 0, 123
L 16.9639, 2.0912, -31.3923,  15.8499, 0.4579, -31.3923,  255, 0, 123
L 15.8499, 0.4579, -31.3923,  14.0221, 0.2368, -31.3923,  255, 0, 123
L 14.0221, 0.2368, -31.3923,  12.2053, 0.2370, -31.3923,  255, 0, 123
L 12.2053, 0.2370, -31.3923,  5.3097, 0.5468, -31.3923,  255, 0, 123
L 5.3097, 0.5468, -31.3923,  3.7862, 1.7018, -31.3923,  255, 0, 123
L 3.7862, 1.7018, -31.3923,  3.5571, 3.6663, -32.3712,  255, 0, 123
L 3.5571, 3.6663, -32.3712,  1.6727, 4.2892, -32.3712,  255, 0, 123
L 1.6727, 4.2892, -32.3712,  -0.1032, 4.1273, -32.3712,  255, 0, 123
L -0.1032, 4.1273, -32.3712,  -0.5444, 5.9101, -32.3712,  255, 0, 123
L -0.5444, 5.9101, -32.3712,  -1.4532, 7.4395, -32.3712,  255, 0, 123
L -1.4532, 7.4395, -32.3712,  -3.2068, 7.7414, -31.3922,  255, 0, 123
L -3.2068, 7.7414, -31.3922,  -4.1121, 9.3992, -31.3922,  255, 0, 123
L -4.1121, 9.3992, -31.3922,  -4.1113, 11.1398, -31.3922,  255, 0, 123
L -4.1113, 11.1398, -31.3922,  -3.6400, 17.4356, -31.3922,  255, 0, 123
L -3.6400, 17.4356, -31.3922,  -1.7606, 17.4345, -31.3922,  255, 0, 123
L -1.7606, 17.4345, -31.3922,  -0.5215, 18.7740, -32.3712,  255, 0, 123
L -0.5215, 18.7740, -32.3712,  -0.4236, 20.3678, -32.3712,  255, 0, 123
L -0.4236, 20.3678, -32.3712,  -0.8963, 26.2265, -32.3712,  255, 0, 123
L -0.8963, 26.2265, -32.3712,  -2.5449, 26.6414, -31.3926,  255, 0, 123
L -2.5449, 26.6414, -31.3926,  -4.1131, 27.8657, -31.3922,  255, 0, 123
L -4.1131, 27.8657, -31.3922,  -4.1109, 29.8001, -31.3922,  255, 0, 123
L -4.1109, 29.8001, -31.3922,  -3.6281, 36.5085, -31.3922,  255, 0, 123
L -3.6281, 36.5085, -31.3922,  -1.6583, 36.5109, -31.4034,  255, 0, 123
L -1.6583, 36.5109, -31.4034,  -0.5115, 38.1199, -32.3712,  255, 0, 123
L -0.5115, 38.1199, -32.3712,  -0.5439, 39.9501, -32.3712,  255, 0, 123
L 7.5742, 119.4088, -32.3712,  9.4621, 119.4087, -32.3712,  255, 0, 123
L 9.4621, 119.4087, -32.3712,  36.0169, 119.3092, -32.3717,  255, 0, 123
L 36.0169, 119.3092, -32.3717,  36.9820, 117.8022, -32.3712,  255, 0, 123
L 36.9820, 117.8022, -32.3712,  38.8064, 116.9851, -32.3714,  255, 0, 123
L 38.8064, 116.9851, -32.3714,  40.4747, 116.6364, -32.3712,  255, 0, 123
L 40.4747, 116.6364, -32.3712,  42.5757, 116.2450, -32.3712,  255, 0, 123
L 42.5757, 116.2450, -32.3712,  42.1839, 117.3840, -32.3712,  255, 0, 123
L 42.1839, 117.3840, -32.3712,  41.8575, 119.1914, -29.2352,  255, 0, 123
L 41.8575, 119.1914, -29.2352,  41.8318, 130.1826, -29.2232,  255, 0, 123
L 13.9899, 119.4109, -32.3712,  -0.5482, 119.4063, -27.8196,  255, 0, 123
L -0.5482, 119.4063, -27.8196,  -0.5433, 117.9328, -27.8206,  255, 0, 123
L -0.5433, 117.9328, -27.8206,  -0.5482, 39.6995, -32.3712,  255, 0, 123
L 41.8322, 129.0997, -29.2236,  42.2878, 157.3617, -28.8222,  255, 0, 123
L 42.2878, 157.3617, -28.8222,  42.5608, 159.1734, -28.5363,  255, 0, 123
L 42.5608, 159.1734, -28.5363,  42.9945, 162.0696, -28.0304,  255, 0, 123
L 42.9945, 162.0696, -28.0304,  43.2421, 163.7012, -27.8043,  255, 0, 123
L 43.2421, 163.7012, -27.8043,  43.7368, 165.5307, -27.4459,  255, 0, 123
L 43.7368, 165.5307, -27.4459,  44.4543, 167.2396, -27.1790,  255, 0, 123
L 44.4543, 167.2396, -27.1790,  46.1959, 171.4081, -26.3606,  255, 0, 123
L 46.1959, 171.4081, -26.3606,  47.4884, 172.9097, -26.4533,  255, 0, 123
L 47.4884, 172.9097, -26.4533,  50.9069, 176.8791, -24.8515,  255, 0, 123
L 50.9069, 176.8791, -24.8515,  52.5837, 177.8965, -24.7980,  255, 0, 123
L 52.5837, 177.8965, -24.7980,  57.6796, 180.7669, -23.0320,  255, 0, 123
L 57.6796, 180.7669, -23.0320,  59.5616, 181.2104, -22.6628,  255, 0, 123
L 59.5616, 181.2104, -22.6628,  64.7912, 182.2208, -21.5312,  255, 0, 123
L 64.7912, 182.2208, -21.5312,  66.7373, 182.0615, -21.1563,  255, 0, 123
L 66.7373, 182.0615, -21.1563,  72.0633, 181.3600, -20.1209,  255, 0, 123
L 72.0633, 181.3600, -20.1209,  73.7891, 180.6366, -19.8174,  255, 0, 123
L 73.7891, 180.6366, -19.8174,  77.9397, 178.9001, -19.0310,  255, 0, 123
L 77.9397, 178.9001, -19.0310,  79.2768, 177.7465, -19.1328,  255, 0, 123
L 79.2768, 177.7465, -19.1328,  83.4136, 174.1850, -17.6568,  255, 0, 123
L 83.4136, 174.1850, -17.6568,  84.4362, 172.5001, -17.1234,  255, 0, 123
L 84.4362, 172.5001, -17.1234,  87.1546, 168.0289, -16.0491,  255, 0, 123
L 87.1546, 168.0289, -16.0491,  87.5653, 166.2821, -15.5013,  255, 0, 123
L 87.5653, 166.2821, -15.5013,  88.0636, 164.1769, -15.0549,  255, 0, 123
L 88.0636, 164.1769, -15.0549,  88.8133, 161.0096, -14.3810,  255, 0, 123
L 88.8133, 161.0096, -14.3810,  88.6481, 159.0276, -13.9668,  255, 0, 123
L 88.6481, 159.0276, -13.9668,  88.1540, 153.6593, -12.9135,  255, 0, 123
L 88.1540, 153.6593, -12.9135,  87.4015, 151.8604, -12.5713,  255, 0, 123
L 87.4015, 151.8604, -12.5713,  85.4343, 147.1584, -11.6815,  255, 0, 123
L 85.4343, 147.1584, -11.6815,  84.1733, 145.6952, -11.8010,  255, 0, 123
L 84.1733, 145.6952, -11.8010,  80.7228, 141.6855, -10.7225,  255, 0, 123
L 80.7228, 141.6855, -10.7225,  79.0289, 140.6576, -10.1612,  255, 0, 123
L 79.0289, 140.6576, -10.1612,  73.8728, 137.7795, -8.3656,  255, 0, 123
L 73.8728, 137.7795, -8.3656,  72.0414, 137.3474, -8.0088,  255, 0, 123
L 72.0414, 137.3474, -8.0088,  66.7333, 136.3503, -6.8528,  255, 0, 123
L 66.7333, 136.3503, -6.8528,  64.7575, 136.5136, -6.5214,  255, 0, 123
L 64.7575, 136.5136, -6.5214,  59.6127, 137.1844, -5.5640,  255, 0, 123
L 59.6127, 137.1844, -5.5640,  57.9522, 137.8789, -5.2281,  255, 0, 123
L 57.9522, 137.8789, -5.2281,  53.2269, 140.0624, -4.4804,  255, 0, 123
L 53.2269, 140.0624, -4.4804,  51.7630, 141.3214, -4.4804,  255, 0, 123
L 51.7630, 141.3214, -4.4804,  48.2179, 144.3720, -3.2781,  255, 0, 123
L 48.2179, 144.3720, -3.2781,  47.2145, 146.0278, -2.8407,  255, 0, 123
L 47.2145, 146.0278, -2.8407,  44.4727, 150.5352, -1.9890,  255, 0, 123
L 44.4727, 150.5352, -1.9890,  44.0894, 152.1725, -0.9163,  255, 0, 123
L 44.0894, 152.1725, -0.9163,  43.6501, 154.0328, -0.5457,  255, 0, 123
L 43.6501, 154.0328, -0.5457,  43.2915, 155.5479, -0.2247,  255, 0, 123
L 43.2915, 155.5479, -0.2247,  42.8113, 157.8714, 0.3527,  255, 0, 123
L 42.8113, 157.8714, 0.3527,  43.3102, 181.1578, 0.3736,  0, 0, 0
L 43.3102, 181.1578, 0.3736,  44.8896, 182.3722, 0.1913,  0, 0, 0
L 44.8896, 182.3722, 0.1913,  45.3835, 184.0471, 0.1913,  0, 0, 0
L 45.3835, 184.0471, 0.1913,  44.9038, 190.8977, -0.7624,  0, 0, 0
L 44.9038, 190.8977, -0.7624,  43.3840, 191.7793, -0.7624,  0, 0, 0
L 43.3840, 191.7793, -0.7624,  41.5321, 191.7110, -0.7624,  0, 0, 0
L 41.5321, 191.7110, -0.7624,  39.7667, 191.3191, -0.7624,  0, 0, 0
L 39.7667, 191.3191, -0.7624,  37.7833, 191.1284, -0.7624,  0, 0, 0
L 37.7833, 191.1284, -0.7624,  36.6039, 189.5316, -0.7624,  0, 0, 0
L 36.6039, 189.5316, -0.7624,  34.7721, 189.5327, -0.7624,  0, 0, 0
L 34.7721, 189.5327, -0.7624,  34.5042, 191.4266, -0.7624,  0, 0, 0
L 34.5042, 191.4266, -0.7624,  33.6339, 193.0651, -0.7624,  0, 0, 0
L 33.6339, 193.0651, -0.7624,  31.9671, 193.3123, -0.7624,  0, 0, 0
L 31.9671, 193.3123, -0.7624,  29.7311, 193.0639, -0.7624,  0, 0, 0
L 29.7311, 193.0639, -0.7624,  27.9069, 193.0638, -0.7624,  0, 0, 0
L 27.9069, 193.0638, -0.7624,  25.6228, 192.9555, -0.7624,  0, 0, 0
L 25.6228, 192.9555, -0.7624,  25.0314, 191.3375, -0.7624,  0, 0, 0
L 25.0314, 191.3375, -0.7624,  24.3255, 189.5344, -0.7624,  0, 0, 0
L 24.3255, 189.5344, -0.7624,  22.4673, 189.5362, -0.7624,  0, 0, 0
L 22.4673, 189.5362, -0.7624,  -5.0523, 189.6735, -0.7624,  0, 0, 0
L -5.0523, 189.6735, -0.7624,  -5.7895, 191.5022, 1.4569,  0, 0, 0
L -5.7895, 191.5022, 1.4569,  -7.1047, 192.7327, 0.7858,  0, 0, 0
L -7.1047, 192.7327, 0.7858,  -8.9486, 192.2040, -0.7624,  0, 0, 0
L -8.9486, 192.2040, -0.7624,  -10.2479, 190.8108, 1.3571,  0, 0, 0
L -10.2479, 190.8108, 1.3571,  -11.5722, 189.5338, -0.7624,  0, 0, 0
L -11.5722, 189.5338, -0.7624,  -13.2171, 189.5347, -0.7624,  0, 0, 0
L -13.2171, 189.5347, -0.7624,  -49.8903, 189.5662, -0.7624,  0, 0, 0
L -49.8903, 189.5662, -0.7624,  -50.1376, 191.0407, -0.7624,  0, 0, 0
L -50.1376, 191.0407, -0.7624,  -51.7175, 192.1631, 1.1309,  0, 0, 0
L -51.7175, 192.1631, 1.1309,  -53.4975, 191.9765, -0.7624,  0, 0, 0
L -53.4975, 191.9765, -0.7624,  -55.2405, 191.9674, -0.7624,  0, 0, 0
L -55.2405, 191.9674, -0.7624,  -56.0726, 190.5069, -0.7624,  0, 0, 0
L -56.0726, 190.5069, -0.7624,  -57.7016, 189.5325, -0.7624,  0, 0, 0
L -57.7016, 189.5325, -0.7624,  -59.6227, 189.5324, -0.7624,  0, 0, 0
L -59.6227, 189.5324, -0.7624,  -90.2066, 189.5306, -0.7624,  0, 0, 0
L -90.2066, 189.5306, -0.7624,  -90.7381, 191.2029, 1.4605,  0, 0, 0
L -90.7381, 191.2029, 1.4605,  -92.4666, 192.1292, 1.1189,  0, 0, 0
L -92.4666, 192.1292, 1.1189,  -94.3888, 191.8490, -0.7624,  0, 0, 0
L -94.3888, 191.8490, -0.7624,  -95.7132, 190.4525, 1.4281,  0, 0, 0
L -95.7132, 190.4525, 1.4281,  -97.1280, 189.5339, -0.7624,  0, 0, 0
L -97.1280, 189.5339, -0.7624,  -99.0283, 189.5350, -0.7624,  0, 0, 0
L -99.0283, 189.5350, -0.7624,  -112.9462, 189.5808, -0.7624,  0, 0, 0
L -112.9462, 189.5808, -0.7624,  -113.7934, 191.2042, -0.7624,  0, 0, 0
L -113.7934, 191.2042, -0.7624,  -115.7077, 191.2036, 0.4381,  0, 0, 0
L -115.7077, 191.2036, 0.4381,  -117.3512, 190.9222, 0.9962,  0, 0, 0
L -117.3512, 190.9222, 0.9962,  -119.1121, 190.3203, 0.9962,  0, 0, 0
L -119.1121, 190.3203, 0.9962,  -121.1079, 190.3434, 0.9962,  0, 0, 0
L -121.1079, 190.3434, 0.9962,  -150.9337, 190.7233, 0.9962,  0, 0, 0
L -150.9337, 190.7233, 0.9962,  -173.7056, 191.0960, 0.9962,  0, 0, 0
L -173.7056, 191.0960, 0.9962,  -175.4985, 191.4411, 0.9962,  0, 0, 0
L -175.4985, 191.4411, 0.9962,  -178.3078, 192.0426, 0.9962,  0, 0, 0
L -178.3078, 192.0426, 0.9962,  -179.1389, 191.6370, 0.9480,  0, 0, 0
L -179.1389, 191.6370, 0.9480,  -181.9562, 191.1864, -0.0407,  255, 0, 123
L -181.9562, 191.1864, -0.0407,  -183.3308, 190.5291, -0.5175,  255, 0, 123
L -183.3308, 190.5291, -0.5175,  -185.8025, 189.2288, -1.4444,  255, 0, 123
L -185.8025, 189.2288, -1.4444,  -187.1812, 187.8590, -2.2651,  255, 0, 123
L -187.1812, 187.8590, -2.2651,  -188.5783, 186.4577, -2.8938,  255, 0, 123
L -188.5783, 186.4577, -2.8938,  -189.3423, 185.0633, -3.6755,  255, 0, 123
L -189.3423, 185.0633, -3.6755,  -190.2371, 183.3055, -4.3492,  255, 0, 123
L -190.2371, 183.3055, -4.3492,  -190.7435, 181.5152, -5.0229,  255, 0, 123
L -190.7435, 181.5152, -5.0229,  -191.0496, 179.5817, -5.6820,  255, 0, 123
L -191.0496, 179.5817, -5.6820,  -190.7186, 174.5370, -7.8381,  255, 0, 123
L -190.7186, 174.5370, -7.8381,  -189.8671, 173.1144, -7.8381,  255, 0, 123
L -189.8671, 173.1144, -7.8381,  -188.9975, 171.4180, -8.5972,  255, 0, 123
L -188.9975, 171.4180, -8.5972,  -187.7553, 169.8649, -9.3549,  255, 0, 123
L -187.7553, 169.8649, -9.3549,  -186.4043, 168.5078, -9.7471,  255, 0, 123
L -186.4043, 168.5078, -9.7471,  -184.9946, 167.4685, -10.9961,  255, 0, 123
L -184.9946, 167.4685, -10.9961,  -183.3719, 166.6428, -11.0952,  255, 0, 123
L -183.3719, 166.6428, -11.0952,  -181.3827, 165.7086, -12.3426,  255, 0, 123
L -181.3827, 165.7086, -12.3426,  -179.4111, 165.5535, -12.6831,  255, 0, 123
L -179.4111, 165.5535, -12.6831,  -177.1265, 165.4515, -13.6576,  255, 0, 123
L -177.1265, 165.4515, -13.6576,  -175.2687, 165.7477, -14.4130,  255, 0, 123
L -175.2687, 165.7477, -14.4130,  -173.3122, 165.8099, -15.1699,  255, 0, 123
L -173.3122, 165.8099, -15.1699,  -171.9404, 166.9470, -15.5025,  255, 0, 123
L -171.9404, 166.9470, -15.5025,  -170.3346, 167.7705, -16.6881,  255, 0, 123
L -170.3346, 167.7705, -16.6881,  -169.0261, 168.9923, -17.5080,  255, 0, 123
L -169.0261, 168.9923, -17.5080,  -167.7562, 170.2597, -17.5080,  255, 0, 123
L -167.7562, 170.2597, -17.5080,  -166.8531, 171.5293, -18.3279,  255, 0, 123
L -166.8531, 171.5293, -18.3279,  -165.9527, 173.3032, -19.0016,  255, 0, 123
L -165.9527, 173.3032, -19.0016,  -165.2492, 175.1365, -19.6752,  255, 0, 123
L -165.2492, 175.1365, -19.6752,  -164.9419, 177.0636, -20.3343,  255, 0, 123
L -164.9419, 177.0636, -20.3343,  -165.3767, 182.8343, -21.9642,  255, 0, 123
L -165.3767, 182.8343, -21.9642,  -166.3311, 184.5912, -22.6467,  255, 0, 123
L -166.3311, 184.5912, -22.6467,  -167.1756, 186.2394, -24.0078,  255, 0, 123
L -167.1756, 186.2394, -24.0078,  -168.2240, 187.3569, -24.0086,  255, 0, 123
L -168.2240, 187.3569, -24.0086,  -169.6314, 188.7577, -24.9108,  255, 0, 123
L -169.6314, 188.7577, -24.9108,  -171.2579, 189.8807, -25.5498,  255, 0, 123
L -171.2579, 189.8807, -25.5498,  -172.9390, 190.7108, -26.3221,  255, 0, 123
L -172.9390, 190.7108, -26.3221,  -174.8801, 191.5827, -26.9958,  255, 0, 123
L -174.8801, 191.5827, -26.9958,  -176.7974, 191.6457, -27.1988,  255, 0, 123
L -176.7974, 191.6457, -27.1988,  -178.6928, 191.7261, -28.6335,  255, 0, 123
L -178.6928, 191.7261, -28.6335,  -180.5623, 191.4958, -28.6335,  255, 0, 123
L -180.5623, 191.4958, -28.6335,  -190.3185, 191.9794, -28.6335,  255, 0, 123
L -190.3185, 191.9794, -28.6335,  -200.1569, 191.9776, -28.6750,  255, 0, 123
L -200.1569, 191.9776, -28.6750,  -219.6164, 191.8039, -32.3765,  255, 0, 123
L -219.6164, 191.8039, -32.3765,  -221.4479, 191.3548, -32.8084,  255, 0, 123
L -221.4479, 191.3548, -32.8084,  -223.3813, 191.6618, -34.4993,  255, 0, 123
L -223.3813, 191.6618, -34.4993,  -227.3393, 192.2887, -34.4993,  255, 0, 123
L -227.3393, 192.2887, -34.4993,  -229.0530, 193.0839, -34.4993,  255, 0, 123
L -229.0530, 193.0839, -34.4993,  -234.1974, 195.2491, -34.4992,  255, 0, 123
L -234.1974, 195.2491, -34.4992,  -235.8142, 194.1164, -34.4993,  255, 0, 123
L -235.8142, 194.1164, -34.4993,  -236.9173, 192.8173, -34.4991,  255, 0, 123
L -236.9173, 192.8173, -34.4991,  -238.2815, 191.4177, -34.4992,  255, 0, 123
L -238.2815, 191.4177, -34.4992,  -256.4257, 172.8725, -34.4993,  255, 0, 123
L -256.4257, 172.8725, -34.4993,  -258.0410, 174.0132, -34.4993,  255, 0, 123
L -258.0410, 174.0132, -34.4993,  -259.7777, 173.0341, -34.4993,  255, 0, 123
L -259.7777, 173.0341, -34.4993,  -260.8663, 171.6610, -35.1964,  255, 0, 123
L -260.8663, 171.6610, -35.1964,  -261.1234, 169.8820, -35.5982,  255, 0, 123
L -261.1234, 169.8820, -35.5982,  -259.7634, 168.4181, -35.5982,  255, 0, 123
L -259.7634, 168.4181, -35.5982,  -258.1712, 167.6928, -35.5982,  255, 0, 123
L -258.1712, 167.6928, -35.5982,  -256.3380, 167.0970, -35.5982,  255, 0, 123
L -256.3380, 167.0970, -35.5982,  -254.9523, 165.7085, -35.5982,  255, 0, 123
L -254.9523, 165.7085, -35.5982,  -237.0622, 147.8492, -35.5982,  255, 0, 123
L -237.0622, 147.8492, -35.5982,  -243.9472, 140.9699, -35.5982,  255, 0, 123
L -243.9472, 140.9699, -35.5982,  -290.4008, 94.5157, -35.5982,  255, 0, 123
L -290.4008, 94.5157, -35.5982,  -311.5470, 115.6412, -35.5982,  255, 0, 123
L -311.5470, 115.6412, -35.5982,  -322.2918, 126.4055, -35.5982,  255, 0, 123
L -322.2918, 126.4055, -35.5982,  -315.2819, 133.4118, -35.5982,  255, 0, 123
L -315.2819, 133.4118, -35.5982,  -268.9661, 179.7539, -35.5982,  255, 0, 123
L -268.9661, 179.7539, -35.5982,  -268.8450, 177.8197, -35.5982,  255, 0, 123
L -268.8450, 177.8197, -35.5982,  -267.7336, 176.4914, -35.5982,  255, 0, 123
L -267.7336, 176.4914, -35.5982,  -266.3206, 175.2448, -35.5982,  255, 0, 123
L -266.3206, 175.2448, -35.5982,  -264.7300, 176.0200, -35.1964,  255, 0, 123
L -264.7300, 176.0200, -35.1964,  -263.4583, 177.1443, -34.5001,  255, 0, 123
L -263.4583, 177.1443, -34.5001,  -262.6858, 178.9588, -34.4993,  255, 0, 123
L -262.6858, 178.9588, -34.4993,  -263.1240, 180.9047, -34.4993,  255, 0, 123
L -263.1240, 180.9047, -34.4993,  -261.9178, 182.1798, -34.4993,  255, 0, 123
L -261.9178, 182.1798, -34.4993,  -242.4443, 202.8541, -34.4994,  255, 0, 123
L -242.4443, 202.8541, -34.4994,  -242.7274, 204.7378, -34.4993,  255, 0, 123
L -242.7274, 204.7378, -34.4993,  -243.4560, 206.3492, -34.4993,  255, 0, 123
L -243.4560, 206.3492, -34.4993,  -245.1833, 210.1539, -34.4993,  255, 0, 123
L -245.1833, 210.1539, -34.4993,  -245.4203, 211.6821, -34.4993,  255, 0, 123
L -245.4203, 211.6821, -34.4993,  -245.8854, 214.6213, -34.4993,  255, 0, 123
L -245.8854, 214.6213, -34.4993,  -246.1962, 216.5637, -34.4993,  255, 0, 123
L -246.1962, 216.5637, -34.4993,  -246.5841, 219.0283, -34.4993,  255, 0, 123
L -246.5841, 219.0283, -34.4993,  -247.1871, 220.8333, -34.4993,  255, 0, 123
L -247.1871, 220.8333, -34.4993,  -247.9079, 222.9780, -34.4993,  255, 0, 123
L -247.9079, 222.9780, -34.4993,  -247.9388, 224.8463, -32.7112,  255, 0, 123
L -247.9388, 224.8463, -32.7112,  -248.6164, 226.7057, -34.0018,  255, 0, 123
L -248.6164, 226.7057, -34.0018,  -250.0344, 227.4917, -34.4993,  255, 0, 123
L -250.0344, 227.4917, -34.4993,  -254.1652, 229.6453, -34.4993,  255, 0, 123
L -254.1652, 229.6453, -34.4993,  -255.9514, 230.0305, -34.4993,  255, 0, 123
L -255.9514, 230.0305, -34.4993,  -258.4819, 230.4638, -34.4993,  255, 0, 123
L -258.4819, 230.4638, -34.4993,  -260.3151, 230.4673, -34.4993,  255, 0, 123
L -260.3151, 230.4673, -34.4993,  -290.0583, 230.4671, -34.4993,  255, 0, 123
L -290.0583, 230.4671, -34.4993,  -298.3355, 230.8774, -34.4993,  255, 0, 123
L -298.3355, 230.8774, -34.4993,  -298.8017, 232.7680, -34.4993,  255, 0, 123
L -298.8017, 232.7680, -34.4993,  -300.5374, 233.0226, -34.4993,  255, 0, 123
L -300.5374, 233.0226, -34.4993,  -302.4004, 233.1139, -34.4993,  255, 0, 123
L -302.4004, 233.1139, -34.4993,  -304.0815, 232.9752, -34.4993,  255, 0, 123
L -304.0815, 232.9752, -34.4993,  -306.5561, 232.7208, -35.0753,  255, 0, 123
L -306.5561, 232.7208, -35.0753,  -307.0889, 230.9959, -35.0753,  255, 0, 123
L -307.0889, 230.9959, -35.0753,  -307.2815, 229.2586, -35.0753,  255, 0, 123
L -307.2815, 229.2586, -35.0753,  -306.8244, 226.8264, -35.0753,  255, 0, 123
L -306.8244, 226.8264, -35.0753,  -305.2738, 225.9202, -35.0753,  255, 0, 123
L -305.2738, 225.9202, -35.0753,  -304.4933, 224.1794, -35.0753,  255, 0, 123
L -304.4933, 224.1794, -35.0753,  -304.4950, 222.2257, -35.0753,  255, 0, 123
L -304.4950, 222.2257, -35.0753,  -304.6651, 193.5883, -35.0753,  255, 0, 123
L -304.6651, 193.5883, -35.0753,  -306.3059, 193.5914, -35.0753,  255, 0, 123
L -306.3059, 193.5914, -35.0753,  -335.8773, 193.5911, -35.0753,  255, 0, 123
L -335.8773, 193.5911, -35.0753,  -381.6349, 193.5863, -31.0129,  255, 0, 123
L -381.6349, 193.5863, -31.0129,  -381.6302, 195.1747, -35.0753,  255, 0, 123
L -381.6302, 195.1747, -35.0753,  -381.4351, 232.2355, -35.0737,  255, 0, 123
L -381.4351, 232.2355, -35.0737,  -379.6348, 231.9055, -35.0670,  255, 0, 123
L -379.6348, 231.9055, -35.0670,  -377.7912, 232.0002, -35.0663,  255, 0, 123
L -377.7912, 232.0002, -35.0663,  -376.1445, 232.5901, -33.8102,  255, 0, 123
L -376.1445, 232.5901, -33.8102,  -375.7981, 234.4468, -31.8439,  255, 0, 123
L -375.7981, 234.4468, -31.8439,  -376.2734, 244.3233, -35.0753,  255, 0, 123
L -376.2734, 244.3233, -35.0753,  -377.7181, 243.9802, -35.0753,  255, 0, 123
L -377.7181, 243.9802, -35.0753,  -379.6121, 243.9785, -35.0677,  255, 0, 123
L -379.6121, 243.9785, -35.0677,  -381.6339, 244.0772, -35.0753,  255, 0, 123
L -381.6339, 244.0772, -35.0753,  -381.6312, 245.7957, -35.0753,  255, 0, 123
L -381.6312, 245.7957, -35.0753,  -381.4411, 285.8922, -35.0753,  255, 0, 123
L -381.4411, 285.8922, -35.0753,  -379.7956, 285.8896, -35.0753,  255, 0, 123
L -379.7956, 285.8896, -35.0753,  -349.9672, 285.8891, -35.0753,  255, 0, 123
L -349.9672, 285.8891, -35.0753,  -304.4924, 285.8933, -35.0753,  255, 0, 123
L -304.4924, 285.8933, -35.0753,  -304.4969, 283.9339, -35.0753,  255, 0, 123
L -304.4969, 283.9339, -35.0753,  -304.8689, 250.5240, -35.0753,  255, 0, 123
L -304.8689, 250.5240, -35.0753,  -306.4738, 249.5377, -35.0753,  255, 0, 123
L -306.4738, 249.5377, -35.0753,  -306.9830, 247.8538, -35.0753,  255, 0, 123
L -306.9830, 247.8538, -35.0753,  -306.9818, 246.1093, -35.0753,  255, 0, 123
L -306.9818, 246.1093, -35.0753,  -306.4932, 243.1020, -35.0753,  255, 0, 123
L -306.4932, 243.1020, -35.0753,  -305.1042, 242.7457, -35.0753,  255, 0, 123
L -305.1042, 242.7457, -35.0753,  -303.1343, 242.8118, -34.4993,  255, 0, 123
L -303.1343, 242.8118, -34.4993,  -298.5889, 243.2607, -34.4993,  255, 0, 123
L -298.5889, 243.2607, -34.4993,  -298.2809, 244.8181, -34.4993,  255, 0, 123
L -298.2809, 244.8181, -34.4993,  -296.6152, 245.2646, -34.4993,  255, 0, 123
L -296.6152, 245.2646, -34.4993,  -294.8181, 245.2645, -34.4993,  255, 0, 123
L -294.8181, 245.2645, -34.4993,  -257.9100, 245.2837, -34.4992,  255, 0, 123
L -257.9100, 245.2837, -34.4992,  -256.1839, 245.6493, -34.4993,  255, 0, 123
L -256.1839, 245.6493, -34.4993,  -253.1760, 246.3618, -34.4993,  255, 0, 123
L -253.1760, 246.3618, -34.4993,  -251.5717, 247.5495, -34.4993,  255, 0, 123
L -251.5717, 247.5495, -34.4993,  -250.1716, 248.3709, -34.4993,  255, 0, 123
L -250.1716, 248.3709, -34.4993,  -248.3772, 249.4944, -34.4992,  255, 0, 123
L -248.3772, 249.4944, -34.4992,  -247.9152, 251.2852, -34.4993,  255, 0, 123
L -247.9152, 251.2852, -34.4993,  -247.8538, 252.9238, -32.8630,  255, 0, 123
L -247.8538, 252.9238, -32.8630,  -247.3524, 254.4015, -33.1045,  255, 0, 123
L -247.3524, 254.4015, -33.1045,  -246.5276, 256.8568, -34.4993,  255, 0, 123
L -246.5276, 256.8568, -34.4993,  -246.2695, 258.6852, -34.4993,  255, 0, 123
L -246.2695, 258.6852, -34.4993,  -245.7800, 261.7820, -34.4993,  255, 0, 123
L -245.7800, 261.7820, -34.4993,  -245.4807, 263.6677, -34.4993,  255, 0, 123
L -245.4807, 263.6677, -34.4993,  -245.0265, 265.8872, -34.4993,  255, 0, 123
L -245.0265, 265.8872, -34.4993,  -244.1503, 267.6608, -34.4993,  255, 0, 123
L -244.1503, 267.6608, -34.4993,  -242.1618, 271.7412, -34.4993,  255, 0, 123
L -242.1618, 271.7412, -34.4993,  -242.8135, 273.1278, -34.4993,  255, 0, 123
L -242.8135, 273.1278, -34.4993,  -243.9409, 274.3193, -34.4993,  255, 0, 123
L -243.9409, 274.3193, -34.4993,  -263.7865, 295.4352, -34.4992,  255, 0, 123
L -263.7865, 295.4352, -34.4992,  -262.6296, 297.0415, -34.4993,  255, 0, 123
L -262.6296, 297.0415, -34.4993,  -263.5008, 298.5068, -34.4993,  255, 0, 123
L -263.5008, 298.5068, -34.4993,  -264.7202, 299.9206, -34.5617,  255, 0, 123
L -264.7202, 299.9206, -34.5617,  -266.4260, 300.6351, -35.6054,  255, 0, 123
L -266.4260, 300.6351, -35.6054,  -267.7138, 299.2362, -35.6054,  255, 0, 123
L -267.7138, 299.2362, -35.6054,  -268.9007, 297.9406, -35.6054,  255, 0, 123
L -268.9007, 297.9406, -35.6054,  -270.8226, 297.9201, -35.6054,  255, 0, 123
L -270.8226, 297.9201, -35.6054,  -272.2199, 299.3183, -35.6054,  255, 0, 123
L -272.2199, 299.3183, -35.6054,  -288.9101, 316.0135, -35.1966,  255, 0, 123
L -288.9101, 316.0135, -35.1966,  -287.4428, 316.9099, -35.3408,  255, 0, 123
L -287.4428, 316.9099, -35.3408,  -286.1812, 318.0187, -35.6054,  255, 0, 123
L -286.1812, 318.0187, -35.6054,  -285.0334, 319.4169, -35.6054,  255, 0, 123
L -285.0334, 319.4169, -35.6054,  -285.4023, 321.1268, -33.6596,  255, 0, 123
L -285.4023, 321.1268, -33.6596,  -286.6147, 322.4980, -33.8373,  255, 0, 123
L -286.6147, 322.4980, -33.8373,  -291.4814, 327.7371, -34.0745,  255, 0, 123
L -291.4814, 327.7371, -34.0745,  -293.3770, 327.9880, -32.2339,  255, 0, 123
L -293.3770, 327.9880, -32.2339,  -294.7943, 327.3596, -32.5315,  255, 0, 123
L -294.7943, 327.3596, -32.5315,  -298.5084, 325.6191, -35.6054,  255, 0, 123
L -298.5084, 325.6191, -35.6054,  -299.7630, 326.8790, -35.6054,  255, 0, 123
L -299.7630, 326.8790, -35.6054,  -320.8539, 347.9811, -35.6054,  255, 0, 123
L -320.8539, 347.9811, -35.6054,  -322.4020, 349.5246, -35.6053,  255, 0, 123
L -322.4020, 349.5246, -35.6053,  -321.1786, 350.7454, -35.6054,  255, 0, 123
L -321.1786, 350.7454, -35.6054,  -300.1835, 371.7504, -35.6054,  255, 0, 123
L -300.1835, 371.7504, -35.6054,  -290.5086, 381.4170, -35.6053,  255, 0, 123
L -290.5086, 381.4170, -35.6053,  -283.4643, 374.3668, -35.6054,  255, 0, 123
L -283.4643, 374.3668, -35.6054,  -237.1728, 328.0810, -35.6053,  255, 0, 123
L -237.1728, 328.0810, -35.6053,  -251.0144, 314.2631, -35.6054,  255, 0, 123
L -251.0144, 314.2631, -35.6054,  -257.8142, 307.7842, -35.6054,  255, 0, 123
L -257.8142, 307.7842, -35.6054,  -259.5720, 307.3987, -35.6054,  255, 0, 123
L -259.5720, 307.3987, -35.6054,  -261.0772, 306.1001, -35.6054,  255, 0, 123
L -261.0772, 306.1001, -35.6054,  -260.9897, 304.1262, -35.6054,  255, 0, 123
L -260.9897, 304.1262, -35.6054,  -259.8240, 302.9634, -35.1925,  255, 0, 123
L -259.8240, 302.9634, -35.1925,  -258.4259, 301.6976, -34.4993,  255, 0, 123
L -258.4259, 301.6976, -34.4993,  -256.6908, 302.3746, -34.4993,  255, 0, 123
L -256.6908, 302.3746, -34.4993,  -255.1328, 301.5143, -34.4991,  255, 0, 123
L -255.1328, 301.5143, -34.4991,  -253.9411, 300.3010, -34.4991,  255, 0, 123
L -253.9411, 300.3010, -34.4991,  -234.5742, 280.6166, -34.4986,  255, 0, 123
L -234.5742, 280.6166, -34.4986,  -232.6424, 280.8713, -34.4993,  255, 0, 123
L -232.6424, 280.8713, -34.4993,  -231.1510, 281.5930, -34.4992,  255, 0, 123
L -231.1510, 281.5930, -34.4992,  -227.3001, 283.4514, -34.4993,  255, 0, 123
L -227.3001, 283.4514, -34.4993,  -225.5153, 283.7305, -34.4993,  255, 0, 123
L -225.5153, 283.7305, -34.4993,  -219.6675, 284.3583, -33.2426,  255, 0, 123
L -219.6675, 284.3583, -33.2426,  -212.6962, 284.0331, -30.5416,  255, 0, 123
L -212.6962, 284.0331, -30.5416,  -202.9584, 284.0294, -29.6123,  255, 0, 123
L -202.9584, 284.0294, -29.6123,  -183.2628, 284.1667, -28.6335,  255, 0, 123
L -183.2628, 284.1667, -28.6335,  -181.3620, 284.4112, -28.6335,  255, 0, 123
L -181.3620, 284.4112, -28.6335,  -179.6455, 284.3340, -28.6335,  255, 0, 123
L -179.6455, 284.3340, -28.6335,  -178.1128, 284.2049, -28.6335,  255, 0, 123
L -178.1128, 284.2049, -28.6335,  -173.7250, 284.8647, -26.9958,  255, 0, 123
L -173.7250, 284.8647, -26.9958,  -171.9823, 285.7880, -26.3221,  255, 0, 123
L -171.9823, 285.7880, -26.3221,  -169.9442, 286.8289, -25.6484,  255, 0, 123
L -169.9442, 286.8289, -25.6484,  -168.8523, 288.0240, -24.8288,  255, 0, 123
L -168.8523, 288.0240, -24.8288,  -167.4564, 289.4228, -24.0086,  255, 0, 123
L -167.4564, 289.4228, -24.0086,  -166.5093, 291.0705, -23.2495,  255, 0, 123
L -166.5093, 291.0705, -23.2495,  -165.6423, 292.7573, -22.4921,  255, 0, 123
L -165.6423, 292.7573, -22.4921,  -165.1572, 294.5770, -21.7335,  255, 0, 123
L -165.1572, 294.5770, -21.7335,  -164.8481, 296.4992, -21.1615,  255, 0, 123
L -164.8481, 296.4992, -21.1615,  -165.2902, 301.1722, -19.6768,  255, 0, 123
L -165.2902, 301.1722, -19.6768,  -165.9835, 302.7758, -19.6752,  255, 0, 123
L -165.9835, 302.7758, -19.6752,  -166.7980, 304.3699, -19.0016,  255, 0, 123
L -166.7980, 304.3699, -19.0016,  -167.8276, 305.8163, -18.3279,  255, 0, 123
L -167.8276, 305.8163, -18.3279,  -169.1621, 307.1526, -17.5080,  255, 0, 123
L -169.1621, 307.1526, -17.5080,  -170.6719, 308.4127, -16.6881,  255, 0, 123
L -170.6719, 308.4127, -16.6881,  -172.2646, 309.2278, -15.9290,  255, 0, 123
L -172.2646, 309.2278, -15.9290,  -174.2937, 310.2266, -15.1699,  255, 0, 123
L -174.2937, 310.2266, -15.1699,  -176.0798, 310.3919, -14.4130,  255, 0, 123
L -176.0798, 310.3919, -14.4130,  -178.4292, 310.6128, -13.6597,  255, 0, 123
L -178.4292, 310.6128, -13.6597,  -179.9685, 310.3717, -13.0025,  255, 0, 123
L -179.9685, 310.3717, -13.0025,  -182.2097, 309.9991, -12.3435,  255, 0, 123
L -182.2097, 309.9991, -12.3435,  -183.4535, 309.3275, -11.6704,  255, 0, 123
L -183.4535, 309.3275, -11.6704,  -185.9019, 308.0782, -10.9961,  255, 0, 123
L -185.9019, 308.0782, -10.9961,  -187.1901, 306.7177, -10.1762,  255, 0, 123
L -187.1901, 306.7177, -10.1762,  -188.8055, 305.1012, -9.3563,  255, 0, 123
L -188.8055, 305.1012, -9.3563,  -189.5783, 303.4599, -8.5972,  255, 0, 123
L -189.5783, 303.4599, -8.5972,  -190.4520, 301.7488, -7.8381,  255, 0, 123
L -190.4520, 301.7488, -7.8381,  -190.7936, 300.0379, -7.0812,  255, 0, 123
L -190.7936, 300.0379, -7.0812,  -190.4668, 292.9304, -5.0229,  255, 0, 123
L -190.4668, 292.9304, -5.0229,  -189.4791, 291.2184, -4.3492,  255, 0, 123
L -189.4791, 291.2184, -4.3492,  -188.6818, 289.6466, -3.6756,  255, 0, 123
L -188.6818, 289.6466, -3.6756,  -187.4358, 288.4008, -2.8557,  255, 0, 123
L -187.4358, 288.4008, -2.8557,  -185.3617, 286.3948, -2.0358,  255, 0, 123
L -185.3617, 286.3948, -2.0358,  -184.1238, 285.8787, -1.2781,  255, 0, 123
L -184.1238, 285.8787, -1.2781,  -182.7532, 285.1831, -1.2767,  255, 0, 123
L -182.7532, 285.1831, -1.2767,  -180.8310, 284.6401, 0.2393,  255, 0, 123
L -180.8310, 284.6401, 0.2393,  -178.9209, 284.3304, 0.9569,  255, 0, 123
L -178.9209, 284.3304, 0.9569,  -178.3671, 284.2498, 0.9962,  255, 0, 123
L -178.3671, 284.2498, 0.9962,  -168.7923, 285.0658, 0.9962,  0, 0, 0
L -168.7923, 285.0658, 0.9962,  -167.0879, 285.0867, 0.9962,  0, 0, 0
L -167.0879, 285.0867, 0.9962,  -117.6714, 285.7094, 0.9962,  0, 0, 0
L -117.6714, 285.7094, 0.9962,  -116.3706, 284.2160, 0.9962,  0, 0, 0
L -116.3706, 284.2160, 0.9962,  -114.4965, 284.4351, 0.4318,  0, 0, 0
L -114.4965, 284.4351, 0.4318,  -112.9948, 285.3141, -0.7624,  0, 0, 0
L -112.9948, 285.3141, -0.7624,  -111.1525, 286.1038, -0.7624,  0, 0, 0
L -111.1525, 286.1038, -0.7624,  -109.5684, 286.1028, -0.7624,  0, 0, 0
L -109.5684, 286.1028, -0.7624,  -95.6317, 285.9925, -0.7624,  0, 0, 0
L -95.6317, 285.9925, -0.7624,  -94.9194, 284.2444, 1.4713,  0, 0, 0
L -94.9194, 284.2444, 1.4713,  -93.2138, 283.4173, 1.0454,  0, 0, 0
L -93.2138, 283.4173, 1.0454,  -91.3202, 283.9082, -0.7624,  0, 0, 0
L -91.3202, 283.9082, -0.7624,  -90.1091, 285.4656, -0.7624,  0, 0, 0
L -90.1091, 285.4656, -0.7624,  -88.3049, 286.1054, -0.7624,  0, 0, 0
L -88.3049, 286.1054, -0.7624,  -86.4228, 286.1053, -0.7624,  0, 0, 0
L -86.4228, 286.1053, -0.7624,  -55.5138, 286.1079, -0.7624,  0, 0, 0
L -55.5138, 286.1079, -0.7624,  -55.0507, 284.5484, 1.2690,  0, 0, 0
L -55.0507, 284.5484, 1.2690,  -53.6508, 283.4748, 1.3974,  0, 0, 0
L -53.6508, 283.4748, 1.3974,  -52.0404, 282.9645, 1.0752,  0, 0, 0
L -52.0404, 282.9645, 1.0752,  -49.7636, 282.2428, -0.7624,  0, 0, 0
L -49.7636, 282.2428, -0.7624,  -49.6540, 284.0272, -0.7624,  0, 0, 0
L -49.6540, 284.0272, -0.7624,  -49.2913, 286.1070, -0.7624,  0, 0, 0
L -49.2913, 286.1070, -0.7624,  -47.2970, 286.1053, -0.7624,  0, 0, 0
L -47.2970, 286.1053, -0.7624,  -10.4812, 286.0674, -0.7624,  0, 0, 0
L -10.4812, 286.0674, -0.7624,  -9.7622, 284.2034, 1.4684,  0, 0, 0
L -9.7622, 284.2034, 1.4684,  -8.0148, 283.5465, 1.3179,  0, 0, 0
L -8.0148, 283.5465, 1.3179,  -6.6566, 283.2936, 0.9777,  0, 0, 0
L -6.6566, 283.2936, 0.9777,  -4.2914, 282.8529, -0.7624,  0, 0, 0
L -4.2914, 282.8529, -0.7624,  -4.5595, 284.3979, -0.7624,  0, 0, 0
L -4.5595, 284.3979, -0.7624,  -3.6048, 286.1048, -0.7624,  0, 0, 0
L -3.6048, 286.1048, -0.7624,  -1.6638, 286.1048, -0.7624,  0, 0, 0
L -1.6638, 286.1048, -0.7624,  25.0319, 285.9760, -0.7624,  0, 0, 0
L 25.0319, 285.9760, -0.7624,  25.0309, 284.1163, -0.7624,  0, 0, 0
L 25.0309, 284.1163, -0.7624,  26.4497, 282.8186, -0.7624,  0, 0, 0
L 26.4497, 282.8186, -0.7624,  28.4318, 282.7209, -0.7624,  0, 0, 0
L 28.4318, 282.7209, -0.7624,  34.2039, 283.2469, -0.7624,  0, 0, 0
L 34.2039, 283.2469, -0.7624,  34.5169, 285.1413, -0.7624,  0, 0, 0
L 34.5169, 285.1413, -0.7624,  35.9616, 286.1043, -0.7624,  0, 0, 0
L 35.9616, 286.1043, -0.7624,  37.6344, 286.1036, -0.7624,  0, 0, 0
L 37.6344, 286.1036, -0.7624,  88.0298, 286.1079, -0.7624,  0, 0, 0
L 88.0298, 286.1079, -0.7624,  88.0266, 284.4485, -0.7624,  0, 0, 0
L 88.0266, 284.4485, -0.7624,  87.5338, 271.5182, -0.7626,  0, 0, 0
L 87.5338, 271.5182, -0.7626,  85.8836, 271.5149, -0.7588,  0, 0, 0
L 85.8836, 271.5149, -0.7588,  55.9954, 271.5702, -0.7624,  0, 0, 0
L 55.9954, 271.5702, -0.7624,  34.5032, 271.7124, -0.7624,  0, 0, 0
L 34.5032, 271.7124, -0.7624,  34.5032, 273.6697, -0.7624,  0, 0, 0
L 34.5032, 273.6697, -0.7624,  34.0165, 275.6230, -0.7624,  0, 0, 0
L 34.0165, 275.6230, -0.7624,  32.4106, 275.8791, -0.7624,  0, 0, 0
L 32.4106, 275.8791, -0.7624,  30.8228, 275.8209, -0.7624,  0, 0, 0
L 30.8228, 275.8209, -0.7624,  25.3300, 275.4615, -0.7624,  0, 0, 0
L 25.3300, 275.4615, -0.7624,  24.9300, 273.8717, -0.7624,  0, 0, 0
L 24.9300, 273.8717, -0.7624,  24.4913, 271.1042, -0.7624,  0, 0, 0
L 24.4913, 271.1042, -0.7624,  24.2896, 269.3032, -0.7624,  0, 0, 0
L 24.2896, 269.3032, -0.7624,  24.7437, 254.9120, -0.7624,  0, 0, 0
L 24.7437, 254.9120, -0.7624,  26.6191, 254.8000, -0.7624,  0, 0, 0
L 26.6191, 254.8000, -0.7624,  33.2853, 254.8259, -0.7624,  0, 0, 0
L 33.2853, 254.8259, -0.7624,  63.2139, 254.7966, -0.7624,  0, 0, 0
L 63.2139, 254.7966, -0.7624,  88.0089, 254.7653, -0.7741,  0, 0, 0
L 88.0089, 254.7653, -0.7741,  88.0263, 252.9966, -0.7624,  0, 0, 0
L 88.0263, 252.9966, -0.7624,  87.5268, 248.6927, -0.7624,  0, 0, 0
L 87.5268, 248.6927, -0.7624,  86.0230, 247.4880, -0.7624,  0, 0, 0
L 86.0230, 247.4880, -0.7624,  85.8632, 245.9621, -0.7624,  0, 0, 0
L 85.8632, 245.9621, -0.7624,  86.3377, 242.3474, -0.7624,  0, 0, 0
L 86.3377, 242.3474, -0.7624,  88.1185, 241.9902, -0.7624,  0, 0, 0
L 88.1185, 241.9902, -0.7624,  90.0811, 241.8937, -0.7624,  0, 0, 0
L 90.0811, 241.8937, -0.7624,  91.9678, 242.5097, -0.7624,  0, 0, 0
L 91.9678, 242.5097, -0.7624,  93.0028, 244.1675, -0.7624,  0, 0, 0
L 93.0028, 244.1675, -0.7624,  92.9525, 244.9639, 0.2376,  0, 0, 0
L 85.1990, 257.9099, 5.7356,  83.2164, 257.9100, 6.3472,  0, 240, 0
L 83.2164, 257.9100, 6.3472,  26.4624, 257.8918, 20.7407,  0, 240, 0
L 26.4624, 257.8918, 20.7407,  26.4653, 259.7657, 20.7407,  0, 240, 0
L 26.4653, 259.7657, 20.7407,  26.9445, 270.0079, 21.4814,  0, 240, 0
L 26.9445, 270.0079, 21.4814,  27.5262, 271.7712, 21.4802,  0, 240, 0
L 27.5262, 271.7712, 21.4802,  27.0693, 273.6998, 21.4855,  0, 240, 0
L 27.0693, 273.6998, 21.4855,  25.1607, 274.1510, 21.4802,  0, 240, 0
L 25.1607, 274.1510, 21.4802,  23.3623, 273.2893, 21.4786,  0, 240, 0
L 23.3623, 273.2893, 21.4786,  21.4672, 273.1335, 21.4802,  0, 240, 0
L 21.4672, 273.1335, 21.4802,  19.6015, 273.1337, 21.4802,  0, 240, 0
L 19.6015, 273.1337, 21.4802,  0.8721, 273.1319, 21.4802,  0, 240, 0
L 83.4989, 257.9049, 6.4197,  88.1359, 258.1325, 4.9449,  0, 240, 0
L 88.1359, 258.1325, 4.9449,  89.9553, 258.8227, 4.3911,  0, 240, 0
L 89.9553, 258.8227, 4.3911,  91.8985, 258.8239, 3.8558,  0, 240, 0
L 91.8985, 258.8239, 3.8558,  92.9626, 257.2098, 3.8558,  0, 240, 0
L 92.9626, 257.2098, 3.8558,  92.9539, 255.2844, 3.8205,  0, 240, 0
L 92.9539, 255.2844, 3.8205,  92.9524, 244.6843, 0.2376,  0, 240, 0
L 107.5034, 233.1433, -0.7624,  101.1723, 232.7202, -0.7624,  0, 0, 0
L 101.1723, 232.7202, -0.7624,  100.8303, 230.9945, 0.2376,  0, 0, 0
L 100.8303, 230.9945, 0.2376,  100.4501, 208.5324, 3.8678,  0, 240, 0
L 100.4501, 208.5324, 3.8678,  98.6760, 208.5316, 3.8678,  0, 240, 0
L 98.6760, 208.5316, 3.8678,  88.8282, 208.5361, 4.5457,  0, 240, 0
L 88.8282, 208.5361, 4.5457,  86.9925, 207.9074, 5.3158,  0, 240, 0
L 86.9925, 207.9074, 5.3158,  85.1773, 207.7151, 5.7901,  0, 240, 0
L 85.1773, 207.7151, 5.7901,  83.4269, 207.7146, 6.3599,  0, 240, 0
L 83.4269, 207.7146, 6.3599,  58.7673, 207.7118, 14.3031,  0, 240, 0
L 42.1259, 208.3280, 19.5997,  52.4538, 208.5403, 18.2675,  0, 240, 0
L 52.4538, 208.5403, 18.2675,  54.5116, 208.3952, 15.6689,  0, 240, 0
L 54.5116, 208.3952, 15.6689,  56.2076, 208.1221, 15.2376,  0, 240, 0
L 56.2076, 208.1221, 15.2376,  59.8944, 207.7124, 13.9742,  0, 240, 0
L 59.8944, 207.7124, 13.9742,  61.6217, 207.7144, 13.5177,  0, 240, 0
L 61.6217, 207.7144, 13.5177,  63.3944, 207.7115, 12.8307,  0, 240, 0
L -179.9447, 201.8827, 1.6130,  -179.9447, 201.8827, 1.6130,  0, 240, 0
L -179.9447, 201.8827, 1.6130,  -187.0323, 199.9370, -0.0289,  255, 0, 123
L -187.0323, 199.9370, -0.0289,  -188.3410, 199.1411, -0.2878,  255, 0, 123
L -188.3410, 199.1411, -0.2878,  -192.5047, 196.6046, -1.4720,  255, 0, 123
L -192.5047, 196.6046, -1.4720,  -193.6977, 195.2093, -2.1803,  255, 0, 123
L -193.6977, 195.2093, -2.1803,  -197.1989, 191.1383, -3.6756,  255, 0, 123
L -197.1989, 191.1383, -3.6756,  -197.9323, 189.3745, -3.1952,  255, 0, 123
L -197.9323, 189.3745, -3.1952,  -199.9784, 184.4781, -4.2033,  255, 0, 123
L -199.9784, 184.4781, -4.2033,  -200.1316, 182.5854, -4.5653,  255, 0, 123
L -200.1316, 182.5854, -4.5653,  -199.7025, 173.6665, -6.2660,  255, 0, 123
L -199.7025, 173.6665, -6.2660,  -199.3022, 171.9723, -6.6435,  255, 0, 123
L -199.3022, 171.9723, -6.6435,  -198.7290, 170.0682, -7.0674,  255, 0, 123
L -198.7290, 170.0682, -7.0674,  -197.9069, 168.6447, -7.6416,  255, 0, 123
L -197.9069, 168.6447, -7.6416,  -196.9317, 167.0414, -8.5968,  255, 0, 123
L -196.9317, 167.0414, -8.5968,  -195.1458, 164.1037, -8.6996,  255, 0, 123
L -195.1458, 164.1037, -8.6996,  -193.6331, 162.8051, -10.1762,  255, 0, 123
L -193.6331, 162.8051, -10.1762,  -189.6652, 159.3994, -10.9961,  255, 0, 123
L -189.6652, 159.3994, -10.9961,  -187.8284, 158.6326, -10.5536,  255, 0, 123
L -187.8284, 158.6326, -10.5536,  -182.3012, 156.5671, -11.5683,  255, 0, 123
L -182.3012, 156.5671, -11.5683,  -180.3569, 156.4096, -11.8747,  255, 0, 123
L -180.3569, 156.4096, -11.8747,  -175.0765, 156.2151, -13.0203,  255, 0, 123
L -175.0765, 156.2151, -13.0203,  -173.2961, 156.6354, -13.4165,  255, 0, 123
L -173.2961, 156.6354, -13.4165,  -168.7939, 157.7040, -14.3333,  255, 0, 123
L -168.7939, 157.7040, -14.3333,  -167.1572, 158.7036, -15.0460,  255, 0, 123
L -167.1572, 158.7036, -15.0460,  -162.6328, 161.4576, -16.0016,  255, 0, 123
L -162.6328, 161.4576, -16.0016,  -161.4973, 162.7843, -17.5080,  255, 0, 123
L -161.4973, 162.7843, -17.5080,  -157.9298, 166.9382, -18.3602,  255, 0, 123
L -157.9298, 166.9382, -18.3602,  -157.2450, 168.5868, -17.7807,  255, 0, 123
L -157.2450, 168.5868, -17.7807,  -155.1443, 173.7268, -18.8165,  255, 0, 123
L -155.1443, 173.7268, -18.8165,  -155.0009, 175.5111, -19.0728,  255, 0, 123
L -155.0009, 175.5111, -19.0728,  -155.4834, 184.6301, -20.9800,  255, 0, 123
L -155.4834, 184.6301, -20.9800,  -155.8868, 186.3271, -21.3126,  255, 0, 123
L -155.8868, 186.3271, -21.3126,  -156.4499, 188.1528, -21.8188,  255, 0, 123
L -156.4499, 188.1528, -21.8188,  -157.4867, 189.8535, -22.7982,  255, 0, 123
L -157.4867, 189.8535, -22.7982,  -159.9906, 193.9686, -23.3562,  255, 0, 123
L -159.9906, 193.9686, -23.3562,  -161.4941, 195.2558, -24.8285,  255, 0, 123
L -161.4941, 195.2558, -24.8285,  -165.4679, 198.6699, -25.4905,  255, 0, 123
L -165.4679, 198.6699, -25.4905,  -167.0839, 199.3426, -25.1220,  255, 0, 123
L -167.0839, 199.3426, -25.1220,  -172.1706, 201.4652, -26.0151,  255, 0, 123
L -172.1706, 201.4652, -26.0151,  -174.1056, 201.7527, -26.3673,  255, 0, 123
L -174.1056, 201.7527, -26.3673,  -183.9428, 203.0125, -27.8024,  255, 0, 123
L -183.9428, 203.0125, -27.8024,  -185.8278, 203.0119, -27.8028,  255, 0, 123
L -185.8278, 203.0119, -27.8028,  -219.3644, 203.0120, -27.8091,  255, 0, 123
L -219.3644, 203.0120, -27.8091,  -220.9413, 203.8057, -28.2291,  255, 0, 123
L -220.9413, 203.8057, -28.2291,  -222.7009, 202.8897, -34.4993,  255, 0, 123
L -222.7009, 202.8897, -34.4993,  -224.4783, 202.5428, -32.7919,  255, 0, 123
L -224.4783, 202.5428, -32.7919,  -227.5654, 202.9618, -34.4992,  255, 0, 123
L -227.5654, 202.9618, -34.4992,  -228.0694, 204.6085, -34.4993,  255, 0, 123
L -228.0694, 204.6085, -34.4993,  -228.7002, 206.3595, -34.4993,  255, 0, 123
L -228.7002, 206.3595, -34.4993,  -228.8143, 208.2176, -34.4993,  255, 0, 123
L -228.8143, 208.2176, -34.4993,  -230.0172, 209.4173, -34.4993,  255, 0, 123
L -230.0172, 209.4173, -34.4993,  -231.0201, 210.7564, -34.4993,  255, 0, 123
L -231.0201, 210.7564, -34.4993,  -231.8121, 212.3142, -34.4993,  255, 0, 123
L -231.8121, 212.3142, -34.4993,  -232.7346, 214.1208, -34.4993,  255, 0, 123
L -232.7346, 214.1208, -34.4993,  -233.0485, 215.9712, -34.4992,  255, 0, 123
L -233.0485, 215.9712, -34.4992,  -233.5317, 234.9345, -33.0194,  255, 0, 123
L -233.5317, 234.9345, -33.0194,  -234.2630, 236.6840, -34.5031,  255, 0, 123
L -234.2630, 236.6840, -34.5031,  -234.2646, 238.5230, -34.5051,  255, 0, 123
L -234.2646, 238.5230, -34.5051,  -233.9464, 240.7083, -34.5134,  255, 0, 123
L -233.9464, 240.7083, -34.5134,  -233.4783, 242.5707, -34.4992,  255, 0, 123
L -233.4783, 242.5707, -34.4992,  -232.9837, 260.1776, -34.4993,  255, 0, 123
L -232.9837, 260.1776, -34.4993,  -232.7033, 261.7980, -34.4993,  255, 0, 123
L -232.7033, 261.7980, -34.4993,  -231.7853, 263.4661, -34.4993,  255, 0, 123
L -231.7853, 263.4661, -34.4993,  -230.8970, 265.2155, -34.4993,  255, 0, 123
L -230.8970, 265.2155, -34.4993,  -229.7413, 266.5880, -34.4993,  255, 0, 123
L -229.7413, 266.5880, -34.4993,  -228.3957, 267.9353, -34.4993,  255, 0, 123
L -228.3957, 267.9353, -34.4993,  -227.7870, 268.5374, -34.4216,  255, 0, 123
L -227.7870, 268.5374, -34.4216,  -228.5948, 270.2181, -34.4993,  255, 0, 123
L -228.5948, 270.2181, -34.4993,  -227.4009, 271.4586, -32.8794,  255, 0, 123
L -227.4009, 271.4586, -32.8794,  -225.6931, 272.3316, -33.5882,  255, 0, 123
L -225.6931, 272.3316, -33.5882,  -223.8359, 273.2294, -34.4993,  255, 0, 123
L -223.8359, 273.2294, -34.4993,  -222.3359, 272.6303, -32.8487,  255, 0, 123
L -222.3359, 272.6303, -32.8487,  -220.8076, 271.4258, -33.2421,  255, 0, 123
L -220.8076, 271.4258, -33.2421,  -219.9774, 273.1775, -33.2426,  255, 0, 123
L -219.9774, 273.1775, -33.2426,  -218.3076, 274.0016, -32.3596,  255, 0, 123
L -218.3076, 274.0016, -32.3596,  -216.7951, 274.0056, -32.3596,  255, 0, 123
L -216.7951, 274.0056, -32.3596,  -215.5584, 273.7016, -30.5416,  255, 0, 123
L -215.5584, 273.7016, -30.5416,  -213.2331, 272.9942, -27.7994,  255, 0, 123
L -213.2331, 272.9942, -27.7994,  -211.6459, 272.9980, -27.8020,  255, 0, 123
L -211.6459, 272.9980, -27.8020,  -182.4346, 272.9989, -27.8024,  255, 0, 123
L -182.4346, 272.9989, -27.8024,  -180.7674, 273.2560, -27.5802,  255, 0, 123
L -180.7674, 273.2560, -27.5802,  -172.1281, 274.5565, -26.2122,  255, 0, 123
L -172.1281, 274.5565, -26.2122,  -170.6179, 275.1945, -25.9439,  255, 0, 123
L -170.6179, 275.1945, -25.9439,  -164.9245, 277.8047, -24.9812,  255, 0, 123
L -164.9245, 277.8047, -24.9812,  -163.6300, 278.9184, -25.6483,  255, 0, 123
L -163.6300, 278.9184, -25.6483,  -159.9684, 282.0685, -24.4799,  255, 0, 123
L -159.9684, 282.0685, -24.4799,  -158.9857, 283.6897, -24.0086,  255, 0, 123
L -158.9857, 283.6897, -24.0086,  -156.2257, 288.2266, -21.9469,  255, 0, 123
L -156.2257, 288.2266, -21.9469,  -155.7881, 290.0838, -21.3581,  255, 0, 123
L -155.7881, 290.0838, -21.3581,  -155.3033, 292.1329, -20.9274,  255, 0, 123
L -155.3033, 292.1329, -20.9274,  -154.8582, 294.0144, -20.5352,  255, 0, 123
L -154.8582, 294.0144, -20.5352,  -155.3332, 302.8535, -18.7791,  255, 0, 123
L -155.3332, 302.8535, -18.7791,  -156.0732, 304.6238, -18.4295,  255, 0, 123
L -156.0732, 304.6238, -18.4295,  -157.9428, 309.0955, -17.5559,  255, 0, 123
L -157.9428, 309.0955, -17.5559,  -159.1929, 310.5471, -18.3279,  255, 0, 123
L -159.1929, 310.5471, -18.3279,  -162.6504, 314.5674, -17.5080,  255, 0, 123
L -162.6504, 314.5674, -17.5080,  -168.8162, 318.3155, -14.5905,  255, 0, 123
L -168.8162, 318.3155, -14.5905,  -170.6526, 318.7482, -14.0396,  255, 0, 123
L -170.6526, 318.7482, -14.0396,  -176.8042, 319.8943, -12.7045,  255, 0, 123
L -176.8042, 319.8943, -12.7045,  -178.7406, 319.7354, -12.3347,  255, 0, 123
L -178.7406, 319.7354, -12.3347,  -183.6944, 319.1035, -11.3989,  255, 0, 123
L -183.6944, 319.1035, -11.3989,  -185.4812, 318.3568, -11.0445,  255, 0, 123
L -185.4812, 318.3568, -11.0445,  -190.1836, 316.1693, -10.9961,  255, 0, 123
L -190.1836, 316.1693, -10.9961,  -191.6286, 314.9261, -10.9961,  255, 0, 123
L -191.6286, 314.9261, -10.9961,  -195.1606, 311.8872, -9.1462,  255, 0, 123
L -195.1606, 311.8872, -9.1462,  -196.1456, 310.2649, -8.3674,  255, 0, 123
L -196.1456, 310.2649, -8.3674,  -198.9057, 305.7270, -7.2023,  255, 0, 123
L -198.9057, 305.7270, -7.2023,  -199.3511, 303.8382, -6.6923,  255, 0, 123
L -199.3511, 303.8382, -6.6923,  -199.8299, 301.8129, -6.2779,  255, 0, 123
L -199.8299, 301.8129, -6.2779,  -200.2886, 299.8751, -5.8656,  255, 0, 123
L -200.2886, 299.8751, -5.8656,  -199.8275, 291.1658, -4.2116,  255, 0, 123
L -199.8275, 291.1658, -4.2116,  -199.0940, 289.4110, -3.8470,  255, 0, 123
L -199.0940, 289.4110, -3.8470,  -197.1882, 284.8539, -2.9227,  255, 0, 123
L -197.1882, 284.8539, -2.9227,  -195.9672, 283.4377, -3.6756,  255, 0, 123
L -195.9672, 283.4377, -3.6756,  -192.4750, 279.3792, -2.0362,  255, 0, 123
L -192.4750, 279.3792, -2.0362,  -190.8248, 278.3789, -2.0358,  255, 0, 123
L -190.8248, 278.3789, -2.0358,  -186.3152, 275.6351, -0.5176,  255, 0, 123
L -186.3152, 275.6351, -0.5176,  -184.3863, 275.1808, 0.6235,  255, 0, 123
L -184.3863, 275.1808, 0.6235,  -179.2309, 273.9651, 1.7815,  255, 0, 123
L -179.2309, 273.9651, 1.7815,  -179.2309, 273.9651, 1.7815,  255, 0, 123
L -179.2309, 273.9651, 1.7815,  -149.7170, 274.2608, 1.7840,  0, 0, 0
L -149.7170, 274.2608, 1.7840,  -122.7880, 274.4219, 1.7983,  0, 0, 0
L -122.7880, 274.4219, 1.7983,  -121.4702, 274.3065, 1.7956,  0, 0, 0
L -121.4702, 274.3065, 1.7956,  -117.5629, 274.1011, 1.7599,  0, 0, 0
L -117.5629, 274.1011, 1.7599,  -115.9402, 275.0201, 0.9962,  0, 0, 0
L -115.9402, 275.0201, 0.9962,  -113.9597, 274.9916, -0.7624,  0, 0, 0
L -113.9597, 274.9916, -0.7624,  -112.9388, 273.8732, -0.7624,  0, 0, 0
L -112.9388, 273.8732, -0.7624,  -112.8937, 272.0367, -0.7624,  0, 0, 0
L -112.8937, 272.0367, -0.7624,  -112.9784, 269.7910, -0.7624,  0, 0, 0
L -112.9784, 269.7910, -0.7624,  -114.4674, 268.7465, -0.7624,  0, 0, 0
L -114.4674, 268.7465, -0.7624,  -115.1375, 267.1261, -0.7624,  0, 0, 0
L -115.1375, 267.1261, -0.7624,  -115.1367, 265.2483, -0.7624,  0, 0, 0
L -115.1367, 265.2483, -0.7624,  -114.7086, 207.0416, -0.7624,  0, 0, 0
L -114.7086, 207.0416, -0.7624,  -113.1253, 205.8560, -0.7624,  0, 0, 0
L -113.1253, 205.8560, -0.7624,  -112.8406, 204.0684, -0.7624,  0, 0, 0
L -112.8406, 204.0684, -0.7624,  -113.3099, 200.9489, -0.7624,  0, 0, 0
L -113.3099, 200.9489, -0.7624,  -114.6157, 200.4842, -0.7624,  0, 0, 0
L -114.6157, 200.4842, -0.7624,  -116.5852, 200.1423, 0.9962,  0, 0, 0
L -116.5852, 200.1423, 0.9962,  -117.5778, 201.4930, 0.9962,  0, 0, 0
L -117.5778, 201.4930, 0.9962,  -119.4491, 201.6859, 1.8053,  0, 0, 0
L -119.4491, 201.6859, 1.8053,  -125.0494, 201.5099, 1.8017,  0, 0, 0
L -125.0494, 201.5099, 1.8017,  -134.2808, 201.5981, 1.7939,  0, 0, 0
L -134.2808, 201.5981, 1.7939,  -179.4575, 201.9965, 1.7332,  0, 0, 0
L -179.4575, 201.9965, 1.7332,  -180.3212, 201.7934, 1.5320,  0, 0, 0
L 22.4689, 286.0449, 21.4802,  -7.1374, 286.0364, 21.4802,  0, 240, 0
L -7.1374, 286.0364, 21.4802,  -108.9507, 285.9245, 21.4802,  0, 240, 0
L -108.9507, 285.9245, 21.4802,  -108.9508, 283.9715, 21.4802,  0, 240, 0
L -108.9508, 283.9715, 21.4802,  -110.0764, 282.5686, 21.4802,  0, 240, 0
L -110.0764, 282.5686, 21.4802,  -111.6973, 282.5287, 21.4802,  0, 240, 0
L -111.6973, 282.5287, 21.4802,  -113.8935, 282.3831, 20.5079,  0, 240, 0
L -113.8935, 282.3831, 20.5079,  -114.4203, 284.1143, 20.5079,  0, 240, 0
L -114.4203, 284.1143, 20.5079,  -114.3871, 285.9662, 20.5079,  0, 240, 0
L -114.3871, 285.9662, 20.5079,  -113.4486, 287.6964, 20.9524,  0, 240, 0
L -113.4486, 287.6964, 20.9524,  -113.0666, 289.4883, 20.5965,  0, 240, 0
L -113.0666, 289.4883, 20.5965,  -113.2951, 318.3978, 20.5078,  0, 240, 0
L -113.2951, 318.3978, 20.5078,  -114.8110, 318.3947, 20.5078,  0, 240, 0
L -114.8110, 318.3947, 20.5078,  -132.1135, 318.2559, 20.5078,  0, 240, 0
L -132.1135, 318.2559, 20.5078,  -132.2695, 316.2837, 20.4493,  0, 240, 0
L -132.2695, 316.2837, 20.4493,  -133.9608, 315.6689, 20.5078,  0, 240, 0
L -133.9608, 315.6689, 20.5078,  -135.7264, 315.7772, 20.5079,  0, 240, 0
L -135.7264, 315.7772, 20.5079,  -138.9264, 315.8955, 20.5161,  0, 240, 0
L -138.9264, 315.8955, 20.5161,  -141.0443, 315.9811, 20.5079,  0, 240, 0
L -141.0443, 315.9811, 20.5079,  -141.3551, 317.4450, 20.5079,  0, 240, 0
L -141.3551, 317.4450, 20.5079,  -141.8060, 318.3989, 20.5078,  0, 240, 0
L -141.8060, 318.3989, 20.5078,  -141.5261, 273.2975, 20.5079,  0, 240, 0
L -141.5261, 273.2975, 20.5079,  -139.7084, 273.3004, 20.5079,  0, 240, 0
L -139.7084, 273.3004, 20.5079,  -114.3875, 273.3717, 20.5079,  0, 240, 0
L -114.3875, 273.3717, 20.5079,  -114.3883, 275.2600, 20.5079,  0, 240, 0
L -114.3883, 275.2600, 20.5079,  -113.4684, 276.7352, 20.9524,  0, 240, 0
L -113.4684, 276.7352, 20.9524,  -111.6769, 276.7445, 21.4802,  0, 240, 0
L -111.6769, 276.7445, 21.4802,  -109.6168, 276.6331, 21.4802,  0, 240, 0
L -109.6168, 276.6331, 21.4802,  -108.9405, 274.9188, 21.4802,  0, 240, 0
L -108.9405, 274.9188, 21.4802,  -108.9475, 272.9716, 21.4802,  0, 240, 0
L -108.9475, 272.9716, 21.4802,  -110.0960, 271.4476, 21.4802,  0, 240, 0
L -110.0960, 271.4476, 21.4802,  -111.7884, 270.6634, 21.4802,  0, 240, 0
L -111.7884, 270.6634, 21.4802,  -113.5453, 270.7025, 21.4802,  0, 240, 0
L -113.5453, 270.7025, 21.4802,  -123.2822, 270.6714, 21.4802,  0, 240, 0
L -123.2822, 270.6714, 21.4802,  -125.2206, 270.4586, 21.4802,  0, 240, 0
L -125.2206, 270.4586, 21.4802,  -125.2163, 268.7643, 21.4802,  0, 240, 0
L -125.2163, 268.7643, 21.4802,  -124.7260, 246.3355, 21.4802,  0, 240, 0
L -124.7260, 246.3355, 21.4802,  -123.7824, 244.9507, 21.4802,  0, 240, 0
L -123.7824, 244.9507, 21.4802,  -123.6518, 243.6246, 21.4802,  0, 240, 0
L -123.6518, 243.6246, 21.4802,  -124.1767, 241.8305, 21.4802,  0, 240, 0
L -124.1767, 241.8305, 21.4802,  -126.0930, 242.1630, 21.4802,  0, 240, 0
L -126.0930, 242.1630, 21.4802,  -127.9675, 242.3213, 21.4802,  0, 240, 0
L -127.9675, 242.3213, 21.4802,  -129.4308, 242.5715, 21.4802,  0, 240, 0
L -129.4308, 242.5715, 21.4802,  -131.3485, 242.6669, 21.4803,  0, 240, 0
L -131.3485, 242.6669, 21.4803,  -141.2016, 242.6666, 21.4803,  0, 240, 0
L -141.2016, 242.6666, 21.4803,  -150.7969, 242.2532, 21.4802,  0, 240, 0
L -150.7969, 242.2532, 21.4802,  -153.7827, 242.4817, 21.4802,  0, 240, 0
L -153.7827, 242.4817, 21.4802,  -154.2596, 244.4039, 20.7288,  0, 240, 0
L -154.2596, 244.4039, 20.7288,  -153.6128, 246.2230, 21.4802,  0, 240, 0
L -153.6128, 246.2230, 21.4802,  -153.3186, 248.1671, 21.4802,  0, 240, 0
L -153.3186, 248.1671, 21.4802,  -153.7634, 254.7813, 21.4821,  0, 240, 0
L -153.7634, 254.7813, 21.4821,  -155.6256, 254.7780, 20.7312,  0, 240, 0
L -155.6256, 254.7780, 20.7312,  -185.4443, 254.7726, 19.2398,  0, 240, 0
L -185.4443, 254.7726, 19.2398,  -206.0025, 254.8211, 19.2375,  0, 240, 0
L -206.0025, 254.8211, 19.2375,  -205.9979, 253.3215, 19.2376,  0, 240, 0
L -205.9979, 253.3215, 19.2376,  -205.7596, 221.1808, 25.5425,  0, 240, 0
L -205.7596, 221.1808, 25.5425,  -204.2230, 221.1844, 25.5425,  0, 240, 0
L -204.2230, 221.1844, 25.5425,  -153.3096, 221.1428, 21.4792,  0, 240, 0
L -153.3096, 221.1428, 21.4792,  -153.3202, 222.7533, 21.4798,  0, 240, 0
L -153.3202, 222.7533, 21.4798,  -153.7900, 229.9390, 21.4802,  0, 240, 0
L -153.7900, 229.9390, 21.4802,  -154.2412, 231.7792, 21.0506,  0, 240, 0
L -152.2334, 233.7551, 21.4802,  -150.2962, 233.4148, 21.4802,  0, 240, 0
L -150.2962, 233.4148, 21.4802,  -148.4456, 233.3287, 21.4805,  0, 240, 0
L -148.4456, 233.3287, 21.4805,  -138.5975, 233.3306, 21.4810,  0, 240, 0
L -138.5975, 233.3306, 21.4810,  -135.0185, 233.3273, 21.4802,  0, 240, 0
L -154.1890, 231.6393, 20.7288,  -153.6309, 233.5767, 21.4802,  0, 240, 0
L -153.6309, 233.5767, 21.4802,  -151.8564, 233.7546, 21.4802,  0, 240, 0
L -151.8564, 233.7546, 21.4802,  -151.5614, 233.7505, 21.4802,  0, 240, 0
L -136.1172, 233.3273, 21.4802,  -126.2744, 233.8102, 21.4790,  0, 240, 0
L -126.2744, 233.8102, 21.4790,  -124.3699, 233.6633, 21.4802,  0, 240, 0
L -124.3699, 233.6633, 21.4802,  -123.7830, 232.0936, 21.4802,  0, 240, 0
L -123.7830, 232.0936, 21.4802,  -123.7105, 230.1255, 21.4802,  0, 240, 0
L -123.7105, 230.1255, 21.4802,  -125.2204, 228.9977, 21.4802,  0, 240, 0
L -125.2204, 228.9977, 21.4802,  -125.2192, 227.2867, 21.4802,  0, 240, 0
L -125.2192, 227.2867, 21.4802,  -124.9444, 204.9670, 21.4802,  0, 240, 0
L -124.9444, 204.9670, 21.4802,  -122.9996, 204.9661, 21.4802,  0, 240, 0
L -122.9996, 204.9661, 21.4802,  -110.7589, 204.8400, 21.4802,  0, 240, 0
L -110.7589, 204.8400, 21.4802,  -109.3391, 203.4390, 21.4802,  0, 240, 0
L -109.3391, 203.4390, 21.4802,  -108.8124, 201.5564, 21.4802,  0, 240, 0
L -108.8124, 201.5564, 21.4802,  -109.1345, 199.5849, 21.4802,  0, 240, 0
L -109.1345, 199.5849, 21.4802,  -110.4452, 199.0070, 21.4802,  0, 240, 0
L -110.4452, 199.0070, 21.4802,  -112.3894, 199.0255, 21.4802,  0, 240, 0
L -112.3894, 199.0255, 21.4802,  -114.1880, 199.5408, 20.9593,  0, 240, 0
L -114.1880, 199.5408, 20.9593,  -114.3919, 201.1251, 20.5079,  0, 240, 0
L -114.3919, 201.1251, 20.5079,  -115.6024, 202.3493, 20.5079,  0, 240, 0
L -115.6024, 202.3493, 20.5079,  -117.5915, 202.3463, 20.5079,  0, 240, 0
L -117.5915, 202.3463, 20.5079,  -141.8059, 202.3363, 20.5078,  0, 240, 0
L -141.8059, 202.3363, 20.5078,  -141.8012, 200.5560, 20.5079,  0, 240, 0
L -141.8012, 200.5560, 20.5079,  -141.5449, 157.2342, 20.5079,  0, 240, 0
L -141.5449, 157.2342, 20.5079,  -139.7519, 157.2380, 20.5079,  0, 240, 0
L -139.7519, 157.2380, 20.5079,  -113.0625, 157.2326, 20.5078,  0, 240, 0
L -113.0625, 157.2326, 20.5078,  -113.0646, 158.6731, 20.5078,  0, 240, 0
L -113.0646, 158.6731, 20.5078,  -113.0624, 164.6266, 21.2851,  0, 240, 0
P 107.1759, 237.9341, -0.7624,  0, 0, 240,  2,  West_Freeport
