L 2776.0000, -767.0000, 205.0000,  2777.0000, -781.0000, 175.0000,  190, 190, 190
L 2764.0000, -767.0000, 269.0000,  2776.0000, -767.0000, 205.0000,  190, 190, 190
L 2764.0000, -778.0000, 254.0000,  2764.0000, -767.0000, 269.0000,  190, 190, 190
L 2777.0000, -781.0000, 176.0000,  2764.0000, -778.0000, 254.0000,  190, 190, 190
L 2816.0000, -780.0000, 63.0000,  2805.0000, -780.0000, 93.0000,  190, 190, 190
L 2817.0000, -765.0000, 89.0000,  2816.0000, -780.0000, 63.0000,  190, 190, 190
L 2804.0000, -768.0000, 122.0000,  2817.0000, -765.0000, 89.0000,  190, 190, 190
L 2806.0000, -780.0000, 91.0000,  2804.0000, -768.0000, 122.0000,  190, 190, 190
L 2818.0000, -827.0000, -9.0000,  2816.0000, -815.0000, 6.0000,  190, 190, 190
L 2829.0000, -826.0000, -30.0000,  2818.0000, -827.0000, -9.0000,  190, 190, 190
L 2828.0000, -812.0000, -15.0000,  2829.0000, -826.0000, -30.0000,  190, 190, 190
L 2816.0000, -814.0000, 7.0000,  2828.0000, -812.0000, -15.0000,  190, 190, 190
L 2778.0000, -816.0000, 101.0000,  2792.0000, -816.0000, 64.0000,  190, 190, 190
L 2780.0000, -829.0000, 73.0000,  2778.0000, -816.0000, 101.0000,  190, 190, 190
L 2792.0000, -827.0000, 41.0000,  2780.0000, -829.0000, 73.0000,  190, 190, 190
L 2791.0000, -814.0000, 68.0000,  2792.0000, -827.0000, 41.0000,  190, 190, 190
L 2601.0000, -813.0000, -125.0000,  2759.0000, -814.0000, 194.0000,  165, 42, 42
L 2545.0000, -834.0000, -233.0000,  2601.0000, -813.0000, -125.0000,  165, 42, 42
L 2497.0000, -876.0000, -341.0000,  2545.0000, -834.0000, -233.0000,  165, 42, 42
L 2427.0000, -915.0000, -341.0000,  2497.0000, -876.0000, -341.0000,  165, 42, 42
L 2356.0000, -936.0000, -341.0000,  2427.0000, -915.0000, -341.0000,  165, 42, 42
L 2292.0000, -976.0000, -341.0000,  2356.0000, -936.0000, -341.0000,  165, 42, 42
L 2215.0000, -972.0000, -341.0000,  2292.0000, -976.0000, -341.0000,  165, 42, 42
L 2160.0000, -896.0000, -341.0000,  2215.0000, -972.0000, -341.0000,  165, 42, 42
L 2174.0000, -854.0000, -341.0000,  2160.0000, -896.0000, -341.0000,  165, 42, 42
L 2239.0000, -810.0000, -341.0000,  2174.0000, -854.0000, -341.0000,  165, 42, 42
L 2318.0000, -879.0000, -341.0000,  2239.0000, -810.0000, -341.0000,  165, 42, 42
L 2344.0000, -895.0000, -341.0000,  2318.0000, -879.0000, -341.0000,  165, 42, 42
L 2428.0000, -875.0000, -341.0000,  2344.0000, -895.0000, -341.0000,  165, 42, 42
L 2505.0000, -821.0000, -336.0000,  2428.0000, -875.0000, -341.0000,  165, 42, 42
L 2501.0000, -766.0000, -347.0000,  2505.0000, -821.0000, -336.0000,  165, 42, 42
L 2465.0000, -702.0000, -460.0000,  2501.0000, -766.0000, -347.0000,  165, 42, 42
L 2330.0000, -669.0000, -594.0000,  2465.0000, -702.0000, -460.0000,  165, 42, 42
L 2183.0000, -549.0000, -754.0000,  2330.0000, -669.0000, -594.0000,  165, 42, 42
L 2139.0000, -528.0000, -798.0000,  2183.0000, -549.0000, -754.0000,  165, 42, 42
L 2074.0000, -537.0000, -799.0000,  2139.0000, -528.0000, -798.0000,  165, 42, 42
L 2015.0000, -450.0000, -799.0000,  2074.0000, -537.0000, -799.0000,  165, 42, 42
L 2052.0000, -377.0000, -799.0000,  2015.0000, -450.0000, -799.0000,  165, 42, 42
L 2142.0000, -384.0000, -799.0000,  2052.0000, -377.0000, -799.0000,  165, 42, 42
L 2188.0000, -474.0000, -754.0000,  2142.0000, -384.0000, -799.0000,  165, 42, 42
L 2262.0000, -576.0000, -697.0000,  2188.0000, -474.0000, -754.0000,  165, 42, 42
L 2356.0000, -654.0000, -593.0000,  2262.0000, -576.0000, -697.0000,  165, 42, 42
L 2473.0000, -669.0000, -465.0000,  2356.0000, -654.0000, -593.0000,  165, 42, 42
L 2554.0000, -740.0000, -222.0000,  2473.0000, -669.0000, -465.0000,  165, 42, 42
L 2630.0000, -774.0000, -94.0000,  2554.0000, -740.0000, -222.0000,  165, 42, 42
L 2705.0000, -785.0000, 41.0000,  2630.0000, -774.0000, -94.0000,  165, 42, 42
L 2764.0000, -785.0000, 187.0000,  2705.0000, -785.0000, 41.0000,  165, 42, 42
L 1670.0000, -2008.0000, 1511.0000,  1665.0000, -1997.0000, 1498.0000,  190, 190, 190
L 1678.0000, -2007.0000, 1508.0000,  1670.0000, -2008.0000, 1511.0000,  190, 190, 190
L 1672.0000, -1987.0000, 1478.0000,  1678.0000, -2007.0000, 1508.0000,  190, 190, 190
L 1649.0000, -1994.0000, 1499.0000,  1672.0000, -1987.0000, 1478.0000,  190, 190, 190
L 1652.0000, -2001.0000, 1509.0000,  1649.0000, -1994.0000, 1499.0000,  190, 190, 190
L 1665.0000, -1997.0000, 1498.0000,  1652.0000, -2001.0000, 1509.0000,  190, 190, 190
L 1677.0000, -2027.0000, 1538.0000,  1682.0000, -2040.0000, 1557.0000,  190, 190, 190
L 1685.0000, -2023.0000, 1532.0000,  1677.0000, -2027.0000, 1538.0000,  190, 190, 190
L 1692.0000, -2045.0000, 1565.0000,  1685.0000, -2023.0000, 1532.0000,  190, 190, 190
L 1633.0000, -2066.0000, 1617.0000,  1692.0000, -2045.0000, 1565.0000,  190, 190, 190
L 1612.0000, -2010.0000, 1540.0000,  1633.0000, -2066.0000, 1617.0000,  190, 190, 190
L 1633.0000, -2000.0000, 1516.0000,  1612.0000, -2010.0000, 1540.0000,  190, 190, 190
L 1637.0000, -2006.0000, 1523.0000,  1633.0000, -2000.0000, 1516.0000,  190, 190, 190
L 1622.0000, -2013.0000, 1542.0000,  1637.0000, -2006.0000, 1523.0000,  190, 190, 190
L 1639.0000, -2056.0000, 1599.0000,  1622.0000, -2013.0000, 1542.0000,  190, 190, 190
L 1682.0000, -2040.0000, 1557.0000,  1639.0000, -2056.0000, 1599.0000,  190, 190, 190
L -2865.0000, -3339.0000, 3454.0000,  -2865.0000, -3444.0000, 3453.0000,  165, 42, 42
L -1412.0000, 238.0000, 2938.0000,  -1418.0000, 255.0000, 2962.0000,  190, 190, 190
L -1395.0000, 244.0000, 2925.0000,  -1412.0000, 238.0000, 2938.0000,  190, 190, 190
L -1402.0000, 262.0000, 2933.0000,  -1395.0000, 244.0000, 2925.0000,  190, 190, 190
L -1418.0000, 255.0000, 2963.0000,  -1402.0000, 262.0000, 2933.0000,  190, 190, 190
L -1390.0000, 299.0000, 2877.0000,  -1401.0000, 323.0000, 2863.0000,  190, 190, 190
L -1415.0000, 288.0000, 2938.0000,  -1390.0000, 299.0000, 2877.0000,  190, 190, 190
L -1404.0000, 267.0000, 2933.0000,  -1415.0000, 288.0000, 2938.0000,  190, 190, 190
L -1381.0000, 277.0000, 2874.0000,  -1404.0000, 267.0000, 2933.0000,  190, 190, 190
L -1371.0000, 256.0000, 2909.0000,  -1381.0000, 277.0000, 2874.0000,  190, 190, 190
L -1343.0000, 266.0000, 2893.0000,  -1371.0000, 256.0000, 2909.0000,  190, 190, 190
L -1352.0000, 290.0000, 2798.0000,  -1343.0000, 266.0000, 2893.0000,  190, 190, 190
L -1366.0000, 285.0000, 2835.0000,  -1352.0000, 290.0000, 2798.0000,  190, 190, 190
L -1373.0000, 301.0000, 2830.0000,  -1366.0000, 285.0000, 2835.0000,  190, 190, 190
L -1359.0000, 308.0000, 2793.0000,  -1373.0000, 301.0000, 2830.0000,  190, 190, 190
L -1370.0000, 335.0000, 2790.0000,  -1359.0000, 308.0000, 2793.0000,  190, 190, 190
L -1401.0000, 324.0000, 2863.0000,  -1370.0000, 335.0000, 2790.0000,  190, 190, 190
L -1414.0000, 291.0000, 2932.0000,  -1432.0000, 285.0000, 2966.0000,  190, 190, 190
L -1421.0000, 310.0000, 2895.0000,  -1414.0000, 291.0000, 2932.0000,  190, 190, 190
L -1438.0000, 301.0000, 2937.0000,  -1421.0000, 310.0000, 2895.0000,  190, 190, 190
L -1431.0000, 285.0000, 2965.0000,  -1438.0000, 301.0000, 2937.0000,  190, 190, 190
L -2088.0000, 1910.0000, -3799.0000,  -2113.0000, 1909.0000, -3841.0000,  165, 42, 42
L -1980.0000, 1911.0000, -3762.0000,  -2088.0000, 1910.0000, -3799.0000,  165, 42, 42
L -1953.0000, 1934.0000, -3762.0000,  -1980.0000, 1911.0000, -3762.0000,  165, 42, 42
L -1938.0000, 1972.0000, -3762.0000,  -1953.0000, 1934.0000, -3762.0000,  165, 42, 42
L -1887.0000, 1982.0000, -3909.0000,  -1938.0000, 1972.0000, -3762.0000,  165, 42, 42
L -1845.0000, 1976.0000, -3909.0000,  -1887.0000, 1982.0000, -3909.0000,  165, 42, 42
L -1794.0000, 1993.0000, -3912.0000,  -1845.0000, 1976.0000, -3909.0000,  165, 42, 42
L -1739.0000, 2029.0000, -4168.0000,  -1794.0000, 1993.0000, -3912.0000,  165, 42, 42
L -1725.0000, 2093.0000, -4345.0000,  -1739.0000, 2029.0000, -4168.0000,  165, 42, 42
L -1749.0000, 2136.0000, -4345.0000,  -1725.0000, 2093.0000, -4345.0000,  165, 42, 42
L -1733.0000, 2201.0000, -4345.0000,  -1749.0000, 2136.0000, -4345.0000,  165, 42, 42
L -1700.0000, 2216.0000, -4345.0000,  -1733.0000, 2201.0000, -4345.0000,  165, 42, 42
L -1654.0000, 2202.0000, -4345.0000,  -1700.0000, 2216.0000, -4345.0000,  165, 42, 42
L -1627.0000, 2163.0000, -4345.0000,  -1654.0000, 2202.0000, -4345.0000,  165, 42, 42
L -1624.0000, 2120.0000, -4345.0000,  -1627.0000, 2163.0000, -4345.0000,  165, 42, 42
L -1646.0000, 2088.0000, -4345.0000,  -1624.0000, 2120.0000, -4345.0000,  165, 42, 42
L -1661.0000, 2076.0000, -4345.0000,  -1646.0000, 2088.0000, -4345.0000,  165, 42, 42
L -1705.0000, 2058.0000, -4338.0000,  -1661.0000, 2076.0000, -4345.0000,  165, 42, 42
L -1730.0000, 2020.0000, -4163.0000,  -1705.0000, 2058.0000, -4338.0000,  165, 42, 42
L -1790.0000, 1973.0000, -3906.0000,  -1730.0000, 2020.0000, -4163.0000,  165, 42, 42
L -1778.0000, 1923.0000, -3762.0000,  -1790.0000, 1973.0000, -3906.0000,  165, 42, 42
L -1721.0000, 1917.0000, -3762.0000,  -1778.0000, 1923.0000, -3762.0000,  165, 42, 42
L -1664.0000, 1882.0000, -3762.0000,  -1721.0000, 1917.0000, -3762.0000,  165, 42, 42
L -1693.0000, 1775.0000, -3762.0000,  -1664.0000, 1882.0000, -3762.0000,  165, 42, 42
L -1756.0000, 1766.0000, -3762.0000,  -1693.0000, 1775.0000, -3762.0000,  165, 42, 42
L -1806.0000, 1816.0000, -3762.0000,  -1756.0000, 1766.0000, -3762.0000,  165, 42, 42
L -1809.0000, 1871.0000, -3762.0000,  -1806.0000, 1816.0000, -3762.0000,  165, 42, 42
L -1788.0000, 1914.0000, -3762.0000,  -1809.0000, 1871.0000, -3762.0000,  165, 42, 42
L -1801.0000, 1967.0000, -3909.0000,  -1788.0000, 1914.0000, -3762.0000,  165, 42, 42
L -1893.0000, 1968.0000, -3903.0000,  -1801.0000, 1967.0000, -3909.0000,  165, 42, 42
L -1930.0000, 1951.0000, -3762.0000,  -1893.0000, 1968.0000, -3903.0000,  165, 42, 42
L -1935.0000, 1905.0000, -3762.0000,  -1930.0000, 1951.0000, -3762.0000,  165, 42, 42
L -1908.0000, 1851.0000, -3762.0000,  -1935.0000, 1905.0000, -3762.0000,  165, 42, 42
L -1903.0000, 1780.0000, -3762.0000,  -1908.0000, 1851.0000, -3762.0000,  165, 42, 42
L -1916.0000, 1707.0000, -3762.0000,  -1903.0000, 1780.0000, -3762.0000,  165, 42, 42
L -1943.0000, 1664.0000, -3762.0000,  -1916.0000, 1707.0000, -3762.0000,  165, 42, 42
L -1929.0000, 1603.0000, -3762.0000,  -1943.0000, 1664.0000, -3762.0000,  165, 42, 42
L -1959.0000, 1531.0000, -3762.0000,  -1929.0000, 1603.0000, -3762.0000,  165, 42, 42
L -2034.0000, 1523.0000, -3762.0000,  -1959.0000, 1531.0000, -3762.0000,  165, 42, 42
L -2058.0000, 1575.0000, -3762.0000,  -2034.0000, 1523.0000, -3762.0000,  165, 42, 42
L -1985.0000, 1630.0000, -3762.0000,  -2058.0000, 1575.0000, -3762.0000,  165, 42, 42
L -1963.0000, 1666.0000, -3762.0000,  -1985.0000, 1630.0000, -3762.0000,  165, 42, 42
L -1929.0000, 1711.0000, -3762.0000,  -1963.0000, 1666.0000, -3762.0000,  165, 42, 42
L -1920.0000, 1785.0000, -3762.0000,  -1929.0000, 1711.0000, -3762.0000,  165, 42, 42
L -1924.0000, 1846.0000, -3762.0000,  -1920.0000, 1785.0000, -3762.0000,  165, 42, 42
L -1949.0000, 1898.0000, -3762.0000,  -1924.0000, 1846.0000, -3762.0000,  165, 42, 42
L -1981.0000, 1890.0000, -3762.0000,  -1949.0000, 1898.0000, -3762.0000,  165, 42, 42
L -2064.0000, 1883.0000, -3762.0000,  -1981.0000, 1890.0000, -3762.0000,  165, 42, 42
L -2081.0000, 1883.0000, -3790.0000,  -2064.0000, 1883.0000, -3762.0000,  165, 42, 42
L -2109.0000, 1882.0000, -3834.0000,  -2081.0000, 1883.0000, -3790.0000,  165, 42, 42
L -2124.0000, 1866.0000, -3842.0000,  -2124.0000, 1880.0000, -3863.0000,  190, 190, 190
L -2112.0000, 1866.0000, -3789.0000,  -2124.0000, 1866.0000, -3842.0000,  190, 190, 190
L -2111.0000, 1880.0000, -3805.0000,  -2112.0000, 1866.0000, -3789.0000,  190, 190, 190
L -2124.0000, 1880.0000, -3863.0000,  -2111.0000, 1880.0000, -3805.0000,  190, 190, 190
L -2124.0000, 1915.0000, -3917.0000,  -2136.0000, 1914.0000, -3915.0000,  190, 190, 190
L -2126.0000, 1929.0000, -3944.0000,  -2124.0000, 1915.0000, -3917.0000,  190, 190, 190
L -2137.0000, 1927.0000, -3933.0000,  -2126.0000, 1929.0000, -3944.0000,  190, 190, 190
L -2137.0000, 1915.0000, -3915.0000,  -2137.0000, 1927.0000, -3933.0000,  190, 190, 190
L -2162.0000, 1914.0000, -3889.0000,  -2175.0000, 1914.0000, -3877.0000,  190, 190, 190
L -2163.0000, 1928.0000, -3909.0000,  -2162.0000, 1914.0000, -3889.0000,  190, 190, 190
L -2174.0000, 1927.0000, -3898.0000,  -2163.0000, 1928.0000, -3909.0000,  190, 190, 190
L -2174.0000, 1913.0000, -3877.0000,  -2174.0000, 1927.0000, -3898.0000,  190, 190, 190
L -2153.0000, 1866.0000, -3826.0000,  -2164.0000, 1866.0000, -3816.0000,  190, 190, 190
L -2151.0000, 1879.0000, -3847.0000,  -2153.0000, 1866.0000, -3826.0000,  190, 190, 190
L -2165.0000, 1879.0000, -3834.0000,  -2151.0000, 1879.0000, -3847.0000,  190, 190, 190
L -2165.0000, 1866.0000, -3814.0000,  -2165.0000, 1879.0000, -3834.0000,  190, 190, 190
L -1502.0000, 2191.0000, -4099.0000,  -1549.0000, 2177.0000, -4089.0000,  190, 190, 190
L -1496.0000, 2176.0000, -4089.0000,  -1502.0000, 2191.0000, -4099.0000,  190, 190, 190
L -1492.0000, 2175.0000, -4089.0000,  -1496.0000, 2176.0000, -4089.0000,  190, 190, 190
L -1494.0000, 2195.0000, -4098.0000,  -1492.0000, 2175.0000, -4089.0000,  190, 190, 190
L -1472.0000, 2241.0000, -4124.0000,  -1494.0000, 2195.0000, -4098.0000,  190, 190, 190
L -1463.0000, 2245.0000, -4119.0000,  -1472.0000, 2241.0000, -4124.0000,  190, 190, 190
L -1464.0000, 2250.0000, -4125.0000,  -1463.0000, 2245.0000, -4119.0000,  190, 190, 190
L -1478.0000, 2246.0000, -4135.0000,  -1464.0000, 2250.0000, -4125.0000,  190, 190, 190
L -1500.0000, 2200.0000, -4108.0000,  -1478.0000, 2246.0000, -4135.0000,  190, 190, 190
L -1558.0000, 2181.0000, -4086.0000,  -1500.0000, 2200.0000, -4108.0000,  190, 190, 190
L -1550.0000, 2159.0000, -4071.0000,  -1558.0000, 2181.0000, -4086.0000,  190, 190, 190
L -1545.0000, 2161.0000, -4078.0000,  -1550.0000, 2159.0000, -4071.0000,  190, 190, 190
L -1549.0000, 2177.0000, -4089.0000,  -1545.0000, 2161.0000, -4078.0000,  190, 190, 190
L -1541.0000, 2145.0000, -4062.0000,  -1535.0000, 2129.0000, -4043.0000,  190, 190, 190
L -1546.0000, 2143.0000, -4053.0000,  -1541.0000, 2145.0000, -4062.0000,  190, 190, 190
L -1539.0000, 2121.0000, -4027.0000,  -1546.0000, 2143.0000, -4053.0000,  190, 190, 190
L -1522.0000, 2126.0000, -4046.0000,  -1539.0000, 2121.0000, -4027.0000,  190, 190, 190
L -1521.0000, 2132.0000, -4056.0000,  -1522.0000, 2126.0000, -4046.0000,  190, 190, 190
L -1535.0000, 2129.0000, -4043.0000,  -1521.0000, 2132.0000, -4056.0000,  190, 190, 190
L -1502.0000, 2131.0000, -4054.0000,  -1481.0000, 2138.0000, -4064.0000,  190, 190, 190
L -1503.0000, 2137.0000, -4033.0000,  -1502.0000, 2131.0000, -4054.0000,  190, 190, 190
L -1487.0000, 2143.0000, -4072.0000,  -1503.0000, 2137.0000, -4033.0000,  190, 190, 190
L -1494.0000, 2154.0000, -4088.0000,  -1487.0000, 2143.0000, -4072.0000,  190, 190, 190
L -1486.0000, 2164.0000, -4088.0000,  -1494.0000, 2154.0000, -4088.0000,  190, 190, 190
L -1479.0000, 2145.0000, -4075.0000,  -1486.0000, 2164.0000, -4088.0000,  190, 190, 190
L -1463.0000, 2134.0000, -4059.0000,  -1479.0000, 2145.0000, -4075.0000,  190, 190, 190
L -1466.0000, 2129.0000, -4051.0000,  -1463.0000, 2134.0000, -4059.0000,  190, 190, 190
L -1481.0000, 2138.0000, -4065.0000,  -1466.0000, 2129.0000, -4051.0000,  190, 190, 190
L -1369.0000, 2178.0000, -4089.0000,  -1322.0000, 2192.0000, -4084.0000,  190, 190, 190
L -1374.0000, 2194.0000, -4090.0000,  -1369.0000, 2178.0000, -4089.0000,  190, 190, 190
L -1381.0000, 2194.0000, -4090.0000,  -1374.0000, 2194.0000, -4090.0000,  190, 190, 190
L -1377.0000, 2176.0000, -4089.0000,  -1381.0000, 2194.0000, -4090.0000,  190, 190, 190
L -1399.0000, 2127.0000, -3997.0000,  -1377.0000, 2176.0000, -4089.0000,  190, 190, 190
L -1435.0000, 2116.0000, -3974.0000,  -1399.0000, 2127.0000, -3997.0000,  190, 190, 190
L -1442.0000, 2120.0000, -4000.0000,  -1435.0000, 2116.0000, -3974.0000,  190, 190, 190
L -1444.0000, 2114.0000, -3984.0000,  -1442.0000, 2120.0000, -4000.0000,  190, 190, 190
L -1436.0000, 2110.0000, -3954.0000,  -1444.0000, 2114.0000, -3984.0000,  190, 190, 190
L -1395.0000, 2122.0000, -3978.0000,  -1436.0000, 2110.0000, -3954.0000,  190, 190, 190
L -1373.0000, 2171.0000, -4088.0000,  -1395.0000, 2122.0000, -3978.0000,  190, 190, 190
L -1315.0000, 2190.0000, -4077.0000,  -1373.0000, 2171.0000, -4088.0000,  190, 190, 190
L -1321.0000, 2210.0000, -4084.0000,  -1315.0000, 2190.0000, -4077.0000,  190, 190, 190
L -1326.0000, 2208.0000, -4090.0000,  -1321.0000, 2210.0000, -4084.0000,  190, 190, 190
L -1322.0000, 2192.0000, -4084.0000,  -1326.0000, 2208.0000, -4090.0000,  190, 190, 190
L -1384.0000, 2227.0000, -4091.0000,  -1337.0000, 2242.0000, -4092.0000,  190, 190, 190
L -1380.0000, 2214.0000, -4090.0000,  -1384.0000, 2227.0000, -4091.0000,  190, 190, 190
L -1387.0000, 2211.0000, -4090.0000,  -1380.0000, 2214.0000, -4090.0000,  190, 190, 190
L -1392.0000, 2225.0000, -4091.0000,  -1387.0000, 2211.0000, -4090.0000,  190, 190, 190
L -1437.0000, 2252.0000, -4100.0000,  -1392.0000, 2225.0000, -4091.0000,  190, 190, 190
L -1448.0000, 2251.0000, -4110.0000,  -1437.0000, 2252.0000, -4100.0000,  190, 190, 190
L -1449.0000, 2255.0000, -4116.0000,  -1448.0000, 2251.0000, -4110.0000,  190, 190, 190
L -1437.0000, 2259.0000, -4111.0000,  -1449.0000, 2255.0000, -4116.0000,  190, 190, 190
L -1391.0000, 2232.0000, -4091.0000,  -1437.0000, 2259.0000, -4111.0000,  190, 190, 190
L -1334.0000, 2250.0000, -4092.0000,  -1391.0000, 2232.0000, -4091.0000,  190, 190, 190
L -1326.0000, 2228.0000, -4090.0000,  -1334.0000, 2250.0000, -4092.0000,  190, 190, 190
L -1332.0000, 2226.0000, -4091.0000,  -1326.0000, 2228.0000, -4090.0000,  190, 190, 190
L -1337.0000, 2242.0000, -4092.0000,  -1332.0000, 2226.0000, -4091.0000,  190, 190, 190
L -1206.0000, 2267.0000, -3988.0000,  -1223.0000, 2266.0000, -3997.0000,  190, 190, 190
L -1206.0000, 2279.0000, -3988.0000,  -1206.0000, 2267.0000, -3988.0000,  190, 190, 190
L -1223.0000, 2280.0000, -4004.0000,  -1206.0000, 2279.0000, -3988.0000,  190, 190, 190
L -1222.0000, 2266.0000, -3997.0000,  -1223.0000, 2280.0000, -4004.0000,  190, 190, 190
L -1198.0000, 2221.0000, -4057.0000,  -1203.0000, 2233.0000, -4033.0000,  190, 190, 190
L -1183.0000, 2227.0000, -4044.0000,  -1198.0000, 2221.0000, -4057.0000,  190, 190, 190
L -1188.0000, 2239.0000, -4022.0000,  -1183.0000, 2227.0000, -4044.0000,  190, 190, 190
L -1203.0000, 2233.0000, -4032.0000,  -1188.0000, 2239.0000, -4022.0000,  190, 190, 190
L -1292.0000, 2185.0000, -4061.0000,  -1273.0000, 2195.0000, -4060.0000,  190, 190, 190
L -1284.0000, 2167.0000, -4063.0000,  -1292.0000, 2185.0000, -4061.0000,  190, 190, 190
L -1264.0000, 2178.0000, -4063.0000,  -1284.0000, 2167.0000, -4063.0000,  190, 190, 190
L -1274.0000, 2195.0000, -4060.0000,  -1264.0000, 2178.0000, -4063.0000,  190, 190, 190
L -1279.0000, 2234.0000, -4045.0000,  -1299.0000, 2232.0000, -4064.0000,  190, 190, 190
L -1280.0000, 2252.0000, -4046.0000,  -1279.0000, 2234.0000, -4045.0000,  190, 190, 190
L -1301.0000, 2253.0000, -4067.0000,  -1280.0000, 2252.0000, -4046.0000,  190, 190, 190
L -1300.0000, 2233.0000, -4065.0000,  -1301.0000, 2253.0000, -4067.0000,  190, 190, 190
L 53.0000, 2934.0000, -5114.0000,  55.0000, 2913.0000, -5101.0000,  190, 190, 190
L 34.0000, 2931.0000, -5113.0000,  53.0000, 2934.0000, -5114.0000,  190, 190, 190
L 37.0000, 2911.0000, -5077.0000,  34.0000, 2931.0000, -5113.0000,  190, 190, 190
L 55.0000, 2912.0000, -5098.0000,  37.0000, 2911.0000, -5077.0000,  190, 190, 190
L 163.0000, 2946.0000, -5185.0000,  182.0000, 2949.0000, -5185.0000,  190, 190, 190
L 166.0000, 2925.0000, -5153.0000,  163.0000, 2946.0000, -5185.0000,  190, 190, 190
L 184.0000, 2927.0000, -5170.0000,  166.0000, 2925.0000, -5153.0000,  190, 190, 190
L 182.0000, 2949.0000, -5185.0000,  184.0000, 2927.0000, -5170.0000,  190, 190, 190
L 158.0000, 3077.0000, -5330.0000,  137.0000, 3078.0000, -5330.0000,  190, 190, 190
L 158.0000, 3098.0000, -5330.0000,  158.0000, 3077.0000, -5330.0000,  190, 190, 190
L 138.0000, 3098.0000, -5330.0000,  158.0000, 3098.0000, -5330.0000,  190, 190, 190
L 137.0000, 3078.0000, -5330.0000,  138.0000, 3098.0000, -5330.0000,  190, 190, 190
L 24.0000, 3049.0000, -5329.0000,  22.0000, 3071.0000, -5330.0000,  190, 190, 190
L 43.0000, 3051.0000, -5330.0000,  24.0000, 3049.0000, -5329.0000,  190, 190, 190
L 41.0000, 3073.0000, -5330.0000,  43.0000, 3051.0000, -5330.0000,  190, 190, 190
L 22.0000, 3071.0000, -5330.0000,  41.0000, 3073.0000, -5330.0000,  190, 190, 190
L -24.0000, 3039.0000, -5318.0000,  -46.0000, 3069.0000, -5318.0000,  190, 190, 190
L -24.0000, 3028.0000, -5308.0000,  -24.0000, 3039.0000, -5318.0000,  190, 190, 190
L -18.0000, 3026.0000, -5307.0000,  -24.0000, 3028.0000, -5308.0000,  190, 190, 190
L -15.0000, 3040.0000, -5320.0000,  -18.0000, 3026.0000, -5307.0000,  190, 190, 190
L -40.0000, 3075.0000, -5312.0000,  -15.0000, 3040.0000, -5320.0000,  190, 190, 190
L -66.0000, 3079.0000, -5308.0000,  -40.0000, 3075.0000, -5312.0000,  190, 190, 190
L -67.0000, 3074.0000, -5313.0000,  -66.0000, 3079.0000, -5308.0000,  190, 190, 190
L -46.0000, 3069.0000, -5318.0000,  -67.0000, 3074.0000, -5313.0000,  190, 190, 190
L -24.0000, 3039.0000, -5319.0000,  -46.0000, 3069.0000, -5318.0000,  190, 190, 190
L -59.0000, 2978.0000, -5260.0000,  -29.0000, 3001.0000, -5282.0000,  190, 190, 190
L -80.0000, 2981.0000, -5263.0000,  -59.0000, 2978.0000, -5260.0000,  190, 190, 190
L -81.0000, 2974.0000, -5255.0000,  -80.0000, 2981.0000, -5263.0000,  190, 190, 190
L -56.0000, 2970.0000, -5252.0000,  -81.0000, 2974.0000, -5255.0000,  190, 190, 190
L -21.0000, 2997.0000, -5278.0000,  -56.0000, 2970.0000, -5252.0000,  190, 190, 190
L -21.0000, 3011.0000, -5292.0000,  -21.0000, 2997.0000, -5278.0000,  190, 190, 190
L -25.0000, 3012.0000, -5293.0000,  -21.0000, 3011.0000, -5292.0000,  190, 190, 190
L -29.0000, 3001.0000, -5282.0000,  -25.0000, 3012.0000, -5293.0000,  190, 190, 190
L -101.0000, 3076.0000, -5310.0000,  -101.0000, 3076.0000, -5311.0000,  190, 190, 190
L -82.0000, 3075.0000, -5311.0000,  -101.0000, 3076.0000, -5310.0000,  190, 190, 190
L -82.0000, 3081.0000, -5306.0000,  -82.0000, 3075.0000, -5311.0000,  190, 190, 190
L -101.0000, 3085.0000, -5296.0000,  -82.0000, 3081.0000, -5306.0000,  190, 190, 190
L -135.0000, 3061.0000, -5318.0000,  -101.0000, 3085.0000, -5296.0000,  190, 190, 190
L -145.0000, 3014.0000, -5295.0000,  -135.0000, 3061.0000, -5318.0000,  190, 190, 190
L -116.0000, 2978.0000, -5259.0000,  -145.0000, 3014.0000, -5295.0000,  190, 190, 190
L -96.0000, 2975.0000, -5257.0000,  -116.0000, 2978.0000, -5259.0000,  190, 190, 190
L -95.0000, 2983.0000, -5264.0000,  -96.0000, 2975.0000, -5257.0000,  190, 190, 190
L -113.0000, 2986.0000, -5267.0000,  -95.0000, 2983.0000, -5264.0000,  190, 190, 190
L -136.0000, 3016.0000, -5296.0000,  -113.0000, 2986.0000, -5267.0000,  190, 190, 190
L -135.0000, 3022.0000, -5302.0000,  -136.0000, 3016.0000, -5296.0000,  190, 190, 190
L -131.0000, 3053.0000, -5332.0000,  -135.0000, 3022.0000, -5302.0000,  190, 190, 190
L -101.0000, 3076.0000, -5310.0000,  -131.0000, 3053.0000, -5332.0000,  190, 190, 190
L 1274.0000, 469.0000, -1262.0000,  1159.0000, 517.0000, -1261.0000,  190, 190, 190
L 1321.0000, 356.0000, -1261.0000,  1274.0000, 469.0000, -1262.0000,  190, 190, 190
L 1277.0000, 240.0000, -1261.0000,  1321.0000, 356.0000, -1261.0000,  190, 190, 190
L 1159.0000, 196.0000, -1249.0000,  1277.0000, 240.0000, -1261.0000,  190, 190, 190
L 1045.0000, 241.0000, -1260.0000,  1159.0000, 196.0000, -1249.0000,  190, 190, 190
L 998.0000, 354.0000, -1260.0000,  1045.0000, 241.0000, -1260.0000,  190, 190, 190
L 1046.0000, 471.0000, -1261.0000,  998.0000, 354.0000, -1260.0000,  190, 190, 190
L 1153.0000, 516.0000, -1261.0000,  1046.0000, 471.0000, -1261.0000,  190, 190, 190
L 1356.0000, 582.0000, -1261.0000,  1416.0000, 630.0000, -1265.0000,  190, 190, 190
L 1309.0000, 583.0000, -1261.0000,  1356.0000, 582.0000, -1261.0000,  190, 190, 190
L 1276.0000, 609.0000, -1262.0000,  1309.0000, 583.0000, -1261.0000,  190, 190, 190
L 1220.0000, 609.0000, -1262.0000,  1276.0000, 609.0000, -1262.0000,  190, 190, 190
L 1166.0000, 593.0000, -1238.0000,  1220.0000, 609.0000, -1262.0000,  190, 190, 190
L 1109.0000, 592.0000, -1262.0000,  1166.0000, 593.0000, -1238.0000,  190, 190, 190
L 1047.0000, 622.0000, -1261.0000,  1109.0000, 592.0000, -1262.0000,  190, 190, 190
L 967.0000, 617.0000, -1234.0000,  1047.0000, 622.0000, -1261.0000,  190, 190, 190
L 938.0000, 596.0000, -1260.0000,  967.0000, 617.0000, -1234.0000,  190, 190, 190
L 876.0000, 598.0000, -1258.0000,  938.0000, 596.0000, -1260.0000,  190, 190, 190
L 786.0000, 653.0000, -1248.0000,  876.0000, 598.0000, -1258.0000,  190, 190, 190
L 789.0000, 757.0000, -1234.0000,  786.0000, 653.0000, -1248.0000,  190, 190, 190
L 1411.0000, 757.0000, -1234.0000,  789.0000, 757.0000, -1234.0000,  190, 190, 190
L 1419.0000, 630.0000, -1266.0000,  1411.0000, 757.0000, -1234.0000,  190, 190, 190
L 1313.0000, 672.0000, -1234.0000,  1327.0000, 690.0000, -1234.0000,  190, 190, 190
L 1314.0000, 643.0000, -1234.0000,  1313.0000, 672.0000, -1234.0000,  190, 190, 190
L 1328.0000, 630.0000, -1234.0000,  1314.0000, 643.0000, -1234.0000,  190, 190, 190
L 1344.0000, 632.0000, -1234.0000,  1328.0000, 630.0000, -1234.0000,  190, 190, 190
L 1344.0000, 638.0000, -1234.0000,  1344.0000, 632.0000, -1234.0000,  190, 190, 190
L 1331.0000, 638.0000, -1234.0000,  1344.0000, 638.0000, -1234.0000,  190, 190, 190
L 1322.0000, 648.0000, -1234.0000,  1331.0000, 638.0000, -1234.0000,  190, 190, 190
L 1321.0000, 670.0000, -1234.0000,  1322.0000, 648.0000, -1234.0000,  190, 190, 190
L 1330.0000, 681.0000, -1234.0000,  1321.0000, 670.0000, -1234.0000,  190, 190, 190
L 1370.0000, 682.0000, -1234.0000,  1330.0000, 681.0000, -1234.0000,  190, 190, 190
L 1381.0000, 671.0000, -1234.0000,  1370.0000, 682.0000, -1234.0000,  190, 190, 190
L 1381.0000, 649.0000, -1234.0000,  1381.0000, 671.0000, -1234.0000,  190, 190, 190
L 1371.0000, 639.0000, -1234.0000,  1381.0000, 649.0000, -1234.0000,  190, 190, 190
L 1360.0000, 638.0000, -1234.0000,  1371.0000, 639.0000, -1234.0000,  190, 190, 190
L 1359.0000, 631.0000, -1234.0000,  1360.0000, 638.0000, -1234.0000,  190, 190, 190
L 1373.0000, 630.0000, -1234.0000,  1359.0000, 631.0000, -1234.0000,  190, 190, 190
L 1389.0000, 644.0000, -1234.0000,  1373.0000, 630.0000, -1234.0000,  190, 190, 190
L 1389.0000, 675.0000, -1234.0000,  1389.0000, 644.0000, -1234.0000,  190, 190, 190
L 1372.0000, 691.0000, -1234.0000,  1389.0000, 675.0000, -1234.0000,  190, 190, 190
L 1326.0000, 690.0000, -1234.0000,  1372.0000, 691.0000, -1234.0000,  190, 190, 190
L 1116.0000, 687.0000, -1234.0000,  1127.0000, 688.0000, -1234.0000,  190, 190, 190
L 1117.0000, 680.0000, -1234.0000,  1116.0000, 687.0000, -1234.0000,  190, 190, 190
L 1132.0000, 681.0000, -1234.0000,  1117.0000, 680.0000, -1234.0000,  190, 190, 190
L 1147.0000, 695.0000, -1234.0000,  1132.0000, 681.0000, -1234.0000,  190, 190, 190
L 1147.0000, 724.0000, -1234.0000,  1147.0000, 695.0000, -1234.0000,  190, 190, 190
L 1131.0000, 740.0000, -1234.0000,  1147.0000, 724.0000, -1234.0000,  190, 190, 190
L 1083.0000, 739.0000, -1234.0000,  1131.0000, 740.0000, -1234.0000,  190, 190, 190
L 1070.0000, 724.0000, -1234.0000,  1083.0000, 739.0000, -1234.0000,  190, 190, 190
L 1070.0000, 695.0000, -1234.0000,  1070.0000, 724.0000, -1234.0000,  190, 190, 190
L 1084.0000, 681.0000, -1234.0000,  1070.0000, 695.0000, -1234.0000,  190, 190, 190
L 1099.0000, 680.0000, -1234.0000,  1084.0000, 681.0000, -1234.0000,  190, 190, 190
L 1101.0000, 687.0000, -1234.0000,  1099.0000, 680.0000, -1234.0000,  190, 190, 190
L 1087.0000, 689.0000, -1234.0000,  1101.0000, 687.0000, -1234.0000,  190, 190, 190
L 1079.0000, 698.0000, -1234.0000,  1087.0000, 689.0000, -1234.0000,  190, 190, 190
L 1079.0000, 721.0000, -1234.0000,  1079.0000, 698.0000, -1234.0000,  190, 190, 190
L 1088.0000, 732.0000, -1234.0000,  1079.0000, 721.0000, -1234.0000,  190, 190, 190
L 1128.0000, 731.0000, -1234.0000,  1088.0000, 732.0000, -1234.0000,  190, 190, 190
L 1138.0000, 720.0000, -1234.0000,  1128.0000, 731.0000, -1234.0000,  190, 190, 190
L 1138.0000, 698.0000, -1234.0000,  1138.0000, 720.0000, -1234.0000,  190, 190, 190
L 1127.0000, 688.0000, -1234.0000,  1138.0000, 698.0000, -1234.0000,  190, 190, 190
L 908.0000, 639.0000, -1234.0000,  959.0000, 644.0000, -1234.0000,  190, 190, 190
L 908.0000, 631.0000, -1234.0000,  908.0000, 639.0000, -1234.0000,  190, 190, 190
L 962.0000, 637.0000, -1234.0000,  908.0000, 631.0000, -1234.0000,  190, 190, 190
L 973.0000, 647.0000, -1234.0000,  962.0000, 637.0000, -1234.0000,  190, 190, 190
L 968.0000, 693.0000, -1234.0000,  973.0000, 647.0000, -1234.0000,  190, 190, 190
L 954.0000, 700.0000, -1234.0000,  968.0000, 693.0000, -1234.0000,  190, 190, 190
L 829.0000, 686.0000, -1234.0000,  954.0000, 700.0000, -1234.0000,  190, 190, 190
L 820.0000, 677.0000, -1234.0000,  829.0000, 686.0000, -1234.0000,  190, 190, 190
L 826.0000, 630.0000, -1234.0000,  820.0000, 677.0000, -1234.0000,  190, 190, 190
L 837.0000, 623.0000, -1234.0000,  826.0000, 630.0000, -1234.0000,  190, 190, 190
L 889.0000, 629.0000, -1234.0000,  837.0000, 623.0000, -1234.0000,  190, 190, 190
L 887.0000, 637.0000, -1234.0000,  889.0000, 629.0000, -1234.0000,  190, 190, 190
L 840.0000, 631.0000, -1234.0000,  887.0000, 637.0000, -1234.0000,  190, 190, 190
L 832.0000, 635.0000, -1234.0000,  840.0000, 631.0000, -1234.0000,  190, 190, 190
L 827.0000, 673.0000, -1234.0000,  832.0000, 635.0000, -1234.0000,  190, 190, 190
L 833.0000, 679.0000, -1234.0000,  827.0000, 673.0000, -1234.0000,  190, 190, 190
L 953.0000, 692.0000, -1234.0000,  833.0000, 679.0000, -1234.0000,  190, 190, 190
L 961.0000, 688.0000, -1234.0000,  953.0000, 692.0000, -1234.0000,  190, 190, 190
L 965.0000, 650.0000, -1234.0000,  961.0000, 688.0000, -1234.0000,  190, 190, 190
L 959.0000, 644.0000, -1234.0000,  965.0000, 650.0000, -1234.0000,  190, 190, 190
L 801.0000, 31.0000, -1260.0000,  801.0000, -48.0000, -1248.0000,  190, 190, 190
L 847.0000, 81.0000, -1260.0000,  801.0000, 31.0000, -1260.0000,  190, 190, 190
L 914.0000, 82.0000, -1260.0000,  847.0000, 81.0000, -1260.0000,  190, 190, 190
L 942.0000, 56.0000, -1260.0000,  914.0000, 82.0000, -1260.0000,  190, 190, 190
L 1008.0000, 53.0000, -1248.0000,  942.0000, 56.0000, -1260.0000,  190, 190, 190
L 1049.0000, 82.0000, -1260.0000,  1008.0000, 53.0000, -1248.0000,  190, 190, 190
L 1152.0000, 84.0000, -1261.0000,  1049.0000, 82.0000, -1260.0000,  190, 190, 190
L 1199.0000, 41.0000, -1250.0000,  1152.0000, 84.0000, -1261.0000,  190, 190, 190
L 1268.0000, 40.0000, -1261.0000,  1199.0000, 41.0000, -1250.0000,  190, 190, 190
L 1267.0000, -64.0000, -1248.0000,  1268.0000, 40.0000, -1261.0000,  190, 190, 190
L 868.0000, -68.0000, -1246.0000,  1267.0000, -64.0000, -1248.0000,  190, 190, 190
L 870.0000, -48.0000, -1248.0000,  868.0000, -68.0000, -1246.0000,  190, 190, 190
L 800.0000, -47.0000, -1253.0000,  870.0000, -48.0000, -1248.0000,  190, 190, 190
L 972.0000, 274.0000, -1260.0000,  975.0000, 303.0000, -1260.0000,  190, 190, 190
L 999.0000, 272.0000, -1260.0000,  972.0000, 274.0000, -1260.0000,  190, 190, 190
L 1000.0000, 300.0000, -1260.0000,  999.0000, 272.0000, -1260.0000,  190, 190, 190
L 974.0000, 302.0000, -1260.0000,  1000.0000, 300.0000, -1260.0000,  190, 190, 190
L 951.0000, 394.0000, -1260.0000,  953.0000, 422.0000, -1260.0000,  190, 190, 190
L 977.0000, 392.0000, -1260.0000,  951.0000, 394.0000, -1260.0000,  190, 190, 190
L 978.0000, 422.0000, -1260.0000,  977.0000, 392.0000, -1260.0000,  190, 190, 190
L 953.0000, 423.0000, -1260.0000,  978.0000, 422.0000, -1260.0000,  190, 190, 190
L 908.0000, 492.0000, -1251.0000,  900.0000, 487.0000, -1260.0000,  190, 190, 190
L 901.0000, 496.0000, -1260.0000,  908.0000, 492.0000, -1251.0000,  190, 190, 190
L 901.0000, 487.0000, -1260.0000,  901.0000, 496.0000, -1260.0000,  190, 190, 190
L 869.0000, 452.0000, -1250.0000,  865.0000, 460.0000, -1250.0000,  190, 190, 190
L 873.0000, 463.0000, -1250.0000,  869.0000, 452.0000, -1250.0000,  190, 190, 190
L 865.0000, 461.0000, -1250.0000,  873.0000, 463.0000, -1250.0000,  190, 190, 190
L 829.0000, 491.0000, -1250.0000,  839.0000, 497.0000, -1250.0000,  190, 190, 190
L 840.0000, 488.0000, -1250.0000,  829.0000, 491.0000, -1250.0000,  190, 190, 190
L 839.0000, 496.0000, -1250.0000,  840.0000, 488.0000, -1250.0000,  190, 190, 190
L 874.0000, 523.0000, -1259.0000,  864.0000, 522.0000, -1259.0000,  190, 190, 190
L 868.0000, 531.0000, -1259.0000,  874.0000, 523.0000, -1259.0000,  190, 190, 190
L 866.0000, 521.0000, -1259.0000,  868.0000, 531.0000, -1259.0000,  190, 190, 190
L 814.0000, 523.0000, -1254.0000,  807.0000, 521.0000, -1258.0000,  190, 190, 190
L 811.0000, 531.0000, -1258.0000,  814.0000, 523.0000, -1254.0000,  190, 190, 190
L 804.0000, 528.0000, -1258.0000,  811.0000, 531.0000, -1258.0000,  190, 190, 190
L 806.0000, 521.0000, -1258.0000,  804.0000, 528.0000, -1258.0000,  190, 190, 190
L 831.0000, 456.0000, -1250.0000,  837.0000, 457.0000, -1250.0000,  190, 190, 190
L 828.0000, 463.0000, -1250.0000,  831.0000, 456.0000, -1250.0000,  190, 190, 190
L 834.0000, 466.0000, -1250.0000,  828.0000, 463.0000, -1250.0000,  190, 190, 190
L 837.0000, 458.0000, -1250.0000,  834.0000, 466.0000, -1250.0000,  190, 190, 190
L 876.0000, 395.0000, -1250.0000,  850.0000, 396.0000, -1250.0000,  190, 190, 190
L 877.0000, 424.0000, -1250.0000,  876.0000, 395.0000, -1250.0000,  190, 190, 190
L 852.0000, 425.0000, -1250.0000,  877.0000, 424.0000, -1250.0000,  190, 190, 190
L 850.0000, 396.0000, -1250.0000,  852.0000, 425.0000, -1250.0000,  190, 190, 190
L 721.0000, 424.0000, -1229.0000,  748.0000, 424.0000, -1229.0000,  190, 190, 190
L 720.0000, 402.0000, -1229.0000,  721.0000, 424.0000, -1229.0000,  190, 190, 190
L 747.0000, 400.0000, -1229.0000,  720.0000, 402.0000, -1229.0000,  190, 190, 190
L 748.0000, 424.0000, -1229.0000,  747.0000, 400.0000, -1229.0000,  190, 190, 190
L 749.0000, 283.0000, -1229.0000,  775.0000, 279.0000, -1259.0000,  190, 190, 190
L 749.0000, 308.0000, -1229.0000,  749.0000, 283.0000, -1229.0000,  190, 190, 190
L 776.0000, 307.0000, -1259.0000,  749.0000, 308.0000, -1229.0000,  190, 190, 190
L 775.0000, 279.0000, -1259.0000,  776.0000, 307.0000, -1259.0000,  190, 190, 190
L 840.0000, 243.0000, -1250.0000,  845.0000, 238.0000, -1250.0000,  190, 190, 190
L 834.0000, 235.0000, -1250.0000,  840.0000, 243.0000, -1250.0000,  190, 190, 190
L 841.0000, 231.0000, -1250.0000,  834.0000, 235.0000, -1250.0000,  190, 190, 190
L 846.0000, 238.0000, -1250.0000,  841.0000, 231.0000, -1250.0000,  190, 190, 190
L 903.0000, 273.0000, -1250.0000,  878.0000, 278.0000, -1250.0000,  190, 190, 190
L 906.0000, 303.0000, -1250.0000,  903.0000, 273.0000, -1250.0000,  190, 190, 190
L 881.0000, 305.0000, -1250.0000,  906.0000, 303.0000, -1250.0000,  190, 190, 190
L 879.0000, 275.0000, -1250.0000,  881.0000, 305.0000, -1250.0000,  190, 190, 190
L 813.0000, 527.0000, -1258.0000,  811.0000, 199.0000, -1259.0000,  165, 42, 42
L 846.0000, 512.0000, -1259.0000,  813.0000, 527.0000, -1258.0000,  165, 42, 42
L 892.0000, 514.0000, -1260.0000,  892.0000, 476.0000, -1250.0000,  190, 190, 190
L 847.0000, 514.0000, -1259.0000,  892.0000, 514.0000, -1260.0000,  190, 190, 190
L 848.0000, 469.0000, -1250.0000,  847.0000, 514.0000, -1259.0000,  190, 190, 190
L 892.0000, 470.0000, -1250.0000,  848.0000, 469.0000, -1250.0000,  190, 190, 190
L 892.0000, 485.0000, -1250.0000,  892.0000, 470.0000, -1250.0000,  190, 190, 190
L 895.0000, 483.0000, -1253.0000,  892.0000, 485.0000, -1250.0000,  190, 190, 190
L 940.0000, 406.0000, -1253.0000,  895.0000, 483.0000, -1253.0000,  190, 190, 190
L 944.0000, 302.0000, -1260.0000,  940.0000, 406.0000, -1253.0000,  190, 190, 190
L 899.0000, 232.0000, -1259.0000,  944.0000, 302.0000, -1260.0000,  190, 190, 190
L 813.0000, 199.0000, -1259.0000,  899.0000, 232.0000, -1259.0000,  190, 190, 190
L 806.0000, 171.0000, -1258.0000,  799.0000, 174.0000, -1259.0000,  190, 190, 190
L 809.0000, 176.0000, -1259.0000,  806.0000, 171.0000, -1258.0000,  190, 190, 190
L 802.0000, 180.0000, -1259.0000,  809.0000, 176.0000, -1259.0000,  190, 190, 190
L 799.0000, 173.0000, -1259.0000,  802.0000, 180.0000, -1259.0000,  190, 190, 190
L 864.0000, 23.0000, -1248.0000,  853.0000, 15.0000, -1248.0000,  190, 190, 190
L 875.0000, 23.0000, -1248.0000,  864.0000, 23.0000, -1248.0000,  190, 190, 190
L 876.0000, 30.0000, -1248.0000,  875.0000, 23.0000, -1248.0000,  190, 190, 190
L 862.0000, 32.0000, -1248.0000,  876.0000, 30.0000, -1248.0000,  190, 190, 190
L 846.0000, 21.0000, -1248.0000,  862.0000, 32.0000, -1248.0000,  190, 190, 190
L 842.0000, -9.0000, -1248.0000,  846.0000, 21.0000, -1248.0000,  190, 190, 190
L 856.0000, -26.0000, -1248.0000,  842.0000, -9.0000, -1248.0000,  190, 190, 190
L 903.0000, -30.0000, -1248.0000,  856.0000, -26.0000, -1248.0000,  190, 190, 190
L 918.0000, -16.0000, -1248.0000,  903.0000, -30.0000, -1248.0000,  190, 190, 190
L 920.0000, 13.0000, -1248.0000,  918.0000, -16.0000, -1248.0000,  190, 190, 190
L 907.0000, 28.0000, -1248.0000,  920.0000, 13.0000, -1248.0000,  190, 190, 190
L 892.0000, 28.0000, -1248.0000,  907.0000, 28.0000, -1248.0000,  190, 190, 190
L 890.0000, 22.0000, -1248.0000,  892.0000, 28.0000, -1248.0000,  190, 190, 190
L 904.0000, 20.0000, -1248.0000,  890.0000, 22.0000, -1248.0000,  190, 190, 190
L 912.0000, 10.0000, -1248.0000,  904.0000, 20.0000, -1248.0000,  190, 190, 190
L 910.0000, -12.0000, -1248.0000,  912.0000, 10.0000, -1248.0000,  190, 190, 190
L 900.0000, -22.0000, -1248.0000,  910.0000, -12.0000, -1248.0000,  190, 190, 190
L 860.0000, -19.0000, -1248.0000,  900.0000, -22.0000, -1248.0000,  190, 190, 190
L 851.0000, -7.0000, -1248.0000,  860.0000, -19.0000, -1248.0000,  190, 190, 190
L 853.0000, 15.0000, -1248.0000,  851.0000, -7.0000, -1248.0000,  190, 190, 190
L 1106.0000, 23.0000, -1248.0000,  1096.0000, 32.0000, -1248.0000,  190, 190, 190
L 1106.0000, 0.0000, -1248.0000,  1106.0000, 23.0000, -1248.0000,  190, 190, 190
L 1097.0000, -10.0000, -1248.0000,  1106.0000, 0.0000, -1248.0000,  190, 190, 190
L 1058.0000, -11.0000, -1248.0000,  1097.0000, -10.0000, -1248.0000,  190, 190, 190
L 1047.0000, 0.0000, -1248.0000,  1058.0000, -11.0000, -1248.0000,  190, 190, 190
L 1046.0000, 21.0000, -1248.0000,  1047.0000, 0.0000, -1248.0000,  190, 190, 190
L 1057.0000, 31.0000, -1248.0000,  1046.0000, 21.0000, -1248.0000,  190, 190, 190
L 1067.0000, 31.0000, -1248.0000,  1057.0000, 31.0000, -1248.0000,  190, 190, 190
L 1067.0000, 40.0000, -1248.0000,  1067.0000, 31.0000, -1248.0000,  190, 190, 190
L 1056.0000, 40.0000, -1248.0000,  1067.0000, 40.0000, -1248.0000,  190, 190, 190
L 1038.0000, 24.0000, -1248.0000,  1056.0000, 40.0000, -1248.0000,  190, 190, 190
L 1039.0000, -5.0000, -1248.0000,  1038.0000, 24.0000, -1248.0000,  190, 190, 190
L 1055.0000, -20.0000, -1248.0000,  1039.0000, -5.0000, -1248.0000,  190, 190, 190
L 1102.0000, -17.0000, -1248.0000,  1055.0000, -20.0000, -1248.0000,  190, 190, 190
L 1115.0000, -2.0000, -1248.0000,  1102.0000, -17.0000, -1248.0000,  190, 190, 190
L 1113.0000, 28.0000, -1248.0000,  1115.0000, -2.0000, -1248.0000,  190, 190, 190
L 1098.0000, 41.0000, -1248.0000,  1113.0000, 28.0000, -1248.0000,  190, 190, 190
L 1085.0000, 40.0000, -1248.0000,  1098.0000, 41.0000, -1248.0000,  190, 190, 190
L 1084.0000, 33.0000, -1248.0000,  1085.0000, 40.0000, -1248.0000,  190, 190, 190
L 1096.0000, 32.0000, -1248.0000,  1084.0000, 33.0000, -1248.0000,  190, 190, 190
L 2174.0000, 1835.0000, 711.0000,  2186.0000, 1825.0000, 757.0000,  190, 190, 190
L 2186.0000, 1830.0000, 755.0000,  2174.0000, 1835.0000, 711.0000,  190, 190, 190
L 2191.0000, 1798.0000, 753.0000,  2186.0000, 1830.0000, 755.0000,  190, 190, 190
L 2172.0000, 1768.0000, 783.0000,  2165.0000, 1759.0000, 780.0000,  190, 190, 190
L 2173.0000, 1785.0000, 797.0000,  2172.0000, 1768.0000, 783.0000,  190, 190, 190
L 2164.0000, 1784.0000, 802.0000,  2173.0000, 1785.0000, 797.0000,  190, 190, 190
L 2168.0000, 1759.0000, 778.0000,  2164.0000, 1784.0000, 802.0000,  190, 190, 190
L 2107.0000, 1747.0000, 691.0000,  2110.0000, 1735.0000, 698.0000,  190, 190, 190
L 2089.0000, 1740.0000, 709.0000,  2107.0000, 1747.0000, 691.0000,  190, 190, 190
L 2087.0000, 1739.0000, 711.0000,  2089.0000, 1740.0000, 709.0000,  190, 190, 190
L 2086.0000, 1732.0000, 719.0000,  2087.0000, 1739.0000, 711.0000,  190, 190, 190
L 2089.0000, 1730.0000, 719.0000,  2086.0000, 1732.0000, 719.0000,  190, 190, 190
L 2110.0000, 1735.0000, 697.0000,  2089.0000, 1730.0000, 719.0000,  190, 190, 190
L 1303.0000, 2533.0000, -4763.0000,  1293.0000, 2544.0000, -4772.0000,  190, 190, 190
L 1309.0000, 2539.0000, -4769.0000,  1303.0000, 2533.0000, -4763.0000,  190, 190, 190
L 1294.0000, 2555.0000, -4784.0000,  1309.0000, 2539.0000, -4769.0000,  190, 190, 190
L 1278.0000, 2542.0000, -4772.0000,  1294.0000, 2555.0000, -4784.0000,  190, 190, 190
L 1283.0000, 2535.0000, -4765.0000,  1278.0000, 2542.0000, -4772.0000,  190, 190, 190
L 1293.0000, 2544.0000, -4774.0000,  1283.0000, 2535.0000, -4765.0000,  190, 190, 190
L 1313.0000, 2499.0000, -4730.0000,  1324.0000, 2509.0000, -4739.0000,  190, 190, 190
L 1319.0000, 2493.0000, -4724.0000,  1313.0000, 2499.0000, -4730.0000,  190, 190, 190
L 1335.0000, 2510.0000, -4740.0000,  1319.0000, 2493.0000, -4724.0000,  190, 190, 190
L 1319.0000, 2526.0000, -4756.0000,  1335.0000, 2510.0000, -4740.0000,  190, 190, 190
L 1315.0000, 2521.0000, -4751.0000,  1319.0000, 2526.0000, -4756.0000,  190, 190, 190
L 1324.0000, 2509.0000, -4740.0000,  1315.0000, 2521.0000, -4751.0000,  190, 190, 190
L 1269.0000, 2523.0000, -4753.0000,  1259.0000, 2513.0000, -4744.0000,  190, 190, 190
L 1264.0000, 2529.0000, -4759.0000,  1269.0000, 2523.0000, -4753.0000,  190, 190, 190
L 1247.0000, 2514.0000, -4744.0000,  1264.0000, 2529.0000, -4759.0000,  190, 190, 190
L 1289.0000, 2467.0000, -4699.0000,  1247.0000, 2514.0000, -4744.0000,  190, 190, 190
L 1307.0000, 2484.0000, -4715.0000,  1289.0000, 2467.0000, -4699.0000,  190, 190, 190
L 1302.0000, 2489.0000, -4720.0000,  1307.0000, 2484.0000, -4715.0000,  190, 190, 190
L 1289.0000, 2479.0000, -4710.0000,  1302.0000, 2489.0000, -4720.0000,  190, 190, 190
L 1259.0000, 2513.0000, -4744.0000,  1289.0000, 2479.0000, -4710.0000,  190, 190, 190
L 3340.0000, 3711.0000, -3281.0000,  3340.0000, 3674.0000, -3281.0000,  165, 42, 42
L 3339.0000, 3717.0000, -3276.0000,  3340.0000, 3711.0000, -3281.0000,  165, 42, 42
L 3336.0000, 3735.0000, -3284.0000,  3339.0000, 3717.0000, -3276.0000,  165, 42, 42
L 3334.0000, 3741.0000, -3303.0000,  3336.0000, 3735.0000, -3284.0000,  165, 42, 42
L 3336.0000, 3748.0000, -3323.0000,  3334.0000, 3741.0000, -3303.0000,  165, 42, 42
L 3337.0000, 3760.0000, -3349.0000,  3336.0000, 3748.0000, -3323.0000,  165, 42, 42
L 3341.0000, 3778.0000, -3368.0000,  3337.0000, 3760.0000, -3349.0000,  165, 42, 42
L 3342.0000, 3798.0000, -3425.0000,  3341.0000, 3778.0000, -3368.0000,  165, 42, 42
L 3340.0000, 3808.0000, -3450.0000,  3342.0000, 3798.0000, -3425.0000,  165, 42, 42
L 3330.0000, 3821.0000, -3452.0000,  3340.0000, 3808.0000, -3450.0000,  165, 42, 42
L 3325.0000, 3826.0000, -3443.0000,  3330.0000, 3821.0000, -3452.0000,  165, 42, 42
L 3307.0000, 3836.0000, -3454.0000,  3325.0000, 3826.0000, -3443.0000,  165, 42, 42
L 3295.0000, 3849.0000, -3454.0000,  3307.0000, 3836.0000, -3454.0000,  165, 42, 42
L 3278.0000, 3854.0000, -3454.0000,  3295.0000, 3849.0000, -3454.0000,  165, 42, 42
L 3254.0000, 3845.0000, -3433.0000,  3278.0000, 3854.0000, -3454.0000,  165, 42, 42
L 3244.0000, 3837.0000, -3454.0000,  3254.0000, 3845.0000, -3433.0000,  165, 42, 42
L 3232.0000, 3817.0000, -3453.0000,  3244.0000, 3837.0000, -3454.0000,  165, 42, 42
L 3222.0000, 3808.0000, -3453.0000,  3232.0000, 3817.0000, -3453.0000,  165, 42, 42
L 611.0000, 2791.0000, -4868.0000,  606.0000, 2830.0000, -4803.0000,  165, 42, 42
L 611.0000, 2745.0000, -4968.0000,  611.0000, 2791.0000, -4868.0000,  165, 42, 42
L 594.0000, 2728.0000, -4977.0000,  611.0000, 2745.0000, -4968.0000,  165, 42, 42
L 546.0000, 2728.0000, -4977.0000,  594.0000, 2728.0000, -4977.0000,  165, 42, 42
L 532.0000, 2714.0000, -4976.0000,  546.0000, 2728.0000, -4977.0000,  165, 42, 42
L 531.0000, 2693.0000, -4965.0000,  532.0000, 2714.0000, -4976.0000,  165, 42, 42
L 545.0000, 2698.0000, -4977.0000,  544.0000, 2694.0000, -4977.0000,  165, 42, 42
L 576.0000, 2715.0000, -4977.0000,  545.0000, 2698.0000, -4977.0000,  165, 42, 42
L 615.0000, 2720.0000, -4977.0000,  576.0000, 2715.0000, -4977.0000,  165, 42, 42
L 641.0000, 2753.0000, -4958.0000,  615.0000, 2720.0000, -4977.0000,  165, 42, 42
L 641.0000, 2820.0000, -4835.0000,  641.0000, 2753.0000, -4958.0000,  165, 42, 42
L 3252.0000, 3799.0000, -3467.0000,  3245.0000, 3794.0000, -3467.0000,  165, 42, 42
L 3252.0000, 3807.0000, -3474.0000,  3252.0000, 3799.0000, -3467.0000,  165, 42, 42
L 3269.0000, 3823.0000, -3469.0000,  3252.0000, 3807.0000, -3474.0000,  165, 42, 42
L 3284.0000, 3822.0000, -3467.0000,  3269.0000, 3823.0000, -3469.0000,  165, 42, 42
L 3294.0000, 3814.0000, -3464.0000,  3284.0000, 3822.0000, -3467.0000,  165, 42, 42
L 3310.0000, 3802.0000, -3437.0000,  3294.0000, 3814.0000, -3464.0000,  165, 42, 42
L 3315.0000, 3782.0000, -3374.0000,  3310.0000, 3802.0000, -3437.0000,  165, 42, 42
L 3314.0000, 3768.0000, -3357.0000,  3315.0000, 3782.0000, -3374.0000,  165, 42, 42
L 3311.0000, 3751.0000, -3328.0000,  3314.0000, 3768.0000, -3357.0000,  165, 42, 42
L 3307.0000, 3739.0000, -3290.0000,  3311.0000, 3751.0000, -3328.0000,  165, 42, 42
L 3308.0000, 3726.0000, -3273.0000,  3307.0000, 3739.0000, -3290.0000,  165, 42, 42
L 3314.0000, 3714.0000, -3281.0000,  3308.0000, 3726.0000, -3273.0000,  165, 42, 42
L 3314.0000, 3680.0000, -3279.0000,  3314.0000, 3714.0000, -3281.0000,  165, 42, 42
L -2959.0000, -3290.0000, 3439.0000,  -2960.0000, -3275.0000, 3439.0000,  165, 42, 42
L -2947.0000, -3306.0000, 3439.0000,  -2959.0000, -3290.0000, 3439.0000,  165, 42, 42
L -2895.0000, -3306.0000, 3439.0000,  -2947.0000, -3306.0000, 3439.0000,  165, 42, 42
L -2864.0000, -3338.0000, 3439.0000,  -2895.0000, -3306.0000, 3439.0000,  165, 42, 42
L 1387.0000, 3746.0000, -2751.0000,  1298.0000, 3747.0000, -3477.0000,  190, 190, 190
L 1348.0000, 3746.0000, -3157.0000,  1567.0000, 3739.0000, -1391.0000,  190, 190, 190
L -3761.0000, 2567.0000, -4511.0000,  -3737.0000, 2556.0000, -4625.0000,  190, 190, 190
L -3770.0000, 2614.0000, -4511.0000,  -3739.0000, 2665.0000, -4705.0000,  190, 190, 190
L -3821.0000, 2604.0000, -4457.0000,  -3770.0000, 2614.0000, -4511.0000,  190, 190, 190
L -3877.0000, 2603.0000, -4567.0000,  -3821.0000, 2604.0000, -4457.0000,  190, 190, 190
L -3918.0000, 2602.0000, -4614.0000,  -3877.0000, 2603.0000, -4567.0000,  190, 190, 190
L -3940.0000, 2604.0000, -4670.0000,  -3918.0000, 2602.0000, -4614.0000,  190, 190, 190
L -3952.0000, 2605.0000, -4684.0000,  -3940.0000, 2604.0000, -4670.0000,  190, 190, 190
L -3986.0000, 2609.0000, -4721.0000,  -3952.0000, 2605.0000, -4684.0000,  190, 190, 190
L -4010.0000, 2609.0000, -4691.0000,  -3986.0000, 2609.0000, -4721.0000,  190, 190, 190
L -4026.0000, 2598.0000, -4690.0000,  -4010.0000, 2609.0000, -4691.0000,  190, 190, 190
L -4029.0000, 2593.0000, -4691.0000,  -4026.0000, 2598.0000, -4690.0000,  190, 190, 190
L -4041.0000, 2574.0000, -4691.0000,  -4029.0000, 2593.0000, -4691.0000,  190, 190, 190
L -4055.0000, 2556.0000, -4692.0000,  -4041.0000, 2574.0000, -4691.0000,  190, 190, 190
L -4057.0000, 2542.0000, -4690.0000,  -4055.0000, 2556.0000, -4692.0000,  190, 190, 190
L -4055.0000, 2530.0000, -4691.0000,  -4057.0000, 2542.0000, -4690.0000,  190, 190, 190
L -4035.0000, 2509.0000, -4691.0000,  -4055.0000, 2530.0000, -4691.0000,  190, 190, 190
L -4004.0000, 2487.0000, -4692.0000,  -4035.0000, 2509.0000, -4691.0000,  190, 190, 190
L -3981.0000, 2470.0000, -4691.0000,  -4004.0000, 2487.0000, -4692.0000,  190, 190, 190
L -3957.0000, 2451.0000, -4699.0000,  -3981.0000, 2470.0000, -4691.0000,  190, 190, 190
L -3957.0000, 2448.0000, -4692.0000,  -3957.0000, 2451.0000, -4699.0000,  190, 190, 190
L -3975.0000, 2424.0000, -4682.0000,  -3957.0000, 2448.0000, -4692.0000,  190, 190, 190
L -3978.0000, 2419.0000, -4674.0000,  -3975.0000, 2424.0000, -4682.0000,  190, 190, 190
L -3995.0000, 2409.0000, -4626.0000,  -3978.0000, 2419.0000, -4674.0000,  190, 190, 190
L -4007.0000, 2410.0000, -4594.0000,  -3995.0000, 2409.0000, -4626.0000,  190, 190, 190
L -4023.0000, 2414.0000, -4574.0000,  -4007.0000, 2410.0000, -4594.0000,  190, 190, 190
L -4043.0000, 2417.0000, -4523.0000,  -4023.0000, 2414.0000, -4574.0000,  190, 190, 190
L -4063.0000, 2417.0000, -4495.0000,  -4043.0000, 2417.0000, -4523.0000,  190, 190, 190
L -4075.0000, 2411.0000, -4510.0000,  -4063.0000, 2417.0000, -4495.0000,  190, 190, 190
L -4105.0000, 2406.0000, -4550.0000,  -4075.0000, 2411.0000, -4510.0000,  190, 190, 190
L -4115.0000, 2409.0000, -4579.0000,  -4105.0000, 2406.0000, -4550.0000,  190, 190, 190
L -4125.0000, 2410.0000, -4592.0000,  -4115.0000, 2409.0000, -4579.0000,  190, 190, 190
L -4135.0000, 2412.0000, -4601.0000,  -4125.0000, 2410.0000, -4592.0000,  190, 190, 190
L -4177.0000, 2405.0000, -4689.0000,  -4135.0000, 2412.0000, -4601.0000,  190, 190, 190
L -4185.0000, 2398.0000, -4691.0000,  -4177.0000, 2405.0000, -4689.0000,  190, 190, 190
L -4201.0000, 2374.0000, -4691.0000,  -4185.0000, 2398.0000, -4691.0000,  190, 190, 190
L -4212.0000, 2359.0000, -4692.0000,  -4201.0000, 2374.0000, -4691.0000,  190, 190, 190
L -4214.0000, 2346.0000, -4692.0000,  -4212.0000, 2359.0000, -4692.0000,  190, 190, 190
L -4209.0000, 2327.0000, -4691.0000,  -4214.0000, 2346.0000, -4692.0000,  190, 190, 190
L -4201.0000, 2317.0000, -4691.0000,  -4209.0000, 2327.0000, -4691.0000,  190, 190, 190
L -4181.0000, 2305.0000, -4692.0000,  -4201.0000, 2317.0000, -4691.0000,  190, 190, 190
L -4162.0000, 2289.0000, -4692.0000,  -4181.0000, 2305.0000, -4692.0000,  190, 190, 190
L -4149.0000, 2282.0000, -4691.0000,  -4162.0000, 2289.0000, -4692.0000,  190, 190, 190
L -4136.0000, 2271.0000, -4692.0000,  -4149.0000, 2282.0000, -4691.0000,  190, 190, 190
L -4120.0000, 2257.0000, -4692.0000,  -4136.0000, 2271.0000, -4692.0000,  190, 190, 190
L -4121.0000, 2244.0000, -4691.0000,  -4120.0000, 2257.0000, -4692.0000,  190, 190, 190
L -4128.0000, 2236.0000, -4692.0000,  -4121.0000, 2244.0000, -4691.0000,  190, 190, 190
L -4132.0000, 2225.0000, -4693.0000,  -4128.0000, 2236.0000, -4692.0000,  190, 190, 190
L -4151.0000, 2212.0000, -4745.0000,  -4132.0000, 2225.0000, -4693.0000,  190, 190, 190
L -4186.0000, 2216.0000, -4678.0000,  -4151.0000, 2212.0000, -4745.0000,  190, 190, 190
L -4203.0000, 2218.0000, -4659.0000,  -4186.0000, 2216.0000, -4678.0000,  190, 190, 190
L -4217.0000, 2222.0000, -4627.0000,  -4203.0000, 2218.0000, -4659.0000,  190, 190, 190
L -4280.0000, 2217.0000, -4601.0000,  -4217.0000, 2222.0000, -4627.0000,  190, 190, 190
L -4306.0000, 2210.0000, -4672.0000,  -4280.0000, 2217.0000, -4601.0000,  190, 190, 190
L -4323.0000, 2207.0000, -4694.0000,  -4306.0000, 2210.0000, -4672.0000,  190, 190, 190
L -4334.0000, 2217.0000, -4692.0000,  -4323.0000, 2207.0000, -4694.0000,  190, 190, 190
L -4337.0000, 2230.0000, -4687.0000,  -4334.0000, 2217.0000, -4692.0000,  190, 190, 190
L -4342.0000, 2245.0000, -4672.0000,  -4337.0000, 2230.0000, -4687.0000,  190, 190, 190
L -4338.0000, 2262.0000, -4623.0000,  -4342.0000, 2245.0000, -4672.0000,  190, 190, 190
L -4319.0000, 2279.0000, -4581.0000,  -4338.0000, 2262.0000, -4623.0000,  190, 190, 190
L -4317.0000, 2283.0000, -4580.0000,  -4319.0000, 2279.0000, -4581.0000,  190, 190, 190
L -4299.0000, 2296.0000, -4522.0000,  -4317.0000, 2283.0000, -4580.0000,  190, 190, 190
L -2973.0000, -3303.0000, 3439.0000,  -2973.0000, -3280.0000, 3439.0000,  165, 42, 42
L -2956.0000, -3320.0000, 3439.0000,  -2973.0000, -3303.0000, 3439.0000,  165, 42, 42
L -2910.0000, -3320.0000, 3439.0000,  -2956.0000, -3320.0000, 3439.0000,  165, 42, 42
L -2893.0000, -3337.0000, 3439.0000,  -2910.0000, -3320.0000, 3439.0000,  165, 42, 42
L -2892.0000, -3447.0000, 3407.0000,  -2893.0000, -3337.0000, 3439.0000,  165, 42, 42
L 4557.0000, 277.0000, 1807.0000,  4625.0000, 266.0000, 1525.0000,  190, 190, 190
L 4456.0000, 292.0000, 2330.0000,  4557.0000, 277.0000, 1807.0000,  190, 190, 190
L 4354.0000, 307.0000, 2693.0000,  4456.0000, 292.0000, 2330.0000,  190, 190, 190
L 4254.0000, 322.0000, 3236.0000,  4354.0000, 307.0000, 2693.0000,  190, 190, 190
L 4154.0000, 337.0000, 3614.0000,  4254.0000, 322.0000, 3236.0000,  190, 190, 190
L 4061.0000, 351.0000, 3460.0000,  4154.0000, 337.0000, 3614.0000,  190, 190, 190
L 3963.0000, 414.0000, 2595.0000,  4061.0000, 351.0000, 3460.0000,  190, 190, 190
L 3856.0000, 423.0000, 1598.0000,  3963.0000, 414.0000, 2595.0000,  190, 190, 190
L 3802.0000, 367.0000, 1102.0000,  3856.0000, 423.0000, 1598.0000,  190, 190, 190
L 3788.0000, 329.0000, 973.0000,  3802.0000, 367.0000, 1102.0000,  190, 190, 190
L 3737.0000, 187.0000, 345.0000,  3788.0000, 329.0000, 973.0000,  190, 190, 190
L 3722.0000, 16.0000, 1102.0000,  3737.0000, 187.0000, 345.0000,  190, 190, 190
L 3708.0000, -238.0000, 871.0000,  3722.0000, 16.0000, 1102.0000,  190, 190, 190
L 3694.0000, -499.0000, 697.0000,  3708.0000, -238.0000, 871.0000,  190, 190, 190
L 3684.0000, -687.0000, 1437.0000,  3694.0000, -499.0000, 697.0000,  190, 190, 190
L 3685.0000, -940.0000, 1068.0000,  3684.0000, -687.0000, 1437.0000,  190, 190, 190
L 3701.0000, -1179.0000, 2352.0000,  3685.0000, -940.0000, 1068.0000,  190, 190, 190
L 3720.0000, -1459.0000, 2200.0000,  3701.0000, -1179.0000, 2352.0000,  190, 190, 190
L 3754.0000, -2379.0000, 5129.0000,  3720.0000, -1459.0000, 2200.0000,  190, 190, 190
L 3747.0000, -2691.0000, 5099.0000,  3754.0000, -2379.0000, 5129.0000,  190, 190, 190
L 3742.0000, -2916.0000, 5515.0000,  3747.0000, -2691.0000, 5099.0000,  190, 190, 190
L 3734.0000, -3292.0000, 6063.0000,  3742.0000, -2916.0000, 5515.0000,  190, 190, 190
L 3718.0000, -3397.0000, 7388.0000,  3734.0000, -3292.0000, 6063.0000,  190, 190, 190
L 3691.0000, -3543.0000, 7847.0000,  3718.0000, -3397.0000, 7388.0000,  190, 190, 190
L 3661.0000, -3706.0000, 6788.0000,  3691.0000, -3543.0000, 7847.0000,  190, 190, 190
L 3656.0000, -3734.0000, 7202.0000,  3661.0000, -3706.0000, 6788.0000,  190, 190, 190
L 3425.0000, -3760.0000, 7252.0000,  3656.0000, -3734.0000, 7202.0000,  190, 190, 190
L 2812.0000, -3755.0000, 3904.0000,  3425.0000, -3760.0000, 7252.0000,  190, 190, 190
L 2410.0000, -3746.0000, 3384.0000,  2812.0000, -3755.0000, 3904.0000,  190, 190, 190
L 2115.0000, -3739.0000, 3305.0000,  2410.0000, -3746.0000, 3384.0000,  190, 190, 190
L 1942.0000, -3735.0000, 4183.0000,  2115.0000, -3739.0000, 3305.0000,  190, 190, 190
L 1806.0000, -3732.0000, 5730.0000,  1942.0000, -3735.0000, 4183.0000,  190, 190, 190
L 1721.0000, -3730.0000, 6446.0000,  1806.0000, -3732.0000, 5730.0000,  190, 190, 190
L 1654.0000, -3728.0000, 6832.0000,  1721.0000, -3730.0000, 6446.0000,  190, 190, 190
L 1453.0000, -3723.0000, 6055.0000,  1654.0000, -3728.0000, 6832.0000,  190, 190, 190
L 1353.0000, -3712.0000, 4734.0000,  1453.0000, -3723.0000, 6055.0000,  190, 190, 190
L 1175.0000, -3717.0000, 3525.0000,  1353.0000, -3712.0000, 4734.0000,  190, 190, 190
L 958.0000, -3715.0000, 2823.0000,  1175.0000, -3717.0000, 3525.0000,  190, 190, 190
L 647.0000, -3743.0000, 3303.0000,  958.0000, -3715.0000, 2823.0000,  190, 190, 190
L 357.0000, -3768.0000, 3924.0000,  647.0000, -3743.0000, 3303.0000,  190, 190, 190
L 312.0000, -3772.0000, 4045.0000,  357.0000, -3768.0000, 3924.0000,  190, 190, 190
L 98.0000, -3791.0000, 4137.0000,  312.0000, -3772.0000, 4045.0000,  190, 190, 190
L -61.0000, -3805.0000, 4003.0000,  98.0000, -3791.0000, 4137.0000,  190, 190, 190
L -348.0000, -3823.0000, 3089.0000,  -61.0000, -3805.0000, 4003.0000,  190, 190, 190
L -481.0000, -3829.0000, 3117.0000,  -348.0000, -3823.0000, 3089.0000,  190, 190, 190
L -563.0000, -3833.0000, 3447.0000,  -481.0000, -3829.0000, 3117.0000,  190, 190, 190
L -687.0000, -3838.0000, 4513.0000,  -563.0000, -3833.0000, 3447.0000,  190, 190, 190
L -755.0000, -3841.0000, 5014.0000,  -687.0000, -3838.0000, 4513.0000,  190, 190, 190
L -863.0000, -3846.0000, 5374.0000,  -755.0000, -3841.0000, 5014.0000,  190, 190, 190
L -950.0000, -3850.0000, 5305.0000,  -863.0000, -3846.0000, 5374.0000,  190, 190, 190
L -990.0000, -3852.0000, 5215.0000,  -950.0000, -3850.0000, 5305.0000,  190, 190, 190
L -1056.0000, -3874.0000, 5069.0000,  -990.0000, -3852.0000, 5215.0000,  190, 190, 190
L -1076.0000, -3910.0000, 5394.0000,  -1056.0000, -3874.0000, 5069.0000,  190, 190, 190
L -1097.0000, -3948.0000, 5694.0000,  -1076.0000, -3910.0000, 5394.0000,  190, 190, 190
L -1112.0000, -3977.0000, 5771.0000,  -1097.0000, -3948.0000, 5694.0000,  190, 190, 190
L -1125.0000, -4000.0000, 5830.0000,  -1112.0000, -3977.0000, 5771.0000,  190, 190, 190
L -1133.0000, -4016.0000, 5862.0000,  -1125.0000, -4000.0000, 5830.0000,  190, 190, 190
L -1163.0000, -4071.0000, 5777.0000,  -1133.0000, -4016.0000, 5862.0000,  190, 190, 190
L -1199.0000, -4142.0000, 5054.0000,  -1163.0000, -4071.0000, 5777.0000,  190, 190, 190
L -1195.0000, -4265.0000, 5005.0000,  -1199.0000, -4142.0000, 5054.0000,  190, 190, 190
L -1193.0000, -4339.0000, 5019.0000,  -1195.0000, -4265.0000, 5005.0000,  190, 190, 190
L -1191.0000, -4420.0000, 5361.0000,  -1193.0000, -4339.0000, 5019.0000,  190, 190, 190
L -1189.0000, -4495.0000, 5810.0000,  -1191.0000, -4420.0000, 5361.0000,  190, 190, 190
L -1186.0000, -4569.0000, 6096.0000,  -1189.0000, -4495.0000, 5810.0000,  190, 190, 190
L -1183.0000, -4681.0000, 5731.0000,  -1186.0000, -4569.0000, 6096.0000,  190, 190, 190
L -1180.0000, -4791.0000, 5907.0000,  -1183.0000, -4681.0000, 5731.0000,  190, 190, 190
L -1177.0000, -4901.0000, 5727.0000,  -1180.0000, -4791.0000, 5907.0000,  190, 190, 190
L -1173.0000, -5012.0000, 5127.0000,  -1177.0000, -4901.0000, 5727.0000,  190, 190, 190
L -1170.0000, -5116.0000, 5009.0000,  -1173.0000, -5012.0000, 5127.0000,  190, 190, 190
L -1167.0000, -5205.0000, 5010.0000,  -1170.0000, -5116.0000, 5009.0000,  190, 190, 190
L -1164.0000, -5328.0000, 5036.0000,  -1167.0000, -5205.0000, 5010.0000,  190, 190, 190
L -1161.0000, -5445.0000, 5015.0000,  -1164.0000, -5328.0000, 5036.0000,  190, 190, 190
L -1176.0000, -5607.0000, 5699.0000,  -1161.0000, -5445.0000, 5015.0000,  190, 190, 190
L -1185.0000, -5705.0000, 5653.0000,  -1176.0000, -5607.0000, 5699.0000,  190, 190, 190
L -1206.0000, -5828.0000, 5108.0000,  -1185.0000, -5705.0000, 5653.0000,  190, 190, 190
L -1222.0000, -5898.0000, 4785.0000,  -1206.0000, -5828.0000, 5108.0000,  190, 190, 190
L 653.0000, 425.0000, -1245.0000,  721.0000, 425.0000, -1244.0000,  165, 42, 42
L 588.0000, 424.0000, -1248.0000,  653.0000, 425.0000, -1245.0000,  165, 42, 42
L 514.0000, 424.0000, -1252.0000,  588.0000, 424.0000, -1248.0000,  165, 42, 42
L 393.0000, 440.0000, -1305.0000,  514.0000, 424.0000, -1252.0000,  165, 42, 42
L 285.0000, 502.0000, -1497.0000,  393.0000, 440.0000, -1305.0000,  165, 42, 42
L 264.0000, 515.0000, -1536.0000,  285.0000, 502.0000, -1497.0000,  165, 42, 42
L 51.0000, 528.0000, -1827.0000,  264.0000, 515.0000, -1536.0000,  165, 42, 42
L 0.0000, 530.0000, -1898.0000,  51.0000, 528.0000, -1827.0000,  165, 42, 42
L -192.0000, 371.0000, -2125.0000,  0.0000, 530.0000, -1898.0000,  165, 42, 42
L -229.0000, 327.0000, -2175.0000,  -192.0000, 371.0000, -2125.0000,  165, 42, 42
L -258.0000, 213.0000, -2252.0000,  -229.0000, 327.0000, -2175.0000,  165, 42, 42
L -281.0000, 125.0000, -2310.0000,  -258.0000, 213.0000, -2252.0000,  165, 42, 42
L -317.0000, -13.0000, -2403.0000,  -281.0000, 125.0000, -2310.0000,  165, 42, 42
L -317.0000, -314.0000, -3124.0000,  -317.0000, -13.0000, -2403.0000,  165, 42, 42
L -389.0000, -315.0000, -3125.0000,  -317.0000, -314.0000, -3124.0000,  165, 42, 42
L -422.0000, -315.0000, -3125.0000,  -389.0000, -315.0000, -3125.0000,  165, 42, 42
L -495.0000, -316.0000, -3125.0000,  -422.0000, -315.0000, -3125.0000,  165, 42, 42
L -519.0000, -386.0000, -3125.0000,  -495.0000, -316.0000, -3125.0000,  165, 42, 42
L -518.0000, -406.0000, -3122.0000,  -519.0000, -386.0000, -3125.0000,  165, 42, 42
L -473.0000, -443.0000, -3125.0000,  -518.0000, -406.0000, -3122.0000,  165, 42, 42
L -343.0000, -437.0000, -3125.0000,  -473.0000, -443.0000, -3125.0000,  165, 42, 42
L -254.0000, -439.0000, -3125.0000,  -343.0000, -437.0000, -3125.0000,  165, 42, 42
L -202.0000, -439.0000, -3125.0000,  -254.0000, -439.0000, -3125.0000,  165, 42, 42
L -180.0000, -436.0000, -3125.0000,  -202.0000, -439.0000, -3125.0000,  165, 42, 42
L -180.0000, -333.0000, -3103.0000,  -180.0000, -436.0000, -3125.0000,  165, 42, 42
L -182.0000, -221.0000, -2845.0000,  -180.0000, -333.0000, -3103.0000,  165, 42, 42
L -188.0000, -40.0000, -2428.0000,  -182.0000, -221.0000, -2845.0000,  165, 42, 42
L -167.0000, 48.0000, -2343.0000,  -188.0000, -40.0000, -2428.0000,  165, 42, 42
L -125.0000, 184.0000, -2232.0000,  -167.0000, 48.0000, -2343.0000,  165, 42, 42
L -74.0000, 293.0000, -2113.0000,  -125.0000, 184.0000, -2232.0000,  165, 42, 42
L 61.0000, 391.0000, -1863.0000,  -74.0000, 293.0000, -2113.0000,  165, 42, 42
L 156.0000, 377.0000, -1675.0000,  61.0000, 391.0000, -1863.0000,  165, 42, 42
L 226.0000, 378.0000, -1546.0000,  156.0000, 377.0000, -1675.0000,  165, 42, 42
L 416.0000, 274.0000, -1256.0000,  226.0000, 378.0000, -1546.0000,  165, 42, 42
L 631.0000, 281.0000, -1246.0000,  416.0000, 274.0000, -1256.0000,  165, 42, 42
L 723.0000, 285.0000, -1244.0000,  631.0000, 281.0000, -1246.0000,  165, 42, 42
L 1436.0000, 762.0000, -1289.0000,  1438.0000, 70.0000, -1278.0000,  190, 190, 190
L 771.0000, 734.0000, -1226.0000,  1436.0000, 762.0000, -1289.0000,  190, 190, 190
L 692.0000, 620.0000, -103.0000,  771.0000, 734.0000, -1226.0000,  190, 190, 190
L 622.0000, 445.0000, 320.0000,  692.0000, 620.0000, -103.0000,  190, 190, 190
L 621.0000, 260.0000, 181.0000,  622.0000, 445.0000, 320.0000,  190, 190, 190
L 689.0000, 86.0000, -330.0000,  621.0000, 260.0000, 181.0000,  190, 190, 190
L 790.0000, -67.0000, -1176.0000,  689.0000, 86.0000, -330.0000,  190, 190, 190
L 1437.0000, -59.0000, -1272.0000,  790.0000, -67.0000, -1176.0000,  190, 190, 190
L 1456.0000, -11.0000, -1277.0000,  1437.0000, -59.0000, -1272.0000,  190, 190, 190
L 817.0000, 822.0000, -1279.0000,  756.0000, 792.0000, -1188.0000,  190, 190, 190
L 818.0000, 825.0000, -1279.0000,  817.0000, 822.0000, -1279.0000,  190, 190, 190
L 863.0000, 824.0000, -1282.0000,  818.0000, 825.0000, -1279.0000,  190, 190, 190
L 863.0000, 793.0000, -1279.0000,  863.0000, 824.0000, -1282.0000,  190, 190, 190
L 937.0000, 793.0000, -1284.0000,  863.0000, 793.0000, -1279.0000,  190, 190, 190
L 943.0000, 825.0000, -1287.0000,  937.0000, 793.0000, -1284.0000,  190, 190, 190
L 983.0000, 815.0000, -1288.0000,  943.0000, 825.0000, -1287.0000,  190, 190, 190
L 1019.0000, 793.0000, -1287.0000,  983.0000, 815.0000, -1288.0000,  190, 190, 190
L 1271.0000, 795.0000, -1296.0000,  1019.0000, 793.0000, -1287.0000,  190, 190, 190
L 1297.0000, 825.0000, -1298.0000,  1271.0000, 795.0000, -1296.0000,  190, 190, 190
L 1320.0000, 824.0000, -1297.0000,  1297.0000, 825.0000, -1298.0000,  190, 190, 190
L 1356.0000, 793.0000, -1294.0000,  1320.0000, 824.0000, -1297.0000,  190, 190, 190
L 1477.0000, 762.0000, -1281.0000,  1356.0000, 793.0000, -1294.0000,  190, 190, 190
L 1480.0000, 650.0000, -1286.0000,  1477.0000, 762.0000, -1281.0000,  190, 190, 190
L 1508.0000, 645.0000, -1285.0000,  1480.0000, 650.0000, -1286.0000,  190, 190, 190
L 1506.0000, 604.0000, -1286.0000,  1508.0000, 645.0000, -1285.0000,  190, 190, 190
L 1476.0000, 564.0000, -1288.0000,  1506.0000, 604.0000, -1286.0000,  190, 190, 190
L 1477.0000, 489.0000, -1294.0000,  1476.0000, 564.0000, -1288.0000,  190, 190, 190
L 1508.0000, 487.0000, -1323.0000,  1477.0000, 489.0000, -1294.0000,  190, 190, 190
L 1505.0000, 443.0000, -1348.0000,  1508.0000, 487.0000, -1323.0000,  190, 190, 190
L 1477.0000, 437.0000, -1298.0000,  1505.0000, 443.0000, -1348.0000,  190, 190, 190
L 1476.0000, 326.0000, -1284.0000,  1477.0000, 437.0000, -1298.0000,  190, 190, 190
L 1508.0000, 307.0000, -1280.0000,  1476.0000, 326.0000, -1284.0000,  190, 190, 190
L 1508.0000, 281.0000, -1280.0000,  1508.0000, 307.0000, -1280.0000,  190, 190, 190
L 1476.0000, 280.0000, -1283.0000,  1508.0000, 281.0000, -1280.0000,  190, 190, 190
L 1475.0000, 144.0000, -1280.0000,  1476.0000, 280.0000, -1283.0000,  190, 190, 190
L 1508.0000, 139.0000, -1286.0000,  1475.0000, 144.0000, -1280.0000,  190, 190, 190
L 1502.0000, 98.0000, -1285.0000,  1508.0000, 139.0000, -1286.0000,  190, 190, 190
L 1475.0000, 94.0000, -1280.0000,  1502.0000, 98.0000, -1285.0000,  190, 190, 190
L 1473.0000, 68.0000, -1279.0000,  1475.0000, 94.0000, -1280.0000,  190, 190, 190
L 1442.0000, 68.0000, -1279.0000,  1473.0000, 68.0000, -1279.0000,  190, 190, 190
L 1473.0000, -8.0000, -1277.0000,  1438.0000, -11.0000, -1277.0000,  190, 190, 190
L 1475.0000, -34.0000, -1276.0000,  1473.0000, -8.0000, -1277.0000,  190, 190, 190
L 1507.0000, -29.0000, -1276.0000,  1475.0000, -34.0000, -1276.0000,  190, 190, 190
L 1509.0000, -79.0000, -1274.0000,  1507.0000, -29.0000, -1276.0000,  190, 190, 190
L 1474.0000, -80.0000, -1279.0000,  1509.0000, -79.0000, -1274.0000,  190, 190, 190
L 1477.0000, -104.0000, -1282.0000,  1474.0000, -80.0000, -1279.0000,  190, 190, 190
L 1321.0000, -136.0000, -1260.0000,  1477.0000, -104.0000, -1282.0000,  190, 190, 190
L 1302.0000, -139.0000, -1263.0000,  1321.0000, -136.0000, -1260.0000,  190, 190, 190
L 1272.0000, -132.0000, -1267.0000,  1302.0000, -139.0000, -1263.0000,  190, 190, 190
L 1254.0000, -105.0000, -1261.0000,  1272.0000, -132.0000, -1267.0000,  190, 190, 190
L 1153.0000, -127.0000, -1234.0000,  1254.0000, -105.0000, -1261.0000,  190, 190, 190
L 1152.0000, -139.0000, -1230.0000,  1153.0000, -127.0000, -1234.0000,  190, 190, 190
L 1107.0000, -123.0000, -1243.0000,  1152.0000, -139.0000, -1230.0000,  190, 190, 190
L 1107.0000, -105.0000, -1252.0000,  1107.0000, -123.0000, -1243.0000,  190, 190, 190
L 970.0000, -106.0000, -1270.0000,  1107.0000, -105.0000, -1252.0000,  190, 190, 190
L 971.0000, -139.0000, -1267.0000,  970.0000, -106.0000, -1270.0000,  190, 190, 190
L 924.0000, -142.0000, -1277.0000,  971.0000, -139.0000, -1267.0000,  190, 190, 190
L 924.0000, -105.0000, -1280.0000,  924.0000, -142.0000, -1277.0000,  190, 190, 190
L 864.0000, -114.0000, -1246.0000,  924.0000, -105.0000, -1280.0000,  190, 190, 190
L 863.0000, -139.0000, -1247.0000,  864.0000, -114.0000, -1246.0000,  190, 190, 190
L 818.0000, -141.0000, -1046.0000,  863.0000, -139.0000, -1247.0000,  190, 190, 190
L 786.0000, -105.0000, -1023.0000,  818.0000, -141.0000, -1046.0000,  190, 190, 190
L 755.0000, -108.0000, -946.0000,  786.0000, -105.0000, -1023.0000,  190, 190, 190
L 646.0000, 76.0000, 17.0000,  755.0000, -108.0000, -946.0000,  190, 190, 190
L 574.0000, 271.0000, 601.0000,  646.0000, 76.0000, 17.0000,  190, 190, 190
L 579.0000, 455.0000, 878.0000,  574.0000, 271.0000, 601.0000,  190, 190, 190
L 673.0000, 666.0000, 33.0000,  579.0000, 455.0000, 878.0000,  190, 190, 190
L 750.0000, 788.0000, -1152.0000,  673.0000, 666.0000, 33.0000,  190, 190, 190
L -1572.0000, -5778.0000, 0.0000,  -1578.0000, -5946.0000, 0.0000,  190, 190, 190
L -1572.0000, -5748.0000, 0.0000,  -1572.0000, -5778.0000, 0.0000,  190, 190, 190
L -1566.0000, -5512.0000, 0.0000,  -1572.0000, -5748.0000, 0.0000,  190, 190, 190
L -1555.0000, -5429.0000, 0.0000,  -1566.0000, -5512.0000, 0.0000,  190, 190, 190
L -1550.0000, -5382.0000, 0.0000,  -1555.0000, -5429.0000, 0.0000,  190, 190, 190
L -1566.0000, -5287.0000, 0.0000,  -1550.0000, -5382.0000, 0.0000,  190, 190, 190
L -1574.0000, -5244.0000, 0.0000,  -1566.0000, -5287.0000, 0.0000,  190, 190, 190
L -1588.0000, -5133.0000, 0.0000,  -1574.0000, -5244.0000, 0.0000,  190, 190, 190
L -1600.0000, -5073.0000, 0.0000,  -1588.0000, -5133.0000, 0.0000,  190, 190, 190
L -1604.0000, -5009.0000, 0.0000,  -1600.0000, -5073.0000, 0.0000,  190, 190, 190
L -1607.0000, -4867.0000, 0.0000,  -1604.0000, -5009.0000, 0.0000,  190, 190, 190
L -1610.0000, -4773.0000, 0.0000,  -1607.0000, -4867.0000, 0.0000,  190, 190, 190
L -1612.0000, -4676.0000, 0.0000,  -1610.0000, -4773.0000, 0.0000,  190, 190, 190
L -1612.0000, -4651.0000, 0.0000,  -1612.0000, -4676.0000, 0.0000,  190, 190, 190
L -1607.0000, -4582.0000, 0.0000,  -1612.0000, -4651.0000, 0.0000,  190, 190, 190
L -1594.0000, -4526.0000, 0.0000,  -1607.0000, -4582.0000, 0.0000,  190, 190, 190
L -1559.0000, -4456.0000, 0.0000,  -1594.0000, -4526.0000, 0.0000,  190, 190, 190
L -1563.0000, -4395.0000, 0.0000,  -1559.0000, -4456.0000, 0.0000,  190, 190, 190
L -1568.0000, -4333.0000, 0.0000,  -1563.0000, -4395.0000, 0.0000,  190, 190, 190
L -1583.0000, -4264.0000, 0.0000,  -1568.0000, -4333.0000, 0.0000,  190, 190, 190
L -1587.0000, -4214.0000, 0.0000,  -1583.0000, -4264.0000, 0.0000,  190, 190, 190
L -1588.0000, -4165.0000, 0.0000,  -1587.0000, -4214.0000, 0.0000,  190, 190, 190
L -1586.0000, -4070.0000, 0.0000,  -1588.0000, -4165.0000, 0.0000,  190, 190, 190
L -1602.0000, -3996.0000, 0.0000,  -1586.0000, -4070.0000, 0.0000,  190, 190, 190
L -1632.0000, -3960.0000, 0.0000,  -1602.0000, -3996.0000, 0.0000,  190, 190, 190
L -1669.0000, -3910.0000, 0.0000,  -1632.0000, -3960.0000, 0.0000,  190, 190, 190
L -1710.0000, -3871.0000, 0.0000,  -1669.0000, -3910.0000, 0.0000,  190, 190, 190
L -1793.0000, -3838.0000, 0.0000,  -1710.0000, -3871.0000, 0.0000,  190, 190, 190
L -1858.0000, -3830.0000, 0.0000,  -1793.0000, -3838.0000, 0.0000,  190, 190, 190
L -1924.0000, -3816.0000, 0.0000,  -1858.0000, -3830.0000, 0.0000,  190, 190, 190
L -2003.0000, -3784.0000, 0.0000,  -1924.0000, -3816.0000, 0.0000,  190, 190, 190
L -2067.0000, -3782.0000, 0.0000,  -2003.0000, -3784.0000, 0.0000,  190, 190, 190
L -2115.0000, -3775.0000, 0.0000,  -2067.0000, -3782.0000, 0.0000,  190, 190, 190
L -2218.0000, -3811.0000, 0.0000,  -2115.0000, -3775.0000, 0.0000,  190, 190, 190
L -2341.0000, -3836.0000, 0.0000,  -2218.0000, -3811.0000, 0.0000,  190, 190, 190
L -2449.0000, -3845.0000, 0.0000,  -2341.0000, -3836.0000, 0.0000,  190, 190, 190
L -2636.0000, -3814.0000, 0.0000,  -2449.0000, -3845.0000, 0.0000,  190, 190, 190
L -2755.0000, -3767.0000, 0.0000,  -2636.0000, -3814.0000, 0.0000,  190, 190, 190
L -2939.0000, -3737.0000, 0.0000,  -2755.0000, -3767.0000, 0.0000,  190, 190, 190
L -3057.0000, -3662.0000, 0.0000,  -2939.0000, -3737.0000, 0.0000,  190, 190, 190
L -2894.0000, -3334.0000, 0.0000,  -2907.0000, -3323.0000, 0.0000,  190, 190, 190
L -2893.0000, -3439.0000, 0.0000,  -2894.0000, -3334.0000, 0.0000,  190, 190, 190
L -2871.0000, -3331.0000, 0.0000,  -2864.0000, -3445.0000, 0.0000,  190, 190, 190
L -2878.0000, -3324.0000, 0.0000,  -2871.0000, -3331.0000, 0.0000,  190, 190, 190
L -3223.0000, -3601.0000, 0.0000,  -3057.0000, -3650.0000, 0.0000,  190, 190, 190
L -3316.0000, -3552.0000, 0.0000,  -3223.0000, -3601.0000, 0.0000,  190, 190, 190
L -3366.0000, -3506.0000, 0.0000,  -3316.0000, -3552.0000, 0.0000,  190, 190, 190
L -3454.0000, -3467.0000, 0.0000,  -3366.0000, -3506.0000, 0.0000,  190, 190, 190
L -3536.0000, -3446.0000, 0.0000,  -3454.0000, -3467.0000, 0.0000,  190, 190, 190
L -3571.0000, -3354.0000, 0.0000,  -3536.0000, -3446.0000, 0.0000,  190, 190, 190
L -3599.0000, -3309.0000, 0.0000,  -3571.0000, -3354.0000, 0.0000,  190, 190, 190
L -3710.0000, -3155.0000, 0.0000,  -3599.0000, -3309.0000, 0.0000,  190, 190, 190
L -3724.0000, -3126.0000, 0.0000,  -3710.0000, -3155.0000, 0.0000,  190, 190, 190
L -3704.0000, -3067.0000, 0.0000,  -3724.0000, -3126.0000, 0.0000,  190, 190, 190
L -3671.0000, -2976.0000, 0.0000,  -3704.0000, -3067.0000, 0.0000,  190, 190, 190
L -3658.0000, -2930.0000, 0.0000,  -3671.0000, -2976.0000, 0.0000,  190, 190, 190
L -3657.0000, -2842.0000, 0.0000,  -3658.0000, -2930.0000, 0.0000,  190, 190, 190
L -3659.0000, -2786.0000, 0.0000,  -3657.0000, -2842.0000, 0.0000,  190, 190, 190
L -3643.0000, -2648.0000, 0.0000,  -3659.0000, -2786.0000, 0.0000,  190, 190, 190
L -3639.0000, -2571.0000, 0.0000,  -3643.0000, -2648.0000, 0.0000,  190, 190, 190
L -3665.0000, -2529.0000, 0.0000,  -3639.0000, -2571.0000, 0.0000,  190, 190, 190
L -3708.0000, -2483.0000, 0.0000,  -3665.0000, -2529.0000, 0.0000,  190, 190, 190
L -3733.0000, -2445.0000, 0.0000,  -3708.0000, -2483.0000, 0.0000,  190, 190, 190
L -3742.0000, -2394.0000, 0.0000,  -3733.0000, -2445.0000, 0.0000,  190, 190, 190
L -3740.0000, -2339.0000, 0.0000,  -3742.0000, -2394.0000, 0.0000,  190, 190, 190
L -3650.0000, -2243.0000, 0.0000,  -3740.0000, -2339.0000, 0.0000,  190, 190, 190
L -3608.0000, -2210.0000, 0.0000,  -3650.0000, -2243.0000, 0.0000,  190, 190, 190
L -3574.0000, -2161.0000, 0.0000,  -3608.0000, -2210.0000, 0.0000,  190, 190, 190
L -3564.0000, -2037.0000, 0.0000,  -3574.0000, -2161.0000, 0.0000,  190, 190, 190
L -3584.0000, -1965.0000, 0.0000,  -3564.0000, -2037.0000, 0.0000,  190, 190, 190
L -3591.0000, -1913.0000, 0.0000,  -3584.0000, -1965.0000, 0.0000,  190, 190, 190
L -3605.0000, -1850.0000, 0.0000,  -3591.0000, -1913.0000, 0.0000,  190, 190, 190
L -3624.0000, -1804.0000, 0.0000,  -3605.0000, -1850.0000, 0.0000,  190, 190, 190
L -3709.0000, -1663.0000, 0.0000,  -3624.0000, -1804.0000, 0.0000,  190, 190, 190
L -3732.0000, -1626.0000, 0.0000,  -3709.0000, -1663.0000, 0.0000,  190, 190, 190
L -3753.0000, -1596.0000, 0.0000,  -3732.0000, -1626.0000, 0.0000,  190, 190, 190
L -3794.0000, -1543.0000, 0.0000,  -3753.0000, -1596.0000, 0.0000,  190, 190, 190
L -3798.0000, -1499.0000, 0.0000,  -3794.0000, -1543.0000, 0.0000,  190, 190, 190
L -3800.0000, -1431.0000, 0.0000,  -3798.0000, -1499.0000, 0.0000,  190, 190, 190
L -3809.0000, -1379.0000, 0.0000,  -3800.0000, -1431.0000, 0.0000,  190, 190, 190
L -3827.0000, -1322.0000, 0.0000,  -3809.0000, -1379.0000, 0.0000,  190, 190, 190
L -3840.0000, -1277.0000, 0.0000,  -3827.0000, -1322.0000, 0.0000,  190, 190, 190
L -3847.0000, -1218.0000, 0.0000,  -3840.0000, -1277.0000, 0.0000,  190, 190, 190
L -3864.0000, -1152.0000, 0.0000,  -3847.0000, -1218.0000, 0.0000,  190, 190, 190
L -3870.0000, -1123.0000, 0.0000,  -3864.0000, -1152.0000, 0.0000,  190, 190, 190
L -3880.0000, -1039.0000, 0.0000,  -3870.0000, -1123.0000, 0.0000,  190, 190, 190
L -3862.0000, -934.0000, 0.0000,  -3880.0000, -1039.0000, 0.0000,  190, 190, 190
L -3854.0000, -876.0000, 0.0000,  -3862.0000, -934.0000, 0.0000,  190, 190, 190
L -3850.0000, -814.0000, 0.0000,  -3854.0000, -876.0000, 0.0000,  190, 190, 190
L -3836.0000, -711.0000, 0.0000,  -3850.0000, -814.0000, 0.0000,  190, 190, 190
L -3821.0000, -682.0000, 0.0000,  -3836.0000, -711.0000, 0.0000,  190, 190, 190
L -3814.0000, -667.0000, 0.0000,  -3821.0000, -682.0000, 0.0000,  190, 190, 190
L -3810.0000, -635.0000, 0.0000,  -3814.0000, -667.0000, 0.0000,  190, 190, 190
L -3807.0000, -595.0000, 0.0000,  -3810.0000, -635.0000, 0.0000,  190, 190, 190
L -3795.0000, -549.0000, 0.0000,  -3807.0000, -595.0000, 0.0000,  190, 190, 190
L -3820.0000, -466.0000, 0.0000,  -3795.0000, -549.0000, 0.0000,  190, 190, 190
L -3839.0000, -427.0000, 0.0000,  -3820.0000, -466.0000, 0.0000,  190, 190, 190
L -3869.0000, -371.0000, 0.0000,  -3839.0000, -427.0000, 0.0000,  190, 190, 190
L -3883.0000, -339.0000, 0.0000,  -3869.0000, -371.0000, 0.0000,  190, 190, 190
L -3885.0000, -292.0000, 0.0000,  -3883.0000, -339.0000, 0.0000,  190, 190, 190
L -3886.0000, -193.0000, 0.0000,  -3885.0000, -292.0000, 0.0000,  190, 190, 190
L -3878.0000, -108.0000, 0.0000,  -3886.0000, -193.0000, 0.0000,  190, 190, 190
L -3877.0000, -44.0000, 0.0000,  -3878.0000, -108.0000, 0.0000,  190, 190, 190
L -3867.0000, 49.0000, 0.0000,  -3877.0000, -44.0000, 0.0000,  190, 190, 190
L -3854.0000, 142.0000, 0.0000,  -3867.0000, 49.0000, 0.0000,  190, 190, 190
L -3844.0000, 172.0000, 0.0000,  -3854.0000, 142.0000, 0.0000,  190, 190, 190
L -3809.0000, 225.0000, 0.0000,  -3844.0000, 172.0000, 0.0000,  190, 190, 190
L -3777.0000, 272.0000, 0.0000,  -3809.0000, 225.0000, 0.0000,  190, 190, 190
L -3739.0000, 334.0000, 0.0000,  -3777.0000, 272.0000, 0.0000,  190, 190, 190
L -3700.0000, 367.0000, 0.0000,  -3739.0000, 334.0000, 0.0000,  190, 190, 190
L -3673.0000, 412.0000, 0.0000,  -3700.0000, 367.0000, 0.0000,  190, 190, 190
L -3657.0000, 443.0000, 0.0000,  -3673.0000, 412.0000, 0.0000,  190, 190, 190
L -3643.0000, 482.0000, 0.0000,  -3657.0000, 443.0000, 0.0000,  190, 190, 190
L -3626.0000, 546.0000, 0.0000,  -3643.0000, 482.0000, 0.0000,  190, 190, 190
L -3622.0000, 638.0000, 0.0000,  -3626.0000, 546.0000, 0.0000,  190, 190, 190
L -3628.0000, 705.0000, 0.0000,  -3622.0000, 638.0000, 0.0000,  190, 190, 190
L -3720.0000, 757.0000, 0.0000,  -3628.0000, 705.0000, 0.0000,  190, 190, 190
L -3755.0000, 797.0000, 0.0000,  -3720.0000, 757.0000, 0.0000,  190, 190, 190
L -3794.0000, 851.0000, 0.0000,  -3755.0000, 797.0000, 0.0000,  190, 190, 190
L -3822.0000, 926.0000, 0.0000,  -3794.0000, 851.0000, 0.0000,  190, 190, 190
L -3794.0000, 1007.0000, 0.0000,  -3822.0000, 926.0000, 0.0000,  190, 190, 190
L -3757.0000, 1077.0000, 0.0000,  -3794.0000, 1007.0000, 0.0000,  190, 190, 190
L -3704.0000, 1165.0000, 0.0000,  -3757.0000, 1077.0000, 0.0000,  190, 190, 190
L -3669.0000, 1214.0000, 0.0000,  -3704.0000, 1165.0000, 0.0000,  190, 190, 190
L -3664.0000, 1395.0000, 0.0000,  -3669.0000, 1214.0000, 0.0000,  190, 190, 190
L -3690.0000, 1441.0000, 0.0000,  -3664.0000, 1395.0000, 0.0000,  190, 190, 190
L -3729.0000, 1490.0000, 0.0000,  -3690.0000, 1441.0000, 0.0000,  190, 190, 190
L -3756.0000, 1593.0000, 0.0000,  -3729.0000, 1490.0000, 0.0000,  190, 190, 190
L -3772.0000, 1690.0000, 0.0000,  -3756.0000, 1593.0000, 0.0000,  190, 190, 190
L -3784.0000, 1738.0000, 0.0000,  -3772.0000, 1690.0000, 0.0000,  190, 190, 190
L -3767.0000, 1876.0000, 0.0000,  -3784.0000, 1738.0000, 0.0000,  190, 190, 190
L -3746.0000, 2218.0000, 0.0000,  -3767.0000, 1876.0000, 0.0000,  190, 190, 190
L -3729.0000, 2291.0000, 0.0000,  -3746.0000, 2218.0000, 0.0000,  190, 190, 190
L -3723.0000, 2370.0000, 0.0000,  -3729.0000, 2291.0000, 0.0000,  190, 190, 190
L -3664.0000, 2513.0000, 0.0000,  -3723.0000, 2370.0000, 0.0000,  190, 190, 190
L -3738.0000, 2559.0000, 0.0000,  -3664.0000, 2513.0000, 0.0000,  190, 190, 190
L -3843.0000, 2577.0000, 0.0000,  -3760.0000, 2567.0000, 0.0000,  190, 190, 190
L -3890.0000, 2573.0000, 0.0000,  -3843.0000, 2577.0000, 0.0000,  190, 190, 190
L -3910.0000, 2575.0000, 0.0000,  -3890.0000, 2573.0000, 0.0000,  190, 190, 190
L -3926.0000, 2574.0000, 0.0000,  -3910.0000, 2575.0000, 0.0000,  190, 190, 190
L -3977.0000, 2585.0000, 0.0000,  -3926.0000, 2574.0000, 0.0000,  190, 190, 190
L -4020.0000, 2571.0000, 0.0000,  -3977.0000, 2585.0000, 0.0000,  190, 190, 190
L -4032.0000, 2549.0000, 0.0000,  -4020.0000, 2571.0000, 0.0000,  190, 190, 190
L -4016.0000, 2528.0000, 0.0000,  -4032.0000, 2549.0000, 0.0000,  190, 190, 190
L -4006.0000, 2521.0000, 0.0000,  -4016.0000, 2528.0000, 0.0000,  190, 190, 190
L -3982.0000, 2506.0000, 0.0000,  -4006.0000, 2521.0000, 0.0000,  190, 190, 190
L -3972.0000, 2499.0000, 0.0000,  -3982.0000, 2506.0000, 0.0000,  190, 190, 190
L -3962.0000, 2490.0000, 0.0000,  -3972.0000, 2499.0000, 0.0000,  190, 190, 190
L -3954.0000, 2480.0000, 0.0000,  -3962.0000, 2490.0000, 0.0000,  190, 190, 190
L -3932.0000, 2462.0000, 0.0000,  -3954.0000, 2480.0000, 0.0000,  190, 190, 190
L -3932.0000, 2441.0000, 0.0000,  -3932.0000, 2462.0000, 0.0000,  190, 190, 190
L -3936.0000, 2429.0000, 0.0000,  -3932.0000, 2441.0000, 0.0000,  190, 190, 190
L -3946.0000, 2420.0000, 0.0000,  -3936.0000, 2429.0000, 0.0000,  190, 190, 190
L -3961.0000, 2400.0000, 0.0000,  -3946.0000, 2420.0000, 0.0000,  190, 190, 190
L -4005.0000, 2383.0000, 0.0000,  -3961.0000, 2400.0000, 0.0000,  190, 190, 190
L -4038.0000, 2390.0000, 0.0000,  -4005.0000, 2383.0000, 0.0000,  190, 190, 190
L -4066.0000, 2387.0000, 0.0000,  -4038.0000, 2390.0000, 0.0000,  190, 190, 190
L -4088.0000, 2378.0000, 0.0000,  -4066.0000, 2387.0000, 0.0000,  190, 190, 190
L -4119.0000, 2385.0000, 0.0000,  -4088.0000, 2378.0000, 0.0000,  190, 190, 190
L -4153.0000, 2387.0000, 0.0000,  -4119.0000, 2385.0000, 0.0000,  190, 190, 190
L -4163.0000, 2380.0000, 0.0000,  -4153.0000, 2387.0000, 0.0000,  190, 190, 190
L -4170.0000, 2373.0000, 0.0000,  -4163.0000, 2380.0000, 0.0000,  190, 190, 190
L -4187.0000, 2346.0000, 0.0000,  -4170.0000, 2373.0000, 0.0000,  190, 190, 190
L -4179.0000, 2333.0000, 0.0000,  -4187.0000, 2346.0000, 0.0000,  190, 190, 190
L -4157.0000, 2319.0000, 0.0000,  -4179.0000, 2333.0000, 0.0000,  190, 190, 190
L -4146.0000, 2304.0000, 0.0000,  -4157.0000, 2319.0000, 0.0000,  190, 190, 190
L -4116.0000, 2289.0000, 0.0000,  -4146.0000, 2304.0000, 0.0000,  190, 190, 190
L -4089.0000, 2264.0000, 0.0000,  -4116.0000, 2289.0000, 0.0000,  190, 190, 190
L -4088.0000, 2252.0000, 0.0000,  -4089.0000, 2264.0000, 0.0000,  190, 190, 190
L -4091.0000, 2239.0000, 0.0000,  -4088.0000, 2252.0000, 0.0000,  190, 190, 190
L -4123.0000, 2196.0000, 0.0000,  -4091.0000, 2239.0000, 0.0000,  190, 190, 190
L -4135.0000, 2188.0000, 0.0000,  -4123.0000, 2196.0000, 0.0000,  190, 190, 190
L -4161.0000, 2187.0000, 0.0000,  -4135.0000, 2188.0000, 0.0000,  190, 190, 190
L -4195.0000, 2191.0000, 0.0000,  -4161.0000, 2187.0000, 0.0000,  190, 190, 190
L -4209.0000, 2193.0000, 0.0000,  -4195.0000, 2191.0000, 0.0000,  190, 190, 190
L -4233.0000, 2194.0000, 0.0000,  -4209.0000, 2193.0000, 0.0000,  190, 190, 190
L -4241.0000, 2196.0000, 0.0000,  -4233.0000, 2194.0000, 0.0000,  190, 190, 190
L -4268.0000, 2191.0000, 0.0000,  -4241.0000, 2196.0000, 0.0000,  190, 190, 190
L -4303.0000, 2183.0000, 0.0000,  -4268.0000, 2191.0000, 0.0000,  190, 190, 190
L -4333.0000, 2179.0000, 0.0000,  -4303.0000, 2183.0000, 0.0000,  190, 190, 190
L -4349.0000, 2188.0000, 0.0000,  -4333.0000, 2179.0000, 0.0000,  190, 190, 190
L -4370.0000, 2243.0000, 0.0000,  -4349.0000, 2188.0000, 0.0000,  190, 190, 190
L -4369.0000, 2259.0000, 0.0000,  -4370.0000, 2243.0000, 0.0000,  190, 190, 190
L -4362.0000, 2273.0000, 0.0000,  -4369.0000, 2259.0000, 0.0000,  190, 190, 190
L -4353.0000, 2285.0000, 0.0000,  -4362.0000, 2273.0000, 0.0000,  190, 190, 190
L -4321.0000, 2313.0000, 0.0000,  -4353.0000, 2285.0000, 0.0000,  190, 190, 190
L 4273.0000, 609.0000, 0.0000,  4522.0000, 473.0000, 0.0000,  190, 190, 190
L 4165.0000, 666.0000, 0.0000,  4273.0000, 609.0000, 0.0000,  190, 190, 190
L 4064.0000, 707.0000, 0.0000,  4165.0000, 666.0000, 0.0000,  190, 190, 190
L 3976.0000, 744.0000, 0.0000,  4064.0000, 707.0000, 0.0000,  190, 190, 190
L 3870.0000, 750.0000, 0.0000,  3976.0000, 744.0000, 0.0000,  190, 190, 190
L 3836.0000, 746.0000, 0.0000,  3870.0000, 750.0000, 0.0000,  190, 190, 190
L 3768.0000, 779.0000, 0.0000,  3836.0000, 746.0000, 0.0000,  190, 190, 190
L 3726.0000, 846.0000, 0.0000,  3768.0000, 779.0000, 0.0000,  190, 190, 190
L 3734.0000, 1248.0000, 0.0000,  3726.0000, 846.0000, 0.0000,  190, 190, 190
L 3734.0000, 1337.0000, 0.0000,  3734.0000, 1248.0000, 0.0000,  190, 190, 190
L 3722.0000, 1823.0000, 0.0000,  3734.0000, 1337.0000, 0.0000,  190, 190, 190
L 3714.0000, 1981.0000, 0.0000,  3722.0000, 1823.0000, 0.0000,  190, 190, 190
L 3714.0000, 2023.0000, 0.0000,  3714.0000, 1981.0000, 0.0000,  190, 190, 190
L 3688.0000, 2210.0000, 0.0000,  3714.0000, 2023.0000, 0.0000,  190, 190, 190
L 3688.0000, 2529.0000, 0.0000,  3688.0000, 2210.0000, 0.0000,  190, 190, 190
L 3698.0000, 2787.0000, 0.0000,  3688.0000, 2529.0000, 0.0000,  190, 190, 190
L 3692.0000, 2863.0000, 0.0000,  3698.0000, 2787.0000, 0.0000,  190, 190, 190
L 3695.0000, 2900.0000, 0.0000,  3692.0000, 2863.0000, 0.0000,  190, 190, 190
L 3688.0000, 3202.0000, 0.0000,  3695.0000, 2900.0000, 0.0000,  190, 190, 190
L 3685.0000, 3297.0000, 0.0000,  3688.0000, 3202.0000, 0.0000,  190, 190, 190
L 3641.0000, 3400.0000, 0.0000,  3685.0000, 3297.0000, 0.0000,  190, 190, 190
L 3605.0000, 3445.0000, 0.0000,  3641.0000, 3400.0000, 0.0000,  190, 190, 190
L 3548.0000, 3511.0000, 0.0000,  3605.0000, 3445.0000, 0.0000,  190, 190, 190
L 3525.0000, 3546.0000, 0.0000,  3548.0000, 3511.0000, 0.0000,  190, 190, 190
L 3516.0000, 3559.0000, 0.0000,  3525.0000, 3546.0000, 0.0000,  190, 190, 190
L 3507.0000, 3573.0000, 0.0000,  3516.0000, 3559.0000, 0.0000,  190, 190, 190
L 3455.0000, 3663.0000, 0.0000,  3507.0000, 3573.0000, 0.0000,  190, 190, 190
L 3443.0000, 3670.0000, 0.0000,  3455.0000, 3663.0000, 0.0000,  190, 190, 190
L 3349.0000, 3710.0000, 0.0000,  3443.0000, 3670.0000, 0.0000,  190, 190, 190
L 3178.0000, 3725.0000, 0.0000,  3349.0000, 3710.0000, 0.0000,  190, 190, 190
L 3151.0000, 3725.0000, 0.0000,  3178.0000, 3725.0000, 0.0000,  190, 190, 190
L 3122.0000, 3726.0000, 0.0000,  3151.0000, 3725.0000, 0.0000,  190, 190, 190
L 3102.0000, 3716.0000, 0.0000,  3122.0000, 3726.0000, 0.0000,  190, 190, 190
L 3067.0000, 3677.0000, 0.0000,  3102.0000, 3716.0000, 0.0000,  190, 190, 190
L 3037.0000, 3634.0000, 0.0000,  3067.0000, 3677.0000, 0.0000,  190, 190, 190
L 3033.0000, 3604.0000, 0.0000,  3037.0000, 3634.0000, 0.0000,  190, 190, 190
L 3033.0000, 3547.0000, 0.0000,  3033.0000, 3604.0000, 0.0000,  190, 190, 190
L 3017.0000, 3509.0000, 0.0000,  3033.0000, 3547.0000, 0.0000,  190, 190, 190
L 3007.0000, 3482.0000, 0.0000,  3017.0000, 3509.0000, 0.0000,  190, 190, 190
L 3007.0000, 3454.0000, 0.0000,  3007.0000, 3482.0000, 0.0000,  190, 190, 190
L 2940.0000, 3441.0000, 0.0000,  3007.0000, 3454.0000, 0.0000,  190, 190, 190
L 2924.0000, 3441.0000, 0.0000,  2940.0000, 3441.0000, 0.0000,  190, 190, 190
L 2892.0000, 3442.0000, 0.0000,  2924.0000, 3441.0000, 0.0000,  190, 190, 190
L 2841.0000, 3499.0000, 0.0000,  2892.0000, 3442.0000, 0.0000,  190, 190, 190
L 2823.0000, 3656.0000, 0.0000,  2841.0000, 3499.0000, 0.0000,  190, 190, 190
L 2808.0000, 3683.0000, 0.0000,  2823.0000, 3656.0000, 0.0000,  190, 190, 190
L 2768.0000, 3709.0000, 0.0000,  2808.0000, 3683.0000, 0.0000,  190, 190, 190
L 2721.0000, 3727.0000, 0.0000,  2768.0000, 3709.0000, 0.0000,  190, 190, 190
L 2669.0000, 3730.0000, 0.0000,  2721.0000, 3727.0000, 0.0000,  190, 190, 190
L 2519.0000, 3731.0000, 0.0000,  2669.0000, 3730.0000, 0.0000,  190, 190, 190
L 2471.0000, 3732.0000, 0.0000,  2519.0000, 3731.0000, 0.0000,  190, 190, 190
L 2423.0000, 3732.0000, 0.0000,  2471.0000, 3732.0000, 0.0000,  190, 190, 190
L 2375.0000, 3733.0000, 0.0000,  2423.0000, 3732.0000, 0.0000,  190, 190, 190
L 2091.0000, 3735.0000, 0.0000,  2375.0000, 3733.0000, 0.0000,  190, 190, 190
L 1716.0000, 3741.0000, 0.0000,  2091.0000, 3735.0000, 0.0000,  190, 190, 190
L 1684.0000, 3741.0000, 0.0000,  1716.0000, 3741.0000, 0.0000,  190, 190, 190
L 1660.0000, 3742.0000, 0.0000,  1684.0000, 3741.0000, 0.0000,  190, 190, 190
L 1617.0000, 3741.0000, 0.0000,  1660.0000, 3742.0000, 0.0000,  190, 190, 190
L 1581.0000, 3737.0000, 0.0000,  1617.0000, 3741.0000, 0.0000,  190, 190, 190
L 1544.0000, 3738.0000, 0.0000,  1581.0000, 3737.0000, 0.0000,  190, 190, 190
L 1532.0000, 3737.0000, 0.0000,  1544.0000, 3738.0000, 0.0000,  190, 190, 190
L 1292.0000, 3747.0000, 0.0000,  1313.0000, 3747.0000, 0.0000,  190, 190, 190
L 1200.0000, 3749.0000, 0.0000,  1292.0000, 3747.0000, 0.0000,  190, 190, 190
L 1151.0000, 3749.0000, 0.0000,  1200.0000, 3749.0000, 0.0000,  190, 190, 190
L 1061.0000, 3751.0000, 0.0000,  1151.0000, 3749.0000, 0.0000,  190, 190, 190
L 1013.0000, 3751.0000, 0.0000,  1061.0000, 3751.0000, 0.0000,  190, 190, 190
L 976.0000, 3752.0000, 0.0000,  1013.0000, 3751.0000, 0.0000,  190, 190, 190
L 948.0000, 3752.0000, 0.0000,  976.0000, 3752.0000, 0.0000,  190, 190, 190
L 920.0000, 3753.0000, 0.0000,  948.0000, 3752.0000, 0.0000,  190, 190, 190
L 876.0000, 3740.0000, 0.0000,  920.0000, 3753.0000, 0.0000,  190, 190, 190
L 826.0000, 3727.0000, 0.0000,  876.0000, 3740.0000, 0.0000,  190, 190, 190
L 807.0000, 3721.0000, 0.0000,  826.0000, 3727.0000, 0.0000,  190, 190, 190
L 792.0000, 3717.0000, 0.0000,  807.0000, 3721.0000, 0.0000,  190, 190, 190
L 776.0000, 3715.0000, 0.0000,  792.0000, 3717.0000, 0.0000,  190, 190, 190
L 759.0000, 3716.0000, 0.0000,  776.0000, 3715.0000, 0.0000,  190, 190, 190
L 743.0000, 3719.0000, 0.0000,  759.0000, 3716.0000, 0.0000,  190, 190, 190
L 702.0000, 3740.0000, 0.0000,  743.0000, 3719.0000, 0.0000,  190, 190, 190
L 677.0000, 3752.0000, 0.0000,  702.0000, 3740.0000, 0.0000,  190, 190, 190
L 665.0000, 3756.0000, 0.0000,  677.0000, 3752.0000, 0.0000,  190, 190, 190
L 649.0000, 3757.0000, 0.0000,  665.0000, 3756.0000, 0.0000,  190, 190, 190
L 616.0000, 3757.0000, 0.0000,  649.0000, 3757.0000, 0.0000,  190, 190, 190
L 536.0000, 3759.0000, 0.0000,  616.0000, 3757.0000, 0.0000,  190, 190, 190
L 496.0000, 3759.0000, 0.0000,  536.0000, 3759.0000, 0.0000,  190, 190, 190
L 404.0000, 3761.0000, 0.0000,  496.0000, 3759.0000, 0.0000,  190, 190, 190
L 354.0000, 3761.0000, 0.0000,  404.0000, 3761.0000, 0.0000,  190, 190, 190
L 261.0000, 3763.0000, 0.0000,  354.0000, 3761.0000, 0.0000,  190, 190, 190
L 222.0000, 3763.0000, 0.0000,  261.0000, 3763.0000, 0.0000,  190, 190, 190
L 208.0000, 3764.0000, 0.0000,  222.0000, 3763.0000, 0.0000,  190, 190, 190
L -156.0000, 3764.0000, 0.0000,  208.0000, 3764.0000, 0.0000,  190, 190, 190
L -200.0000, 3763.0000, 0.0000,  -156.0000, 3764.0000, 0.0000,  190, 190, 190
L -247.0000, 3748.0000, 0.0000,  -200.0000, 3763.0000, 0.0000,  190, 190, 190
L -293.0000, 3732.0000, 0.0000,  -247.0000, 3748.0000, 0.0000,  190, 190, 190
L -386.0000, 3702.0000, 0.0000,  -293.0000, 3732.0000, 0.0000,  190, 190, 190
L -400.0000, 3696.0000, 0.0000,  -386.0000, 3702.0000, 0.0000,  190, 190, 190
L -415.0000, 3692.0000, 0.0000,  -400.0000, 3696.0000, 0.0000,  190, 190, 190
L -469.0000, 3697.0000, 0.0000,  -415.0000, 3692.0000, 0.0000,  190, 190, 190
L -484.0000, 3699.0000, 0.0000,  -469.0000, 3697.0000, 0.0000,  190, 190, 190
L -521.0000, 3714.0000, 0.0000,  -484.0000, 3699.0000, 0.0000,  190, 190, 190
L -564.0000, 3722.0000, 0.0000,  -521.0000, 3714.0000, 0.0000,  190, 190, 190
L -586.0000, 3724.0000, 0.0000,  -564.0000, 3722.0000, 0.0000,  190, 190, 190
L -602.0000, 3726.0000, 0.0000,  -586.0000, 3724.0000, 0.0000,  190, 190, 190
L -624.0000, 3728.0000, 0.0000,  -602.0000, 3726.0000, 0.0000,  190, 190, 190
L -642.0000, 3727.0000, 0.0000,  -624.0000, 3728.0000, 0.0000,  190, 190, 190
L -658.0000, 3723.0000, 0.0000,  -642.0000, 3727.0000, 0.0000,  190, 190, 190
L -717.0000, 3703.0000, 0.0000,  -658.0000, 3723.0000, 0.0000,  190, 190, 190
L -740.0000, 3696.0000, 0.0000,  -717.0000, 3703.0000, 0.0000,  190, 190, 190
L -786.0000, 3684.0000, 0.0000,  -740.0000, 3696.0000, 0.0000,  190, 190, 190
L -830.0000, 3669.0000, 0.0000,  -786.0000, 3684.0000, 0.0000,  190, 190, 190
L -859.0000, 3658.0000, 0.0000,  -830.0000, 3669.0000, 0.0000,  190, 190, 190
L -1057.0000, 3571.0000, 0.0000,  -859.0000, 3658.0000, 0.0000,  190, 190, 190
L -1068.0000, 3585.0000, 0.0000,  -1057.0000, 3571.0000, 0.0000,  190, 190, 190
L -1077.0000, 3599.0000, 0.0000,  -1068.0000, 3585.0000, 0.0000,  190, 190, 190
L -1091.0000, 3640.0000, 0.0000,  -1077.0000, 3599.0000, 0.0000,  190, 190, 190
L -1092.0000, 3650.0000, 0.0000,  -1091.0000, 3640.0000, 0.0000,  190, 190, 190
L -1091.0000, 3666.0000, 0.0000,  -1092.0000, 3650.0000, 0.0000,  190, 190, 190
L -1088.0000, 3688.0000, 0.0000,  -1091.0000, 3666.0000, 0.0000,  190, 190, 190
L -1087.0000, 3703.0000, 0.0000,  -1088.0000, 3688.0000, 0.0000,  190, 190, 190
L -1090.0000, 3718.0000, 0.0000,  -1087.0000, 3703.0000, 0.0000,  190, 190, 190
L -1096.0000, 3732.0000, 0.0000,  -1090.0000, 3718.0000, 0.0000,  190, 190, 190
L -1107.0000, 3743.0000, 0.0000,  -1096.0000, 3732.0000, 0.0000,  190, 190, 190
L -1122.0000, 3752.0000, 0.0000,  -1107.0000, 3743.0000, 0.0000,  190, 190, 190
L -1137.0000, 3757.0000, 0.0000,  -1122.0000, 3752.0000, 0.0000,  190, 190, 190
L -1202.0000, 3764.0000, 0.0000,  -1137.0000, 3757.0000, 0.0000,  190, 190, 190
L -1254.0000, 3764.0000, 0.0000,  -1202.0000, 3764.0000, 0.0000,  190, 190, 190
L -1299.0000, 3763.0000, 0.0000,  -1254.0000, 3764.0000, 0.0000,  190, 190, 190
L -1384.0000, 3763.0000, 0.0000,  -1299.0000, 3763.0000, 0.0000,  190, 190, 190
L -1432.0000, 3764.0000, 0.0000,  -1384.0000, 3763.0000, 0.0000,  190, 190, 190
L -2706.0000, 3764.0000, 0.0000,  -1432.0000, 3764.0000, 0.0000,  190, 190, 190
L -2793.0000, 3757.0000, 0.0000,  -2706.0000, 3764.0000, 0.0000,  190, 190, 190
L -2830.0000, 3741.0000, 0.0000,  -2793.0000, 3757.0000, 0.0000,  190, 190, 190
L -2903.0000, 3646.0000, 0.0000,  -2830.0000, 3741.0000, 0.0000,  190, 190, 190
L -2938.0000, 3643.0000, 0.0000,  -2903.0000, 3646.0000, 0.0000,  190, 190, 190
L -3054.0000, 3599.0000, 0.0000,  -2938.0000, 3643.0000, 0.0000,  190, 190, 190
L -3180.0000, 3636.0000, 0.0000,  -3054.0000, 3599.0000, 0.0000,  190, 190, 190
L -3309.0000, 3630.0000, 0.0000,  -3180.0000, 3636.0000, 0.0000,  190, 190, 190
L -3434.0000, 3598.0000, 0.0000,  -3309.0000, 3630.0000, 0.0000,  190, 190, 190
L -3515.0000, 3556.0000, 0.0000,  -3434.0000, 3598.0000, 0.0000,  190, 190, 190
L -3553.0000, 3523.0000, 0.0000,  -3515.0000, 3556.0000, 0.0000,  190, 190, 190
L -3607.0000, 3418.0000, 0.0000,  -3553.0000, 3523.0000, 0.0000,  190, 190, 190
L -3619.0000, 3383.0000, 0.0000,  -3607.0000, 3418.0000, 0.0000,  190, 190, 190
L -3615.0000, 3224.0000, 0.0000,  -3619.0000, 3383.0000, 0.0000,  190, 190, 190
L -3638.0000, 3156.0000, 0.0000,  -3615.0000, 3224.0000, 0.0000,  190, 190, 190
L -3658.0000, 3129.0000, 0.0000,  -3638.0000, 3156.0000, 0.0000,  190, 190, 190
L -3720.0000, 3050.0000, 0.0000,  -3658.0000, 3129.0000, 0.0000,  190, 190, 190
L -3741.0000, 3015.0000, 0.0000,  -3720.0000, 3050.0000, 0.0000,  190, 190, 190
L -3745.0000, 2917.0000, 0.0000,  -3741.0000, 3015.0000, 0.0000,  190, 190, 190
L -3744.0000, 2869.0000, 0.0000,  -3745.0000, 2917.0000, 0.0000,  190, 190, 190
L -3744.0000, 2835.0000, 0.0000,  -3744.0000, 2869.0000, 0.0000,  190, 190, 190
L -3737.0000, 2772.0000, 0.0000,  -3744.0000, 2835.0000, 0.0000,  190, 190, 190
L -3739.0000, 2681.0000, 0.0000,  -3737.0000, 2772.0000, 0.0000,  190, 190, 190
L -3738.0000, 2667.0000, 0.0000,  -3739.0000, 2681.0000, 0.0000,  190, 190, 190
L -1230.0000, -5935.0000, 4615.0000,  -1238.0000, -5972.0000, 4434.0000,  190, 190, 190
L -1188.0000, -5748.0000, 5386.0000,  -1230.0000, -5935.0000, 4615.0000,  190, 190, 190
L -1171.0000, -5078.0000, 5053.0000,  -1188.0000, -5748.0000, 5386.0000,  190, 190, 190
L -1171.0000, -5073.0000, 5052.0000,  -1171.0000, -5078.0000, 5053.0000,  190, 190, 190
L -1199.0000, -4141.0000, 5070.0000,  -1171.0000, -5073.0000, 5052.0000,  190, 190, 190
L -1045.0000, -3854.0000, 4972.0000,  -1199.0000, -4141.0000, 5070.0000,  190, 190, 190
L -829.0000, -3845.0000, 5380.0000,  -1045.0000, -3854.0000, 4972.0000,  190, 190, 190
L 983.0000, -3713.0000, 2780.0000,  -829.0000, -3845.0000, 5380.0000,  190, 190, 190
L 2949.0000, -3758.0000, 4255.0000,  983.0000, -3713.0000, 2780.0000,  190, 190, 190
L 3022.0000, -3760.0000, 4066.0000,  2949.0000, -3758.0000, 4255.0000,  190, 190, 190
L 3163.0000, -3760.0000, 3857.0000,  3022.0000, -3760.0000, 4066.0000,  190, 190, 190
L 3652.0000, -3760.0000, 7634.0000,  3163.0000, -3760.0000, 3857.0000,  190, 190, 190
L 3733.0000, -3313.0000, 6250.0000,  3652.0000, -3760.0000, 7634.0000,  190, 190, 190
L 3730.0000, 165.0000, 348.0000,  3733.0000, -3313.0000, 6250.0000,  190, 190, 190
L 3810.0000, 389.0000, 965.0000,  3730.0000, 165.0000, 348.0000,  190, 190, 190
L 4613.0000, 268.0000, 1570.0000,  3810.0000, 389.0000, 965.0000,  190, 190, 190
