P 60.0000, -1081.0000, 201.0000,  0, 0, 0,  1,  cave_enterance
P 840.0000, 900.0000, 94.0000,  255, 0, 0,  2,  Adeenas_(Quests)
P -2749.0000, -228.0000, 337.0000,  0, 0, 0,  2,  Tingle_Trodwonder
P -2319.0000, -1429.0000, 425.0000,  255, 0, 0,  2,  Autoros_(Quests)
P -2010.0000, 420.0000, 426.0000,  255, 0, 0,  2,  Eulyris
P -1182.0000, 795.0000, 229.0000,  255, 0, 0,  2,  Excrug_Shrivstem_(Quests)
P -672.0000, -1316.0000, 249.0000,  255, 0, 0,  2,  Deagus_the_Fungrotect_(Quests)
P 901.0000, -62.0000, 253.0000,  255, 0, 0,  2,  Olgar_Grubcap's_Corpse
P -37.0000, 474.0000, 139.0000,  255, 0, 0,  2,  Spornus_Cloverfoot's_Corse
P 652.0000, -1421.0000, 245.0000,  255, 0, 0,  2,  Giltredle_(Quests)
P -2663.0000, -264.0000, 338.0000,  255, 0, 0,  2,  Orgus_Shrivstem_(Quests)
P -1322.0000, 22.0000, 271.0000,  0, 0, 0,  2,  a_trainee_squad_leader
P -2761.0000, -234.0000, 337.0000,  0, 240, 0,  3,  Pellucid_Grotto
P -518.0000, -1017.0000, 230.0000,  255, 100, 0,  2,  Deaths_Hand(roamer)
P 66.0000, -678.0000, 200.0000,  255, 100, 0,  2,  Ring
P 552.0000, 564.0000, -7.0000,  0, 0, 127,  2,  gigyn_mushroom_ring
P 1694.0000, -5.0000, 314.0000,  255, 100, 0,  2,  Sporeflame
P 2123.0000, 840.0000, 279.0000,  0, 0, 127,  2,  Nightruff_Grubcap(captive)
P 2071.0000, 848.0000, 279.0000,  0, 0, 127,  2,  Gelnus_Fernshade(captive)
P 2101.0000, 873.0000, 277.0000,  0, 0, 127,  2,  Orath_Torusbloom(captive)
P 2204.0000, -608.0000, 230.0000,  0, 0, 0,  2,  Herman_Simple
P 2208.0000, -616.0000, 230.0000,  0, 240, 0,  3,  Arthicrex
P 1163.0000, -534.0000, 192.0000,  127, 64, 0,  1,  Hidden_Cave_Entrance
P 905.0000, -661.0000, 219.0000,  0, 0, 0,  1,  Cave_Entrance
P 1607.0000, -651.0000, 214.0000,  0, 0, 0,  1,  Cave_Entrance
P 1800.0000, -711.0000, 228.0000,  0, 0, 0,  1,  Cliknar_Farms
P 1309.0000, -954.0000, 234.0000,  0, 0, 0,  1,  Cave_Entrance
P 824.0000, -285.0000, 200.0000,  0, 0, 0,  1,  Cave_Entrance
