P -10.0000, 20.0000, 0.0000,  255, 255, 255,  2,  Succor_Point
P 372.0000, -523.0000, 0.0000,  255, 255, 255,  2,  Druid_Ring
P -83.0000, 478.0000, 0.0000,  255, 255, 255,  2,  Fier`Dal_Forge
P 459.0000, 2040.0000, 0.0000,  255, 255, 255,  2,  Wizard_Spires
P -236.0000, -138.0000, 0.0000,  255, 255, 255,  2,  PoD_Lift
P -223.0000, -986.0000, 0.0000,  255, 255, 255,  2,  Orc_Lift
P -557.5120, -1519.7280, 23.1740,  240, 0, 0,  2,  Faelin_PH_Spot
P 52.0000, -2596.0000, 0.0000,  0, 240, 0,  2,  to_Crushbone
P 553.0000, 176.0000, 0.0000,  0, 0, 0,  2,  Kiln
P -64.0000, 251.0000, 0.0000,  0, 0, 0,  2,  Forge
P -211.0000, 519.0000, 0.0000,  0, 0, 0,  2,  Brew_Barrel
P -136.0000, 188.0000, 0.0000,  0, 0, 0,  2,  Niwiny_(Smith)
P -522.0000, 459.0000, 0.0000,  0, 0, 0,  2,  Ranger_Guild
P -264.0000, -318.0000, 0.0000,  0, 0, 0,  2,  Warrior_Guild
P -245.0000, -411.0000, 0.0000,  0, 0, 0,  2,  Kweili_(Jeweller)
P -271.0000, 85.0000, 0.0000,  0, 0, 0,  2,  Tilluen_(Merchant)
P -338.0000, -428.0000, 0.0000,  0, 0, 0,  2,  Weaolanae_(Merchant)
P -89.0000, 270.0000, 0.0000,  0, 0, 0,  2,  Winerasea_(Merchant)
P -387.0000, 676.0000, 0.0000,  0, 0, 0,  2,  Minamas_(Merchant)
P -364.0000, 643.0000, 0.0000,  0, 0, 0,  2,  Gerienae_(Merchant)
P -373.0000, -420.0000, 0.0000,  0, 0, 0,  2,  Legweien_(Potter)
P -306.0000, -940.0000, 0.0000,  0, 0, 0,  2,  Larya_(Merchant)
P 611.0000, 360.0000, 0.0000,  0, 0, 0,  2,  Tiladinya_(Fletcher)
P 157.0000, 553.0000, 0.0000,  0, 0, 0,  2,  Rogue_Guild
P 558.0000, 564.0000, 0.0000,  0, 0, 0,  2,  Sissya_(Bar)
P -805.0000, -123.0000, 0.0000,  0, 0, 0,  2,  Lysslan_(Bar)
P -822.0000, -132.0000, 0.0000,  0, 0, 0,  2,  Tuviena_(Bar)
P -542.0000, -322.0000, 0.0000,  0, 0, 0,  2,  Manlawen_(Bar)
P 149.0000, 29.0000, 0.0000,  0, 0, 0,  2,  Iludarae_(Merchant)
P -334.0000, -155.0000, 0.0000,  0, 0, 0,  2,  Kwein_(Merchant)
P -23.0000, 504.0000, 0.0000,  0, 0, 0,  2,  Tinolwenya_(Merchant)
P -627.0000, -389.0000, 0.0000,  0, 0, 0,  2,  Tananie_(Merchant)
P -56.0000, -743.0000, 0.0000,  0, 0, 0,  2,  Tegdian_(Merchant)
P -51.0000, 480.0000, 0.0000,  0, 0, 0,  2,  Ainaiana_(Merchant)
P -345.0000, -110.0000, 0.0000,  0, 0, 0,  2,  Linolyen_(Smith)
P 565.0000, 107.0000, 0.0000,  0, 0, 0,  2,  Nluolian_(Smith)
P 545.0000, 142.0000, 0.0000,  0, 0, 0,  2,  Linadian_(Tailor)
P 131.0000, 114.0000, 0.0000,  0, 0, 0,  2,  Gaeadin_(Tailor)
P 211.0000, 481.0000, 0.0000,  0, 0, 0,  2,  Gililya_(Merchant)
P -241.0000, -311.0000, 0.0000,  0, 0, 0,  2,  Muvien_(Merchant)
P 451.0000, 2018.0000, 0.0000,  0, 0, 0,  2,  Nexus_Scion
P -296.0000, 283.0000, 0.0000,  0, 0, 0,  2,  Bard_Guild
P 550.0000, 537.0000, 0.0000,  0, 0, 0,  2,  Hendricks_(Spells)
P 1820.4690, 2258.8369, 5.8020,  0, 240, 0,  3,  Knowledge_Portal
P 2589.0601, 1976.1200, 20.4070,  0, 240, 0,  3,  to_Felwithe
P 548.3800, 197.9260, 157.9700,  0, 0, 0,  3,  Pottery_Wheel
P -343.5630, -399.7210, 157.9700,  0, 0, 0,  3,  Oven
P -329.0000, -414.0000, 73.9700,  0, 0, 0,  3,  Lanin_(Fletcher)
P -51.0000, 272.0000, 114.4070,  0, 0, 0,  3,  Kaeluase_(Merchant)
P -601.0000, 85.0000, 114.4070,  0, 0, 0,  3,  Ueaas_(Merchant)
P -542.0000, -617.0000, 157.9700,  0, 0, 0,  3,  Laedar_(Jeweller)
P 133.0000, 496.0000, 73.8760,  0, 0, 0,  3,  Aildien_(Merchant)
P -224.0000, 94.0000, 73.9700,  0, 0, 0,  3,  Aluuvila_(Merchant)
P 519.0000, 409.0000, 157.9700,  0, 0, 0,  3,  Sylnis_(Fletcher)
P -357.0000, -750.0000, 73.9700,  0, 0, 0,  3,  Kanoldar_(Merchant)
P -464.0000, -414.0000, 73.9700,  0, 0, 0,  3,  Neaien_(Fletcher)
P 435.0000, 247.0000, 114.4070,  0, 0, 0,  3,  Anisyla_(Merchant)
P -141.0000, 337.0000, 114.3760,  0, 0, 0,  3,  Wuleran_(Merchant)
P -459.0000, -726.0000, 72.9390,  0, 0, 0,  3,  Linen_(Merchant)
P 550.0000, 515.0000, 157.9070,  0, 0, 0,  3,  Tvanla_(Bar)
P -690.0000, -601.0000, 157.9700,  0, 0, 0,  3,  Aanlawen_(Bar)
P -677.0000, -394.0000, 114.4070,  0, 0, 0,  3,  Myrisa_(Bar)
P -93.0000, -881.0000, 73.9700,  0, 0, 0,  3,  Syntan_(Bar)
P -520.0000, -286.0000, 73.9390,  0, 0, 0,  3,  Uulianu_(Bar)
P -614.0000, -251.0000, 73.9700,  0, 0, 0,  3,  Aianya_(Merchant)
P -118.0000, 22.0000, 73.9700,  0, 0, 0,  3,  Uaylain_(Smith)
P -205.0000, -867.0000, 73.9700,  0, 0, 0,  3,  Nildar_(Potter)
P 116.0000, 336.0000, 73.9700,  0, 0, 0,  3,  Aluwenae_(Tailor)
P -718.0000, 195.0000, 114.4070,  0, 0, 0,  3,  Willaen_(Bank)
P -466.0000, 427.0000, 114.4070,  0, 0, 0,  3,  Tuluvdar_(Merchant)
P 382.0000, 348.0000, 114.4070,  0, 0, 0,  3,  Oakstout_(Soulbinder)
P -223.6670, 700.4330, 73.9390,  0, 0, 0,  3,  Druid_Guild
P -214.0000, -203.0000, -3.3070,  0, 0, 0,  3,  Priest_of_Discord
P 1111.2889, 2620.9419, 0.0010,  0, 240, 0,  3,  to_Lesser_Faydark
P -2657.4241, 1641.3790, 0.0010,  0, 240, 0,  3,  to_Butcherblock
