L -56.0000, 122.0000, 0.0000,  -56.0000, 93.0000, 0.0000,  153, 153, 153
L -56.0000, 93.0000, 0.0000,  -7.0000, 91.0000, 0.0000,  153, 153, 153
L -7.0000, 91.0000, 0.0000,  -6.0000, 39.0000, 0.0000,  153, 153, 153
L -6.0000, 39.0000, 0.0000,  -17.0000, -12.0000, 0.0000,  153, 153, 153
L -17.0000, -12.0000, 0.0000,  -58.0000, -43.0000, 0.0000,  153, 153, 153
L -58.0000, -43.0000, 0.0000,  -56.0000, -60.0000, 0.0000,  153, 153, 153
L -56.0000, -60.0000, 0.0000,  -56.0000, -69.0000, 0.0000,  153, 153, 153
L -56.0000, -69.0000, 0.0000,  -59.0000, -74.0000, 0.0000,  153, 153, 153
L -59.0000, -74.0000, 0.0000,  -81.0000, -54.0000, 0.0000,  153, 153, 153
L -81.0000, -54.0000, 0.0000,  -88.0000, -54.0000, 0.0000,  153, 153, 153
L -88.0000, -54.0000, 0.0000,  -96.0000, -70.0000, 0.0000,  153, 153, 153
L -96.0000, -70.0000, 0.0000,  -87.0000, -79.0000, 0.0000,  153, 153, 153
L -87.0000, -79.0000, 0.0000,  -69.0000, -87.0000, 0.0000,  153, 153, 153
L -69.0000, -87.0000, 0.0000,  -58.0000, -97.0000, 0.0000,  153, 153, 153
L -58.0000, -97.0000, 0.0000,  -38.0000, -107.0000, 0.0000,  153, 153, 153
L -38.0000, -107.0000, 0.0000,  -27.0000, -127.0000, 0.0000,  153, 153, 153
L -27.0000, -127.0000, 0.0000,  5.0000, -136.0000, 0.0000,  153, 153, 153
L 5.0000, -136.0000, 0.0000,  31.0000, -157.0000, 0.0000,  153, 153, 153
L 31.0000, -157.0000, 0.0000,  53.0000, -172.0000, 0.0000,  153, 153, 153
L 53.0000, -172.0000, 0.0000,  51.0000, -203.0000, 0.0000,  153, 153, 153
L 51.0000, -203.0000, 0.0000,  19.0000, -234.0000, 0.0000,  153, 153, 153
L 19.0000, -234.0000, 0.0000,  3.0000, -242.0000, 0.0000,  153, 153, 153
L 3.0000, -242.0000, 0.0000,  3.0000, -262.0000, 0.0000,  153, 153, 153
L 3.0000, -262.0000, 0.0000,  30.0000, -264.0000, 0.0000,  153, 153, 153
L 30.0000, -264.0000, 0.0000,  30.0000, -273.0000, 0.0000,  153, 153, 153
L 30.0000, -273.0000, 0.0000,  -40.0000, -273.0000, 0.0000,  153, 153, 153
L -40.0000, -273.0000, 0.0000,  -65.0000, -247.0000, 0.0000,  153, 153, 153
L -65.0000, -247.0000, 0.0000,  -74.0000, -225.0000, 0.0000,  153, 153, 153
L -74.0000, -225.0000, 0.0000,  -74.0000, -211.0000, 0.0000,  153, 153, 153
L -74.0000, -211.0000, 0.0000,  -97.0000, -191.0000, 0.0000,  153, 153, 153
L -97.0000, -191.0000, 0.0000,  -115.0000, -182.0000, 0.0000,  153, 153, 153
L -115.0000, -182.0000, 0.0000,  -126.0000, -174.0000, 0.0000,  153, 153, 153
L -126.0000, -174.0000, 0.0000,  -144.0000, -174.0000, 0.0000,  153, 153, 153
L -144.0000, -174.0000, 0.0000,  -180.0000, -211.0000, 0.0000,  153, 153, 153
L -180.0000, -211.0000, 0.0000,  -179.0000, -232.0000, 0.0000,  153, 153, 153
L -179.0000, -232.0000, 0.0000,  -153.0000, -259.0000, 0.0000,  153, 153, 153
L -153.0000, -259.0000, 0.0000,  -119.0000, -262.0000, 0.0000,  153, 153, 153
L -119.0000, -262.0000, 0.0000,  -94.0000, -248.0000, 0.0000,  153, 153, 153
L -94.0000, -248.0000, 0.0000,  -79.0000, -247.0000, 0.0000,  153, 153, 153
L -79.0000, -247.0000, 0.0000,  -75.0000, -258.0000, 0.0000,  153, 153, 153
L -75.0000, -258.0000, 0.0000,  -59.0000, -266.0000, 0.0000,  153, 153, 153
L -59.0000, -266.0000, 0.0000,  -41.0000, -284.0000, 0.0000,  153, 153, 153
L -41.0000, -284.0000, 0.0000,  -26.0000, -286.0000, 0.0000,  153, 153, 153
L -26.0000, -286.0000, 0.0000,  30.0000, -287.0000, 0.0000,  153, 153, 153
L 30.0000, -287.0000, 0.0000,  32.0000, -297.0000, 0.0000,  153, 153, 153
L 32.0000, -297.0000, 0.0000,  5.0000, -297.0000, 0.0000,  153, 153, 153
L 5.0000, -297.0000, 0.0000,  21.0000, -316.0000, 0.0000,  153, 153, 153
L 21.0000, -316.0000, 0.0000,  23.0000, -332.0000, 0.0000,  153, 153, 153
L 23.0000, -332.0000, 0.0000,  37.0000, -322.0000, 0.0000,  153, 153, 153
L 37.0000, -322.0000, 0.0000,  55.0000, -338.0000, 0.0000,  153, 153, 153
L 55.0000, -338.0000, 0.0000,  50.0000, -355.0000, 0.0000,  153, 153, 153
L 50.0000, -355.0000, 0.0000,  72.0000, -397.0000, 0.0000,  153, 153, 153
L 72.0000, -397.0000, 0.0000,  73.0000, -419.0000, 0.0000,  153, 153, 153
L 73.0000, -419.0000, 0.0000,  82.0000, -427.0000, 0.0000,  153, 153, 153
L 82.0000, -427.0000, 0.0000,  92.0000, -447.0000, 0.0000,  153, 153, 153
L 92.0000, -447.0000, 0.0000,  131.0000, -467.0000, 0.0000,  153, 153, 153
L 131.0000, -467.0000, 0.0000,  171.0000, -507.0000, 0.0000,  153, 153, 153
L 171.0000, -507.0000, 0.0000,  203.0000, -579.0000, 0.0000,  153, 153, 153
L 203.0000, -579.0000, 0.0000,  212.0000, -589.0000, 0.0000,  153, 153, 153
L 212.0000, -589.0000, 0.0000,  213.0000, -620.0000, 0.0000,  153, 153, 153
L 213.0000, -620.0000, 0.0000,  242.0000, -667.0000, 0.0000,  153, 153, 153
L 242.0000, -667.0000, 0.0000,  262.0000, -676.0000, 0.0000,  153, 153, 153
L 262.0000, -676.0000, 0.0000,  299.0000, -676.0000, 0.0000,  153, 153, 153
L 299.0000, -676.0000, 0.0000,  328.0000, -686.0000, 0.0000,  153, 153, 153
L 328.0000, -686.0000, 0.0000,  333.0000, -709.0000, 0.0000,  153, 153, 153
L 333.0000, -709.0000, 0.0000,  357.0000, -730.0000, 0.0000,  153, 153, 153
L 357.0000, -730.0000, 0.0000,  368.0000, -735.0000, 0.0000,  153, 153, 153
L 368.0000, -735.0000, 0.0000,  375.0000, -727.0000, 0.0000,  153, 153, 153
L 375.0000, -727.0000, 0.0000,  373.0000, -705.0000, 0.0000,  153, 153, 153
L 373.0000, -705.0000, 0.0000,  366.0000, -693.0000, 0.0000,  153, 153, 153
L 366.0000, -693.0000, 0.0000,  379.0000, -682.0000, 0.0000,  153, 153, 153
L 379.0000, -682.0000, 0.0000,  445.0000, -686.0000, 0.0000,  153, 153, 153
L 445.0000, -686.0000, 0.0000,  458.0000, -680.0000, 0.0000,  153, 153, 153
L 458.0000, -680.0000, 0.0000,  520.0000, -680.0000, 0.0000,  153, 153, 153
L 520.0000, -680.0000, 0.0000,  549.0000, -696.0000, 0.0000,  153, 153, 153
L 549.0000, -696.0000, 0.0000,  591.0000, -696.0000, 0.0000,  153, 153, 153
L 591.0000, -696.0000, 0.0000,  596.0000, -686.0000, 0.0000,  153, 153, 153
L 596.0000, -686.0000, 0.0000,  628.0000, -685.0000, 0.0000,  153, 153, 153
L 628.0000, -685.0000, 0.0000,  641.0000, -672.0000, 0.0000,  153, 153, 153
L 641.0000, -672.0000, 0.0000,  645.0000, -661.0000, 0.0000,  153, 153, 153
L 645.0000, -661.0000, 0.0000,  647.0000, -646.0000, 0.0000,  153, 153, 153
L 647.0000, -646.0000, 0.0000,  655.0000, -629.0000, 0.0000,  153, 153, 153
L 655.0000, -629.0000, 0.0000,  655.0000, -595.0000, 0.0000,  153, 153, 153
L 655.0000, -595.0000, 0.0000,  663.0000, -580.0000, 0.0000,  153, 153, 153
L 663.0000, -580.0000, 0.0000,  710.0000, -583.0000, 0.0000,  153, 153, 153
L 710.0000, -583.0000, 0.0000,  723.0000, -576.0000, 0.0000,  153, 153, 153
L 723.0000, -576.0000, 0.0000,  723.0000, -542.0000, 0.0000,  153, 153, 153
L 723.0000, -542.0000, 0.0000,  758.0000, -506.0000, 0.0000,  153, 153, 153
L 758.0000, -506.0000, 0.0000,  822.0000, -507.0000, 0.0000,  153, 153, 153
L 822.0000, -507.0000, 0.0000,  837.0000, -529.0000, 0.0000,  153, 153, 153
L 837.0000, -529.0000, 0.0000,  838.0000, -508.0000, 0.0000,  153, 153, 153
L 838.0000, -508.0000, 0.0000,  880.0000, -511.0000, 0.0000,  153, 153, 153
L 880.0000, -511.0000, 0.0000,  910.0000, -534.0000, 0.0000,  153, 153, 153
L 910.0000, -534.0000, 0.0000,  932.0000, -529.0000, 0.0000,  153, 153, 153
L 932.0000, -529.0000, 0.0000,  949.0000, -526.0000, 0.0000,  153, 153, 153
L 949.0000, -526.0000, 0.0000,  957.0000, -528.0000, 0.0000,  153, 153, 153
L 957.0000, -528.0000, 0.0000,  972.0000, -517.0000, 0.0000,  153, 153, 153
L 972.0000, -517.0000, 0.0000,  989.0000, -513.0000, 0.0000,  153, 153, 153
L 989.0000, -513.0000, 0.0000,  1012.0000, -498.0000, 0.0000,  153, 153, 153
L 1012.0000, -498.0000, 0.0000,  1013.0000, -490.0000, 0.0000,  153, 153, 153
L 1013.0000, -490.0000, 0.0000,  1013.0000, -473.0000, 0.0000,  153, 153, 153
L 1013.0000, -473.0000, 0.0000,  1028.0000, -454.0000, 0.0000,  153, 153, 153
L 1028.0000, -454.0000, 0.0000,  1035.0000, -441.0000, 0.0000,  153, 153, 153
L 1035.0000, -441.0000, 0.0000,  1034.0000, -423.0000, 0.0000,  153, 153, 153
L 1034.0000, -423.0000, 0.0000,  1029.0000, -417.0000, 0.0000,  153, 153, 153
L 1029.0000, -417.0000, 0.0000,  1010.0000, -415.0000, 0.0000,  153, 153, 153
L 1010.0000, -415.0000, 0.0000,  1004.0000, -426.0000, 0.0000,  153, 153, 153
L 1004.0000, -426.0000, 0.0000,  1012.0000, -456.0000, 0.0000,  153, 153, 153
L 1012.0000, -456.0000, 0.0000,  1002.0000, -475.0000, 0.0000,  153, 153, 153
L 1002.0000, -475.0000, 0.0000,  1000.0000, -496.0000, 0.0000,  153, 153, 153
L 1000.0000, -496.0000, 0.0000,  975.0000, -501.0000, 0.0000,  153, 153, 153
L 975.0000, -501.0000, 0.0000,  959.0000, -492.0000, 0.0000,  153, 153, 153
L 959.0000, -492.0000, 0.0000,  944.0000, -495.0000, 0.0000,  153, 153, 153
L 944.0000, -495.0000, 0.0000,  938.0000, -488.0000, 0.0000,  153, 153, 153
L 938.0000, -488.0000, 0.0000,  920.0000, -473.0000, 0.0000,  153, 153, 153
L 920.0000, -473.0000, 0.0000,  898.0000, -479.0000, 0.0000,  153, 153, 153
L 898.0000, -479.0000, 0.0000,  879.0000, -488.0000, 0.0000,  153, 153, 153
L 879.0000, -488.0000, 0.0000,  880.0000, -497.0000, 0.0000,  153, 153, 153
L 880.0000, -497.0000, 0.0000,  832.0000, -496.0000, 0.0000,  153, 153, 153
L 832.0000, -496.0000, 0.0000,  839.0000, -482.0000, 0.0000,  153, 153, 153
L 839.0000, -482.0000, 0.0000,  804.0000, -493.0000, 0.0000,  153, 153, 153
L 804.0000, -493.0000, 0.0000,  758.0000, -494.0000, 0.0000,  153, 153, 153
L 758.0000, -494.0000, 0.0000,  712.0000, -522.0000, 0.0000,  153, 153, 153
L 712.0000, -522.0000, 0.0000,  711.0000, -570.0000, 0.0000,  153, 153, 153
L 711.0000, -570.0000, 0.0000,  670.0000, -571.0000, 0.0000,  153, 153, 153
L 670.0000, -571.0000, 0.0000,  657.0000, -573.0000, 0.0000,  153, 153, 153
L 657.0000, -573.0000, 0.0000,  652.0000, -568.0000, 0.0000,  153, 153, 153
L 652.0000, -568.0000, 0.0000,  625.0000, -568.0000, 0.0000,  153, 153, 153
L 625.0000, -568.0000, 0.0000,  618.0000, -574.0000, 0.0000,  153, 153, 153
L 618.0000, -574.0000, 0.0000,  613.0000, -573.0000, 0.0000,  153, 153, 153
L 613.0000, -573.0000, 0.0000,  566.0000, -553.0000, 0.0000,  153, 153, 153
L 566.0000, -553.0000, 0.0000,  558.0000, -553.0000, 0.0000,  153, 153, 153
L 558.0000, -553.0000, 0.0000,  557.0000, -517.0000, 0.0000,  153, 153, 153
L 557.0000, -517.0000, 0.0000,  581.0000, -512.0000, 0.0000,  153, 153, 153
L 581.0000, -512.0000, 0.0000,  593.0000, -512.0000, 0.0000,  153, 153, 153
L 593.0000, -512.0000, 0.0000,  604.0000, -519.0000, 0.0000,  153, 153, 153
L 604.0000, -519.0000, 0.0000,  615.0000, -524.0000, 0.0000,  153, 153, 153
L 615.0000, -524.0000, 0.0000,  637.0000, -524.0000, 0.0000,  153, 153, 153
L 637.0000, -524.0000, 0.0000,  645.0000, -511.0000, 0.0000,  153, 153, 153
L 645.0000, -511.0000, 0.0000,  633.0000, -504.0000, 0.0000,  153, 153, 153
L 633.0000, -504.0000, 0.0000,  633.0000, -492.0000, 0.0000,  153, 153, 153
L 633.0000, -492.0000, 0.0000,  632.0000, -487.0000, 0.0000,  153, 153, 153
L 632.0000, -487.0000, 0.0000,  614.0000, -488.0000, 0.0000,  153, 153, 153
L 614.0000, -488.0000, 0.0000,  602.0000, -494.0000, 0.0000,  153, 153, 153
L 602.0000, -494.0000, 0.0000,  602.0000, -502.0000, 0.0000,  153, 153, 153
L 602.0000, -502.0000, 0.0000,  588.0000, -499.0000, 0.0000,  153, 153, 153
L 588.0000, -499.0000, 0.0000,  578.0000, -499.0000, 0.0000,  153, 153, 153
L 578.0000, -499.0000, 0.0000,  542.0000, -503.0000, 0.0000,  153, 153, 153
L 542.0000, -503.0000, 0.0000,  542.0000, -557.0000, 0.0000,  153, 153, 153
L 542.0000, -557.0000, 0.0000,  610.0000, -580.0000, 0.0000,  153, 153, 153
L 610.0000, -580.0000, 0.0000,  620.0000, -590.0000, 0.0000,  153, 153, 153
L 620.0000, -590.0000, 0.0000,  622.0000, -629.0000, 0.0000,  153, 153, 153
L 622.0000, -629.0000, 0.0000,  632.0000, -651.0000, 0.0000,  153, 153, 153
L 632.0000, -651.0000, 0.0000,  613.0000, -663.0000, 0.0000,  153, 153, 153
L 613.0000, -663.0000, 0.0000,  591.0000, -661.0000, 0.0000,  153, 153, 153
L 591.0000, -661.0000, 0.0000,  590.0000, -653.0000, 0.0000,  153, 153, 153
L 590.0000, -653.0000, 0.0000,  539.0000, -654.0000, 0.0000,  153, 153, 153
L 539.0000, -654.0000, 0.0000,  507.0000, -669.0000, 0.0000,  153, 153, 153
L 507.0000, -669.0000, 0.0000,  458.0000, -669.0000, 0.0000,  153, 153, 153
L 458.0000, -669.0000, 0.0000,  447.0000, -664.0000, 0.0000,  153, 153, 153
L 447.0000, -664.0000, 0.0000,  392.0000, -663.0000, 0.0000,  153, 153, 153
L 392.0000, -663.0000, 0.0000,  380.0000, -667.0000, 0.0000,  153, 153, 153
L 380.0000, -667.0000, 0.0000,  373.0000, -659.0000, 0.0000,  153, 153, 153
L 373.0000, -659.0000, 0.0000,  389.0000, -650.0000, 0.0000,  153, 153, 153
L 389.0000, -650.0000, 0.0000,  380.0000, -624.0000, 0.0000,  153, 153, 153
L 380.0000, -624.0000, 0.0000,  376.0000, -613.0000, 0.0000,  153, 153, 153
L 376.0000, -613.0000, 0.0000,  331.0000, -613.0000, 0.0000,  153, 153, 153
L 331.0000, -613.0000, 0.0000,  307.0000, -643.0000, 0.0000,  153, 153, 153
L 307.0000, -643.0000, 0.0000,  261.0000, -642.0000, 0.0000,  153, 153, 153
L 261.0000, -642.0000, 0.0000,  235.0000, -591.0000, 0.0000,  153, 153, 153
L 235.0000, -591.0000, 0.0000,  267.0000, -517.0000, 0.0000,  153, 153, 153
L 267.0000, -517.0000, 0.0000,  313.0000, -484.0000, 0.0000,  153, 153, 153
L 313.0000, -484.0000, 0.0000,  349.0000, -464.0000, 0.0000,  153, 153, 153
L 349.0000, -464.0000, 0.0000,  357.0000, -453.0000, 0.0000,  153, 153, 153
L 357.0000, -453.0000, 0.0000,  376.0000, -407.0000, 0.0000,  153, 153, 153
L 376.0000, -407.0000, 0.0000,  422.0000, -417.0000, 0.0000,  153, 153, 153
L 422.0000, -417.0000, 0.0000,  451.0000, -431.0000, 0.0000,  153, 153, 153
L 451.0000, -431.0000, 0.0000,  462.0000, -450.0000, 0.0000,  153, 153, 153
L 462.0000, -450.0000, 0.0000,  440.0000, -473.0000, 0.0000,  153, 153, 153
L 440.0000, -473.0000, 0.0000,  434.0000, -470.0000, 0.0000,  153, 153, 153
L 434.0000, -470.0000, 0.0000,  423.0000, -467.0000, 0.0000,  153, 153, 153
L 423.0000, -467.0000, 0.0000,  422.0000, -453.0000, 0.0000,  153, 153, 153
L 422.0000, -453.0000, 0.0000,  432.0000, -453.0000, 0.0000,  153, 153, 153
L 432.0000, -453.0000, 0.0000,  432.0000, -451.0000, 0.0000,  153, 153, 153
L 432.0000, -451.0000, 0.0000,  400.0000, -453.0000, 0.0000,  153, 153, 153
L 400.0000, -453.0000, 0.0000,  401.0000, -429.0000, 0.0000,  153, 153, 153
L 401.0000, -429.0000, 0.0000,  382.0000, -424.0000, 0.0000,  153, 153, 153
L 382.0000, -424.0000, 0.0000,  378.0000, -431.0000, 0.0000,  153, 153, 153
L 378.0000, -431.0000, 0.0000,  384.0000, -444.0000, 0.0000,  153, 153, 153
L 384.0000, -444.0000, 0.0000,  396.0000, -472.0000, 0.0000,  153, 153, 153
L 396.0000, -472.0000, 0.0000,  413.0000, -478.0000, 0.0000,  153, 153, 153
L 413.0000, -478.0000, 0.0000,  425.0000, -488.0000, 0.0000,  153, 153, 153
L 425.0000, -488.0000, 0.0000,  440.0000, -480.0000, 0.0000,  153, 153, 153
L 440.0000, -480.0000, 0.0000,  453.0000, -471.0000, 0.0000,  153, 153, 153
L 453.0000, -471.0000, 0.0000,  462.0000, -480.0000, 0.0000,  153, 153, 153
L 462.0000, -480.0000, 0.0000,  442.0000, -510.0000, 0.0000,  153, 153, 153
L 442.0000, -510.0000, 0.0000,  442.0000, -523.0000, 0.0000,  153, 153, 153
L 442.0000, -523.0000, 0.0000,  428.0000, -528.0000, 0.0000,  153, 153, 153
L 428.0000, -528.0000, 0.0000,  419.0000, -536.0000, 0.0000,  153, 153, 153
L 419.0000, -536.0000, 0.0000,  403.0000, -545.0000, 0.0000,  153, 153, 153
L 403.0000, -545.0000, 0.0000,  394.0000, -520.0000, 0.0000,  153, 153, 153
L 394.0000, -520.0000, 0.0000,  377.0000, -519.0000, 0.0000,  153, 153, 153
L 377.0000, -519.0000, 0.0000,  356.0000, -514.0000, 0.0000,  153, 153, 153
L 356.0000, -514.0000, 0.0000,  326.0000, -532.0000, 0.0000,  153, 153, 153
L 326.0000, -532.0000, 0.0000,  317.0000, -523.0000, 0.0000,  153, 153, 153
L 317.0000, -523.0000, 0.0000,  314.0000, -523.0000, 0.0000,  153, 153, 153
L 314.0000, -523.0000, 0.0000,  307.0000, -534.0000, 0.0000,  153, 153, 153
L 307.0000, -534.0000, 0.0000,  303.0000, -579.0000, 0.0000,  153, 153, 153
L 303.0000, -579.0000, 0.0000,  318.0000, -585.0000, 0.0000,  153, 153, 153
L 318.0000, -585.0000, 0.0000,  328.0000, -546.0000, 0.0000,  153, 153, 153
L 328.0000, -546.0000, 0.0000,  342.0000, -552.0000, 0.0000,  153, 153, 153
L 342.0000, -552.0000, 0.0000,  350.0000, -566.0000, 0.0000,  153, 153, 153
L 350.0000, -566.0000, 0.0000,  355.0000, -576.0000, 0.0000,  153, 153, 153
L 355.0000, -576.0000, 0.0000,  383.0000, -566.0000, 0.0000,  153, 153, 153
L 383.0000, -566.0000, 0.0000,  411.0000, -560.0000, 0.0000,  153, 153, 153
L 411.0000, -560.0000, 0.0000,  419.0000, -548.0000, 0.0000,  153, 153, 153
L 419.0000, -548.0000, 0.0000,  442.0000, -541.0000, 0.0000,  153, 153, 153
L 442.0000, -541.0000, 0.0000,  462.0000, -589.0000, 0.0000,  153, 153, 153
L 462.0000, -589.0000, 0.0000,  457.0000, -596.0000, 0.0000,  153, 153, 153
L 457.0000, -596.0000, 0.0000,  463.0000, -603.0000, 0.0000,  153, 153, 153
L 463.0000, -603.0000, 0.0000,  448.0000, -615.0000, 0.0000,  153, 153, 153
L 448.0000, -615.0000, 0.0000,  444.0000, -608.0000, 0.0000,  153, 153, 153
L 444.0000, -608.0000, 0.0000,  438.0000, -611.0000, 0.0000,  153, 153, 153
L 438.0000, -611.0000, 0.0000,  441.0000, -593.0000, 0.0000,  153, 153, 153
L 441.0000, -593.0000, 0.0000,  442.0000, -583.0000, 0.0000,  153, 153, 153
L 442.0000, -583.0000, 0.0000,  430.0000, -573.0000, 0.0000,  153, 153, 153
L 430.0000, -573.0000, 0.0000,  418.0000, -575.0000, 0.0000,  153, 153, 153
L 418.0000, -575.0000, 0.0000,  412.0000, -584.0000, 0.0000,  153, 153, 153
L 412.0000, -584.0000, 0.0000,  422.0000, -599.0000, 0.0000,  153, 153, 153
L 422.0000, -599.0000, 0.0000,  422.0000, -618.0000, 0.0000,  153, 153, 153
L 422.0000, -618.0000, 0.0000,  435.0000, -624.0000, 0.0000,  153, 153, 153
L 435.0000, -624.0000, 0.0000,  452.0000, -634.0000, 0.0000,  153, 153, 153
L 452.0000, -634.0000, 0.0000,  461.0000, -646.0000, 0.0000,  153, 153, 153
L 461.0000, -646.0000, 0.0000,  476.0000, -647.0000, 0.0000,  153, 153, 153
L 476.0000, -647.0000, 0.0000,  493.0000, -643.0000, 0.0000,  153, 153, 153
L 493.0000, -643.0000, 0.0000,  503.0000, -629.0000, 0.0000,  153, 153, 153
L 503.0000, -629.0000, 0.0000,  524.0000, -622.0000, 0.0000,  153, 153, 153
L 524.0000, -622.0000, 0.0000,  540.0000, -626.0000, 0.0000,  153, 153, 153
L 540.0000, -626.0000, 0.0000,  567.0000, -626.0000, 0.0000,  153, 153, 153
L 567.0000, -626.0000, 0.0000,  574.0000, -611.0000, 0.0000,  153, 153, 153
L 574.0000, -611.0000, 0.0000,  548.0000, -594.0000, 0.0000,  153, 153, 153
L 548.0000, -594.0000, 0.0000,  512.0000, -613.0000, 0.0000,  153, 153, 153
L 512.0000, -613.0000, 0.0000,  495.0000, -602.0000, 0.0000,  153, 153, 153
L 495.0000, -602.0000, 0.0000,  475.0000, -590.0000, 0.0000,  153, 153, 153
L 475.0000, -590.0000, 0.0000,  465.0000, -560.0000, 0.0000,  153, 153, 153
L 465.0000, -560.0000, 0.0000,  455.0000, -549.0000, 0.0000,  153, 153, 153
L 455.0000, -549.0000, 0.0000,  457.0000, -504.0000, 0.0000,  153, 153, 153
L 457.0000, -504.0000, 0.0000,  475.0000, -478.0000, 0.0000,  153, 153, 153
L 475.0000, -478.0000, 0.0000,  477.0000, -444.0000, 0.0000,  153, 153, 153
L 477.0000, -444.0000, 0.0000,  494.0000, -418.0000, 0.0000,  153, 153, 153
L 494.0000, -418.0000, 0.0000,  520.0000, -396.0000, 0.0000,  153, 153, 153
L 520.0000, -396.0000, 0.0000,  539.0000, -396.0000, 0.0000,  153, 153, 153
L 539.0000, -396.0000, 0.0000,  551.0000, -407.0000, 0.0000,  153, 153, 153
L 551.0000, -407.0000, 0.0000,  552.0000, -418.0000, 0.0000,  153, 153, 153
L 552.0000, -418.0000, 0.0000,  543.0000, -432.0000, 0.0000,  153, 153, 153
L 544.0000, -431.0000, 0.0000,  542.0000, -444.0000, 0.0000,  153, 153, 153
L 542.0000, -444.0000, 0.0000,  575.0000, -444.0000, 0.0000,  153, 153, 153
L 575.0000, -444.0000, 0.0000,  567.0000, -427.0000, 0.0000,  153, 153, 153
L 567.0000, -427.0000, 0.0000,  566.0000, -421.0000, 0.0000,  153, 153, 153
L 566.0000, -421.0000, 0.0000,  594.0000, -430.0000, 0.0000,  153, 153, 153
L 594.0000, -430.0000, 0.0000,  596.0000, -447.0000, 0.0000,  153, 153, 153
L 596.0000, -447.0000, 0.0000,  580.0000, -453.0000, 0.0000,  153, 153, 153
L 580.0000, -453.0000, 0.0000,  543.0000, -453.0000, 0.0000,  153, 153, 153
L 543.0000, -453.0000, 0.0000,  547.0000, -477.0000, 0.0000,  153, 153, 153
L 547.0000, -477.0000, 0.0000,  563.0000, -480.0000, 0.0000,  153, 153, 153
L 563.0000, -480.0000, 0.0000,  575.0000, -470.0000, 0.0000,  153, 153, 153
L 575.0000, -470.0000, 0.0000,  580.0000, -460.0000, 0.0000,  153, 153, 153
L 580.0000, -460.0000, 0.0000,  584.0000, -461.0000, 0.0000,  153, 153, 153
L 584.0000, -461.0000, 0.0000,  603.0000, -456.0000, 0.0000,  153, 153, 153
L 603.0000, -456.0000, 0.0000,  606.0000, -438.0000, 0.0000,  153, 153, 153
L 606.0000, -438.0000, 0.0000,  582.0000, -412.0000, 0.0000,  153, 153, 153
L 582.0000, -412.0000, 0.0000,  566.0000, -413.0000, 0.0000,  153, 153, 153
L 566.0000, -413.0000, 0.0000,  555.0000, -392.0000, 0.0000,  153, 153, 153
L 555.0000, -392.0000, 0.0000,  512.0000, -363.0000, 0.0000,  153, 153, 153
L 512.0000, -363.0000, 0.0000,  496.0000, -318.0000, 0.0000,  153, 153, 153
L 496.0000, -318.0000, 0.0000,  504.0000, -301.0000, 0.0000,  153, 153, 153
L 504.0000, -301.0000, 0.0000,  495.0000, -287.0000, 0.0000,  153, 153, 153
L 495.0000, -287.0000, 0.0000,  495.0000, -235.0000, 0.0000,  153, 153, 153
L 495.0000, -235.0000, 0.0000,  486.0000, -238.0000, 0.0000,  153, 153, 153
L 486.0000, -238.0000, 0.0000,  477.0000, -266.0000, 0.0000,  153, 153, 153
L 477.0000, -266.0000, 0.0000,  463.0000, -261.0000, 0.0000,  153, 153, 153
L 463.0000, -261.0000, 0.0000,  467.0000, -186.0000, 0.0000,  153, 153, 153
L 467.0000, -186.0000, 0.0000,  463.0000, -179.0000, 0.0000,  153, 153, 153
L 463.0000, -179.0000, 0.0000,  463.0000, -132.0000, 0.0000,  153, 153, 153
L 463.0000, -132.0000, 0.0000,  481.0000, -116.0000, 0.0000,  153, 153, 153
L 481.0000, -116.0000, 0.0000,  487.0000, -110.0000, 0.0000,  153, 153, 153
L 487.0000, -110.0000, 0.0000,  493.0000, -73.0000, 0.0000,  153, 153, 153
L 493.0000, -73.0000, 0.0000,  493.0000, -57.0000, 0.0000,  153, 153, 153
L 493.0000, -57.0000, 0.0000,  465.0000, -73.0000, 0.0000,  153, 153, 153
L 465.0000, -73.0000, 0.0000,  463.0000, -65.0000, 0.0000,  153, 153, 153
L 463.0000, -65.0000, 0.0000,  497.0000, -42.0000, 0.0000,  153, 153, 153
L 497.0000, -42.0000, 0.0000,  531.0000, -48.0000, 0.0000,  153, 153, 153
L 531.0000, -48.0000, 0.0000,  543.0000, -56.0000, 0.0000,  153, 153, 153
L 543.0000, -56.0000, 0.0000,  550.0000, -54.0000, 0.0000,  153, 153, 153
L 550.0000, -54.0000, 0.0000,  571.0000, -42.0000, 0.0000,  153, 153, 153
L 571.0000, -42.0000, 0.0000,  581.0000, -23.0000, 0.0000,  153, 153, 153
L 581.0000, -23.0000, 0.0000,  575.0000, -7.0000, 0.0000,  153, 153, 153
L 575.0000, -7.0000, 0.0000,  573.0000, 0.0000, 0.0000,  153, 153, 153
L 573.0000, 0.0000, 0.0000,  547.0000, 16.0000, 0.0000,  153, 153, 153
L 547.0000, 16.0000, 0.0000,  545.0000, 47.0000, 0.0000,  153, 153, 153
L 545.0000, 47.0000, 0.0000,  527.0000, 55.0000, 0.0000,  153, 153, 153
L 527.0000, 55.0000, 0.0000,  504.0000, 57.0000, 0.0000,  153, 153, 153
L 504.0000, 57.0000, 0.0000,  470.0000, 69.0000, 0.0000,  153, 153, 153
L 470.0000, 69.0000, 0.0000,  461.0000, 77.0000, 0.0000,  153, 153, 153
L 461.0000, 77.0000, 0.0000,  465.0000, 91.0000, 0.0000,  153, 153, 153
L 465.0000, 91.0000, 0.0000,  465.0000, 115.0000, 0.0000,  153, 153, 153
L 465.0000, 115.0000, 0.0000,  475.0000, 113.0000, 0.0000,  153, 153, 153
L 475.0000, 113.0000, 0.0000,  475.0000, 127.0000, 0.0000,  153, 153, 153
L 475.0000, 127.0000, 0.0000,  460.0000, 127.0000, 0.0000,  153, 153, 153
L 460.0000, 127.0000, 0.0000,  446.0000, 109.0000, 0.0000,  153, 153, 153
L 446.0000, 109.0000, 0.0000,  436.0000, 109.0000, 0.0000,  153, 153, 153
L 436.0000, 109.0000, 0.0000,  436.0000, 105.0000, 0.0000,  153, 153, 153
L 436.0000, 105.0000, 0.0000,  427.0000, 109.0000, 0.0000,  153, 153, 153
L 427.0000, 109.0000, 0.0000,  418.0000, 109.0000, 0.0000,  153, 153, 153
L 418.0000, 109.0000, 0.0000,  418.0000, 91.0000, 0.0000,  153, 153, 153
L 418.0000, 91.0000, 0.0000,  427.0000, 91.0000, 0.0000,  153, 153, 153
L 427.0000, 91.0000, 0.0000,  427.0000, 105.0000, 0.0000,  153, 153, 153
L 427.0000, 105.0000, 0.0000,  434.0000, 98.0000, 0.0000,  153, 153, 153
L 434.0000, 98.0000, 0.0000,  436.0000, 91.0000, 0.0000,  153, 153, 153
L 436.0000, 91.0000, 0.0000,  449.0000, 89.0000, 0.0000,  153, 153, 153
L 449.0000, 89.0000, 0.0000,  447.0000, 77.0000, 0.0000,  153, 153, 153
L 447.0000, 77.0000, 0.0000,  439.0000, 65.0000, 0.0000,  153, 153, 153
L 439.0000, 65.0000, 0.0000,  382.0000, 37.0000, 0.0000,  153, 153, 153
L 382.0000, 37.0000, 0.0000,  381.0000, 14.0000, 0.0000,  153, 153, 153
L 381.0000, 14.0000, 0.0000,  360.0000, 6.0000, 0.0000,  153, 153, 153
L 360.0000, 6.0000, 0.0000,  351.0000, -19.0000, 0.0000,  153, 153, 153
L 351.0000, -19.0000, 0.0000,  349.0000, -26.0000, 0.0000,  153, 153, 153
L 349.0000, -26.0000, 0.0000,  357.0000, -40.0000, 0.0000,  153, 153, 153
L 357.0000, -40.0000, 0.0000,  378.0000, -52.0000, 0.0000,  153, 153, 153
L 378.0000, -52.0000, 0.0000,  397.0000, -50.0000, 0.0000,  153, 153, 153
L 397.0000, -50.0000, 0.0000,  410.0000, -46.0000, 0.0000,  153, 153, 153
L 410.0000, -46.0000, 0.0000,  421.0000, -43.0000, 0.0000,  153, 153, 153
L 421.0000, -43.0000, 0.0000,  447.0000, -62.0000, 0.0000,  153, 153, 153
L 447.0000, -62.0000, 0.0000,  452.0000, -70.0000, 0.0000,  153, 153, 153
L 452.0000, -70.0000, 0.0000,  449.0000, -74.0000, 0.0000,  153, 153, 153
L 449.0000, -74.0000, 0.0000,  422.0000, -57.0000, 0.0000,  153, 153, 153
L 422.0000, -57.0000, 0.0000,  422.0000, -98.0000, 0.0000,  153, 153, 153
L 422.0000, -98.0000, 0.0000,  430.0000, -110.0000, 0.0000,  153, 153, 153
L 430.0000, -110.0000, 0.0000,  451.0000, -123.0000, 0.0000,  153, 153, 153
L 451.0000, -123.0000, 0.0000,  452.0000, -186.0000, 0.0000,  153, 153, 153
L 452.0000, -186.0000, 0.0000,  448.0000, -186.0000, 0.0000,  153, 153, 153
L 448.0000, -186.0000, 0.0000,  448.0000, -250.0000, 0.0000,  153, 153, 153
L 448.0000, -250.0000, 0.0000,  452.0000, -251.0000, 0.0000,  153, 153, 153
L 452.0000, -251.0000, 0.0000,  452.0000, -261.0000, 0.0000,  153, 153, 153
L 452.0000, -261.0000, 0.0000,  442.0000, -263.0000, 0.0000,  153, 153, 153
L 442.0000, -263.0000, 0.0000,  438.0000, -252.0000, 0.0000,  153, 153, 153
L 438.0000, -252.0000, 0.0000,  439.0000, -239.0000, 0.0000,  153, 153, 153
L 439.0000, -239.0000, 0.0000,  422.0000, -242.0000, 0.0000,  153, 153, 153
L 422.0000, -242.0000, 0.0000,  422.0000, -271.0000, 0.0000,  153, 153, 153
L 422.0000, -271.0000, 0.0000,  412.0000, -292.0000, 0.0000,  153, 153, 153
L 412.0000, -292.0000, 0.0000,  394.0000, -343.0000, 0.0000,  153, 153, 153
L 394.0000, -343.0000, 0.0000,  391.0000, -363.0000, 0.0000,  153, 153, 153
L 391.0000, -363.0000, 0.0000,  382.0000, -382.0000, 0.0000,  153, 153, 153
L 382.0000, -382.0000, 0.0000,  372.0000, -392.0000, 0.0000,  153, 153, 153
L 372.0000, -392.0000, 0.0000,  352.0000, -432.0000, 0.0000,  153, 153, 153
L 352.0000, -432.0000, 0.0000,  339.0000, -448.0000, 0.0000,  153, 153, 153
L 339.0000, -448.0000, 0.0000,  332.0000, -461.0000, 0.0000,  153, 153, 153
L 332.0000, -461.0000, 0.0000,  308.0000, -463.0000, 0.0000,  153, 153, 153
L 308.0000, -463.0000, 0.0000,  287.0000, -433.0000, 0.0000,  153, 153, 153
L 287.0000, -433.0000, 0.0000,  271.0000, -433.0000, 0.0000,  153, 153, 153
L 271.0000, -433.0000, 0.0000,  264.0000, -450.0000, 0.0000,  153, 153, 153
L 264.0000, -450.0000, 0.0000,  249.0000, -453.0000, 0.0000,  153, 153, 153
L 249.0000, -453.0000, 0.0000,  250.0000, -465.0000, 0.0000,  153, 153, 153
L 250.0000, -465.0000, 0.0000,  232.0000, -474.0000, 0.0000,  153, 153, 153
L 232.0000, -474.0000, 0.0000,  222.0000, -469.0000, 0.0000,  153, 153, 153
L 222.0000, -469.0000, 0.0000,  224.0000, -459.0000, 0.0000,  153, 153, 153
L 224.0000, -459.0000, 0.0000,  237.0000, -455.0000, 0.0000,  153, 153, 153
L 237.0000, -455.0000, 0.0000,  237.0000, -448.0000, 0.0000,  153, 153, 153
L 237.0000, -448.0000, 0.0000,  246.0000, -437.0000, 0.0000,  153, 153, 153
L 246.0000, -437.0000, 0.0000,  260.0000, -396.0000, 0.0000,  153, 153, 153
L 260.0000, -396.0000, 0.0000,  280.0000, -396.0000, 0.0000,  153, 153, 153
L 280.0000, -396.0000, 0.0000,  282.0000, -398.0000, 0.0000,  153, 153, 153
L 282.0000, -398.0000, 0.0000,  282.0000, -406.0000, 0.0000,  153, 153, 153
L 282.0000, -406.0000, 0.0000,  311.0000, -400.0000, 0.0000,  153, 153, 153
L 311.0000, -400.0000, 0.0000,  315.0000, -377.0000, 0.0000,  153, 153, 153
L 315.0000, -377.0000, 0.0000,  282.0000, -373.0000, 0.0000,  153, 153, 153
L 282.0000, -373.0000, 0.0000,  281.0000, -383.0000, 0.0000,  153, 153, 153
L 281.0000, -383.0000, 0.0000,  256.0000, -382.0000, 0.0000,  153, 153, 153
L 256.0000, -382.0000, 0.0000,  241.0000, -362.0000, 0.0000,  153, 153, 153
L 241.0000, -362.0000, 0.0000,  200.0000, -356.0000, 0.0000,  153, 153, 153
L 200.0000, -356.0000, 0.0000,  183.0000, -379.0000, 0.0000,  153, 153, 153
L 183.0000, -379.0000, 0.0000,  190.0000, -410.0000, 0.0000,  153, 153, 153
L 190.0000, -410.0000, 0.0000,  195.0000, -424.0000, 0.0000,  153, 153, 153
L 195.0000, -424.0000, 0.0000,  203.0000, -455.0000, 0.0000,  153, 153, 153
L 203.0000, -455.0000, 0.0000,  203.0000, -455.0000, 0.0000,  153, 153, 153
L 203.0000, -455.0000, 0.0000,  213.0000, -458.0000, 0.0000,  153, 153, 153
L 213.0000, -458.0000, 0.0000,  217.0000, -465.0000, 0.0000,  153, 153, 153
L 217.0000, -465.0000, 0.0000,  215.0000, -475.0000, 0.0000,  153, 153, 153
L 215.0000, -475.0000, 0.0000,  187.0000, -462.0000, 0.0000,  153, 153, 153
L 187.0000, -462.0000, 0.0000,  190.0000, -452.0000, 0.0000,  153, 153, 153
L 190.0000, -452.0000, 0.0000,  171.0000, -428.0000, 0.0000,  153, 153, 153
L 171.0000, -428.0000, 0.0000,  109.0000, -443.0000, 0.0000,  153, 153, 153
L 109.0000, -443.0000, 0.0000,  96.0000, -432.0000, 0.0000,  153, 153, 153
L 96.0000, -432.0000, 0.0000,  86.0000, -402.0000, 0.0000,  153, 153, 153
L 86.0000, -402.0000, 0.0000,  98.0000, -376.0000, 0.0000,  153, 153, 153
L 98.0000, -376.0000, 0.0000,  117.0000, -361.0000, 0.0000,  153, 153, 153
L 117.0000, -361.0000, 0.0000,  138.0000, -355.0000, 0.0000,  153, 153, 153
L 138.0000, -355.0000, 0.0000,  154.0000, -330.0000, 0.0000,  153, 153, 153
L 154.0000, -330.0000, 0.0000,  176.0000, -326.0000, 0.0000,  153, 153, 153
L 176.0000, -326.0000, 0.0000,  182.0000, -316.0000, 0.0000,  153, 153, 153
L 182.0000, -316.0000, 0.0000,  199.0000, -316.0000, 0.0000,  153, 153, 153
L 199.0000, -316.0000, 0.0000,  212.0000, -327.0000, 0.0000,  153, 153, 153
L 212.0000, -327.0000, 0.0000,  248.0000, -329.0000, 0.0000,  153, 153, 153
L 248.0000, -329.0000, 0.0000,  270.0000, -314.0000, 0.0000,  153, 153, 153
L 270.0000, -314.0000, 0.0000,  263.0000, -271.0000, 0.0000,  153, 153, 153
L 263.0000, -271.0000, 0.0000,  254.0000, -253.0000, 0.0000,  153, 153, 153
L 254.0000, -253.0000, 0.0000,  281.0000, -233.0000, 0.0000,  153, 153, 153
L 281.0000, -233.0000, 0.0000,  297.0000, -236.0000, 0.0000,  153, 153, 153
L 297.0000, -236.0000, 0.0000,  321.0000, -200.0000, 0.0000,  153, 153, 153
L 321.0000, -200.0000, 0.0000,  327.0000, -176.0000, 0.0000,  153, 153, 153
L 327.0000, -176.0000, 0.0000,  333.0000, -162.0000, 0.0000,  153, 153, 153
L 333.0000, -162.0000, 0.0000,  333.0000, -147.0000, 0.0000,  153, 153, 153
L 333.0000, -147.0000, 0.0000,  370.0000, -139.0000, 0.0000,  153, 153, 153
L 370.0000, -139.0000, 0.0000,  374.0000, -135.0000, 0.0000,  153, 153, 153
L 374.0000, -135.0000, 0.0000,  379.0000, -126.0000, 0.0000,  153, 153, 153
L 379.0000, -126.0000, 0.0000,  366.0000, -99.0000, 0.0000,  153, 153, 153
L 366.0000, -99.0000, 0.0000,  361.0000, -91.0000, 0.0000,  153, 153, 153
L 361.0000, -91.0000, 0.0000,  363.0000, -77.0000, 0.0000,  153, 153, 153
L 363.0000, -77.0000, 0.0000,  374.0000, -72.0000, 0.0000,  153, 153, 153
L 374.0000, -72.0000, 0.0000,  400.0000, -69.0000, 0.0000,  153, 153, 153
L 400.0000, -69.0000, 0.0000,  404.0000, -64.0000, 0.0000,  153, 153, 153
L 404.0000, -64.0000, 0.0000,  397.0000, -41.0000, 0.0000,  153, 153, 153
L 397.0000, -41.0000, 0.0000,  379.0000, -46.0000, 0.0000,  153, 153, 153
L 379.0000, -46.0000, 0.0000,  371.0000, -64.0000, 0.0000,  153, 153, 153
L 371.0000, -64.0000, 0.0000,  352.0000, -76.0000, 0.0000,  153, 153, 153
L 352.0000, -76.0000, 0.0000,  351.0000, -87.0000, 0.0000,  153, 153, 153
L 351.0000, -87.0000, 0.0000,  321.0000, -82.0000, 0.0000,  153, 153, 153
L 321.0000, -82.0000, 0.0000,  301.0000, -86.0000, 0.0000,  153, 153, 153
L 301.0000, -86.0000, 0.0000,  273.0000, -99.0000, 0.0000,  153, 153, 153
L 273.0000, -99.0000, 0.0000,  254.0000, -116.0000, 0.0000,  153, 153, 153
L 254.0000, -116.0000, 0.0000,  243.0000, -116.0000, 0.0000,  153, 153, 153
L 243.0000, -116.0000, 0.0000,  233.0000, -106.0000, 0.0000,  153, 153, 153
L 233.0000, -106.0000, 0.0000,  219.0000, -106.0000, 0.0000,  153, 153, 153
L 219.0000, -106.0000, 0.0000,  213.0000, -131.0000, 0.0000,  153, 153, 153
L 213.0000, -131.0000, 0.0000,  217.0000, -138.0000, 0.0000,  153, 153, 153
L 217.0000, -138.0000, 0.0000,  239.0000, -130.0000, 0.0000,  153, 153, 153
L 239.0000, -130.0000, 0.0000,  259.0000, -143.0000, 0.0000,  153, 153, 153
L 259.0000, -143.0000, 0.0000,  262.0000, -153.0000, 0.0000,  153, 153, 153
L 262.0000, -153.0000, 0.0000,  263.0000, -191.0000, 0.0000,  153, 153, 153
L 263.0000, -191.0000, 0.0000,  239.0000, -203.0000, 0.0000,  153, 153, 153
L 239.0000, -203.0000, 0.0000,  223.0000, -201.0000, 0.0000,  153, 153, 153
L 223.0000, -201.0000, 0.0000,  199.0000, -213.0000, 0.0000,  153, 153, 153
L 199.0000, -213.0000, 0.0000,  199.0000, -214.0000, 0.0000,  153, 153, 153
L 199.0000, -214.0000, 0.0000,  187.0000, -194.0000, 0.0000,  153, 153, 153
L 187.0000, -194.0000, 0.0000,  173.0000, -194.0000, 0.0000,  153, 153, 153
L 173.0000, -194.0000, 0.0000,  133.0000, -203.0000, 0.0000,  153, 153, 153
L 133.0000, -203.0000, 0.0000,  123.0000, -222.0000, 0.0000,  153, 153, 153
L 123.0000, -222.0000, 0.0000,  123.0000, -222.0000, 0.0000,  153, 153, 153
L 123.0000, -222.0000, 0.0000,  119.0000, -247.0000, 0.0000,  153, 153, 153
L 119.0000, -247.0000, 0.0000,  102.0000, -282.0000, 0.0000,  153, 153, 153
L 102.0000, -282.0000, 0.0000,  76.0000, -280.0000, 0.0000,  153, 153, 153
L 76.0000, -280.0000, 0.0000,  65.0000, -229.0000, 0.0000,  153, 153, 153
L 65.0000, -229.0000, 0.0000,  67.0000, -215.0000, 0.0000,  153, 153, 153
L 67.0000, -215.0000, 0.0000,  85.0000, -168.0000, 0.0000,  153, 153, 153
L 85.0000, -168.0000, 0.0000,  85.0000, -168.0000, 0.0000,  153, 153, 153
L 85.0000, -168.0000, 0.0000,  93.0000, -134.0000, 0.0000,  153, 153, 153
L 93.0000, -134.0000, 0.0000,  107.0000, -126.0000, 0.0000,  153, 153, 153
L 107.0000, -126.0000, 0.0000,  129.0000, -111.0000, 0.0000,  153, 153, 153
L 129.0000, -111.0000, 0.0000,  123.0000, -104.0000, 0.0000,  153, 153, 153
L 123.0000, -104.0000, 0.0000,  129.0000, -89.0000, 0.0000,  153, 153, 153
L 129.0000, -89.0000, 0.0000,  114.0000, -80.0000, 0.0000,  153, 153, 153
L 114.0000, -80.0000, 0.0000,  107.0000, -70.0000, 0.0000,  153, 153, 153
L 107.0000, -70.0000, 0.0000,  114.0000, -49.0000, 0.0000,  153, 153, 153
L 114.0000, -49.0000, 0.0000,  106.0000, -39.0000, 0.0000,  153, 153, 153
L 106.0000, -39.0000, 0.0000,  99.0000, -35.0000, 0.0000,  153, 153, 153
L 99.0000, -35.0000, 0.0000,  78.0000, -44.0000, 0.0000,  153, 153, 153
L 78.0000, -44.0000, 0.0000,  83.0000, -9.0000, 0.0000,  153, 153, 153
L 83.0000, -9.0000, 0.0000,  91.0000, -6.0000, 0.0000,  153, 153, 153
L 91.0000, -6.0000, 0.0000,  115.0000, -1.0000, 0.0000,  153, 153, 153
L 115.0000, -1.0000, 0.0000,  115.0000, 8.0000, 0.0000,  153, 153, 153
L 115.0000, 8.0000, 0.0000,  99.0000, 15.0000, 0.0000,  153, 153, 153
L 99.0000, 15.0000, 0.0000,  70.0000, 15.0000, 0.0000,  153, 153, 153
L 70.0000, 15.0000, 0.0000,  65.0000, 10.0000, 0.0000,  153, 153, 153
L 65.0000, 10.0000, 0.0000,  63.0000, -10.0000, 0.0000,  153, 153, 153
L 63.0000, -10.0000, 0.0000,  64.0000, -46.0000, 0.0000,  153, 153, 153
L 64.0000, -46.0000, 0.0000,  82.0000, -59.0000, 0.0000,  153, 153, 153
L 82.0000, -59.0000, 0.0000,  90.0000, -74.0000, 0.0000,  153, 153, 153
L 90.0000, -74.0000, 0.0000,  91.0000, -93.0000, 0.0000,  153, 153, 153
L 91.0000, -93.0000, 0.0000,  57.0000, -103.0000, 0.0000,  153, 153, 153
L 57.0000, -103.0000, 0.0000,  43.0000, -96.0000, 0.0000,  153, 153, 153
L 43.0000, -96.0000, 0.0000,  19.0000, -84.0000, 0.0000,  153, 153, 153
L 19.0000, -84.0000, 0.0000,  0.0000, -80.0000, 0.0000,  153, 153, 153
L 0.0000, -80.0000, 0.0000,  -3.0000, -58.0000, 0.0000,  153, 153, 153
L -3.0000, -58.0000, 0.0000,  5.0000, -52.0000, 0.0000,  153, 153, 153
L 5.0000, -52.0000, 0.0000,  23.0000, -44.0000, 0.0000,  153, 153, 153
L 23.0000, -44.0000, 0.0000,  29.0000, -29.0000, 0.0000,  153, 153, 153
L 29.0000, -29.0000, 0.0000,  25.0000, -21.0000, 0.0000,  153, 153, 153
L 25.0000, -21.0000, 0.0000,  5.0000, 45.0000, 0.0000,  153, 153, 153
L 5.0000, 45.0000, 0.0000,  5.0000, 105.0000, 0.0000,  153, 153, 153
L 5.0000, 105.0000, 0.0000,  -41.0000, 106.0000, 0.0000,  153, 153, 153
P 0.0000, 100.0000, 0.0000,  255, 255, 255,  2,  Succor
