P -162.0000, -192.0000, -202.0000,  127, 0, 0,  3,  Mechano_Sendaii_Dronequeen
P -75.9138, -3.7193, -557.7426,  240, 127, 0,  3,  Engineering_Room
P -33.6428, 1.1633, -760.8451,  240, 127, 0,  3,  Waste_Disposal_Area
P -282.2643, 168.4194, -920.3544,  0, 240, 0,  3,  elevator-up
P 32.3940, 38.4848, -760.8450,  127, 0, 0,  3,  Metal_Slime
P 105.1246, 142.1344, -557.7910,  127, 0, 0,  3,  Whirlie_Fizzlebot
P -248.7030, -301.7866, -557.6368,  127, 0, 0,  3,  Jon_E_V
P -46.9557, 108.6197, -339.4277,  127, 0, 0,  3,  THE_Destructionizer_XOOX
P 307.2349, -81.9632, 1.6426,  240, 127, 0,  3,  Porter_C-C
P -26.2641, -375.7661, -181.1633,  240, 127, 0,  3,  Locked_Door
P 40.5143, -291.7412, -204.4425,  240, 127, 0,  3,  Primary_Extremity_Control
P 175.6755, 301.5536, -381.0338,  240, 0, 0,  2,  Fuzzbert_Cogsworth
P 142.1797, 857.4579, -379.5963,  0, 0, 0,  1,  Teleporter_B-B
P 282.4340, 61.1614, -556.7215,  0, 0, 0,  1,  Teleporter_B-B
P -27.8012, -256.5239, -553.5034,  0, 0, 0,  1,  Teleporter_A-A
P 92.0124, -552.0762, -859.0697,  0, 0, 0,  1,  Teleporter_A-A
P -110.3257, 342.1058, -782.7451,  240, 0, 0,  2,  Steam_Engineer_LIIV
P -282.2643, 168.4194, -920.3544,  0, 0, 0,  1,  elevator
P -241.4797, 322.7950, -1014.5085,  0, 0, 0,  1,  elevator
P -92.8753, 244.5312, -1014.4022,  0, 240, 0,  3,  Dragonscale_Hills
