P 393.0000, -656.0000, 0.0000,  255, 255, 0,  2,  Zone-in
P 455.0000, 1585.0000, 0.0000,  255, 0, 255,  2,  Innoruuk
P 135.0000, 479.0000, 0.0000,  255, 0, 255,  2,  Maestro_of_Rancor
P 200.0000, 107.0000, 0.0000,  255, 0, 255,  2,  The_Hand_of_the_Maestro
P 420.0000, 350.0000, 0.0000,  255, 0, 255,  2,  The_Corrupter_of_Life
P 760.0000, -190.0000, 0.0000,  255, 0, 255,  2,  The_Deathrot_Knight
P -250.0000, -400.0000, 0.0000,  255, 0, 255,  2,  Special_Named
P -555.0000, 416.0000, 0.0000,  0, 0, 255,  2,  Mistress_of_Malevolence
P -280.0000, 700.0000, 0.0000,  255, 0, 0,  2,  Spy_Master_I'Kavin
P -570.0000, 530.0000, 0.0000,  0, 128, 0,  2,  Evangalist_W'Rixxus
P -475.0000, 320.0000, 0.0000,  0, 0, 255,  2,  Master_D'Samni
P -368.0000, 486.0000, 0.0000,  0, 128, 0,  2,  Warlord_E'Prosia
P -310.0000, 255.0000, 0.0000,  0, 0, 255,  2,  a_hatebone_broodlord
P -160.0000, 80.0000, 0.0000,  0, 0, 255,  2,  Master_of_Vengeance
P -480.0000, 125.0000, 0.0000,  0, 0, 255,  2,  a_frightful_chest
P -250.0000, -450.0000, 0.0000,  255, 0, 0,  2,  Tier_4_Minis
P -250.0000, -500.0000, 0.0000,  0, 128, 0,  2,  Tier_3_Minis
P -250.0000, -550.0000, 0.0000,  0, 0, 255,  2,  Tie_2_Minis
P -250.0000, -600.0000, 0.0000,  255, 0, 0,  2,  Tier_1_Minis
P 393.0000, -660.0000, 0.0000,  255, 255, 0,  2,  Zone-in
P 365.0000, -371.0000, 0.0000,  255, 0, 0,  2,  Magi_P'Tasa
P 226.0000, -600.0000, 0.0000,  255, 0, 0,  2,  an_eerie_chest
P -17.0000, -777.0000, 0.0000,  255, 0, 0,  2,  Coercer_T'Vala
P -23.0000, -579.0000, 0.0000,  255, 0, 0,  2,  Avatar_of_Abhorrence
P 32.0000, -487.0000, 0.0000,  255, 0, 0,  2,  Lord_of_Loathing
P -27.0000, -414.0000, 0.0000,  255, 0, 0,  2,  Vicar_M'Kari
P 590.0000, -512.0000, 0.0000,  255, 0, 0,  2,  Lord_of_Ire
P 812.0000, -350.0000, 0.0000,  255, 0, 0,  2,  a_hideous_rat
P 520.0000, -221.0000, 0.0000,  255, 0, 0,  2,  Master_R'Tal
P 198.0000, -261.0000, 0.0000,  255, 0, 0,  2,  an_ashenbone_broodmaster
P 421.0000, -149.0000, 0.0000,  255, 0, 0,  2,  Mistress_of_Scorn
P 565.0000, -56.0000, 0.0000,  255, 0, 0,  2,  Master_of_Spite
P 520.0000, 202.0000, 0.0000,  0, 0, 255,  2,  a_grotesque_rat
P 735.0000, 202.0000, 0.0000,  0, 0, 255,  2,  Grim_Abhorren_Kaltik
P 785.0000, 553.0000, 0.0000,  0, 0, 255,  2,  Mistress_A'Zara
P 503.0000, 510.0000, 0.0000,  0, 0, 255,  2,  Grandmaster_H'Qilim
P 740.0000, 863.0000, 0.0000,  0, 0, 255,  2,  Templar_J'Rosix
P -65.0000, 388.0000, 0.0000,  0, 128, 0,  2,  Assassin_Z'Jrix
P -161.0000, 223.0000, 0.0000,  0, 128, 0,  2,  Sorcerer_C'Gazin
P -388.0000, 261.0000, 0.0000,  0, 128, 0,  2,  Warlord_E'Prosia
P -398.0000, 625.0000, 0.0000,  0, 128, 0,  2,  Dread_Knight_T'Kamax
P -413.0000, 720.0000, 0.0000,  255, 0, 0,  2,  Overlord_R'Gahbsa
P -547.0000, 870.0000, 0.0000,  255, 0, 0,  2,  Dread_Lord_M'Noxin
P -184.0000, 821.0000, 0.0000,  255, 0, 0,  2,  Archon_G'Uvin
P -143.0000, 680.0000, 0.0000,  255, 0, 0,  2,  Arch_Lich_T'Vaxok
P 50.0000, 820.0000, 0.0000,  255, 0, 0,  2,  Arcanist_V'Girnis
