P 189.8857, -859.9688, 34.7467,  127, 0, 0,  3,  Hester_Valence-Bracer
P -1189.3732, -766.5481, 9.1096,  240, 127, 0,  3,  Camp
P -1986.0548, -508.4130, 11.4426,  240, 240, 0,  2,  Erollisi's_Grove
P 216.0000, 1950.0000, -52.9486,  0, 0, 0,  2,  Succor_Point
P -1423.0269, -528.9667, 19.6015,  240, 0, 0,  2,  Erollisi's_Spite
P 296.9600, -449.1620, 50.4485,  240, 127, 0,  3,  Camp
P 173.1781, -826.3993, 33.1557,  240, 127, 0,  3,  Camp_Village
P -521.7838, -64.5230, -29.5834,  240, 0, 0,  2,  Dabble_Splinewinder
P 555.9753, -285.5784, 49.3760,  240, 0, 0,  2,  Lanika_Shadestepper_(Supplies)
P -796.5217, -1204.3833, 39.3969,  240, 0, 0,  2,  Hardrin_(Supplies)
P -1691.4601, -1084.3114, 86.9334,  240, 0, 0,  2,  The_Collector
P -649.9245, -2574.5559, 14.1094,  240, 0, 0,  2,  Castell_Cloudskate
P -1743.3810, -2454.9561, 0.6843,  240, 240, 0,  1,  old_statue_(hand_outa_water)
P 514.6039, -1487.0610, 29.3610,  240, 240, 0,  1,  Suply
P 78.9261, -807.2057, 36.2848,  240, 240, 0,  1,  a_Kiraths_scout
P -132.5967, -818.1783, 40.6561,  240, 240, 0,  1,  a_kirathas_scout
P 322.9360, -1188.2445, 28.8861,  240, 0, 0,  2,  Old_Scheffer
P 496.6252, -457.0510, 49.1366,  240, 0, 0,  2,  Jorum_Grimblewimbus
P 525.7247, -382.6169, 49.1366,  240, 0, 0,  2,  Reaver_Lebanezer
P 575.5153, -331.5899, 49.1366,  240, 0, 0,  2,  Banty_Bourdizzle
P 636.1405, -431.2318, 49.1366,  240, 0, 0,  2,  Addle
P 621.6379, -387.5638, 49.1366,  240, 0, 0,  2,  Nastel_Greygore
P 571.4252, -440.1811, 49.1376,  240, 0, 0,  2,  Arreles_Bonescrounger
P 385.9923, -1330.1372, 33.1280,  240, 0, 0,  2,  Sister_Donna
P 329.3322, -1440.8975, 31.3157,  240, 0, 0,  2,  Captain_Jensen
P 83.3780, -1062.0522, 36.4449,  240, 0, 0,  2,  Stefani
P -1359.7960, -628.0880, 14.2552,  240, 0, 0,  2,  Paul
P -1604.4172, -502.0636, 12.1246,  240, 0, 0,  2,  Thornheart
P -1998.4757, -490.2797, 4.1135,  127, 0, 0,  2,  Scorn_(Avatar_of_Erollisi)
P 1040.0565, -864.6780, 55.9623,  240, 240, 0,  2,  Graveyard
P 286.0000, 1907.0000, -53.6987,  240, 0, 0,  3,  Loping_Plains
P -1055.2098, 25.4387, -81.1509,  240, 0, 0,  2,  Cavalier_Devolah
P -757.7224, 541.1074, -71.0499,  240, 0, 0,  2,  Ancestral_Deathguard
P -2106.5591, 646.8316, 1.9570,  240, 240, 0,  2,  Haunted_Elven_Camp
P -1864.9009, 542.4178, 1.2206,  240, 0, 0,  2,  Elder_Scout_Tuluria
P -357.8030, -407.8011, 63.6080,  240, 240, 0,  2,  Gnarled_Oak
P 664.9350, -1706.8870, 26.1218,  240, 240, 0,  2,  Port_of_the_Damned
P -259.3985, -2781.6951, -2.6783,  240, 240, 0,  2,  Ship_of_the_Damned
P -1078.2283, -1317.8623, 42.8491,  240, 0, 0,  2,  Brother_Veras
P -1017.6069, -1259.8317, 39.3788,  240, 0, 0,  2,  Sister_Daria
P -831.3458, -1353.1533, 39.8717,  240, 0, 0,  2,  Grom
P -946.0835, -1428.2075, 40.1053,  240, 0, 0,  2,  Shearon
P -2064.7244, -1242.4681, 82.9136,  240, 240, 0,  2,  Borrower's_Roost
P 1428.9630, 463.4166, -631.0969,  240, 240, 0,  2,  Decay
P 1430.3817, 828.3332, -646.9681,  0, 0, 0,  2,  Power_of_Decay_I
P 1471.4705, 280.9744, -647.0462,  127, 64, 0,  2,  Power_of_Decay_II
P -1821.1028, 335.5164, 8.7736,  240, 0, 0,  2,  Valthun_Woodswatcher
P 612.4063, -1451.3245, 30.9987,  240, 0, 0,  2,  Shifty_Jenkins
P 612.4063, -1451.3245, 32.8052,  240, 0, 0,  2,  Fendel
P 301.2350, -1430.5272, 37.0594,  240, 0, 0,  2,  Vester_Valance
P 296.8611, -1714.1232, 24.2903,  240, 0, 0,  2,  Jarvis_(Quests)
P 248.1377, -32.5374, 8.4532,  240, 0, 0,  2,  Sheldon
P -2232.1047, 170.2249, 3.8060,  240, 0, 0,  2,  Loaris
P -1825.8505, 697.4247, 5.3552,  240, 0, 0,  2,  Lian_Swiftstalker
P -1908.5039, -1424.8679, 82.3395,  240, 0, 0,  2,  Arak_Bladesoar
P -2188.1648, -1248.1025, 78.6939,  240, 0, 0,  2,  Ebontail
P -2111.7100, 667.4374, 4.0220,  240, 0, 0,  2,  Belreg
P -1890.8441, 699.2929, 4.5511,  240, 0, 0,  2,  Della
P -1962.9366, 358.0190, 3.1068,  240, 0, 0,  2,  Felwin
P -2008.5552, 284.1372, 1.3343,  240, 0, 0,  2,  Snowflower
P -2220.7524, 393.9310, 3.4821,  240, 0, 0,  2,  Aimilia
P -948.1830, -451.7690, 35.8268,  240, 0, 0,  2,  a_mysterious_stranger_(Quests)
P -323.6415, -626.1645, 77.4604,  240, 0, 0,  2,  Amber
P -1332.1852, -428.8156, 53.8912,  240, 240, 0,  1,  a_kirathas_scout
P -62.4215, -923.5305, 54.4515,  240, 0, 0,  2,  Scout_Leader_Aldin
P -6.2756, -438.7820, 63.6779,  240, 240, 0,  1,  a_Kirathas_scout
P -2133.5417, 80.5265, -0.8584,  240, 0, 0,  2,  Aramus_the_Elder
P -444.7834, 316.0915, 160.1093,  240, 0, 0,  2,  Bimbalicus_the_Soulbleeder
P 330.0000, -1244.0000, 47.0000,  0, 0, 0,  1,  Blackwater_Fishermen
P -965.0000, -1333.0000, 51.0000,  0, 0, 0,  1,  Paladins_of_Valour
P -1881.0000, 304.0000, 8.0000,  0, 0, 0,  2,  Kirathas_Village
P 586.5536, -970.7184, 62.3177,  0, 0, 0,  1,  Seyan_Ebonlocke_(80_Spells)
P -1483.3132, 62.4943, -2.2558,  240, 0, 0,  2,  Naene_Ebonlocke_(79_Spells)
P 178.9863, -834.6577, 33.9305,  127, 0, 0,  3,  Silius_the_Gaffe
P 496.0000, -334.0000, 61.0000,  0, 0, 0,  1,  Naughty_Gnome_Necros
