P 0.0000, 0.0000, 0.0000,  0, 0, 0,  1,  Œãpwé_9p
P -110.8960, -0.5580, -32.6628,  0, 240, 0,  1,  House_of_Thule
P 1656.2762, 969.9528, -177.4517,  0, 240, 0,  1,  Well
P 2485.3840, -401.6743, -220.1691,  240, 0, 0,  1,  Paltra_Harins_(Quest)
P 1949.7203, -876.9941, -193.7091,  240, 0, 0,  1,  Barkley_(Mission)
P 1630.2903, 969.6988, -166.8003,  240, 0, 0,  1,  Groundskeeper_Seamus_(Mission)
P 1681.7087, 868.6705, -178.9428,  240, 0, 0,  1,  Gardener_Aeriht_(Mission)
P 1932.9147, 171.9326, -226.0676,  240, 0, 0,  1,  Grithlan_Vraniq_(Quest)
P 1708.1958, 62.6174, -105.6281,  240, 0, 0,  1,  Giladan_the_Botanist_(Quest)
P -116.4662, 77.8724, -32.6379,  240, 0, 0,  1,  Therys_the_Botanist_(Raid)
P 1679.0288, 56.8417, -104.0777,  240, 0, 0,  1,  spensur_(rank_3_spells)
P 2139.7769, 220.4652, -255.6081,  0, 127, 0,  1,  Faernoc
P 1490.4241, 700.4236, -178.9428,  0, 127, 0,  1,  Statue_South
P 1287.5232, 882.0684, -182.1559,  0, 127, 0,  1,  Bixie_Hive
P 695.7020, -29.3917, -144.4989,  0, 127, 0,  1,  Tunnel
P 2439.3838, 145.0529, -228.7939,  0, 127, 0,  1,  Trees_East
P 2564.5039, -446.2802, -220.1691,  0, 127, 0,  1,  Mausoleum
P 687.8552, -463.1732, -136.2942,  0, 127, 0,  1,  Forest
P 1889.3718, -821.2398, -190.8379,  0, 127, 0,  1,  baker_tower
P 1769.7673, -900.0685, -194.1188,  0, 127, 0,  1,  farm
P 1277.9194, -612.9393, -193.7091,  0, 127, 0,  1,  Statue_North
P 2377.1902, -191.7111, -235.7596,  0, 127, 0,  1,  Statue_East
P 757.5734, 405.5572, -143.0753,  0, 127, 0,  1,  Field
P 2416.9736, 848.3323, -235.2679,  0, 127, 0,  1,  Plomaedis_(Lackey)
P 1614.9926, -574.0114, -194.6633,  0, 127, 0,  1,  Deidre_(Lost)
P 1787.0610, -501.3959, -194.6951,  0, 127, 0,  1,  1st_missing_bonecrafter
P 510.5046, -149.9750, -144.3046,  0, 127, 0,  1,  second_missing_bonecrafter
P 490.8662, 763.2299, -143.7921,  0, 127, 0,  1,  third_missing_bonecrafter
P 2269.6804, 932.1351, -235.2943,  0, 127, 0,  1,  fourth_missing_bonecrafter
P 1334.3871, 880.5668, -182.4013,  0, 127, 0,  1,  Meikona_the_Keeper
P 2544.2737, -375.2964, -220.1692,  0, 127, 0,  1,  Ikaena_the_Bonesmith
P 2561.3870, -750.9124, -235.7596,  0, 127, 0,  1,  Constable_Erulin
P 2568.9419, -385.6004, -220.1691,  0, 127, 0,  1,  Book_about_Worgs
