P 19346.0000, -4089.0000, 0.0000,  255, 255, 255,  2,  Dock
P -399.0000, -5395.0000, 0.0000,  255, 255, 255,  2,  Dock
P -10565.0000, 4940.0000, 0.0000,  255, 255, 0,  2,  Eastern_Wastes
P -4938.0000, 512.0000, 0.0000,  255, 255, 255,  2,  Teleport
P -2832.0000, -1680.0000, 0.0000,  255, 255, 0,  2,  Frozen_Shadow
P 21429.0000, -4623.0000, 0.0000,  255, 255, 0,  2,  North_Ro
P -340.0000, -5330.0000, 0.0000,  255, 255, 255,  2,  Succor_Point
P -8993.0000, 3396.0000, 0.0000,  0, 255, 255,  2,  Shawl_8_:_start_point
P -7542.0000, 3529.0000, 0.0000,  0, 255, 255,  2,  Shawl_8_:_1st_wave
P -7252.0000, 2208.0000, 0.0000,  0, 255, 255,  2,  Shawl_8_:_2nd_wave
P -5940.0000, 1089.0000, 0.0000,  0, 255, 255,  2,  Shawl_8_:_3rd_wave
P -2248.0000, -1502.0000, 0.0000,  0, 255, 255,  2,  Shawl_8_:_4th_wave
P -2653.0000, -3698.0000, 0.0000,  0, 255, 255,  2,  Shawl_8_:_last_wave
