P 3000.0000, -4800.0000, 1.0000,  0, 255, 0,  3,  kattakastrum_-_Katta_Castrum
P -5.1985, 101.2739, 17.7248,  255, 255, 255,  3,  Buried_Sea
P -4923.0000, -388.0000, -510.0000,  0, 0, 240,  2,  Teleport_Pad
P -4801.0000, -1153.0000, -505.0000,  0, 0, 240,  2,  Teleport_Pad
P -4561.0000, -1889.0000, -510.0000,  0, 0, 240,  2,  Teleport_Pad
P 622.0000, 736.0000, -109.0000,  240, 0, 0,  3,  Hybrid_Spells
P 623.0000, 647.0000, -109.0000,  240, 0, 0,  3,  Caster_Spells
P 553.0000, 594.0000, -109.0000,  240, 0, 0,  3,  Energeians
P 511.0000, 580.0000, -109.0000,  240, 0, 0,  3,  Elite_Weapons
P 459.0000, 568.0000, -109.0000,  240, 0, 0,  3,  Elite_Energeians
P 549.0000, 949.0000, -109.0000,  240, 0, 0,  3,  Cloth_Armor
P -636.0000, 906.0000, -105.0000,  240, 0, 0,  3,  The_Town_Crier
P -197.0000, 621.0000, -109.0000,  240, 0, 0,  3,  a_scruffy_beggar
P -531.0000, 565.0000, -109.0000,  240, 0, 0,  3,  a_tatty_beggar
P 606.0000, 868.0000, -24.0000,  240, 0, 0,  3,  Archarcanist_Kirstmycl
P -46.0000, 598.0000, -35.0000,  240, 0, 0,  3,  sergeant_zetren
P 66.0000, 600.0000, -35.0000,  240, 0, 0,  3,  Guard_captain_Pavrus_(solo_tasks)
P 124.0000, 532.0000, -34.0000,  240, 0, 0,  3,  structural_engineer_dewas
P 540.0000, 1033.0000, -109.0000,  240, 0, 0,  3,  Leather_Armor
P 529.0000, 1108.0000, -109.0000,  240, 0, 0,  3,  Chain_Armor
P -659.0000, -651.0000, -31.0000,  240, 0, 0,  3,  Flora_Venloe_(group_tasks)
P 12.0000, -46.0000, 8.0000,  240, 0, 0,  3,  Simus_the_Doomsayer_(tasks)
P 78.0000, -74.0000, 9.0000,  240, 0, 0,  3,  Seer_Ichamedes_(tasks)
P 536.0000, 859.0000, -109.0000,  240, 0, 0,  3,  Fighter_Tomes
P 550.0000, 922.0000, -109.0000,  240, 0, 0,  3,  Priest_Spells
P 105.0000, -2.0000, 5.0000,  240, 0, 0,  3,  Sorcerer_Xycl_(solo_tasks)
P 106.0000, 54.0000, 5.0000,  240, 0, 0,  3,  Sorcerer_Hearah_(timed_solo_task)
P 92.0000, 101.0000, 5.0000,  240, 0, 0,  3,  Head_Mage_Antius
P 94.0000, 120.0000, 5.0000,  240, 0, 0,  3,  arcanist_thalian_(solo_tasks)
P -101.0000, 113.0000, 5.0000,  240, 0, 0,  3,  archarcanist_pintanus_(solo_tasks)
P -66.0000, -84.0000, 9.0000,  240, 0, 0,  3,  alchemist_hesia_(solo_tasks)
P 529.0000, 1130.0000, -109.0000,  240, 0, 0,  3,  Plate_Armor
P -104.0000, 564.0000, -35.0000,  0, 240, 240,  3,  tactician_sodut_(silyssar_access)
P -746.0000, 571.0000, -109.0000,  0, 240, 0,  3,  To_Main_Temple
P -3039.0000, -2805.0000, -507.0000,  240, 0, 0,  3,  commander_zzarishazum
P -651.0000, 1157.0000, -90.0000,  0, 0, 0,  3,  to_library
P 363.0000, 736.0000, -109.0000,  240, 0, 0,  3,  combine_goods
P 382.0000, 757.0000, -109.0000,  240, 0, 0,  3,  general_goods
P 299.0000, 577.0000, -109.0000,  240, 0, 0,  3,  elite_priest_spells
P 218.0000, 662.0000, -109.0000,  240, 0, 0,  3,  elite_hybrid_spells
P 219.0000, 732.0000, -109.0000,  240, 0, 0,  3,  elite_fighter_tomes
P 215.0000, 753.0000, -109.0000,  240, 0, 0,  3,  elite_caster_spells
P 202.0000, 824.0000, -109.0000,  240, 0, 0,  3,  elite_cloth_armor
P 214.0000, 941.0000, -109.0000,  240, 0, 0,  3,  elite_leather_armor
P -21.0000, 7.0000, 5.0000,  240, 0, 0,  3,  tuzart_relenfold_(group_tasks)
P 146.1879, -92.5325, -105.2400,  255, 255, 255,  3,  Bank
P -2577.0000, 4204.0000, -510.0000,  0, 0, 240,  3,  Atiiki
P -2022.0000, 2054.0000, -355.0000,  0, 0, 240,  2,  Teleport_Pad
P -2031.0000, -2031.0000, -317.0000,  0, 0, 240,  2,  Teleport_Pad
P -651.0000, 1164.0000, -89.0000,  0, 0, 240,  2,  Portal
P -1890.0000, 4562.0000, -506.0000,  0, 0, 240,  2,  Teleport_Pad
P -675.0000, 1199.0000, 3.0000,  0, 0, 240,  2,  Chief_Librarian_Lars_(Tasks)
P -4562.0000, 1889.0000, -510.0000,  0, 0, 240,  2,  Teleport_Pad
P -4923.0000, 387.0000, -510.0000,  0, 0, 240,  2,  Teleport_Pad
P 2429.0000, 1094.0000, -184.0000,  0, 0, 240,  2,  Teleport_Pad
P 2582.0000, 4209.0000, -504.0000,  0, 0, 240,  2,  Teleport_Pad
P 2121.0000, 2221.0000, -70.0000,  0, 0, 240,  2,  Portalmaster_Temuratis_(Tasks)
P 92.0000, 64.0000, 6.0000,  0, 0, 240,  2,  Scribe_Oastalides_(Tasks)
P -126.0000, -73.0000, 10.0000,  0, 0, 240,  2,  Portal
P 1873.0000, -2196.0000, -317.0000,  0, 0, 240,  2,  Teleport_Pad
P 2341.0000, 2173.0000, -70.0000,  0, 0, 240,  2,  Arcanist_Variszh_(Quests)
P 2141.0000, 2172.0000, -70.0000,  0, 0, 240,  2,  Vizier_Zio_(Tasks)
P 126.0000, -72.0000, 10.0000,  0, 0, 240,  2,  Portal
P -1314.0000, -931.0000, -72.0000,  0, 0, 240,  2,  Teleport_Pad
P 54.0000, 97.0000, 6.0000,  0, 0, 240,  2,  Researcher_Chlearpa_(Tasks)
P 698.0000, 987.0000, -3.0000,  0, 0, 240,  2,  Teleport_Pad
P 1891.0000, 4564.0000, -510.0000,  0, 0, 240,  2,  Teleport_Pad
P 4211.0000, 2581.0000, -510.0000,  0, 0, 240,  2,  Teleport_Pad
P 4563.0000, 1890.0000, -505.0000,  0, 0, 240,  2,  Teleport_Pad
P 3207.0000, 3757.0000, -510.0000,  0, 0, 240,  2,  Teleport_Pad
P -1527.0000, 4697.0000, -510.0000,  0, 0, 240,  2,  Teleport_Pad
P -2572.0000, 4197.0000, -511.0000,  0, 240, 0,  3,  To_Jewel_of_Atiiki
P 4727.0000, 1094.0000, -525.0000,  0, 240, 0,  3,  To_Thalassius
P -2569.0000, -4196.0000, -511.0000,  0, 240, 0,  3,  To_Zhisza
P -422.0000, 1266.0000, 35.0000,  240, 0, 0,  2,  Prexus'_Wrath_(Ground_Spawn)
P -880.0000, 1067.0000, 35.0000,  240, 0, 0,  2,  Kedge_Habitation_(Ground_Spawn)
P 4801.0000, -1151.0000, -510.0000,  0, 0, 240,  2,  Teleport_Pad
P 4562.0000, -1891.0000, -505.0000,  0, 0, 240,  2,  Teleport_Pad
P 4211.0000, -2578.0000, -510.0000,  0, 0, 240,  2,  Teleport_Pad
P -1153.0000, -4803.0000, -510.0000,  0, 0, 240,  2,  Teleport_Pad
P -1889.0000, -4562.0000, -505.0000,  0, 0, 240,  2,  Teleport_Pad
P 0.0000, -11.0000, 95.0000,  0, 0, 240,  2,  Head_Attendant_Haestus_(Tasks)
P 2580.0000, -4210.0000, -510.0000,  0, 0, 182,  2,  Teleport_Pad
P 1890.0000, -4562.0000, -505.0000,  0, 0, 240,  2,  Teleport_Pad
P 1153.0000, -4800.0000, -510.0000,  0, 0, 240,  2,  Teleport_Pad
P -4803.0000, 1152.0000, -505.0000,  0, 0, 240,  2,  Teleport_Pad
P 211.0000, 1108.0000, -109.0000,  240, 0, 0,  3,  elite_plate_armor
P 196.0000, 1038.0000, -109.0000,  240, 0, 0,  3,  elite_chain_armor
