L 1088.0000, -1475.0000, 0.0000,  1077.0000, -1442.0000, 0.0000,  153, 153, 153
L 1077.0000, -1442.0000, 0.0000,  1104.0000, -1410.0000, 0.0000,  153, 153, 153
L 1104.0000, -1410.0000, 0.0000,  1128.0000, -1365.0000, 0.0000,  153, 153, 153
L 1128.0000, -1365.0000, 0.0000,  1106.0000, -1325.0000, 0.0000,  153, 153, 153
L 1106.0000, -1325.0000, 0.0000,  1092.0000, -1317.0000, 0.0000,  153, 153, 153
L 1092.0000, -1317.0000, 0.0000,  1073.0000, -1331.0000, 0.0000,  153, 153, 153
L 1073.0000, -1331.0000, 0.0000,  1023.0000, -1390.0000, 0.0000,  153, 153, 153
L 1023.0000, -1390.0000, 0.0000,  952.0000, -1478.0000, 0.0000,  153, 153, 153
L 952.0000, -1478.0000, 0.0000,  935.0000, -1481.0000, 0.0000,  153, 153, 153
L 935.0000, -1481.0000, 0.0000,  903.0000, -1588.0000, 0.0000,  153, 153, 153
L 903.0000, -1588.0000, 0.0000,  899.0000, -1766.0000, 0.0000,  153, 153, 153
L 899.0000, -1766.0000, 0.0000,  897.0000, -1817.0000, 0.0000,  153, 153, 153
L 897.0000, -1817.0000, 0.0000,  896.0000, -1880.0000, 0.0000,  153, 153, 153
L 896.0000, -1880.0000, 0.0000,  895.0000, -1908.0000, 0.0000,  153, 153, 153
L 895.0000, -1908.0000, 0.0000,  886.0000, -1970.0000, 0.0000,  153, 153, 153
L 886.0000, -1970.0000, 0.0000,  880.0000, -1982.0000, 0.0000,  153, 153, 153
L 880.0000, -1982.0000, 0.0000,  859.0000, -1986.0000, 0.0000,  153, 153, 153
L 859.0000, -1986.0000, 0.0000,  -2472.0000, -1989.0000, 0.0000,  153, 153, 153
L -2472.0000, -1989.0000, 0.0000,  -2621.0000, -1988.0000, 0.0000,  153, 153, 153
L -2621.0000, -1988.0000, 0.0000,  -3742.0000, -1991.0000, 0.0000,  153, 153, 153
L -3742.0000, -1991.0000, 0.0000,  -3831.0000, -2026.0000, 0.0000,  153, 153, 153
L -3831.0000, -2026.0000, 0.0000,  -3892.0000, -1986.0000, 0.0000,  153, 153, 153
L -3892.0000, -1986.0000, 0.0000,  -4712.0000, -1986.0000, 0.0000,  153, 153, 153
L -4712.0000, -1986.0000, 0.0000,  -4729.0000, -661.0000, 0.0000,  153, 153, 153
L -4729.0000, -661.0000, 0.0000,  -4729.0000, -620.0000, 0.0000,  153, 153, 153
L -4729.0000, -620.0000, 0.0000,  -4766.0000, -544.0000, 0.0000,  153, 153, 153
L -4766.0000, -544.0000, 0.0000,  -4802.0000, -520.0000, 0.0000,  153, 153, 153
L -4802.0000, -520.0000, 0.0000,  -4815.0000, -499.0000, 0.0000,  153, 153, 153
L -4815.0000, -499.0000, 0.0000,  -4914.0000, -465.0000, 0.0000,  153, 153, 153
L -4914.0000, -465.0000, 0.0000,  -4962.0000, -481.0000, 0.0000,  153, 153, 153
L -4962.0000, -481.0000, 0.0000,  -4958.0000, -508.0000, 0.0000,  153, 153, 153
L -4770.0000, -418.0000, 0.0000,  -4719.0000, -414.0000, 0.0000,  153, 0, 0
L -4719.0000, -414.0000, 0.0000,  -4662.0000, -418.0000, 0.0000,  153, 0, 0
L -4662.0000, -418.0000, 0.0000,  -4619.0000, -417.0000, 0.0000,  153, 0, 0
L -4619.0000, -417.0000, 0.0000,  -4600.0000, -478.0000, 0.0000,  153, 0, 0
L -4600.0000, -478.0000, 0.0000,  -4600.0000, -553.0000, 0.0000,  153, 0, 0
L -4600.0000, -553.0000, 0.0000,  -4544.0000, -594.0000, 0.0000,  153, 0, 0
L -4544.0000, -594.0000, 0.0000,  -4477.0000, -645.0000, 0.0000,  153, 0, 0
L -4477.0000, -645.0000, 0.0000,  -4483.0000, -693.0000, 0.0000,  153, 0, 0
L -4483.0000, -693.0000, 0.0000,  -4487.0000, -735.0000, 0.0000,  153, 0, 0
L -4487.0000, -735.0000, 0.0000,  -4479.0000, -755.0000, 0.0000,  153, 0, 0
L -4479.0000, -755.0000, 0.0000,  -4487.0000, -795.0000, 0.0000,  153, 0, 0
L -4487.0000, -795.0000, 0.0000,  -4484.0000, -832.0000, 0.0000,  153, 0, 0
L -4484.0000, -832.0000, 0.0000,  -4493.0000, -852.0000, 0.0000,  153, 0, 0
L -4493.0000, -852.0000, 0.0000,  -4483.0000, -877.0000, 0.0000,  153, 0, 0
L -4483.0000, -877.0000, 0.0000,  -4491.0000, -916.0000, 0.0000,  153, 0, 0
L -4491.0000, -916.0000, 0.0000,  -4485.0000, -947.0000, 0.0000,  153, 0, 0
L -4485.0000, -947.0000, 0.0000,  -4491.0000, -979.0000, 0.0000,  153, 0, 0
L -4491.0000, -979.0000, 0.0000,  -4488.0000, -987.0000, 0.0000,  153, 0, 0
L -4488.0000, -987.0000, 0.0000,  -4496.0000, -1039.0000, 0.0000,  153, 0, 0
L -4496.0000, -1039.0000, 0.0000,  -4477.0000, -1124.0000, 0.0000,  153, 0, 0
L -4477.0000, -1124.0000, 0.0000,  -4397.0000, -1138.0000, 0.0000,  153, 0, 0
L -4397.0000, -1138.0000, 0.0000,  -4378.0000, -1191.0000, 0.0000,  153, 0, 0
L -4378.0000, -1191.0000, 0.0000,  -4378.0000, -1207.0000, 0.0000,  153, 0, 0
L -4378.0000, -1207.0000, 0.0000,  -4375.0000, -1242.0000, 0.0000,  153, 0, 0
L -4375.0000, -1242.0000, 0.0000,  -4382.0000, -1276.0000, 0.0000,  153, 0, 0
L -4382.0000, -1276.0000, 0.0000,  -4376.0000, -1300.0000, 0.0000,  153, 0, 0
L -4376.0000, -1300.0000, 0.0000,  -4377.0000, -1348.0000, 0.0000,  153, 0, 0
L -4377.0000, -1348.0000, 0.0000,  -4370.0000, -1373.0000, 0.0000,  153, 0, 0
L -4370.0000, -1373.0000, 0.0000,  -4381.0000, -1406.0000, 0.0000,  153, 0, 0
L -4381.0000, -1406.0000, 0.0000,  -4353.0000, -1498.0000, 0.0000,  153, 0, 0
L -4353.0000, -1498.0000, 0.0000,  -4282.0000, -1499.0000, 0.0000,  153, 0, 0
L -4282.0000, -1499.0000, 0.0000,  -4249.0000, -1509.0000, 0.0000,  153, 0, 0
L -4249.0000, -1509.0000, 0.0000,  -4209.0000, -1501.0000, 0.0000,  153, 0, 0
L -4209.0000, -1501.0000, 0.0000,  -4194.0000, -1504.0000, 0.0000,  153, 0, 0
L -4194.0000, -1504.0000, 0.0000,  -4177.0000, -1497.0000, 0.0000,  153, 0, 0
L -4177.0000, -1497.0000, 0.0000,  -4127.0000, -1513.0000, 0.0000,  153, 0, 0
L -4127.0000, -1513.0000, 0.0000,  -4098.0000, -1545.0000, 0.0000,  153, 0, 0
L -4098.0000, -1545.0000, 0.0000,  -4054.0000, -1586.0000, 0.0000,  153, 0, 0
L -4054.0000, -1586.0000, 0.0000,  -4038.0000, -1647.0000, 0.0000,  153, 0, 0
L -4038.0000, -1647.0000, 0.0000,  -4005.0000, -1662.0000, 0.0000,  153, 0, 0
L -4005.0000, -1662.0000, 0.0000,  -3960.0000, -1693.0000, 0.0000,  153, 0, 0
L -3960.0000, -1693.0000, 0.0000,  -3917.0000, -1706.0000, 0.0000,  153, 0, 0
L -3917.0000, -1706.0000, 0.0000,  -3907.0000, -1744.0000, 0.0000,  153, 0, 0
L -3907.0000, -1744.0000, 0.0000,  -3906.0000, -1767.0000, 0.0000,  153, 0, 0
L -3906.0000, -1767.0000, 0.0000,  -3868.0000, -1796.0000, 0.0000,  153, 0, 0
L -3868.0000, -1796.0000, 0.0000,  -3822.0000, -1827.0000, 0.0000,  153, 0, 0
L -3822.0000, -1827.0000, 0.0000,  -3805.0000, -1836.0000, 0.0000,  153, 0, 0
L -3805.0000, -1836.0000, 0.0000,  -3800.0000, -1842.0000, 0.0000,  153, 0, 0
L -3800.0000, -1842.0000, 0.0000,  -3798.0000, -1867.0000, 0.0000,  153, 0, 0
L -3798.0000, -1867.0000, 0.0000,  -3802.0000, -1922.0000, 0.0000,  153, 0, 0
L -3802.0000, -1922.0000, 0.0000,  -3802.0000, -1929.0000, 0.0000,  153, 0, 0
L -4979.0000, -475.0000, 0.0000,  -4934.0000, -426.0000, 0.0000,  153, 153, 153
L -4934.0000, -426.0000, 0.0000,  -4860.0000, -396.0000, 0.0000,  153, 153, 153
L -4860.0000, -396.0000, 0.0000,  -4848.0000, -340.0000, 0.0000,  153, 153, 153
L -4848.0000, -340.0000, 0.0000,  -4712.0000, -263.0000, 0.0000,  153, 153, 153
L -4712.0000, -263.0000, 0.0000,  -4700.0000, -234.0000, 0.0000,  153, 153, 153
L -4700.0000, -234.0000, 0.0000,  -4700.0000, 904.0000, 0.0000,  153, 153, 153
L -4700.0000, 904.0000, 0.0000,  -3905.0000, 900.0000, 0.0000,  153, 153, 153
L -4125.0000, -1513.0000, 0.0000,  -4077.0000, -1508.0000, 0.0000,  153, 0, 0
L -4077.0000, -1508.0000, 0.0000,  -4047.0000, -1499.0000, 0.0000,  153, 0, 0
L -4047.0000, -1499.0000, 0.0000,  -4018.0000, -1512.0000, 0.0000,  153, 0, 0
L -4018.0000, -1512.0000, 0.0000,  -3991.0000, -1502.0000, 0.0000,  153, 0, 0
L -3991.0000, -1502.0000, 0.0000,  -3962.0000, -1505.0000, 0.0000,  153, 0, 0
L -3962.0000, -1505.0000, 0.0000,  -3933.0000, -1496.0000, 0.0000,  153, 0, 0
L -3933.0000, -1496.0000, 0.0000,  -3905.0000, -1510.0000, 0.0000,  153, 0, 0
L -3905.0000, -1510.0000, 0.0000,  -3873.0000, -1499.0000, 0.0000,  153, 0, 0
L -3873.0000, -1499.0000, 0.0000,  -3800.0000, -1506.0000, 0.0000,  153, 0, 0
L -3800.0000, -1506.0000, 0.0000,  -3714.0000, -1398.0000, 0.0000,  153, 0, 0
L -3714.0000, -1398.0000, 0.0000,  -3664.0000, -1394.0000, 0.0000,  153, 0, 0
L -3664.0000, -1394.0000, 0.0000,  -3641.0000, -1341.0000, 0.0000,  153, 0, 0
L -3641.0000, -1341.0000, 0.0000,  -3601.0000, -1278.0000, 0.0000,  153, 0, 0
L -3601.0000, -1278.0000, 0.0000,  -3550.0000, -1269.0000, 0.0000,  153, 0, 0
L -3550.0000, -1269.0000, 0.0000,  -3529.0000, -1223.0000, 0.0000,  153, 0, 0
L -3529.0000, -1223.0000, 0.0000,  -3485.0000, -1158.0000, 0.0000,  153, 0, 0
L -3485.0000, -1158.0000, 0.0000,  -3433.0000, -1151.0000, 0.0000,  153, 0, 0
L -3433.0000, -1151.0000, 0.0000,  -3419.0000, -1126.0000, 0.0000,  153, 0, 0
L -3419.0000, -1126.0000, 0.0000,  -3415.0000, -1112.0000, 0.0000,  153, 0, 0
L -3415.0000, -1112.0000, 0.0000,  -3375.0000, -1039.0000, 0.0000,  153, 0, 0
L -3375.0000, -1039.0000, 0.0000,  -3327.0000, -1033.0000, 0.0000,  153, 0, 0
L -3327.0000, -1033.0000, 0.0000,  -3311.0000, -1021.0000, 0.0000,  153, 0, 0
L -3311.0000, -1021.0000, 0.0000,  -3297.0000, -977.0000, 0.0000,  153, 0, 0
L -3297.0000, -977.0000, 0.0000,  -3255.0000, -915.0000, 0.0000,  153, 0, 0
L -3255.0000, -915.0000, 0.0000,  -3260.0000, -906.0000, 0.0000,  153, 0, 0
L -3260.0000, -906.0000, 0.0000,  -3316.0000, -900.0000, 0.0000,  153, 0, 0
L -3316.0000, -900.0000, 0.0000,  -3324.0000, -903.0000, 0.0000,  153, 0, 0
L -3324.0000, -903.0000, 0.0000,  -3344.0000, -907.0000, 0.0000,  153, 0, 0
L -3344.0000, -907.0000, 0.0000,  -3367.0000, -891.0000, 0.0000,  153, 0, 0
L -3367.0000, -891.0000, 0.0000,  -3379.0000, -871.0000, 0.0000,  153, 0, 0
L -3379.0000, -871.0000, 0.0000,  -3387.0000, -860.0000, 0.0000,  153, 0, 0
L -3387.0000, -860.0000, 0.0000,  -3400.0000, -840.0000, 0.0000,  153, 0, 0
L -3400.0000, -840.0000, 0.0000,  -3424.0000, -824.0000, 0.0000,  153, 0, 0
L -3424.0000, -824.0000, 0.0000,  -3448.0000, -794.0000, 0.0000,  153, 0, 0
L -3448.0000, -794.0000, 0.0000,  -3446.0000, -777.0000, 0.0000,  153, 0, 0
L -3446.0000, -777.0000, 0.0000,  -3452.0000, -752.0000, 0.0000,  153, 0, 0
L -3452.0000, -752.0000, 0.0000,  -3473.0000, -744.0000, 0.0000,  153, 0, 0
L -3473.0000, -744.0000, 0.0000,  -3491.0000, -738.0000, 0.0000,  153, 0, 0
L -3491.0000, -738.0000, 0.0000,  -3555.0000, -695.0000, 0.0000,  153, 0, 0
L -3555.0000, -695.0000, 0.0000,  -3566.0000, -673.0000, 0.0000,  153, 0, 0
L -3566.0000, -673.0000, 0.0000,  -3560.0000, -648.0000, 0.0000,  153, 0, 0
L -3560.0000, -648.0000, 0.0000,  -3582.0000, -621.0000, 0.0000,  153, 0, 0
L -3582.0000, -621.0000, 0.0000,  -3614.0000, -616.0000, 0.0000,  153, 0, 0
L -3614.0000, -616.0000, 0.0000,  -3629.0000, -598.0000, 0.0000,  153, 0, 0
L -3629.0000, -598.0000, 0.0000,  -3666.0000, -575.0000, 0.0000,  153, 0, 0
L -3666.0000, -575.0000, 0.0000,  -3675.0000, -559.0000, 0.0000,  153, 0, 0
L -3675.0000, -559.0000, 0.0000,  -3676.0000, -514.0000, 0.0000,  153, 0, 0
L -3676.0000, -514.0000, 0.0000,  -3698.0000, -497.0000, 0.0000,  153, 0, 0
L -3698.0000, -497.0000, 0.0000,  -3735.0000, -493.0000, 0.0000,  153, 0, 0
L -3735.0000, -493.0000, 0.0000,  -3786.0000, -451.0000, 0.0000,  153, 0, 0
L -3786.0000, -451.0000, 0.0000,  -3792.0000, -393.0000, 0.0000,  153, 0, 0
L -3792.0000, -393.0000, 0.0000,  -3803.0000, -385.0000, 0.0000,  153, 0, 0
L -3803.0000, -385.0000, 0.0000,  -3841.0000, -371.0000, 0.0000,  153, 0, 0
L -3841.0000, -371.0000, 0.0000,  -3910.0000, -329.0000, 0.0000,  153, 0, 0
L -3910.0000, -329.0000, 0.0000,  -3916.0000, -323.0000, 0.0000,  153, 0, 0
L -3916.0000, -323.0000, 0.0000,  -3920.0000, -301.0000, 0.0000,  153, 0, 0
L -3920.0000, -301.0000, 0.0000,  -3917.0000, -279.0000, 0.0000,  153, 0, 0
L -3917.0000, -279.0000, 0.0000,  -3914.0000, -244.0000, 0.0000,  153, 0, 0
L -3914.0000, -244.0000, 0.0000,  -3920.0000, -196.0000, 0.0000,  153, 0, 0
L -3920.0000, -196.0000, 0.0000,  -3905.0000, -166.0000, 0.0000,  153, 0, 0
L -3905.0000, -166.0000, 0.0000,  -3913.0000, -138.0000, 0.0000,  153, 0, 0
L -3913.0000, -138.0000, 0.0000,  -3915.0000, -100.0000, 0.0000,  153, 0, 0
L -3915.0000, -100.0000, 0.0000,  -3913.0000, -75.0000, 0.0000,  153, 0, 0
L -3913.0000, -75.0000, 0.0000,  -3912.0000, -53.0000, 0.0000,  153, 0, 0
L -3912.0000, -53.0000, 0.0000,  -3920.0000, -37.0000, 0.0000,  153, 0, 0
L -3920.0000, -37.0000, 0.0000,  -3953.0000, -18.0000, 0.0000,  153, 0, 0
L -3953.0000, -18.0000, 0.0000,  -3971.0000, -3.0000, 0.0000,  153, 0, 0
L -3971.0000, -3.0000, 0.0000,  -4024.0000, 33.0000, 0.0000,  153, 0, 0
L -4024.0000, 33.0000, 0.0000,  -4035.0000, 47.0000, 0.0000,  153, 0, 0
L -4035.0000, 47.0000, 0.0000,  -4032.0000, 81.0000, 0.0000,  153, 0, 0
L -4032.0000, 81.0000, 0.0000,  -4031.0000, 111.0000, 0.0000,  153, 0, 0
L -4031.0000, 111.0000, 0.0000,  -4032.0000, 175.0000, 0.0000,  153, 0, 0
L -3254.0000, -911.0000, 0.0000,  -3216.0000, -897.0000, 0.0000,  153, 0, 0
L -3216.0000, -897.0000, 0.0000,  -3184.0000, -905.0000, 0.0000,  153, 0, 0
L -3184.0000, -905.0000, 0.0000,  -3167.0000, -905.0000, 0.0000,  153, 0, 0
L -3167.0000, -905.0000, 0.0000,  -3136.0000, -902.0000, 0.0000,  153, 0, 0
L -3136.0000, -902.0000, 0.0000,  -3093.0000, -914.0000, 0.0000,  153, 0, 0
L -3093.0000, -914.0000, 0.0000,  -3074.0000, -906.0000, 0.0000,  153, 0, 0
L -3074.0000, -906.0000, 0.0000,  -3036.0000, -906.0000, 0.0000,  153, 0, 0
L -3036.0000, -906.0000, 0.0000,  -3019.0000, -898.0000, 0.0000,  153, 0, 0
L -3019.0000, -898.0000, 0.0000,  -2983.0000, -910.0000, 0.0000,  153, 0, 0
L -2983.0000, -910.0000, 0.0000,  -2960.0000, -908.0000, 0.0000,  153, 0, 0
L -2960.0000, -908.0000, 0.0000,  -2934.0000, -903.0000, 0.0000,  153, 0, 0
L -2934.0000, -903.0000, 0.0000,  -2910.0000, -901.0000, 0.0000,  153, 0, 0
L -2910.0000, -901.0000, 0.0000,  -2889.0000, -895.0000, 0.0000,  153, 0, 0
L -2889.0000, -895.0000, 0.0000,  -2872.0000, -898.0000, 0.0000,  153, 0, 0
L -2872.0000, -898.0000, 0.0000,  -2863.0000, -902.0000, 0.0000,  153, 0, 0
L -2863.0000, -902.0000, 0.0000,  -2846.0000, -929.0000, 0.0000,  153, 0, 0
L -2846.0000, -929.0000, 0.0000,  -2821.0000, -963.0000, 0.0000,  153, 0, 0
L -2821.0000, -963.0000, 0.0000,  -2787.0000, -978.0000, 0.0000,  153, 0, 0
L -2787.0000, -978.0000, 0.0000,  -2768.0000, -985.0000, 0.0000,  153, 0, 0
L -2768.0000, -985.0000, 0.0000,  -2753.0000, -1000.0000, 0.0000,  153, 0, 0
L -2753.0000, -1000.0000, 0.0000,  -2754.0000, -1035.0000, 0.0000,  153, 0, 0
L -2754.0000, -1035.0000, 0.0000,  -2740.0000, -1060.0000, 0.0000,  153, 0, 0
L -2740.0000, -1060.0000, 0.0000,  -2705.0000, -1086.0000, 0.0000,  153, 0, 0
L -2705.0000, -1086.0000, 0.0000,  -2664.0000, -1101.0000, 0.0000,  153, 0, 0
L -2664.0000, -1101.0000, 0.0000,  -2645.0000, -1115.0000, 0.0000,  153, 0, 0
L -2645.0000, -1115.0000, 0.0000,  -2641.0000, -1133.0000, 0.0000,  153, 0, 0
L -2641.0000, -1133.0000, 0.0000,  -2639.0000, -1161.0000, 0.0000,  153, 0, 0
L -2639.0000, -1161.0000, 0.0000,  -2607.0000, -1194.0000, 0.0000,  153, 0, 0
L -2607.0000, -1194.0000, 0.0000,  -2551.0000, -1261.0000, 0.0000,  153, 0, 0
L -2551.0000, -1261.0000, 0.0000,  -2530.0000, -1267.0000, 0.0000,  153, 0, 0
L -2530.0000, -1267.0000, 0.0000,  -2508.0000, -1263.0000, 0.0000,  153, 0, 0
L -2508.0000, -1263.0000, 0.0000,  -2486.0000, -1263.0000, 0.0000,  153, 0, 0
L -2486.0000, -1263.0000, 0.0000,  -2462.0000, -1266.0000, 0.0000,  153, 0, 0
L -2462.0000, -1266.0000, 0.0000,  -2435.0000, -1259.0000, 0.0000,  153, 0, 0
L -2435.0000, -1259.0000, 0.0000,  -2407.0000, -1268.0000, 0.0000,  153, 0, 0
L -2407.0000, -1268.0000, 0.0000,  -2379.0000, -1267.0000, 0.0000,  153, 0, 0
L -2379.0000, -1267.0000, 0.0000,  -2353.0000, -1264.0000, 0.0000,  153, 0, 0
L -2353.0000, -1264.0000, 0.0000,  -2328.0000, -1266.0000, 0.0000,  153, 0, 0
L -2328.0000, -1266.0000, 0.0000,  -2297.0000, -1265.0000, 0.0000,  153, 0, 0
L -2297.0000, -1265.0000, 0.0000,  -2281.0000, -1256.0000, 0.0000,  153, 0, 0
L -2281.0000, -1256.0000, 0.0000,  -2220.0000, -1158.0000, 0.0000,  153, 0, 0
L -2220.0000, -1158.0000, 0.0000,  -2174.0000, -1152.0000, 0.0000,  153, 0, 0
L -2174.0000, -1152.0000, 0.0000,  -2157.0000, -1138.0000, 0.0000,  153, 0, 0
L -2157.0000, -1138.0000, 0.0000,  -2136.0000, -1089.0000, 0.0000,  153, 0, 0
L -2136.0000, -1089.0000, 0.0000,  -2101.0000, -1037.0000, 0.0000,  153, 0, 0
L -2101.0000, -1037.0000, 0.0000,  -2084.0000, -1022.0000, 0.0000,  153, 0, 0
L -2084.0000, -1022.0000, 0.0000,  -2067.0000, -1020.0000, 0.0000,  153, 0, 0
L -2067.0000, -1020.0000, 0.0000,  -1998.0000, -1022.0000, 0.0000,  153, 0, 0
L -1998.0000, -1022.0000, 0.0000,  -1971.0000, -1041.0000, 0.0000,  153, 0, 0
L -1971.0000, -1041.0000, 0.0000,  -1962.0000, -1093.0000, 0.0000,  153, 0, 0
L -1962.0000, -1093.0000, 0.0000,  -1881.0000, -1137.0000, 0.0000,  153, 0, 0
L -1881.0000, -1137.0000, 0.0000,  -1854.0000, -1157.0000, 0.0000,  153, 0, 0
L -1854.0000, -1157.0000, 0.0000,  -1851.0000, -1239.0000, 0.0000,  153, 0, 0
L -1851.0000, -1239.0000, 0.0000,  -1852.0000, -1265.0000, 0.0000,  153, 0, 0
L -1852.0000, -1265.0000, 0.0000,  -1838.0000, -1285.0000, 0.0000,  153, 0, 0
L -1838.0000, -1285.0000, 0.0000,  -1813.0000, -1300.0000, 0.0000,  153, 0, 0
L -1813.0000, -1300.0000, 0.0000,  -1775.0000, -1341.0000, 0.0000,  153, 0, 0
L -1775.0000, -1341.0000, 0.0000,  -1762.0000, -1366.0000, 0.0000,  153, 0, 0
L -1762.0000, -1366.0000, 0.0000,  -1752.0000, -1382.0000, 0.0000,  153, 0, 0
L -1752.0000, -1382.0000, 0.0000,  -1735.0000, -1389.0000, 0.0000,  153, 0, 0
L -1735.0000, -1389.0000, 0.0000,  -1722.0000, -1388.0000, 0.0000,  153, 0, 0
L -1722.0000, -1388.0000, 0.0000,  -1687.0000, -1380.0000, 0.0000,  153, 0, 0
L -1687.0000, -1380.0000, 0.0000,  -1660.0000, -1383.0000, 0.0000,  153, 0, 0
L -1660.0000, -1383.0000, 0.0000,  -1631.0000, -1387.0000, 0.0000,  153, 0, 0
L -1631.0000, -1387.0000, 0.0000,  -1614.0000, -1391.0000, 0.0000,  153, 0, 0
L -1614.0000, -1391.0000, 0.0000,  -1592.0000, -1377.0000, 0.0000,  153, 0, 0
L -1592.0000, -1377.0000, 0.0000,  -1536.0000, -1288.0000, 0.0000,  153, 0, 0
L -1536.0000, -1288.0000, 0.0000,  -1492.0000, -1273.0000, 0.0000,  153, 0, 0
L -1492.0000, -1273.0000, 0.0000,  -1469.0000, -1260.0000, 0.0000,  153, 0, 0
L -1469.0000, -1260.0000, 0.0000,  -1458.0000, -1234.0000, 0.0000,  153, 0, 0
L -1458.0000, -1234.0000, 0.0000,  -1430.0000, -1186.0000, 0.0000,  153, 0, 0
L -1430.0000, -1186.0000, 0.0000,  -1422.0000, -1171.0000, 0.0000,  153, 0, 0
L -1422.0000, -1171.0000, 0.0000,  -1410.0000, -1145.0000, 0.0000,  153, 0, 0
L -1410.0000, -1145.0000, 0.0000,  -1394.0000, -1135.0000, 0.0000,  153, 0, 0
L -1394.0000, -1135.0000, 0.0000,  -1367.0000, -1135.0000, 0.0000,  153, 0, 0
L -1367.0000, -1135.0000, 0.0000,  -1317.0000, -1140.0000, 0.0000,  153, 0, 0
L -1317.0000, -1140.0000, 0.0000,  -1300.0000, -1139.0000, 0.0000,  153, 0, 0
L -1300.0000, -1139.0000, 0.0000,  -1274.0000, -1135.0000, 0.0000,  153, 0, 0
L -1274.0000, -1135.0000, 0.0000,  -1271.0000, -1124.0000, 0.0000,  153, 0, 0
L -1271.0000, -1124.0000, 0.0000,  -1268.0000, -1102.0000, 0.0000,  153, 0, 0
L -1268.0000, -1102.0000, 0.0000,  -1265.0000, -1063.0000, 0.0000,  153, 0, 0
L -1265.0000, -1063.0000, 0.0000,  -1267.0000, -1045.0000, 0.0000,  153, 0, 0
L -1267.0000, -1045.0000, 0.0000,  -1270.0000, -1028.0000, 0.0000,  153, 0, 0
L -1270.0000, -1028.0000, 0.0000,  -1266.0000, -1016.0000, 0.0000,  153, 0, 0
L -1266.0000, -1016.0000, 0.0000,  -1262.0000, -993.0000, 0.0000,  153, 0, 0
L -1262.0000, -993.0000, 0.0000,  -1263.0000, -960.0000, 0.0000,  153, 0, 0
L -1263.0000, -960.0000, 0.0000,  -1267.0000, -932.0000, 0.0000,  153, 0, 0
L -1267.0000, -932.0000, 0.0000,  -1273.0000, -912.0000, 0.0000,  153, 0, 0
L -1273.0000, -912.0000, 0.0000,  -1257.0000, -879.0000, 0.0000,  153, 0, 0
L -1257.0000, -879.0000, 0.0000,  -1259.0000, -871.0000, 0.0000,  153, 0, 0
L -1259.0000, -871.0000, 0.0000,  -1265.0000, -837.0000, 0.0000,  153, 0, 0
L -1265.0000, -837.0000, 0.0000,  -1266.0000, -812.0000, 0.0000,  153, 0, 0
L -1266.0000, -812.0000, 0.0000,  -1272.0000, -799.0000, 0.0000,  153, 0, 0
L -1272.0000, -799.0000, 0.0000,  -1263.0000, -771.0000, 0.0000,  153, 0, 0
L -1263.0000, -771.0000, 0.0000,  -1260.0000, -755.0000, 0.0000,  153, 0, 0
L -1260.0000, -755.0000, 0.0000,  -1266.0000, -735.0000, 0.0000,  153, 0, 0
L -1266.0000, -735.0000, 0.0000,  -1260.0000, -695.0000, 0.0000,  153, 0, 0
L -1260.0000, -695.0000, 0.0000,  -1256.0000, -687.0000, 0.0000,  153, 0, 0
L -1256.0000, -687.0000, 0.0000,  -1237.0000, -665.0000, 0.0000,  153, 0, 0
L -1237.0000, -665.0000, 0.0000,  -1221.0000, -659.0000, 0.0000,  153, 0, 0
L -1221.0000, -659.0000, 0.0000,  -1179.0000, -650.0000, 0.0000,  153, 0, 0
L -1179.0000, -650.0000, 0.0000,  -1155.0000, -639.0000, 0.0000,  153, 0, 0
L -1155.0000, -639.0000, 0.0000,  -1149.0000, -628.0000, 0.0000,  153, 0, 0
L -1149.0000, -628.0000, 0.0000,  -1147.0000, -620.0000, 0.0000,  153, 0, 0
L -1147.0000, -620.0000, 0.0000,  -1148.0000, -548.0000, 0.0000,  153, 0, 0
L -1270.0000, -1129.0000, 0.0000,  -1255.0000, -1143.0000, 0.0000,  153, 0, 0
L -1255.0000, -1143.0000, 0.0000,  -1216.0000, -1139.0000, 0.0000,  153, 0, 0
L -1216.0000, -1139.0000, 0.0000,  -1195.0000, -1147.0000, 0.0000,  153, 0, 0
L -1195.0000, -1147.0000, 0.0000,  -1181.0000, -1144.0000, 0.0000,  153, 0, 0
L -1181.0000, -1144.0000, 0.0000,  -1135.0000, -1152.0000, 0.0000,  153, 0, 0
L -1135.0000, -1152.0000, 0.0000,  -1121.0000, -1145.0000, 0.0000,  153, 0, 0
L -1121.0000, -1145.0000, 0.0000,  -1084.0000, -1147.0000, 0.0000,  153, 0, 0
L -1084.0000, -1147.0000, 0.0000,  -1059.0000, -1139.0000, 0.0000,  153, 0, 0
L -1059.0000, -1139.0000, 0.0000,  -1021.0000, -1151.0000, 0.0000,  153, 0, 0
L -1021.0000, -1151.0000, 0.0000,  -1008.0000, -1147.0000, 0.0000,  153, 0, 0
L -1008.0000, -1147.0000, 0.0000,  -958.0000, -1144.0000, 0.0000,  153, 0, 0
L -958.0000, -1144.0000, 0.0000,  -929.0000, -1144.0000, 0.0000,  153, 0, 0
L -929.0000, -1144.0000, 0.0000,  -837.0000, -1037.0000, 0.0000,  153, 0, 0
L -837.0000, -1037.0000, 0.0000,  -788.0000, -1032.0000, 0.0000,  153, 0, 0
L -788.0000, -1032.0000, 0.0000,  -772.0000, -1011.0000, 0.0000,  153, 0, 0
L -772.0000, -1011.0000, 0.0000,  -751.0000, -967.0000, 0.0000,  153, 0, 0
L -751.0000, -967.0000, 0.0000,  -724.0000, -916.0000, 0.0000,  153, 0, 0
L -724.0000, -916.0000, 0.0000,  -720.0000, -909.0000, 0.0000,  153, 0, 0
L -720.0000, -909.0000, 0.0000,  -696.0000, -900.0000, 0.0000,  153, 0, 0
L -696.0000, -900.0000, 0.0000,  -616.0000, -902.0000, 0.0000,  153, 0, 0
L -616.0000, -902.0000, 0.0000,  -607.0000, -902.0000, 0.0000,  153, 0, 0
L -607.0000, -902.0000, 0.0000,  -583.0000, -894.0000, 0.0000,  153, 0, 0
L -583.0000, -894.0000, 0.0000,  -540.0000, -937.0000, 0.0000,  153, 0, 0
L -540.0000, -937.0000, 0.0000,  -498.0000, -1005.0000, 0.0000,  153, 0, 0
L -498.0000, -1005.0000, 0.0000,  -472.0000, -1026.0000, 0.0000,  153, 0, 0
L -472.0000, -1026.0000, 0.0000,  -446.0000, -1023.0000, 0.0000,  153, 0, 0
L -446.0000, -1023.0000, 0.0000,  -429.0000, -1020.0000, 0.0000,  153, 0, 0
L -429.0000, -1020.0000, 0.0000,  -386.0000, -1019.0000, 0.0000,  153, 0, 0
L -386.0000, -1019.0000, 0.0000,  -367.0000, -1016.0000, 0.0000,  153, 0, 0
L -367.0000, -1016.0000, 0.0000,  -350.0000, -1015.0000, 0.0000,  153, 0, 0
L -350.0000, -1015.0000, 0.0000,  -349.0000, -999.0000, 0.0000,  153, 0, 0
L -349.0000, -999.0000, 0.0000,  -350.0000, -982.0000, 0.0000,  153, 0, 0
L -350.0000, -982.0000, 0.0000,  -347.0000, -958.0000, 0.0000,  153, 0, 0
L -347.0000, -958.0000, 0.0000,  -344.0000, -902.0000, 0.0000,  153, 0, 0
L -351.0000, -1013.0000, 0.0000,  -323.0000, -1022.0000, 0.0000,  153, 0, 0
L -323.0000, -1022.0000, 0.0000,  -302.0000, -1019.0000, 0.0000,  153, 0, 0
L -302.0000, -1019.0000, 0.0000,  -265.0000, -1021.0000, 0.0000,  153, 0, 0
L -265.0000, -1021.0000, 0.0000,  -248.0000, -1018.0000, 0.0000,  153, 0, 0
L -248.0000, -1018.0000, 0.0000,  -220.0000, -1018.0000, 0.0000,  153, 0, 0
L -220.0000, -1018.0000, 0.0000,  -181.0000, -1066.0000, 0.0000,  153, 0, 0
L -181.0000, -1066.0000, 0.0000,  -144.0000, -1115.0000, 0.0000,  153, 0, 0
L -144.0000, -1115.0000, 0.0000,  -131.0000, -1140.0000, 0.0000,  153, 0, 0
L -131.0000, -1140.0000, 0.0000,  -103.0000, -1183.0000, 0.0000,  153, 0, 0
L -103.0000, -1183.0000, 0.0000,  -81.0000, -1186.0000, 0.0000,  153, 0, 0
L -81.0000, -1186.0000, 0.0000,  -41.0000, -1213.0000, 0.0000,  153, 0, 0
L -41.0000, -1213.0000, 0.0000,  -18.0000, -1230.0000, 0.0000,  153, 0, 0
L -18.0000, -1230.0000, 0.0000,  -10.0000, -1277.0000, 0.0000,  153, 0, 0
L -10.0000, -1277.0000, 0.0000,  2.0000, -1293.0000, 0.0000,  153, 0, 0
L 2.0000, -1293.0000, 0.0000,  32.0000, -1301.0000, 0.0000,  153, 0, 0
L 32.0000, -1301.0000, 0.0000,  74.0000, -1347.0000, 0.0000,  153, 0, 0
L 74.0000, -1347.0000, 0.0000,  89.0000, -1372.0000, 0.0000,  153, 0, 0
L 89.0000, -1372.0000, 0.0000,  148.0000, -1382.0000, 0.0000,  153, 0, 0
L 148.0000, -1382.0000, 0.0000,  186.0000, -1383.0000, 0.0000,  153, 0, 0
L 186.0000, -1383.0000, 0.0000,  211.0000, -1379.0000, 0.0000,  153, 0, 0
L 211.0000, -1379.0000, 0.0000,  248.0000, -1391.0000, 0.0000,  153, 0, 0
L 248.0000, -1391.0000, 0.0000,  283.0000, -1383.0000, 0.0000,  153, 0, 0
L 283.0000, -1383.0000, 0.0000,  320.0000, -1384.0000, 0.0000,  153, 0, 0
L 320.0000, -1384.0000, 0.0000,  349.0000, -1387.0000, 0.0000,  153, 0, 0
L 349.0000, -1387.0000, 0.0000,  372.0000, -1375.0000, 0.0000,  153, 0, 0
L 372.0000, -1375.0000, 0.0000,  393.0000, -1338.0000, 0.0000,  153, 0, 0
L 393.0000, -1338.0000, 0.0000,  430.0000, -1282.0000, 0.0000,  153, 0, 0
L 430.0000, -1282.0000, 0.0000,  451.0000, -1268.0000, 0.0000,  153, 0, 0
L 451.0000, -1268.0000, 0.0000,  480.0000, -1262.0000, 0.0000,  153, 0, 0
L 480.0000, -1262.0000, 0.0000,  504.0000, -1262.0000, 0.0000,  153, 0, 0
L 504.0000, -1262.0000, 0.0000,  529.0000, -1264.0000, 0.0000,  153, 0, 0
L 529.0000, -1264.0000, 0.0000,  538.0000, -1265.0000, 0.0000,  153, 0, 0
L 538.0000, -1265.0000, 0.0000,  546.0000, -1262.0000, 0.0000,  153, 0, 0
L 546.0000, -1262.0000, 0.0000,  573.0000, -1257.0000, 0.0000,  153, 0, 0
L 573.0000, -1257.0000, 0.0000,  584.0000, -1263.0000, 0.0000,  153, 0, 0
L 584.0000, -1263.0000, 0.0000,  612.0000, -1269.0000, 0.0000,  153, 0, 0
L 612.0000, -1269.0000, 0.0000,  619.0000, -1266.0000, 0.0000,  153, 0, 0
L 619.0000, -1266.0000, 0.0000,  645.0000, -1267.0000, 0.0000,  153, 0, 0
L 645.0000, -1267.0000, 0.0000,  670.0000, -1261.0000, 0.0000,  153, 0, 0
L 670.0000, -1261.0000, 0.0000,  694.0000, -1261.0000, 0.0000,  153, 0, 0
L 694.0000, -1261.0000, 0.0000,  718.0000, -1272.0000, 0.0000,  153, 0, 0
L 718.0000, -1272.0000, 0.0000,  743.0000, -1264.0000, 0.0000,  153, 0, 0
L 743.0000, -1264.0000, 0.0000,  775.0000, -1261.0000, 0.0000,  153, 0, 0
L 775.0000, -1261.0000, 0.0000,  799.0000, -1257.0000, 0.0000,  153, 0, 0
L 799.0000, -1257.0000, 0.0000,  816.0000, -1257.0000, 0.0000,  153, 0, 0
L 816.0000, -1257.0000, 0.0000,  831.0000, -1265.0000, 0.0000,  153, 0, 0
L 831.0000, -1265.0000, 0.0000,  842.0000, -1279.0000, 0.0000,  153, 0, 0
L 842.0000, -1279.0000, 0.0000,  851.0000, -1294.0000, 0.0000,  153, 0, 0
L 851.0000, -1294.0000, 0.0000,  865.0000, -1314.0000, 0.0000,  153, 0, 0
L 865.0000, -1314.0000, 0.0000,  880.0000, -1339.0000, 0.0000,  153, 0, 0
L 880.0000, -1339.0000, 0.0000,  909.0000, -1383.0000, 0.0000,  153, 0, 0
L 909.0000, -1383.0000, 0.0000,  945.0000, -1386.0000, 0.0000,  153, 0, 0
L 945.0000, -1386.0000, 0.0000,  979.0000, -1382.0000, 0.0000,  153, 0, 0
L -3917.0000, 900.0000, 0.0000,  929.0000, 880.0000, 0.0000,  153, 153, 153
L 929.0000, 880.0000, 0.0000,  906.0000, -1135.0000, 0.0000,  153, 153, 153
L 906.0000, -1135.0000, 0.0000,  969.0000, -1259.0000, 0.0000,  153, 153, 153
L 969.0000, -1259.0000, 0.0000,  1025.0000, -1292.0000, 0.0000,  153, 153, 153
L 1025.0000, -1292.0000, 0.0000,  1057.0000, -1294.0000, 0.0000,  153, 153, 153
L 1034.0000, -1334.0000, 0.0000,  1061.0000, -1305.0000, 0.0000,  153, 153, 153
L 1061.0000, -1305.0000, 0.0000,  1083.0000, -1293.0000, 0.0000,  153, 153, 153
L 1083.0000, -1293.0000, 0.0000,  1113.0000, -1296.0000, 0.0000,  153, 153, 153
L 1113.0000, -1296.0000, 0.0000,  1149.0000, -1351.0000, 0.0000,  153, 153, 153
L 1149.0000, -1351.0000, 0.0000,  1148.0000, -1414.0000, 0.0000,  153, 153, 153
L 1148.0000, -1414.0000, 0.0000,  1117.0000, -1429.0000, 0.0000,  153, 153, 153
L 1117.0000, -1429.0000, 0.0000,  1098.0000, -1446.0000, 0.0000,  153, 153, 153
L 1098.0000, -1446.0000, 0.0000,  1096.0000, -1458.0000, 0.0000,  153, 153, 153
