P 1159.2850, 429.6870, -420.5420,  0, 0, 240,  3,  Kenra_kalekkio
P 1037.1490, -1030.9010, -417.6790,  0, 0, 240,  3,  Kevren_Nalavat
P -389.1290, 1248.7280, -435.0510,  0, 0, 240,  3,  Gazak_Klelkek
P -1280.0350, 2003.7720, -351.9980,  0, 0, 240,  2,  Tublik_Narwethar
P 824.7540, -550.0000, -431.0000,  0, 240, 0,  2,  Beware_of_Ukuns
P -1503.0000, -598.0000, -380.0000,  240, 240, 240,  3,  (Raid_Ikkinz_4)
P -1415.0000, -1675.0000, -380.0000,  240, 240, 240,  3,  (Raid_Ikkinz_3)
P -2526.0000, -598.0000, -380.0000,  240, 240, 240,  3,  (Raid_Ikkinz_2)
P -1555.0000, 500.0000, -380.0000,  240, 240, 240,  3,  (Raid_Ikkinz_1)
P -2496.0000, 2758.0000, -352.0000,  0, 240, 0,  3,  to_Yxtta_(Uqua/MR)
P -2675.0000, 634.0000, -407.0000,  0, 240, 0,  3,  to_Qvic
P 900.0000, 1675.0000, -432.0000,  240, 240, 240,  3,  (Group_Ikkinz_2)
P 890.0000, 900.0000, -421.0000,  240, 240, 240,  3,  (Group_Ikkinz_3)
P 375.0000, 1240.0000, -435.0000,  240, 240, 240,  3,  (Group_Ikkinz_1)
P 1561.8640, -1547.9480, -303.9990,  0, 240, 0,  3,  to_Natimbi
P 1087.8750, -1231.7460, -431.9860,  0, 240, 0,  2,  Safe_path_to_Yxtta
P 1438.1920, -647.6290, -351.9980,  240, 127, 0,  2,  Temple_of_the_Damned
P -1200.3361, 1675.0000, -351.9980,  240, 127, 0,  2,  Martyr's_Passage
P -700.3360, -647.6290, -342.6910,  240, 127, 0,  2,  Summoner_Ring
P -2176.0000, -2175.0000, -303.9980,  240, 127, 0,  2,  Pit_of_the_Lost
P -540.3360, -115.0000, -303.9980,  240, 127, 0,  2,  Crumbled_Sanctuary
P 612.0000, 1975.0000, -432.0000,  0, 0, 240,  3,  Maroley_Nazuey
P -588.0000, 2753.0000, -352.0000,  0, 240, 0,  3,  to_Yxtta_(Primals)
