L -327.0000, 1672.0000, -103.0000,  -311.0000, 1711.0000, -103.0000,  102, 99, 0
L -359.0000, 1681.0000, -119.0000,  -327.0000, 1672.0000, -103.0000,  102, 99, 0
L -367.0000, 1705.0000, -125.0000,  -359.0000, 1681.0000, -119.0000,  102, 99, 0
L -355.0000, 1745.0000, -131.0000,  -367.0000, 1705.0000, -125.0000,  102, 99, 0
L -355.0000, 1758.0000, -133.0000,  -355.0000, 1745.0000, -131.0000,  102, 99, 0
L -368.0000, 1784.0000, -138.0000,  -355.0000, 1758.0000, -133.0000,  102, 99, 0
L -391.0000, 1803.0000, -142.0000,  -368.0000, 1784.0000, -138.0000,  102, 99, 0
L -407.0000, 1811.0000, -146.0000,  -391.0000, 1803.0000, -142.0000,  102, 99, 0
L -417.0000, 1842.0000, -146.0000,  -407.0000, 1811.0000, -146.0000,  102, 99, 0
L -388.0000, 1859.0000, -157.0000,  -417.0000, 1842.0000, -146.0000,  102, 99, 0
L -377.0000, 1881.0000, -155.0000,  -388.0000, 1859.0000, -157.0000,  102, 99, 0
L -379.0000, 1945.0000, -152.0000,  -377.0000, 1881.0000, -155.0000,  102, 99, 0
L -394.0000, 1972.0000, -147.0000,  -379.0000, 1945.0000, -152.0000,  102, 99, 0
L -415.0000, 1997.0000, -143.0000,  -394.0000, 1972.0000, -147.0000,  102, 99, 0
L -430.0000, 1998.0000, -147.0000,  -415.0000, 1997.0000, -143.0000,  102, 99, 0
L -411.0000, 2028.0000, -169.0000,  -430.0000, 1998.0000, -147.0000,  102, 99, 0
L -378.0000, 2044.0000, -176.0000,  -411.0000, 2028.0000, -169.0000,  102, 99, 0
L -363.0000, 2056.0000, -179.0000,  -378.0000, 2044.0000, -176.0000,  102, 99, 0
L -348.0000, 2094.0000, -185.0000,  -363.0000, 2056.0000, -179.0000,  102, 99, 0
L -359.0000, 2134.0000, -191.0000,  -348.0000, 2094.0000, -185.0000,  102, 99, 0
L -386.0000, 2158.0000, -196.0000,  -359.0000, 2134.0000, -191.0000,  102, 99, 0
L -420.0000, 2170.0000, -201.0000,  -386.0000, 2158.0000, -196.0000,  102, 99, 0
L -432.0000, 2186.0000, -208.0000,  -420.0000, 2170.0000, -201.0000,  102, 99, 0
L -424.0000, 2215.0000, -218.0000,  -432.0000, 2186.0000, -208.0000,  102, 99, 0
L -408.0000, 2221.0000, -218.0000,  -424.0000, 2215.0000, -218.0000,  102, 99, 0
L -363.0000, 2221.0000, -211.0000,  -408.0000, 2221.0000, -218.0000,  102, 99, 0
L -343.0000, 2190.0000, -224.0000,  -363.0000, 2221.0000, -211.0000,  102, 99, 0
L -304.0000, 2188.0000, -224.0000,  -343.0000, 2190.0000, -224.0000,  102, 99, 0
L -281.0000, 2174.0000, -223.0000,  -304.0000, 2188.0000, -224.0000,  102, 99, 0
L -253.0000, 2173.0000, -221.0000,  -281.0000, 2174.0000, -223.0000,  102, 99, 0
L -247.0000, 2131.0000, -223.0000,  -253.0000, 2173.0000, -221.0000,  102, 99, 0
L -237.0000, 2106.0000, -216.0000,  -247.0000, 2131.0000, -223.0000,  102, 99, 0
L -202.0000, 2075.0000, -205.0000,  -237.0000, 2106.0000, -216.0000,  102, 99, 0
L -194.0000, 2054.0000, -195.0000,  -202.0000, 2075.0000, -205.0000,  102, 99, 0
L -198.0000, 2001.0000, -184.0000,  -194.0000, 2054.0000, -195.0000,  102, 99, 0
L -191.0000, 1968.0000, -178.0000,  -198.0000, 2001.0000, -184.0000,  102, 99, 0
L -170.0000, 1946.0000, -172.0000,  -191.0000, 1968.0000, -178.0000,  102, 99, 0
L -131.0000, 1928.0000, -154.0000,  -170.0000, 1946.0000, -172.0000,  102, 99, 0
L -105.0000, 1926.0000, -150.0000,  -131.0000, 1928.0000, -154.0000,  102, 99, 0
L -98.0000, 1908.0000, -154.0000,  -105.0000, 1926.0000, -150.0000,  102, 99, 0
L -81.0000, 1904.0000, -161.0000,  -98.0000, 1908.0000, -154.0000,  102, 99, 0
L -76.0000, 1883.0000, -155.0000,  -81.0000, 1904.0000, -161.0000,  102, 99, 0
L -76.0000, 1843.0000, -139.0000,  -76.0000, 1883.0000, -155.0000,  102, 99, 0
L -39.0000, 1833.0000, -142.0000,  -76.0000, 1843.0000, -139.0000,  102, 99, 0
L -30.0000, 1795.0000, -154.0000,  -39.0000, 1833.0000, -142.0000,  102, 99, 0
L -18.0000, 1762.0000, -143.0000,  -30.0000, 1795.0000, -154.0000,  102, 99, 0
L -31.0000, 1741.0000, -135.0000,  -18.0000, 1762.0000, -143.0000,  102, 99, 0
L -73.0000, 1727.0000, -127.0000,  -31.0000, 1741.0000, -135.0000,  102, 99, 0
L -92.0000, 1708.0000, -119.0000,  -73.0000, 1727.0000, -127.0000,  102, 99, 0
L -111.0000, 1691.0000, -109.0000,  -92.0000, 1708.0000, -119.0000,  102, 99, 0
L -132.0000, 1686.0000, -102.0000,  -111.0000, 1691.0000, -109.0000,  102, 99, 0
L -148.0000, 1715.0000, -115.0000,  -132.0000, 1686.0000, -102.0000,  102, 99, 0
L -182.0000, 1732.0000, -117.0000,  -148.0000, 1715.0000, -115.0000,  102, 99, 0
L -267.0000, 1734.0000, -106.0000,  -182.0000, 1732.0000, -117.0000,  102, 99, 0
L -311.0000, 1711.0000, -102.0000,  -267.0000, 1734.0000, -106.0000,  102, 99, 0
L -311.0000, 1711.0000, -1026.0000,  -311.0000, 1711.0000, -102.0000,  102, 99, 0
L -58.0000, 1052.0000, 32.0000,  -56.0000, 1030.0000, 38.0000,  102, 99, 0
L -106.0000, 1102.0000, 17.0000,  -58.0000, 1052.0000, 32.0000,  102, 99, 0
L -110.0000, 1148.0000, 9.0000,  -106.0000, 1102.0000, 17.0000,  102, 99, 0
L -73.0000, 1204.0000, -7.0000,  -110.0000, 1148.0000, 9.0000,  102, 99, 0
L -76.0000, 1225.0000, -16.0000,  -73.0000, 1204.0000, -7.0000,  102, 99, 0
L -119.0000, 1259.0000, -29.0000,  -76.0000, 1225.0000, -16.0000,  102, 99, 0
L -127.0000, 1286.0000, -35.0000,  -119.0000, 1259.0000, -29.0000,  102, 99, 0
L -114.0000, 1332.0000, -46.0000,  -127.0000, 1286.0000, -35.0000,  102, 99, 0
L -115.0000, 1372.0000, -72.0000,  -114.0000, 1332.0000, -46.0000,  102, 99, 0
L -137.0000, 1381.0000, -76.0000,  -115.0000, 1372.0000, -72.0000,  102, 99, 0
L -203.0000, 1408.0000, -90.0000,  -137.0000, 1381.0000, -76.0000,  102, 99, 0
L -233.0000, 1453.0000, -101.0000,  -203.0000, 1408.0000, -90.0000,  102, 99, 0
L -221.0000, 1515.0000, -102.0000,  -233.0000, 1453.0000, -101.0000,  102, 99, 0
L -283.0000, 1528.0000, -108.0000,  -221.0000, 1515.0000, -102.0000,  102, 99, 0
L -311.0000, 1560.0000, -106.0000,  -283.0000, 1528.0000, -108.0000,  102, 99, 0
L -323.0000, 1634.0000, -104.0000,  -311.0000, 1560.0000, -106.0000,  102, 99, 0
L -366.0000, 1643.0000, -118.0000,  -323.0000, 1634.0000, -104.0000,  102, 99, 0
L -404.0000, 1705.0000, -124.0000,  -366.0000, 1643.0000, -118.0000,  102, 99, 0
L -391.0000, 1742.0000, -129.0000,  -404.0000, 1705.0000, -124.0000,  102, 99, 0
L -399.0000, 1765.0000, -141.0000,  -391.0000, 1742.0000, -129.0000,  102, 99, 0
L -436.0000, 1791.0000, -149.0000,  -399.0000, 1765.0000, -141.0000,  102, 99, 0
L -449.0000, 1843.0000, -147.0000,  -436.0000, 1791.0000, -149.0000,  102, 99, 0
L -511.0000, 1869.0000, -160.0000,  -449.0000, 1843.0000, -147.0000,  102, 99, 0
L -524.0000, 1904.0000, -165.0000,  -511.0000, 1869.0000, -160.0000,  102, 99, 0
L -511.0000, 1969.0000, -161.0000,  -524.0000, 1904.0000, -165.0000,  102, 99, 0
L -483.0000, 1994.0000, -155.0000,  -511.0000, 1969.0000, -161.0000,  102, 99, 0
L -466.0000, 1996.0000, -149.0000,  -483.0000, 1994.0000, -155.0000,  102, 99, 0
L -463.0000, 2017.0000, -160.0000,  -466.0000, 1996.0000, -149.0000,  102, 99, 0
L -437.0000, 2054.0000, -167.0000,  -463.0000, 2017.0000, -160.0000,  102, 99, 0
L -397.0000, 2074.0000, -175.0000,  -437.0000, 2054.0000, -167.0000,  102, 99, 0
L -389.0000, 2079.0000, -181.0000,  -397.0000, 2074.0000, -175.0000,  102, 99, 0
L -385.0000, 2102.0000, -187.0000,  -389.0000, 2079.0000, -181.0000,  102, 99, 0
L -399.0000, 2123.0000, -195.0000,  -385.0000, 2102.0000, -187.0000,  102, 99, 0
L -445.0000, 2142.0000, -202.0000,  -399.0000, 2123.0000, -195.0000,  102, 99, 0
L -469.0000, 2185.0000, -209.0000,  -445.0000, 2142.0000, -202.0000,  102, 99, 0
L -456.0000, 2233.0000, -216.0000,  -469.0000, 2185.0000, -209.0000,  102, 99, 0
L -428.0000, 2254.0000, -221.0000,  -456.0000, 2233.0000, -216.0000,  102, 99, 0
L -407.0000, 2258.0000, -224.0000,  -428.0000, 2254.0000, -221.0000,  102, 99, 0
L -362.0000, 2246.0000, -222.0000,  -407.0000, 2258.0000, -224.0000,  102, 99, 0
L -361.0000, 2261.0000, -222.0000,  -362.0000, 2246.0000, -222.0000,  102, 99, 0
L -351.0000, 2269.0000, -222.0000,  -361.0000, 2261.0000, -222.0000,  102, 99, 0
L -337.0000, 2268.0000, -231.0000,  -351.0000, 2269.0000, -222.0000,  102, 99, 0
L -324.0000, 2277.0000, -239.0000,  -337.0000, 2268.0000, -231.0000,  102, 99, 0
L -298.0000, 2315.0000, -235.0000,  -324.0000, 2277.0000, -239.0000,  102, 99, 0
L -298.0000, 2315.0000, -2360.0000,  -298.0000, 2315.0000, -235.0000,  102, 99, 0
L -258.0000, 2321.0000, -240.0000,  -298.0000, 2315.0000, -235.0000,  102, 99, 0
L -205.0000, 2305.0000, -235.0000,  -258.0000, 2321.0000, -240.0000,  102, 99, 0
L -191.0000, 2274.0000, -233.0000,  -205.0000, 2305.0000, -235.0000,  102, 99, 0
L -194.0000, 2196.0000, -211.0000,  -191.0000, 2274.0000, -233.0000,  102, 99, 0
L -220.0000, 2174.0000, -215.0000,  -194.0000, 2196.0000, -211.0000,  102, 99, 0
L -207.0000, 2128.0000, -217.0000,  -220.0000, 2174.0000, -215.0000,  102, 99, 0
L -181.0000, 2106.0000, -207.0000,  -207.0000, 2128.0000, -217.0000,  102, 99, 0
L -159.0000, 2059.0000, -197.0000,  -181.0000, 2106.0000, -207.0000,  102, 99, 0
L -162.0000, 2029.0000, -192.0000,  -159.0000, 2059.0000, -197.0000,  102, 99, 0
L -158.0000, 1984.0000, -178.0000,  -162.0000, 2029.0000, -192.0000,  102, 99, 0
L -145.0000, 1972.0000, -172.0000,  -158.0000, 1984.0000, -178.0000,  102, 99, 0
L -116.0000, 1962.0000, -153.0000,  -145.0000, 1972.0000, -172.0000,  102, 99, 0
L -105.0000, 1977.0000, -155.0000,  -116.0000, 1962.0000, -153.0000,  102, 99, 0
L -60.0000, 2013.0000, -159.0000,  -105.0000, 1977.0000, -155.0000,  102, 99, 0
L -14.0000, 2016.0000, -160.0000,  -60.0000, 2013.0000, -159.0000,  102, 99, 0
L 44.0000, 1964.0000, -154.0000,  -14.0000, 2016.0000, -160.0000,  102, 99, 0
L 61.0000, 1913.0000, -134.0000,  44.0000, 1964.0000, -154.0000,  102, 99, 0
L 33.0000, 1847.0000, -162.0000,  61.0000, 1913.0000, -134.0000,  102, 99, 0
L -8.0000, 1835.0000, -152.0000,  33.0000, 1847.0000, -162.0000,  102, 99, 0
L 8.0000, 1797.0000, -151.0000,  -8.0000, 1835.0000, -152.0000,  102, 99, 0
L 14.0000, 1755.0000, -143.0000,  8.0000, 1797.0000, -151.0000,  102, 99, 0
L -9.0000, 1713.0000, -134.0000,  14.0000, 1755.0000, -143.0000,  102, 99, 0
L -54.0000, 1697.0000, -128.0000,  -9.0000, 1713.0000, -134.0000,  102, 99, 0
L -83.0000, 1665.0000, -119.0000,  -54.0000, 1697.0000, -128.0000,  102, 99, 0
L -132.0000, 1651.0000, -105.0000,  -83.0000, 1665.0000, -119.0000,  102, 99, 0
L -136.0000, 1595.0000, -104.0000,  -132.0000, 1651.0000, -105.0000,  102, 99, 0
L -164.0000, 1566.0000, -111.0000,  -136.0000, 1595.0000, -104.0000,  102, 99, 0
L -174.0000, 1516.0000, -94.0000,  -164.0000, 1566.0000, -111.0000,  102, 99, 0
L -186.0000, 1516.0000, -99.0000,  -174.0000, 1516.0000, -94.0000,  102, 99, 0
L -198.0000, 1470.0000, -104.0000,  -186.0000, 1516.0000, -99.0000,  102, 99, 0
L -178.0000, 1434.0000, -90.0000,  -198.0000, 1470.0000, -104.0000,  102, 99, 0
L -127.0000, 1417.0000, -75.0000,  -178.0000, 1434.0000, -90.0000,  102, 99, 0
L -99.0000, 1405.0000, -72.0000,  -127.0000, 1417.0000, -75.0000,  102, 99, 0
L -79.0000, 1383.0000, -67.0000,  -99.0000, 1405.0000, -72.0000,  102, 99, 0
L -74.0000, 1337.0000, -57.0000,  -79.0000, 1383.0000, -67.0000,  102, 99, 0
L -90.0000, 1280.0000, -31.0000,  -74.0000, 1337.0000, -57.0000,  102, 99, 0
L -38.0000, 1228.0000, -11.0000,  -90.0000, 1280.0000, -31.0000,  102, 99, 0
L -42.0000, 1186.0000, -4.0000,  -38.0000, 1228.0000, -11.0000,  102, 99, 0
L -71.0000, 1148.0000, 7.0000,  -42.0000, 1186.0000, -4.0000,  102, 99, 0
L -75.0000, 1128.0000, 13.0000,  -71.0000, 1148.0000, 7.0000,  102, 99, 0
L -70.0000, 1111.0000, 18.0000,  -75.0000, 1128.0000, 13.0000,  102, 99, 0
L -46.0000, 1094.0000, 26.0000,  -70.0000, 1111.0000, 18.0000,  102, 99, 0
L -26.0000, 1069.0000, 32.0000,  -46.0000, 1094.0000, 26.0000,  102, 99, 0
L -20.0000, 1026.0000, 45.0000,  -26.0000, 1069.0000, 32.0000,  102, 99, 0
L -20.0000, 1026.0000, 462.0000,  -20.0000, 1026.0000, 45.0000,  102, 99, 0
L -348.0000, -245.0000, 203.0000,  -345.0000, -244.0000, 203.0000,  0, 255, 255
L -350.0000, -251.0000, 199.0000,  -348.0000, -245.0000, 203.0000,  0, 255, 255
L -356.0000, -264.0000, 193.0000,  -350.0000, -251.0000, 199.0000,  0, 255, 255
L -373.0000, -282.0000, 181.0000,  -356.0000, -264.0000, 193.0000,  0, 255, 255
L -396.0000, -285.0000, 169.0000,  -373.0000, -282.0000, 181.0000,  0, 255, 255
L -426.0000, -267.0000, 153.0000,  -396.0000, -285.0000, 169.0000,  0, 255, 255
L -433.0000, -223.0000, 131.0000,  -426.0000, -267.0000, 153.0000,  0, 255, 255
L -433.0000, -219.0000, 131.0000,  -433.0000, -223.0000, 131.0000,  0, 255, 255
L -371.0000, -189.0000, 101.0000,  -433.0000, -219.0000, 131.0000,  0, 255, 255
L -338.0000, -221.0000, 85.0000,  -371.0000, -189.0000, 101.0000,  0, 255, 255
L -355.0000, -289.0000, 57.0000,  -338.0000, -221.0000, 85.0000,  0, 255, 255
L -399.0000, -303.0000, 41.0000,  -355.0000, -289.0000, 57.0000,  0, 255, 255
L -455.0000, -250.0000, 15.0000,  -399.0000, -303.0000, 41.0000,  0, 255, 255
L -439.0000, -194.0000, -2.0000,  -455.0000, -250.0000, 15.0000,  0, 255, 255
L -400.0000, -175.0000, -16.0000,  -439.0000, -194.0000, -2.0000,  0, 255, 255
L -343.0000, -187.0000, -32.0000,  -400.0000, -175.0000, -16.0000,  0, 255, 255
L -323.0000, -207.0000, -40.0000,  -343.0000, -187.0000, -32.0000,  0, 255, 255
L -314.0000, -225.0000, -46.0000,  -323.0000, -207.0000, -40.0000,  0, 255, 255
L -314.0000, -225.0000, -465.0000,  -314.0000, -225.0000, -46.0000,  0, 255, 255
L -363.0000, -221.0000, -34.0000,  -356.0000, -242.0000, -47.0000,  0, 255, 255
L -401.0000, -211.0000, -10.0000,  -363.0000, -221.0000, -34.0000,  0, 255, 255
L -424.0000, -221.0000, 2.0000,  -401.0000, -211.0000, -10.0000,  0, 255, 255
L -424.0000, -250.0000, 18.0000,  -424.0000, -221.0000, 2.0000,  0, 255, 255
L -400.0000, -275.0000, 39.0000,  -424.0000, -250.0000, 18.0000,  0, 255, 255
L -363.0000, -267.0000, 62.0000,  -400.0000, -275.0000, 39.0000,  0, 255, 255
L -362.0000, -256.0000, 69.0000,  -363.0000, -267.0000, 62.0000,  0, 255, 255
L -363.0000, -240.0000, 80.0000,  -362.0000, -256.0000, 69.0000,  0, 255, 255
L -397.0000, -215.0000, 116.0000,  -363.0000, -240.0000, 80.0000,  0, 255, 255
L -420.0000, -242.0000, 142.0000,  -397.0000, -215.0000, 116.0000,  0, 255, 255
L -409.0000, -266.0000, 160.0000,  -420.0000, -242.0000, 142.0000,  0, 255, 255
L -391.0000, -272.0000, 173.0000,  -409.0000, -266.0000, 160.0000,  0, 255, 255
L -364.0000, -242.0000, 203.0000,  -391.0000, -272.0000, 173.0000,  0, 255, 255
L -364.0000, -242.0000, 2036.0000,  -364.0000, -242.0000, 203.0000,  0, 255, 255
L -638.0000, 7.0000, 210.0000,  -637.0000, -490.0000, 210.0000,  255, 0, 255
L -141.0000, 8.0000, 210.0000,  -638.0000, 7.0000, 210.0000,  255, 0, 255
L -140.0000, -489.0000, 210.0000,  -141.0000, 8.0000, 210.0000,  255, 0, 255
L -638.0000, -489.0000, 210.0000,  -140.0000, -489.0000, 210.0000,  255, 0, 255
L -638.0000, -489.0000, 2105.0000,  -638.0000, -489.0000, 210.0000,  255, 0, 255
L -367.0000, -171.0000, 203.0000,  -377.0000, -172.0000, 203.0000,  153, 153, 153
L -365.0000, -171.0000, 204.0000,  -367.0000, -171.0000, 203.0000,  153, 153, 153
L -365.0000, -160.0000, 204.0000,  -365.0000, -171.0000, 204.0000,  153, 153, 153
L -387.0000, -161.0000, 204.0000,  -365.0000, -160.0000, 204.0000,  153, 153, 153
L -451.0000, -193.0000, 203.0000,  -387.0000, -161.0000, 204.0000,  153, 153, 153
L -480.0000, -204.0000, 203.0000,  -451.0000, -193.0000, 203.0000,  153, 153, 153
L -484.0000, -236.0000, 203.0000,  -480.0000, -204.0000, 203.0000,  153, 153, 153
L -420.0000, -312.0000, 203.0000,  -484.0000, -236.0000, 203.0000,  153, 153, 153
L -317.0000, -308.0000, 203.0000,  -420.0000, -312.0000, 203.0000,  153, 153, 153
L -294.0000, -274.0000, 204.0000,  -317.0000, -308.0000, 203.0000,  153, 153, 153
L -295.0000, -256.0000, 203.0000,  -294.0000, -274.0000, 204.0000,  153, 153, 153
L -307.0000, -209.0000, 203.0000,  -295.0000, -256.0000, 203.0000,  153, 153, 153
L -309.0000, -192.0000, 209.0000,  -307.0000, -209.0000, 203.0000,  153, 153, 153
L -351.0000, -159.0000, 207.0000,  -309.0000, -192.0000, 209.0000,  153, 153, 153
L -351.0000, -159.0000, 2070.0000,  -351.0000, -159.0000, 207.0000,  153, 153, 153
L -420.0000, -293.0000, 203.0000,  -427.0000, -286.0000, 203.0000,  153, 153, 153
L -391.0000, -301.0000, 203.0000,  -420.0000, -293.0000, 203.0000,  153, 153, 153
L -370.0000, -298.0000, 203.0000,  -391.0000, -301.0000, 203.0000,  153, 153, 153
L -349.0000, -286.0000, 203.0000,  -370.0000, -298.0000, 203.0000,  153, 153, 153
L -334.0000, -267.0000, 203.0000,  -349.0000, -286.0000, 203.0000,  153, 153, 153
L -335.0000, -259.0000, 203.0000,  -334.0000, -267.0000, 203.0000,  153, 153, 153
L -345.0000, -241.0000, 203.0000,  -335.0000, -259.0000, 203.0000,  153, 153, 153
L -345.0000, -241.0000, 2036.0000,  -345.0000, -241.0000, 203.0000,  153, 153, 153
L -351.0000, -171.0000, 203.0000,  -352.0000, -159.0000, 204.0000,  153, 153, 153
L -321.0000, -211.0000, 203.0000,  -351.0000, -171.0000, 203.0000,  153, 153, 153
L -312.0000, -267.0000, 203.0000,  -321.0000, -211.0000, 203.0000,  153, 153, 153
L -336.0000, -304.0000, 203.0000,  -312.0000, -267.0000, 203.0000,  153, 153, 153
L -369.0000, -313.0000, 203.0000,  -336.0000, -304.0000, 203.0000,  153, 153, 153
L -399.0000, -310.0000, 203.0000,  -369.0000, -313.0000, 203.0000,  153, 153, 153
L -422.0000, -294.0000, 203.0000,  -399.0000, -310.0000, 203.0000,  153, 153, 153
L -427.0000, -287.0000, 203.0000,  -422.0000, -294.0000, 203.0000,  153, 153, 153
L -427.0000, -287.0000, 2035.0000,  -427.0000, -287.0000, 203.0000,  153, 153, 153
L -364.0000, -236.0000, 203.0000,  -364.0000, -243.0000, 203.0000,  153, 153, 153
L -381.0000, -216.0000, 203.0000,  -364.0000, -236.0000, 203.0000,  153, 153, 153
L -391.0000, -216.0000, 203.0000,  -381.0000, -216.0000, 203.0000,  153, 153, 153
L -413.0000, -244.0000, 203.0000,  -391.0000, -216.0000, 203.0000,  153, 153, 153
L -430.0000, -281.0000, 203.0000,  -413.0000, -244.0000, 203.0000,  153, 153, 153
L -430.0000, -281.0000, 2033.0000,  -430.0000, -281.0000, 203.0000,  153, 153, 153
L -371.0000, -171.0000, 203.0000,  -364.0000, -184.0000, 203.0000,  153, 153, 153
L -412.0000, -184.0000, 203.0000,  -371.0000, -171.0000, 203.0000,  153, 153, 153
L -432.0000, -199.0000, 203.0000,  -412.0000, -184.0000, 203.0000,  153, 153, 153
L -465.0000, -215.0000, 203.0000,  -432.0000, -199.0000, 203.0000,  153, 153, 153
L -468.0000, -231.0000, 203.0000,  -465.0000, -215.0000, 203.0000,  153, 153, 153
L -441.0000, -254.0000, 203.0000,  -468.0000, -231.0000, 203.0000,  153, 153, 153
L -431.0000, -279.0000, 203.0000,  -441.0000, -254.0000, 203.0000,  153, 153, 153
L -431.0000, -279.0000, 2033.0000,  -431.0000, -279.0000, 203.0000,  153, 153, 153
L -243.0000, -531.0000, -67.0000,  -258.0000, -527.0000, -66.0000,  153, 153, 153
L -242.0000, -474.0000, -59.0000,  -243.0000, -531.0000, -67.0000,  153, 153, 153
L -241.0000, -432.0000, -50.0000,  -242.0000, -474.0000, -59.0000,  153, 153, 153
L -266.0000, -422.0000, -49.0000,  -241.0000, -432.0000, -50.0000,  153, 153, 153
L -280.0000, -426.0000, -53.0000,  -266.0000, -422.0000, -49.0000,  153, 153, 153
L -307.0000, -417.0000, -58.0000,  -280.0000, -426.0000, -53.0000,  153, 153, 153
L -347.0000, -398.0000, -47.0000,  -307.0000, -417.0000, -58.0000,  153, 153, 153
L -380.0000, -376.0000, -35.0000,  -347.0000, -398.0000, -47.0000,  153, 153, 153
L -423.0000, -352.0000, -42.0000,  -380.0000, -376.0000, -35.0000,  153, 153, 153
L -434.0000, -358.0000, -47.0000,  -423.0000, -352.0000, -42.0000,  153, 153, 153
L -489.0000, -360.0000, -50.0000,  -434.0000, -358.0000, -47.0000,  153, 153, 153
L -489.0000, -360.0000, -49.0000,  -489.0000, -360.0000, -50.0000,  153, 153, 153
L -501.0000, -372.0000, -49.0000,  -489.0000, -360.0000, -49.0000,  153, 153, 153
L -526.0000, -371.0000, -48.0000,  -501.0000, -372.0000, -49.0000,  153, 153, 153
L -553.0000, -335.0000, -49.0000,  -526.0000, -371.0000, -48.0000,  153, 153, 153
L -568.0000, -313.0000, -51.0000,  -553.0000, -335.0000, -49.0000,  153, 153, 153
L -557.0000, -284.0000, -49.0000,  -568.0000, -313.0000, -51.0000,  153, 153, 153
L -583.0000, -251.0000, -52.0000,  -557.0000, -284.0000, -49.0000,  153, 153, 153
L -583.0000, -167.0000, -51.0000,  -583.0000, -251.0000, -52.0000,  153, 153, 153
L -569.0000, -167.0000, -53.0000,  -583.0000, -167.0000, -51.0000,  153, 153, 153
L -568.0000, -152.0000, -53.0000,  -569.0000, -167.0000, -53.0000,  153, 153, 153
L -553.0000, -152.0000, -50.0000,  -568.0000, -152.0000, -53.0000,  153, 153, 153
L -553.0000, -142.0000, -49.0000,  -553.0000, -152.0000, -50.0000,  153, 153, 153
L -553.0000, -122.0000, -49.0000,  -553.0000, -142.0000, -49.0000,  153, 153, 153
L -541.0000, -123.0000, -49.0000,  -553.0000, -122.0000, -49.0000,  153, 153, 153
L -526.0000, -130.0000, -47.0000,  -541.0000, -123.0000, -49.0000,  153, 153, 153
L -504.0000, -127.0000, -48.0000,  -526.0000, -130.0000, -47.0000,  153, 153, 153
L -485.0000, -104.0000, -48.0000,  -504.0000, -127.0000, -48.0000,  153, 153, 153
L -473.0000, -88.0000, -49.0000,  -485.0000, -104.0000, -48.0000,  153, 153, 153
L -465.0000, -78.0000, -49.0000,  -473.0000, -88.0000, -49.0000,  153, 153, 153
L -447.0000, -76.0000, -51.0000,  -465.0000, -78.0000, -49.0000,  153, 153, 153
L -437.0000, -69.0000, -50.0000,  -447.0000, -76.0000, -51.0000,  153, 153, 153
L -433.0000, -50.0000, -51.0000,  -437.0000, -69.0000, -50.0000,  153, 153, 153
L -403.0000, -50.0000, -51.0000,  -433.0000, -50.0000, -51.0000,  153, 153, 153
L -390.0000, -32.0000, -52.0000,  -403.0000, -50.0000, -51.0000,  153, 153, 153
L -345.0000, -40.0000, -45.0000,  -390.0000, -32.0000, -52.0000,  153, 153, 153
L -331.0000, -35.0000, -53.0000,  -345.0000, -40.0000, -45.0000,  153, 153, 153
L -328.0000, -17.0000, -53.0000,  -331.0000, -35.0000, -53.0000,  153, 153, 153
L -287.0000, -20.0000, -51.0000,  -328.0000, -17.0000, -53.0000,  153, 153, 153
L -267.0000, -32.0000, -54.0000,  -287.0000, -20.0000, -51.0000,  153, 153, 153
L -254.0000, -33.0000, -55.0000,  -267.0000, -32.0000, -54.0000,  153, 153, 153
L -230.0000, -47.0000, -49.0000,  -254.0000, -33.0000, -55.0000,  153, 153, 153
L -236.0000, -58.0000, -49.0000,  -230.0000, -47.0000, -49.0000,  153, 153, 153
L -227.0000, -79.0000, -48.0000,  -236.0000, -58.0000, -49.0000,  153, 153, 153
L -202.0000, -87.0000, -47.0000,  -227.0000, -79.0000, -48.0000,  153, 153, 153
L -184.0000, -120.0000, -54.0000,  -202.0000, -87.0000, -47.0000,  153, 153, 153
L -181.0000, -167.0000, -54.0000,  -184.0000, -120.0000, -54.0000,  153, 153, 153
L -181.0000, -215.0000, -55.0000,  -181.0000, -167.0000, -54.0000,  153, 153, 153
L -181.0000, -253.0000, -57.0000,  -181.0000, -215.0000, -55.0000,  153, 153, 153
L -184.0000, -281.0000, -54.0000,  -181.0000, -253.0000, -57.0000,  153, 153, 153
L -182.0000, -353.0000, -53.0000,  -184.0000, -281.0000, -54.0000,  153, 153, 153
L -182.0000, -399.0000, -62.0000,  -182.0000, -353.0000, -53.0000,  153, 153, 153
L -181.0000, -419.0000, -56.0000,  -182.0000, -399.0000, -62.0000,  153, 153, 153
L -181.0000, -425.0000, -55.0000,  -181.0000, -419.0000, -56.0000,  153, 153, 153
L -224.0000, -446.0000, -55.0000,  -181.0000, -425.0000, -55.0000,  153, 153, 153
L -195.0000, -519.0000, -70.0000,  -224.0000, -446.0000, -55.0000,  153, 153, 153
L -228.0000, -556.0000, -81.0000,  -195.0000, -519.0000, -70.0000,  153, 153, 153
L -236.0000, -555.0000, -88.0000,  -228.0000, -556.0000, -81.0000,  153, 153, 153
L -256.0000, -556.0000, -90.0000,  -236.0000, -555.0000, -88.0000,  153, 153, 153
L -256.0000, -556.0000, -902.0000,  -256.0000, -556.0000, -90.0000,  153, 153, 153
L -433.0000, 1365.0000, 56.0000,  -462.0000, 1384.0000, 53.0000,  153, 153, 153
L -408.0000, 1355.0000, 59.0000,  -433.0000, 1365.0000, 56.0000,  153, 153, 153
L -389.0000, 1362.0000, 63.0000,  -408.0000, 1355.0000, 59.0000,  153, 153, 153
L -369.0000, 1360.0000, 61.0000,  -389.0000, 1362.0000, 63.0000,  153, 153, 153
L -360.0000, 1359.0000, 63.0000,  -369.0000, 1360.0000, 61.0000,  153, 153, 153
L -350.0000, 1351.0000, 52.0000,  -360.0000, 1359.0000, 63.0000,  153, 153, 153
L -311.0000, 1323.0000, 59.0000,  -350.0000, 1351.0000, 52.0000,  153, 153, 153
L -250.0000, 1324.0000, 102.0000,  -311.0000, 1323.0000, 59.0000,  153, 153, 153
L -231.0000, 1314.0000, 101.0000,  -250.0000, 1324.0000, 102.0000,  153, 153, 153
L -208.0000, 1311.0000, 97.0000,  -231.0000, 1314.0000, 101.0000,  153, 153, 153
L -181.0000, 1324.0000, 80.0000,  -208.0000, 1311.0000, 97.0000,  153, 153, 153
L -135.0000, 1345.0000, 55.0000,  -181.0000, 1324.0000, 80.0000,  153, 153, 153
L -84.0000, 1346.0000, 44.0000,  -135.0000, 1345.0000, 55.0000,  153, 153, 153
L 11.0000, 1371.0000, 57.0000,  -84.0000, 1346.0000, 44.0000,  153, 153, 153
L 46.0000, 1360.0000, 59.0000,  11.0000, 1371.0000, 57.0000,  153, 153, 153
L 46.0000, 1360.0000, 60.0000,  46.0000, 1360.0000, 59.0000,  153, 153, 153
L 79.0000, 1315.0000, 29.0000,  46.0000, 1360.0000, 60.0000,  153, 153, 153
L 112.0000, 1310.0000, 51.0000,  79.0000, 1315.0000, 29.0000,  153, 153, 153
L 144.0000, 1308.0000, 91.0000,  112.0000, 1310.0000, 51.0000,  153, 153, 153
L 145.0000, 1308.0000, 97.0000,  144.0000, 1308.0000, 91.0000,  153, 153, 153
L 204.0000, 1311.0000, 72.0000,  145.0000, 1308.0000, 97.0000,  153, 153, 153
L 232.0000, 1315.0000, 85.0000,  204.0000, 1311.0000, 72.0000,  153, 153, 153
L 262.0000, 1321.0000, 86.0000,  232.0000, 1315.0000, 85.0000,  153, 153, 153
L 274.0000, 1323.0000, 94.0000,  262.0000, 1321.0000, 86.0000,  153, 153, 153
L 315.0000, 1319.0000, 127.0000,  274.0000, 1323.0000, 94.0000,  153, 153, 153
L 343.0000, 1317.0000, 119.0000,  315.0000, 1319.0000, 127.0000,  153, 153, 153
L 379.0000, 1313.0000, 96.0000,  343.0000, 1317.0000, 119.0000,  153, 153, 153
L 419.0000, 1307.0000, 51.0000,  379.0000, 1313.0000, 96.0000,  153, 153, 153
L 445.0000, 1276.0000, 13.0000,  419.0000, 1307.0000, 51.0000,  153, 153, 153
L 473.0000, 1260.0000, 26.0000,  445.0000, 1276.0000, 13.0000,  153, 153, 153
L 508.0000, 1229.0000, 0.0000,  473.0000, 1260.0000, 26.0000,  153, 153, 153
L 520.0000, 1238.0000, -1.0000,  508.0000, 1229.0000, 0.0000,  153, 153, 153
L 575.0000, 1216.0000, -1.0000,  520.0000, 1238.0000, -1.0000,  153, 153, 153
L 617.0000, 1208.0000, -11.0000,  575.0000, 1216.0000, -1.0000,  153, 153, 153
L 613.0000, 1233.0000, -18.0000,  617.0000, 1208.0000, -11.0000,  153, 153, 153
L 612.0000, 1235.0000, -19.0000,  613.0000, 1233.0000, -18.0000,  153, 153, 153
L 612.0000, 1235.0000, -198.0000,  612.0000, 1235.0000, -19.0000,  153, 153, 153
L 1365.0000, -339.0000, 89.0000,  1352.0000, -365.0000, 118.0000,  153, 153, 153
L 1365.0000, -307.0000, 85.0000,  1365.0000, -339.0000, 89.0000,  153, 153, 153
L 1365.0000, -295.0000, 89.0000,  1365.0000, -307.0000, 85.0000,  153, 153, 153
L 1365.0000, -269.0000, 105.0000,  1365.0000, -295.0000, 89.0000,  153, 153, 153
L 1365.0000, -247.0000, 126.0000,  1365.0000, -269.0000, 105.0000,  153, 153, 153
L 1365.0000, -215.0000, 148.0000,  1365.0000, -247.0000, 126.0000,  153, 153, 153
L 1253.0000, -267.0000, 196.0000,  1365.0000, -215.0000, 148.0000,  153, 153, 153
L 1241.0000, -260.0000, 196.0000,  1253.0000, -267.0000, 196.0000,  153, 153, 153
L 1232.0000, -238.0000, 191.0000,  1241.0000, -260.0000, 196.0000,  153, 153, 153
L 1236.0000, -218.0000, 171.0000,  1232.0000, -238.0000, 191.0000,  153, 153, 153
L 1268.0000, -194.0000, 151.0000,  1236.0000, -218.0000, 171.0000,  153, 153, 153
L 1278.0000, -185.0000, 146.0000,  1268.0000, -194.0000, 151.0000,  153, 153, 153
L 1317.0000, -145.0000, 184.0000,  1278.0000, -185.0000, 146.0000,  153, 153, 153
L 1334.0000, -120.0000, 180.0000,  1317.0000, -145.0000, 184.0000,  153, 153, 153
L 1363.0000, -59.0000, 114.0000,  1334.0000, -120.0000, 180.0000,  153, 153, 153
L 1383.0000, -21.0000, 80.0000,  1363.0000, -59.0000, 114.0000,  153, 153, 153
L 1390.0000, 10.0000, 80.0000,  1383.0000, -21.0000, 80.0000,  153, 153, 153
L 1390.0000, 74.0000, 97.0000,  1390.0000, 10.0000, 80.0000,  153, 153, 153
L 1390.0000, 120.0000, 84.0000,  1390.0000, 74.0000, 97.0000,  153, 153, 153
L 1390.0000, 162.0000, 67.0000,  1390.0000, 120.0000, 84.0000,  153, 153, 153
L 1390.0000, 203.0000, 70.0000,  1390.0000, 162.0000, 67.0000,  153, 153, 153
L 1367.0000, 253.0000, 75.0000,  1390.0000, 203.0000, 70.0000,  153, 153, 153
L 1352.0000, 278.0000, 178.0000,  1367.0000, 253.0000, 75.0000,  153, 153, 153
L 1343.0000, 301.0000, 197.0000,  1352.0000, 278.0000, 178.0000,  153, 153, 153
L 1330.0000, 339.0000, 130.0000,  1343.0000, 301.0000, 197.0000,  153, 153, 153
L 1320.0000, 333.0000, 121.0000,  1330.0000, 339.0000, 130.0000,  153, 153, 153
L 1296.0000, 363.0000, 141.0000,  1320.0000, 333.0000, 121.0000,  153, 153, 153
L 1279.0000, 406.0000, 168.0000,  1296.0000, 363.0000, 141.0000,  153, 153, 153
L 1265.0000, 448.0000, 191.0000,  1279.0000, 406.0000, 168.0000,  153, 153, 153
L 1249.0000, 491.0000, 189.0000,  1265.0000, 448.0000, 191.0000,  153, 153, 153
L 1240.0000, 519.0000, 177.0000,  1249.0000, 491.0000, 189.0000,  153, 153, 153
L 1239.0000, 563.0000, 107.0000,  1240.0000, 519.0000, 177.0000,  153, 153, 153
L 1265.0000, 611.0000, 60.0000,  1239.0000, 563.0000, 107.0000,  153, 153, 153
L 1273.0000, 622.0000, 53.0000,  1265.0000, 611.0000, 60.0000,  153, 153, 153
L 1304.0000, 661.0000, 42.0000,  1273.0000, 622.0000, 53.0000,  153, 153, 153
L 1347.0000, 712.0000, 53.0000,  1304.0000, 661.0000, 42.0000,  153, 153, 153
L 1353.0000, 726.0000, 53.0000,  1347.0000, 712.0000, 53.0000,  153, 153, 153
L 1361.0000, 756.0000, 59.0000,  1353.0000, 726.0000, 53.0000,  153, 153, 153
L 1373.0000, 810.0000, 60.0000,  1361.0000, 756.0000, 59.0000,  153, 153, 153
L 1380.0000, 843.0000, 73.0000,  1373.0000, 810.0000, 60.0000,  153, 153, 153
L 1385.0000, 876.0000, 79.0000,  1380.0000, 843.0000, 73.0000,  153, 153, 153
L 1388.0000, 901.0000, 79.0000,  1385.0000, 876.0000, 79.0000,  153, 153, 153
L 1390.0000, 937.0000, 72.0000,  1388.0000, 901.0000, 79.0000,  153, 153, 153
L 1390.0000, 1038.0000, 54.0000,  1390.0000, 937.0000, 72.0000,  153, 153, 153
L 1392.0000, 1082.0000, 74.0000,  1390.0000, 1038.0000, 54.0000,  153, 153, 153
L 1397.0000, 1118.0000, 84.0000,  1392.0000, 1082.0000, 74.0000,  153, 153, 153
L 1387.0000, 1163.0000, 85.0000,  1397.0000, 1118.0000, 84.0000,  153, 153, 153
L 1381.0000, 1183.0000, 89.0000,  1387.0000, 1163.0000, 85.0000,  153, 153, 153
L 1372.0000, 1210.0000, 94.0000,  1381.0000, 1183.0000, 89.0000,  153, 153, 153
L 1366.0000, 1229.0000, 103.0000,  1372.0000, 1210.0000, 94.0000,  153, 153, 153
L 1336.0000, 1256.0000, 88.0000,  1366.0000, 1229.0000, 103.0000,  153, 153, 153
L 1296.0000, 1288.0000, 77.0000,  1336.0000, 1256.0000, 88.0000,  153, 153, 153
L 1263.0000, 1310.0000, 77.0000,  1296.0000, 1288.0000, 77.0000,  153, 153, 153
L 1243.0000, 1317.0000, 82.0000,  1263.0000, 1310.0000, 77.0000,  153, 153, 153
L 1214.0000, 1321.0000, 81.0000,  1243.0000, 1317.0000, 82.0000,  153, 153, 153
L 1167.0000, 1323.0000, 51.0000,  1214.0000, 1321.0000, 81.0000,  153, 153, 153
L 1153.0000, 1323.0000, 53.0000,  1167.0000, 1323.0000, 51.0000,  153, 153, 153
L 1148.0000, 1323.0000, 57.0000,  1153.0000, 1323.0000, 53.0000,  153, 153, 153
L 1127.0000, 1318.0000, 80.0000,  1148.0000, 1323.0000, 57.0000,  153, 153, 153
L 1091.0000, 1314.0000, 82.0000,  1127.0000, 1318.0000, 80.0000,  153, 153, 153
L 1057.0000, 1314.0000, 83.0000,  1091.0000, 1314.0000, 82.0000,  153, 153, 153
L 1024.0000, 1308.0000, 74.0000,  1057.0000, 1314.0000, 83.0000,  153, 153, 153
L 987.0000, 1311.0000, 64.0000,  1024.0000, 1308.0000, 74.0000,  153, 153, 153
L 967.0000, 1324.0000, 83.0000,  987.0000, 1311.0000, 64.0000,  153, 153, 153
L 962.0000, 1326.0000, 88.0000,  967.0000, 1324.0000, 83.0000,  153, 153, 153
L 955.0000, 1330.0000, 93.0000,  962.0000, 1326.0000, 88.0000,  153, 153, 153
L 917.0000, 1323.0000, 90.0000,  955.0000, 1330.0000, 93.0000,  153, 153, 153
L 901.0000, 1315.0000, 76.0000,  917.0000, 1323.0000, 90.0000,  153, 153, 153
L 883.0000, 1281.0000, 5.0000,  901.0000, 1315.0000, 76.0000,  153, 153, 153
L 883.0000, 1280.0000, 3.0000,  883.0000, 1281.0000, 5.0000,  153, 153, 153
L 876.0000, 1277.0000, -3.0000,  883.0000, 1280.0000, 3.0000,  153, 153, 153
L 856.0000, 1277.0000, -9.0000,  876.0000, 1277.0000, -3.0000,  153, 153, 153
L 836.0000, 1287.0000, -4.0000,  856.0000, 1277.0000, -9.0000,  153, 153, 153
L 812.0000, 1280.0000, -25.0000,  836.0000, 1287.0000, -4.0000,  153, 153, 153
L 744.0000, 1239.0000, -37.0000,  812.0000, 1280.0000, -25.0000,  153, 153, 153
L 718.0000, 1228.0000, -22.0000,  744.0000, 1239.0000, -37.0000,  153, 153, 153
L 685.0000, 1218.0000, -29.0000,  718.0000, 1228.0000, -22.0000,  153, 153, 153
L 647.0000, 1210.0000, -29.0000,  685.0000, 1218.0000, -29.0000,  153, 153, 153
L 647.0000, 1210.0000, -298.0000,  647.0000, 1210.0000, -29.0000,  153, 153, 153
L 605.0000, 1261.0000, -14.0000,  612.0000, 1233.0000, -17.0000,  153, 153, 153
L 596.0000, 1272.0000, -10.0000,  605.0000, 1261.0000, -14.0000,  153, 153, 153
L 588.0000, 1284.0000, -8.0000,  596.0000, 1272.0000, -10.0000,  153, 153, 153
L 582.0000, 1296.0000, -5.0000,  588.0000, 1284.0000, -8.0000,  153, 153, 153
L 574.0000, 1324.0000, 2.0000,  582.0000, 1296.0000, -5.0000,  153, 153, 153
L 575.0000, 1338.0000, 5.0000,  574.0000, 1324.0000, 2.0000,  153, 153, 153
L 586.0000, 1365.0000, 8.0000,  575.0000, 1338.0000, 5.0000,  153, 153, 153
L 605.0000, 1385.0000, 12.0000,  586.0000, 1365.0000, 8.0000,  153, 153, 153
L 617.0000, 1391.0000, 14.0000,  605.0000, 1385.0000, 12.0000,  153, 153, 153
L 631.0000, 1394.0000, 15.0000,  617.0000, 1391.0000, 14.0000,  153, 153, 153
L 647.0000, 1396.0000, 17.0000,  631.0000, 1394.0000, 15.0000,  153, 153, 153
L 664.0000, 1396.0000, 20.0000,  647.0000, 1396.0000, 17.0000,  153, 153, 153
L 664.0000, 1396.0000, 202.0000,  664.0000, 1396.0000, 20.0000,  153, 153, 153
L 715.0000, 1397.0000, 27.0000,  716.0000, 1403.0000, 28.0000,  153, 153, 153
L 695.0000, 1368.0000, 23.0000,  715.0000, 1397.0000, 27.0000,  153, 153, 153
L 652.0000, 1357.0000, 18.0000,  695.0000, 1368.0000, 23.0000,  153, 153, 153
L 628.0000, 1354.0000, 14.0000,  652.0000, 1357.0000, 18.0000,  153, 153, 153
L 620.0000, 1350.0000, 10.0000,  628.0000, 1354.0000, 14.0000,  153, 153, 153
L 617.0000, 1346.0000, 9.0000,  620.0000, 1350.0000, 10.0000,  153, 153, 153
L 615.0000, 1341.0000, 8.0000,  617.0000, 1346.0000, 9.0000,  153, 153, 153
L 614.0000, 1336.0000, 6.0000,  615.0000, 1341.0000, 8.0000,  153, 153, 153
L 637.0000, 1282.0000, -14.0000,  614.0000, 1336.0000, 6.0000,  153, 153, 153
L 647.0000, 1235.0000, -24.0000,  637.0000, 1282.0000, -14.0000,  153, 153, 153
L 643.0000, 1215.0000, -26.0000,  647.0000, 1235.0000, -24.0000,  153, 153, 153
L 643.0000, 1215.0000, -268.0000,  643.0000, 1215.0000, -26.0000,  153, 153, 153
L -466.0000, 1395.0000, 63.0000,  -441.0000, 1374.0000, 60.0000,  153, 153, 153
L -469.0000, 1398.0000, 63.0000,  -466.0000, 1395.0000, 63.0000,  153, 153, 153
L -492.0000, 1389.0000, 62.0000,  -469.0000, 1398.0000, 63.0000,  153, 153, 153
L -509.0000, 1377.0000, 61.0000,  -492.0000, 1389.0000, 62.0000,  153, 153, 153
L -542.0000, 1365.0000, 43.0000,  -509.0000, 1377.0000, 61.0000,  153, 153, 153
L -545.0000, 1365.0000, 42.0000,  -542.0000, 1365.0000, 43.0000,  153, 153, 153
L -582.0000, 1360.0000, 38.0000,  -545.0000, 1365.0000, 42.0000,  153, 153, 153
L -621.0000, 1364.0000, 41.0000,  -582.0000, 1360.0000, 38.0000,  153, 153, 153
L -658.0000, 1368.0000, 70.0000,  -621.0000, 1364.0000, 41.0000,  153, 153, 153
L -687.0000, 1370.0000, 78.0000,  -658.0000, 1368.0000, 70.0000,  153, 153, 153
L -699.0000, 1371.0000, 81.0000,  -687.0000, 1370.0000, 78.0000,  153, 153, 153
L -730.0000, 1375.0000, 89.0000,  -699.0000, 1371.0000, 81.0000,  153, 153, 153
L -779.0000, 1381.0000, 89.0000,  -730.0000, 1375.0000, 89.0000,  153, 153, 153
L -790.0000, 1381.0000, 88.0000,  -779.0000, 1381.0000, 89.0000,  153, 153, 153
L -827.0000, 1378.0000, 83.0000,  -790.0000, 1381.0000, 88.0000,  153, 153, 153
L -858.0000, 1376.0000, 72.0000,  -827.0000, 1378.0000, 83.0000,  153, 153, 153
L -896.0000, 1373.0000, 69.0000,  -858.0000, 1376.0000, 72.0000,  153, 153, 153
L -940.0000, 1381.0000, 81.0000,  -896.0000, 1373.0000, 69.0000,  153, 153, 153
L -964.0000, 1386.0000, 87.0000,  -940.0000, 1381.0000, 81.0000,  153, 153, 153
L -984.0000, 1389.0000, 93.0000,  -964.0000, 1386.0000, 87.0000,  153, 153, 153
L -996.0000, 1387.0000, 86.0000,  -984.0000, 1389.0000, 93.0000,  153, 153, 153
L -1044.0000, 1375.0000, 90.0000,  -996.0000, 1387.0000, 86.0000,  153, 153, 153
L -1075.0000, 1354.0000, 98.0000,  -1044.0000, 1375.0000, 90.0000,  153, 153, 153
L -1087.0000, 1345.0000, 101.0000,  -1075.0000, 1354.0000, 98.0000,  153, 153, 153
L -1107.0000, 1343.0000, 102.0000,  -1087.0000, 1345.0000, 101.0000,  153, 153, 153
L -1120.0000, 1347.0000, 105.0000,  -1107.0000, 1343.0000, 102.0000,  153, 153, 153
L -1136.0000, 1353.0000, 107.0000,  -1120.0000, 1347.0000, 105.0000,  153, 153, 153
L -1150.0000, 1358.0000, 100.0000,  -1136.0000, 1353.0000, 107.0000,  153, 153, 153
L -1163.0000, 1362.0000, 89.0000,  -1150.0000, 1358.0000, 100.0000,  153, 153, 153
L -1177.0000, 1365.0000, 76.0000,  -1163.0000, 1362.0000, 89.0000,  153, 153, 153
L -1213.0000, 1365.0000, 69.0000,  -1177.0000, 1365.0000, 76.0000,  153, 153, 153
L -1283.0000, 1365.0000, 90.0000,  -1213.0000, 1365.0000, 69.0000,  153, 153, 153
L -1294.0000, 1365.0000, 93.0000,  -1283.0000, 1365.0000, 90.0000,  153, 153, 153
L -1304.0000, 1365.0000, 97.0000,  -1294.0000, 1365.0000, 93.0000,  153, 153, 153
L -1317.0000, 1343.0000, 104.0000,  -1304.0000, 1365.0000, 97.0000,  153, 153, 153
L -1362.0000, 1265.0000, 136.0000,  -1317.0000, 1343.0000, 104.0000,  153, 153, 153
L -1364.0000, 1251.0000, 134.0000,  -1362.0000, 1265.0000, 136.0000,  153, 153, 153
L -1367.0000, 1212.0000, 135.0000,  -1364.0000, 1251.0000, 134.0000,  153, 153, 153
L -1371.0000, 1179.0000, 143.0000,  -1367.0000, 1212.0000, 135.0000,  153, 153, 153
L -1375.0000, 1141.0000, 106.0000,  -1371.0000, 1179.0000, 143.0000,  153, 153, 153
L -1379.0000, 1102.0000, 75.0000,  -1375.0000, 1141.0000, 106.0000,  153, 153, 153
L -1371.0000, 1038.0000, 86.0000,  -1379.0000, 1102.0000, 75.0000,  153, 153, 153
L -1371.0000, 986.0000, 99.0000,  -1371.0000, 1038.0000, 86.0000,  153, 153, 153
L -1372.0000, 948.0000, 108.0000,  -1371.0000, 986.0000, 99.0000,  153, 153, 153
L -1375.0000, 924.0000, 115.0000,  -1372.0000, 948.0000, 108.0000,  153, 153, 153
L -1379.0000, 890.0000, 122.0000,  -1375.0000, 924.0000, 115.0000,  153, 153, 153
L -1372.0000, 860.0000, 115.0000,  -1379.0000, 890.0000, 122.0000,  153, 153, 153
L -1362.0000, 803.0000, 127.0000,  -1372.0000, 860.0000, 115.0000,  153, 153, 153
L -1362.0000, 776.0000, 134.0000,  -1362.0000, 803.0000, 127.0000,  153, 153, 153
L -1362.0000, 739.0000, 145.0000,  -1362.0000, 776.0000, 134.0000,  153, 153, 153
L -1361.0000, 717.0000, 152.0000,  -1362.0000, 739.0000, 145.0000,  153, 153, 153
L -1361.0000, 704.0000, 155.0000,  -1361.0000, 717.0000, 152.0000,  153, 153, 153
L -1366.0000, 657.0000, 121.0000,  -1361.0000, 704.0000, 155.0000,  153, 153, 153
L -1368.0000, 645.0000, 124.0000,  -1366.0000, 657.0000, 121.0000,  153, 153, 153
L -1373.0000, 618.0000, 107.0000,  -1368.0000, 645.0000, 124.0000,  153, 153, 153
L -1374.0000, 578.0000, 84.0000,  -1373.0000, 618.0000, 107.0000,  153, 153, 153
L -1371.0000, 560.0000, 71.0000,  -1374.0000, 578.0000, 84.0000,  153, 153, 153
L -1375.0000, 544.0000, 83.0000,  -1371.0000, 560.0000, 71.0000,  153, 153, 153
L -1389.0000, 498.0000, 93.0000,  -1375.0000, 544.0000, 83.0000,  153, 153, 153
L -1393.0000, 486.0000, 96.0000,  -1389.0000, 498.0000, 93.0000,  153, 153, 153
L -1404.0000, 440.0000, 109.0000,  -1393.0000, 486.0000, 96.0000,  153, 153, 153
L -1404.0000, 417.0000, 109.0000,  -1404.0000, 440.0000, 109.0000,  153, 153, 153
L -1404.0000, 390.0000, 110.0000,  -1404.0000, 417.0000, 109.0000,  153, 153, 153
L -1404.0000, 347.0000, 102.0000,  -1404.0000, 390.0000, 110.0000,  153, 153, 153
L -1403.0000, 335.0000, 104.0000,  -1404.0000, 347.0000, 102.0000,  153, 153, 153
L -1399.0000, 298.0000, 90.0000,  -1403.0000, 335.0000, 104.0000,  153, 153, 153
L -1394.0000, 251.0000, 78.0000,  -1399.0000, 298.0000, 90.0000,  153, 153, 153
L -1392.0000, 227.0000, 83.0000,  -1394.0000, 251.0000, 78.0000,  153, 153, 153
L -1388.0000, 187.0000, 91.0000,  -1392.0000, 227.0000, 83.0000,  153, 153, 153
L -1393.0000, 168.0000, 98.0000,  -1388.0000, 187.0000, 91.0000,  153, 153, 153
L -1411.0000, 128.0000, 115.0000,  -1393.0000, 168.0000, 98.0000,  153, 153, 153
L -1414.0000, 121.0000, 117.0000,  -1411.0000, 128.0000, 115.0000,  153, 153, 153
L -1421.0000, 104.0000, 115.0000,  -1414.0000, 121.0000, 117.0000,  153, 153, 153
L -1425.0000, 70.0000, 101.0000,  -1421.0000, 104.0000, 115.0000,  153, 153, 153
L -1429.0000, 26.0000, 112.0000,  -1425.0000, 70.0000, 101.0000,  153, 153, 153
L -1427.0000, -2.0000, 119.0000,  -1429.0000, 26.0000, 112.0000,  153, 153, 153
L -1424.0000, -29.0000, 129.0000,  -1427.0000, -2.0000, 119.0000,  153, 153, 153
L -1416.0000, -70.0000, 124.0000,  -1424.0000, -29.0000, 129.0000,  153, 153, 153
L -1409.0000, -95.0000, 95.0000,  -1416.0000, -70.0000, 124.0000,  153, 153, 153
L -1401.0000, -116.0000, 101.0000,  -1409.0000, -95.0000, 95.0000,  153, 153, 153
L -1391.0000, -130.0000, 94.0000,  -1401.0000, -116.0000, 101.0000,  153, 153, 153
L -1377.0000, -150.0000, 100.0000,  -1391.0000, -130.0000, 94.0000,  153, 153, 153
L -1355.0000, -184.0000, 101.0000,  -1377.0000, -150.0000, 100.0000,  153, 153, 153
L -1350.0000, -195.0000, 88.0000,  -1355.0000, -184.0000, 101.0000,  153, 153, 153
L -1346.0000, -257.0000, 107.0000,  -1350.0000, -195.0000, 88.0000,  153, 153, 153
L -1357.0000, -267.0000, 118.0000,  -1346.0000, -257.0000, 107.0000,  153, 153, 153
L -1370.0000, -280.0000, 131.0000,  -1357.0000, -267.0000, 118.0000,  153, 153, 153
L -1379.0000, -311.0000, 113.0000,  -1370.0000, -280.0000, 131.0000,  153, 153, 153
L -1387.0000, -344.0000, 75.0000,  -1379.0000, -311.0000, 113.0000,  153, 153, 153
L -1394.0000, -367.0000, 67.0000,  -1387.0000, -344.0000, 75.0000,  153, 153, 153
L -1398.0000, -383.0000, 68.0000,  -1394.0000, -367.0000, 67.0000,  153, 153, 153
L -1405.0000, -413.0000, 68.0000,  -1398.0000, -383.0000, 68.0000,  153, 153, 153
L -1411.0000, -458.0000, 77.0000,  -1405.0000, -413.0000, 68.0000,  153, 153, 153
L -1413.0000, -477.0000, 82.0000,  -1411.0000, -458.0000, 77.0000,  153, 153, 153
L -1413.0000, -480.0000, 82.0000,  -1413.0000, -477.0000, 82.0000,  153, 153, 153
L -1389.0000, -497.0000, 49.0000,  -1413.0000, -480.0000, 82.0000,  153, 153, 153
L -1374.0000, -520.0000, 46.0000,  -1389.0000, -497.0000, 49.0000,  153, 153, 153
L -1371.0000, -534.0000, 49.0000,  -1374.0000, -520.0000, 46.0000,  153, 153, 153
L -1373.0000, -540.0000, 48.0000,  -1371.0000, -534.0000, 49.0000,  153, 153, 153
L -1380.0000, -550.0000, 48.0000,  -1373.0000, -540.0000, 48.0000,  153, 153, 153
L -1403.0000, -561.0000, 52.0000,  -1380.0000, -550.0000, 48.0000,  153, 153, 153
L -1420.0000, -557.0000, 56.0000,  -1403.0000, -561.0000, 52.0000,  153, 153, 153
L -1418.0000, -586.0000, 63.0000,  -1420.0000, -557.0000, 56.0000,  153, 153, 153
L -1417.0000, -611.0000, 58.0000,  -1418.0000, -586.0000, 63.0000,  153, 153, 153
L -1415.0000, -642.0000, 61.0000,  -1417.0000, -611.0000, 58.0000,  153, 153, 153
L -1413.0000, -675.0000, 69.0000,  -1415.0000, -642.0000, 61.0000,  153, 153, 153
L -1413.0000, -706.0000, 80.0000,  -1413.0000, -675.0000, 69.0000,  153, 153, 153
L -1413.0000, -730.0000, 86.0000,  -1413.0000, -706.0000, 80.0000,  153, 153, 153
L -1406.0000, -755.0000, 76.0000,  -1413.0000, -730.0000, 86.0000,  153, 153, 153
L -1396.0000, -788.0000, 87.0000,  -1406.0000, -755.0000, 76.0000,  153, 153, 153
L -1388.0000, -814.0000, 97.0000,  -1396.0000, -788.0000, 87.0000,  153, 153, 153
L -1372.0000, -850.0000, 119.0000,  -1388.0000, -814.0000, 97.0000,  153, 153, 153
L -1363.0000, -870.0000, 139.0000,  -1372.0000, -850.0000, 119.0000,  153, 153, 153
L -1337.0000, -928.0000, 142.0000,  -1363.0000, -870.0000, 139.0000,  153, 153, 153
L -1353.0000, -985.0000, 125.0000,  -1337.0000, -928.0000, 142.0000,  153, 153, 153
L -1361.0000, -1014.0000, 97.0000,  -1353.0000, -985.0000, 125.0000,  153, 153, 153
L -1364.0000, -1033.0000, 79.0000,  -1361.0000, -1014.0000, 97.0000,  153, 153, 153
L -1367.0000, -1049.0000, 85.0000,  -1364.0000, -1033.0000, 79.0000,  153, 153, 153
L -1373.0000, -1085.0000, 96.0000,  -1367.0000, -1049.0000, 85.0000,  153, 153, 153
L -1374.0000, -1092.0000, 97.0000,  -1373.0000, -1085.0000, 96.0000,  153, 153, 153
L -1377.0000, -1111.0000, 87.0000,  -1374.0000, -1092.0000, 97.0000,  153, 153, 153
L -1379.0000, -1132.0000, 92.0000,  -1377.0000, -1111.0000, 87.0000,  153, 153, 153
L -1379.0000, -1150.0000, 100.0000,  -1379.0000, -1132.0000, 92.0000,  153, 153, 153
L -1379.0000, -1187.0000, 100.0000,  -1379.0000, -1150.0000, 100.0000,  153, 153, 153
L -1378.0000, -1207.0000, 66.0000,  -1379.0000, -1187.0000, 100.0000,  153, 153, 153
L -1371.0000, -1228.0000, 53.0000,  -1378.0000, -1207.0000, 66.0000,  153, 153, 153
L -1350.0000, -1292.0000, 75.0000,  -1371.0000, -1228.0000, 53.0000,  153, 153, 153
L -1330.0000, -1317.0000, 86.0000,  -1350.0000, -1292.0000, 75.0000,  153, 153, 153
L -1310.0000, -1333.0000, 87.0000,  -1330.0000, -1317.0000, 86.0000,  153, 153, 153
L -1286.0000, -1352.0000, 89.0000,  -1310.0000, -1333.0000, 87.0000,  153, 153, 153
L -1262.0000, -1371.0000, 97.0000,  -1286.0000, -1352.0000, 89.0000,  153, 153, 153
L -1223.0000, -1383.0000, 93.0000,  -1262.0000, -1371.0000, 97.0000,  153, 153, 153
L -1195.0000, -1389.0000, 91.0000,  -1223.0000, -1383.0000, 93.0000,  153, 153, 153
L -1183.0000, -1390.0000, 80.0000,  -1195.0000, -1389.0000, 91.0000,  153, 153, 153
L -1143.0000, -1395.0000, 66.0000,  -1183.0000, -1390.0000, 80.0000,  153, 153, 153
L -1108.0000, -1396.0000, 73.0000,  -1143.0000, -1395.0000, 66.0000,  153, 153, 153
L -1067.0000, -1396.0000, 83.0000,  -1108.0000, -1396.0000, 73.0000,  153, 153, 153
L -1017.0000, -1401.0000, 94.0000,  -1067.0000, -1396.0000, 83.0000,  153, 153, 153
L -987.0000, -1404.0000, 84.0000,  -1017.0000, -1401.0000, 94.0000,  153, 153, 153
L -977.0000, -1402.0000, 64.0000,  -987.0000, -1404.0000, 84.0000,  153, 153, 153
L -898.0000, -1381.0000, 73.0000,  -977.0000, -1402.0000, 64.0000,  153, 153, 153
L -814.0000, -1358.0000, 78.0000,  -898.0000, -1381.0000, 73.0000,  153, 153, 153
L -779.0000, -1358.0000, 88.0000,  -814.0000, -1358.0000, 78.0000,  153, 153, 153
L -751.0000, -1364.0000, 68.0000,  -779.0000, -1358.0000, 88.0000,  153, 153, 153
L -719.0000, -1370.0000, 40.0000,  -751.0000, -1364.0000, 68.0000,  153, 153, 153
L -687.0000, -1376.0000, 43.0000,  -719.0000, -1370.0000, 40.0000,  153, 153, 153
L -677.0000, -1378.0000, 45.0000,  -687.0000, -1376.0000, 43.0000,  153, 153, 153
L -623.0000, -1389.0000, 70.0000,  -677.0000, -1378.0000, 45.0000,  153, 153, 153
L -563.0000, -1399.0000, 105.0000,  -623.0000, -1389.0000, 70.0000,  153, 153, 153
L -528.0000, -1404.0000, 123.0000,  -563.0000, -1399.0000, 105.0000,  153, 153, 153
L -487.0000, -1399.0000, 130.0000,  -528.0000, -1404.0000, 123.0000,  153, 153, 153
L -446.0000, -1394.0000, 135.0000,  -487.0000, -1399.0000, 130.0000,  153, 153, 153
L -418.0000, -1390.0000, 136.0000,  -446.0000, -1394.0000, 135.0000,  153, 153, 153
L -349.0000, -1385.0000, 146.0000,  -418.0000, -1390.0000, 136.0000,  153, 153, 153
L -282.0000, -1381.0000, 139.0000,  -349.0000, -1385.0000, 146.0000,  153, 153, 153
L -254.0000, -1381.0000, 138.0000,  -282.0000, -1381.0000, 139.0000,  153, 153, 153
L -229.0000, -1388.0000, 139.0000,  -254.0000, -1381.0000, 138.0000,  153, 153, 153
L -187.0000, -1396.0000, 145.0000,  -229.0000, -1388.0000, 139.0000,  153, 153, 153
L -148.0000, -1396.0000, 153.0000,  -187.0000, -1396.0000, 145.0000,  153, 153, 153
L -104.0000, -1396.0000, 154.0000,  -148.0000, -1396.0000, 153.0000,  153, 153, 153
L -47.0000, -1396.0000, 152.0000,  -104.0000, -1396.0000, 154.0000,  153, 153, 153
L -9.0000, -1396.0000, 145.0000,  -47.0000, -1396.0000, 152.0000,  153, 153, 153
L 12.0000, -1396.0000, 145.0000,  -9.0000, -1396.0000, 145.0000,  153, 153, 153
L 12.0000, -1396.0000, 1455.0000,  12.0000, -1396.0000, 145.0000,  153, 153, 153
L 1339.0000, -397.0000, 101.0000,  1355.0000, -359.0000, 117.0000,  153, 153, 153
L 1336.0000, -419.0000, 81.0000,  1339.0000, -397.0000, 101.0000,  153, 153, 153
L 1333.0000, -450.0000, 62.0000,  1336.0000, -419.0000, 81.0000,  153, 153, 153
L 1321.0000, -481.0000, 43.0000,  1333.0000, -450.0000, 62.0000,  153, 153, 153
L 1317.0000, -489.0000, 39.0000,  1321.0000, -481.0000, 43.0000,  153, 153, 153
L 1290.0000, -526.0000, 6.0000,  1317.0000, -489.0000, 39.0000,  153, 153, 153
L 1276.0000, -544.0000, 1.0000,  1290.0000, -526.0000, 6.0000,  153, 153, 153
L 1243.0000, -585.0000, 3.0000,  1276.0000, -544.0000, 1.0000,  153, 153, 153
L 1241.0000, -601.0000, 2.0000,  1243.0000, -585.0000, 3.0000,  153, 153, 153
L 1242.0000, -606.0000, 9.0000,  1241.0000, -601.0000, 2.0000,  153, 153, 153
L 1244.0000, -616.0000, 21.0000,  1242.0000, -606.0000, 9.0000,  153, 153, 153
L 1244.0000, -618.0000, 23.0000,  1244.0000, -616.0000, 21.0000,  153, 153, 153
L 1250.0000, -648.0000, 35.0000,  1244.0000, -618.0000, 23.0000,  153, 153, 153
L 1272.0000, -690.0000, 2.0000,  1250.0000, -648.0000, 35.0000,  153, 153, 153
L 1279.0000, -696.0000, 2.0000,  1272.0000, -690.0000, 2.0000,  153, 153, 153
L 1300.0000, -713.0000, -1.0000,  1279.0000, -696.0000, 2.0000,  153, 153, 153
L 1313.0000, -734.0000, -1.0000,  1300.0000, -713.0000, -1.0000,  153, 153, 153
L 1322.0000, -758.0000, -2.0000,  1313.0000, -734.0000, -1.0000,  153, 153, 153
L 1334.0000, -789.0000, 2.0000,  1322.0000, -758.0000, -2.0000,  153, 153, 153
L 1358.0000, -850.0000, 27.0000,  1334.0000, -789.0000, 2.0000,  153, 153, 153
L 1366.0000, -871.0000, 34.0000,  1358.0000, -850.0000, 27.0000,  153, 153, 153
L 1381.0000, -895.0000, 54.0000,  1366.0000, -871.0000, 34.0000,  153, 153, 153
L 1383.0000, -900.0000, 57.0000,  1381.0000, -895.0000, 54.0000,  153, 153, 153
L 1385.0000, -906.0000, 59.0000,  1383.0000, -900.0000, 57.0000,  153, 153, 153
L 1379.0000, -913.0000, 51.0000,  1385.0000, -906.0000, 59.0000,  153, 153, 153
L 1378.0000, -925.0000, 49.0000,  1379.0000, -913.0000, 51.0000,  153, 153, 153
L 1381.0000, -942.0000, 50.0000,  1378.0000, -925.0000, 49.0000,  153, 153, 153
L 1383.0000, -946.0000, 52.0000,  1381.0000, -942.0000, 50.0000,  153, 153, 153
L 1396.0000, -961.0000, 63.0000,  1383.0000, -946.0000, 52.0000,  153, 153, 153
L 1398.0000, -985.0000, 58.0000,  1396.0000, -961.0000, 63.0000,  153, 153, 153
L 1387.0000, -1006.0000, 41.0000,  1398.0000, -985.0000, 58.0000,  153, 153, 153
L 1380.0000, -1016.0000, 40.0000,  1387.0000, -1006.0000, 41.0000,  153, 153, 153
L 1368.0000, -1036.0000, 55.0000,  1380.0000, -1016.0000, 40.0000,  153, 153, 153
L 1361.0000, -1049.0000, 74.0000,  1368.0000, -1036.0000, 55.0000,  153, 153, 153
L 1352.0000, -1064.0000, 89.0000,  1361.0000, -1049.0000, 74.0000,  153, 153, 153
L 1348.0000, -1094.0000, 73.0000,  1352.0000, -1064.0000, 89.0000,  153, 153, 153
L 1348.0000, -1102.0000, 76.0000,  1348.0000, -1094.0000, 73.0000,  153, 153, 153
L 1361.0000, -1163.0000, 34.0000,  1348.0000, -1102.0000, 76.0000,  153, 153, 153
L 1372.0000, -1192.0000, 26.0000,  1361.0000, -1163.0000, 34.0000,  153, 153, 153
L 1396.0000, -1225.0000, 49.0000,  1372.0000, -1192.0000, 26.0000,  153, 153, 153
L 1402.0000, -1232.0000, 58.0000,  1396.0000, -1225.0000, 49.0000,  153, 153, 153
L 1407.0000, -1263.0000, 77.0000,  1402.0000, -1232.0000, 58.0000,  153, 153, 153
L 1407.0000, -1274.0000, 82.0000,  1407.0000, -1263.0000, 77.0000,  153, 153, 153
L 1407.0000, -1294.0000, 103.0000,  1407.0000, -1274.0000, 82.0000,  153, 153, 153
L 1399.0000, -1311.0000, 114.0000,  1407.0000, -1294.0000, 103.0000,  153, 153, 153
L 1382.0000, -1340.0000, 150.0000,  1399.0000, -1311.0000, 114.0000,  153, 153, 153
L 1373.0000, -1355.0000, 171.0000,  1382.0000, -1340.0000, 150.0000,  153, 153, 153
L 1364.0000, -1370.0000, 187.0000,  1373.0000, -1355.0000, 171.0000,  153, 153, 153
L 1357.0000, -1382.0000, 207.0000,  1364.0000, -1370.0000, 187.0000,  153, 153, 153
L 1354.0000, -1387.0000, 216.0000,  1357.0000, -1382.0000, 207.0000,  153, 153, 153
L 1325.0000, -1403.0000, 201.0000,  1354.0000, -1387.0000, 216.0000,  153, 153, 153
L 1298.0000, -1411.0000, 193.0000,  1325.0000, -1403.0000, 201.0000,  153, 153, 153
L 1246.0000, -1427.0000, 159.0000,  1298.0000, -1411.0000, 193.0000,  153, 153, 153
L 1232.0000, -1431.0000, 164.0000,  1246.0000, -1427.0000, 159.0000,  153, 153, 153
L 1201.0000, -1436.0000, 159.0000,  1232.0000, -1431.0000, 164.0000,  153, 153, 153
L 1122.0000, -1413.0000, 130.0000,  1201.0000, -1436.0000, 159.0000,  153, 153, 153
L 1100.0000, -1409.0000, 122.0000,  1122.0000, -1413.0000, 130.0000,  153, 153, 153
L 1050.0000, -1399.0000, 97.0000,  1100.0000, -1409.0000, 122.0000,  153, 153, 153
L 1027.0000, -1395.0000, 96.0000,  1050.0000, -1399.0000, 97.0000,  153, 153, 153
L 977.0000, -1392.0000, 121.0000,  1027.0000, -1395.0000, 96.0000,  153, 153, 153
L 967.0000, -1396.0000, 128.0000,  977.0000, -1392.0000, 121.0000,  153, 153, 153
L 960.0000, -1398.0000, 132.0000,  967.0000, -1396.0000, 128.0000,  153, 153, 153
L 941.0000, -1405.0000, 115.0000,  960.0000, -1398.0000, 132.0000,  153, 153, 153
L 926.0000, -1411.0000, 98.0000,  941.0000, -1405.0000, 115.0000,  153, 153, 153
L 918.0000, -1412.0000, 90.0000,  926.0000, -1411.0000, 98.0000,  153, 153, 153
L 884.0000, -1402.0000, 74.0000,  918.0000, -1412.0000, 90.0000,  153, 153, 153
L 870.0000, -1398.0000, 62.0000,  884.0000, -1402.0000, 74.0000,  153, 153, 153
L 845.0000, -1390.0000, 48.0000,  870.0000, -1398.0000, 62.0000,  153, 153, 153
L 817.0000, -1386.0000, 51.0000,  845.0000, -1390.0000, 48.0000,  153, 153, 153
L 790.0000, -1384.0000, 57.0000,  817.0000, -1386.0000, 51.0000,  153, 153, 153
L 778.0000, -1383.0000, 62.0000,  790.0000, -1384.0000, 57.0000,  153, 153, 153
L 752.0000, -1381.0000, 94.0000,  778.0000, -1383.0000, 62.0000,  153, 153, 153
L 741.0000, -1380.0000, 116.0000,  752.0000, -1381.0000, 94.0000,  153, 153, 153
L 728.0000, -1380.0000, 129.0000,  741.0000, -1380.0000, 116.0000,  153, 153, 153
L 715.0000, -1382.0000, 134.0000,  728.0000, -1380.0000, 129.0000,  153, 153, 153
L 696.0000, -1384.0000, 125.0000,  715.0000, -1382.0000, 134.0000,  153, 153, 153
L 674.0000, -1386.0000, 110.0000,  696.0000, -1384.0000, 125.0000,  153, 153, 153
L 646.0000, -1391.0000, 74.0000,  674.0000, -1386.0000, 110.0000,  153, 153, 153
L 635.0000, -1394.0000, 66.0000,  646.0000, -1391.0000, 74.0000,  153, 153, 153
L 617.0000, -1399.0000, 57.0000,  635.0000, -1394.0000, 66.0000,  153, 153, 153
L 611.0000, -1400.0000, 56.0000,  617.0000, -1399.0000, 57.0000,  153, 153, 153
L 600.0000, -1403.0000, 52.0000,  611.0000, -1400.0000, 56.0000,  153, 153, 153
L 579.0000, -1397.0000, 51.0000,  600.0000, -1403.0000, 52.0000,  153, 153, 153
L 570.0000, -1399.0000, 54.0000,  579.0000, -1397.0000, 51.0000,  153, 153, 153
L 549.0000, -1401.0000, 65.0000,  570.0000, -1399.0000, 54.0000,  153, 153, 153
L 532.0000, -1400.0000, 77.0000,  549.0000, -1401.0000, 65.0000,  153, 153, 153
L 525.0000, -1400.0000, 81.0000,  532.0000, -1400.0000, 77.0000,  153, 153, 153
L 518.0000, -1399.0000, 87.0000,  525.0000, -1400.0000, 81.0000,  153, 153, 153
L 512.0000, -1399.0000, 92.0000,  518.0000, -1399.0000, 87.0000,  153, 153, 153
L 504.0000, -1398.0000, 102.0000,  512.0000, -1399.0000, 92.0000,  153, 153, 153
L 495.0000, -1398.0000, 114.0000,  504.0000, -1398.0000, 102.0000,  153, 153, 153
L 481.0000, -1397.0000, 141.0000,  495.0000, -1398.0000, 114.0000,  153, 153, 153
L 478.0000, -1396.0000, 145.0000,  481.0000, -1397.0000, 141.0000,  153, 153, 153
L 476.0000, -1396.0000, 149.0000,  478.0000, -1396.0000, 145.0000,  153, 153, 153
L 472.0000, -1393.0000, 157.0000,  476.0000, -1396.0000, 149.0000,  153, 153, 153
L 463.0000, -1388.0000, 162.0000,  472.0000, -1393.0000, 157.0000,  153, 153, 153
L 432.0000, -1368.0000, 146.0000,  463.0000, -1388.0000, 162.0000,  153, 153, 153
L 421.0000, -1361.0000, 147.0000,  432.0000, -1368.0000, 146.0000,  153, 153, 153
L 413.0000, -1356.0000, 139.0000,  421.0000, -1361.0000, 147.0000,  153, 153, 153
L 387.0000, -1340.0000, 106.0000,  413.0000, -1356.0000, 139.0000,  153, 153, 153
L 373.0000, -1324.0000, 102.0000,  387.0000, -1340.0000, 106.0000,  153, 153, 153
L 366.0000, -1315.0000, 99.0000,  373.0000, -1324.0000, 102.0000,  153, 153, 153
L 343.0000, -1287.0000, 57.0000,  366.0000, -1315.0000, 99.0000,  153, 153, 153
L 319.0000, -1282.0000, 67.0000,  343.0000, -1287.0000, 57.0000,  153, 153, 153
L 311.0000, -1280.0000, 74.0000,  319.0000, -1282.0000, 67.0000,  153, 153, 153
L 305.0000, -1279.0000, 82.0000,  311.0000, -1280.0000, 74.0000,  153, 153, 153
L 290.0000, -1275.0000, 96.0000,  305.0000, -1279.0000, 82.0000,  153, 153, 153
L 278.0000, -1273.0000, 99.0000,  290.0000, -1275.0000, 96.0000,  153, 153, 153
L 266.0000, -1270.0000, 95.0000,  278.0000, -1273.0000, 99.0000,  153, 153, 153
L 193.0000, -1250.0000, 67.0000,  266.0000, -1270.0000, 95.0000,  153, 153, 153
L 168.0000, -1246.0000, 81.0000,  193.0000, -1250.0000, 67.0000,  153, 153, 153
L 154.0000, -1249.0000, 89.0000,  168.0000, -1246.0000, 81.0000,  153, 153, 153
L 110.0000, -1258.0000, 107.0000,  154.0000, -1249.0000, 89.0000,  153, 153, 153
L 106.0000, -1259.0000, 108.0000,  110.0000, -1258.0000, 107.0000,  153, 153, 153
L 96.0000, -1261.0000, 112.0000,  106.0000, -1259.0000, 108.0000,  153, 153, 153
L 94.0000, -1262.0000, 112.0000,  96.0000, -1261.0000, 112.0000,  153, 153, 153
L 65.0000, -1239.0000, 113.0000,  94.0000, -1262.0000, 112.0000,  153, 153, 153
L 55.0000, -1265.0000, 125.0000,  65.0000, -1239.0000, 113.0000,  153, 153, 153
L 59.0000, -1295.0000, 128.0000,  55.0000, -1265.0000, 125.0000,  153, 153, 153
L 63.0000, -1309.0000, 130.0000,  59.0000, -1295.0000, 128.0000,  153, 153, 153
L 68.0000, -1330.0000, 150.0000,  63.0000, -1309.0000, 130.0000,  153, 153, 153
L 71.0000, -1343.0000, 175.0000,  68.0000, -1330.0000, 150.0000,  153, 153, 153
L 73.0000, -1351.0000, 183.0000,  71.0000, -1343.0000, 175.0000,  153, 153, 153
L 74.0000, -1374.0000, 176.0000,  73.0000, -1351.0000, 183.0000,  153, 153, 153
L 36.0000, -1393.0000, 144.0000,  74.0000, -1374.0000, 176.0000,  153, 153, 153
L 25.0000, -1396.0000, 145.0000,  36.0000, -1393.0000, 144.0000,  153, 153, 153
L 13.0000, -1396.0000, 142.0000,  25.0000, -1396.0000, 145.0000,  153, 153, 153
L 13.0000, -1396.0000, 1420.0000,  13.0000, -1396.0000, 142.0000,  153, 153, 153
L 34.0000, -1341.0000, 66.0000,  27.0000, -1336.0000, 70.0000,  153, 153, 153
L 32.0000, -1347.0000, 66.0000,  34.0000, -1341.0000, 66.0000,  153, 153, 153
L 32.0000, -1358.0000, 68.0000,  32.0000, -1347.0000, 66.0000,  153, 153, 153
L 31.0000, -1367.0000, 66.0000,  32.0000, -1358.0000, 68.0000,  153, 153, 153
L 23.0000, -1378.0000, 61.0000,  31.0000, -1367.0000, 66.0000,  153, 153, 153
L 6.0000, -1381.0000, 58.0000,  23.0000, -1378.0000, 61.0000,  153, 153, 153
L -6.0000, -1384.0000, 56.0000,  6.0000, -1381.0000, 58.0000,  153, 153, 153
L -17.0000, -1391.0000, 55.0000,  -6.0000, -1384.0000, 56.0000,  153, 153, 153
L -26.0000, -1401.0000, 53.0000,  -17.0000, -1391.0000, 55.0000,  153, 153, 153
L -29.0000, -1406.0000, 52.0000,  -26.0000, -1401.0000, 53.0000,  153, 153, 153
L -29.0000, -1406.0000, 522.0000,  -29.0000, -1406.0000, 52.0000,  153, 153, 153
L 19.0000, -1406.0000, 59.0000,  6.0000, -1407.0000, 57.0000,  153, 153, 153
L 30.0000, -1403.0000, 61.0000,  19.0000, -1406.0000, 59.0000,  153, 153, 153
L 39.0000, -1398.0000, 62.0000,  30.0000, -1403.0000, 61.0000,  153, 153, 153
L 48.0000, -1389.0000, 64.0000,  39.0000, -1398.0000, 62.0000,  153, 153, 153
L 55.0000, -1378.0000, 66.0000,  48.0000, -1389.0000, 64.0000,  153, 153, 153
L 57.0000, -1353.0000, 71.0000,  55.0000, -1378.0000, 66.0000,  153, 153, 153
L 50.0000, -1336.0000, 72.0000,  57.0000, -1353.0000, 71.0000,  153, 153, 153
L 43.0000, -1324.0000, 76.0000,  50.0000, -1336.0000, 72.0000,  153, 153, 153
L 43.0000, -1324.0000, 760.0000,  43.0000, -1324.0000, 76.0000,  153, 153, 153
