L -3375.0000, 1119.0000, 0.0000,  -3384.0000, 1138.0000, 0.0000,  153, 153, 153
L -3384.0000, 1138.0000, 0.0000,  -3373.0000, 1150.0000, 0.0000,  153, 153, 153
L -3373.0000, 1150.0000, 0.0000,  -3371.0000, 1179.0000, 0.0000,  153, 153, 153
L -3371.0000, 1179.0000, 0.0000,  -3229.0000, 1179.0000, 0.0000,  153, 153, 153
L -3229.0000, 1179.0000, 0.0000,  -3229.0000, 1143.0000, 0.0000,  153, 153, 153
L -3229.0000, 1143.0000, 0.0000,  -3159.0000, 985.0000, 0.0000,  153, 153, 153
L -3159.0000, 985.0000, 0.0000,  -3155.0000, 975.0000, 0.0000,  153, 153, 153
L -3155.0000, 975.0000, 0.0000,  -3139.0000, 940.0000, 0.0000,  153, 153, 153
L -3139.0000, 940.0000, 0.0000,  -3087.0000, 938.0000, 0.0000,  153, 153, 153
L -3087.0000, 938.0000, 0.0000,  1969.0000, 944.0000, 0.0000,  153, 153, 153
L 1969.0000, 944.0000, 0.0000,  1974.0000, -395.0000, 0.0000,  153, 153, 153
L 1974.0000, -395.0000, 0.0000,  1987.0000, -1087.0000, 0.0000,  153, 153, 153
L 1987.0000, -1087.0000, 0.0000,  2079.0000, -1131.0000, 0.0000,  153, 153, 153
L 2079.0000, -1131.0000, 0.0000,  2102.0000, -1131.0000, 0.0000,  153, 153, 153
L 2102.0000, -1131.0000, 0.0000,  2144.0000, -1112.0000, 0.0000,  153, 153, 153
L 2144.0000, -1112.0000, 0.0000,  2130.0000, -1026.0000, 0.0000,  153, 153, 153
L 2130.0000, -1026.0000, 0.0000,  2134.0000, -943.0000, 0.0000,  153, 153, 153
L 2168.0000, -955.0000, 0.0000,  2164.0000, -1007.0000, 0.0000,  153, 153, 153
L 2164.0000, -1007.0000, 0.0000,  2176.0000, -1097.0000, 0.0000,  153, 153, 153
L 2176.0000, -1097.0000, 0.0000,  2164.0000, -1140.0000, 0.0000,  153, 153, 153
L 2164.0000, -1140.0000, 0.0000,  2082.0000, -1178.0000, 0.0000,  153, 153, 153
L 2082.0000, -1178.0000, 0.0000,  2018.0000, -1184.0000, 0.0000,  153, 153, 153
L 2018.0000, -1184.0000, 0.0000,  1971.0000, -1206.0000, 0.0000,  153, 153, 153
L 1971.0000, -1206.0000, 0.0000,  1981.0000, -1343.0000, 0.0000,  153, 153, 153
L 1981.0000, -1343.0000, 0.0000,  1977.0000, -1856.0000, 0.0000,  153, 153, 153
L 1977.0000, -1856.0000, 0.0000,  1915.0000, -1961.0000, 0.0000,  153, 153, 153
L 1915.0000, -1961.0000, 0.0000,  1219.0000, -1967.0000, 0.0000,  153, 153, 153
L 1219.0000, -1967.0000, 0.0000,  1172.0000, -2016.0000, 0.0000,  153, 153, 153
L 1172.0000, -2016.0000, 0.0000,  1144.0000, -2059.0000, 0.0000,  153, 153, 153
L 1144.0000, -2059.0000, 0.0000,  1129.0000, -2087.0000, 0.0000,  153, 153, 153
L 1129.0000, -2087.0000, 0.0000,  1160.0000, -2119.0000, 0.0000,  153, 153, 153
L 1160.0000, -2119.0000, 0.0000,  1211.0000, -2156.0000, 0.0000,  153, 153, 153
L 1186.0000, -2170.0000, 0.0000,  1186.0000, -2164.0000, 0.0000,  153, 153, 153
L 1186.0000, -2164.0000, 0.0000,  1149.0000, -2141.0000, 0.0000,  153, 153, 153
L 1149.0000, -2141.0000, 0.0000,  1111.0000, -2126.0000, 0.0000,  153, 153, 153
L 1111.0000, -2126.0000, 0.0000,  1097.0000, -2101.0000, 0.0000,  153, 153, 153
L 1097.0000, -2101.0000, 0.0000,  1111.0000, -2055.0000, 0.0000,  153, 153, 153
L 1111.0000, -2055.0000, 0.0000,  1108.0000, -1965.0000, 0.0000,  153, 153, 153
L 1108.0000, -1965.0000, 0.0000,  -3749.0000, -1961.0000, 0.0000,  153, 153, 153
L -3749.0000, -1961.0000, 0.0000,  -3928.0000, -1959.0000, 0.0000,  153, 153, 153
L -3928.0000, -1959.0000, 0.0000,  -3935.0000, 937.0000, 0.0000,  153, 153, 153
L -3935.0000, 937.0000, 0.0000,  -3760.0000, 937.0000, 0.0000,  153, 153, 153
L -3760.0000, 937.0000, 0.0000,  -3260.0000, 972.0000, 0.0000,  153, 153, 153
L -3260.0000, 972.0000, 0.0000,  -3255.0000, 1002.0000, 0.0000,  153, 153, 153
L -3255.0000, 1002.0000, 0.0000,  -3241.0000, 1046.0000, 0.0000,  153, 153, 153
L -3241.0000, 1046.0000, 0.0000,  -3258.0000, 1130.0000, 0.0000,  153, 153, 153
L -3258.0000, 1130.0000, 0.0000,  -3260.0000, 1153.0000, 0.0000,  153, 153, 153
L -3260.0000, 1153.0000, 0.0000,  -3285.0000, 1155.0000, 0.0000,  153, 153, 153
L -3285.0000, 1155.0000, 0.0000,  -3345.0000, 1155.0000, 0.0000,  153, 153, 153
L -3345.0000, 1155.0000, 0.0000,  -3347.0000, 1119.0000, 0.0000,  153, 153, 153
L 1140.0000, -1924.0000, 0.0000,  1139.0000, -1847.0000, 0.0000,  153, 0, 0
L 1139.0000, -1847.0000, 0.0000,  1112.0000, -1804.0000, 0.0000,  153, 0, 0
L 1112.0000, -1804.0000, 0.0000,  1092.0000, -1779.0000, 0.0000,  153, 0, 0
L 1092.0000, -1779.0000, 0.0000,  1070.0000, -1755.0000, 0.0000,  153, 0, 0
L 1070.0000, -1755.0000, 0.0000,  826.0000, -1726.0000, 0.0000,  153, 0, 0
L 826.0000, -1726.0000, 0.0000,  753.0000, -1733.0000, 0.0000,  153, 0, 0
L 753.0000, -1733.0000, 0.0000,  739.0000, -1647.0000, 0.0000,  153, 0, 0
L 739.0000, -1647.0000, 0.0000,  740.0000, -1609.0000, 0.0000,  153, 0, 0
L 740.0000, -1609.0000, 0.0000,  740.0000, -1589.0000, 0.0000,  153, 0, 0
L 740.0000, -1589.0000, 0.0000,  747.0000, -1524.0000, 0.0000,  153, 0, 0
L 747.0000, -1524.0000, 0.0000,  980.0000, -1298.0000, 0.0000,  153, 0, 0
L 980.0000, -1298.0000, 0.0000,  991.0000, -1191.0000, 0.0000,  153, 0, 0
L 991.0000, -1191.0000, 0.0000,  844.0000, -1041.0000, 0.0000,  153, 0, 0
L 844.0000, -1041.0000, 0.0000,  842.0000, -975.0000, 0.0000,  153, 0, 0
L 842.0000, -975.0000, 0.0000,  839.0000, -740.0000, 0.0000,  153, 0, 0
L 839.0000, -740.0000, 0.0000,  871.0000, -701.0000, 0.0000,  153, 0, 0
L 871.0000, -701.0000, 0.0000,  896.0000, -686.0000, 0.0000,  153, 0, 0
L 896.0000, -686.0000, 0.0000,  947.0000, -628.0000, 0.0000,  153, 0, 0
L 947.0000, -628.0000, 0.0000,  983.0000, -595.0000, 0.0000,  153, 0, 0
L 983.0000, -595.0000, 0.0000,  990.0000, -426.0000, 0.0000,  153, 0, 0
L 990.0000, -426.0000, 0.0000,  1034.0000, -388.0000, 0.0000,  153, 0, 0
L 1034.0000, -388.0000, 0.0000,  1446.0000, -381.0000, 0.0000,  153, 0, 0
L 1446.0000, -381.0000, 0.0000,  1743.0000, -683.0000, 0.0000,  153, 0, 0
L 1743.0000, -683.0000, 0.0000,  1744.0000, -988.0000, 0.0000,  153, 0, 0
L 1744.0000, -988.0000, 0.0000,  1883.0000, -1133.0000, 0.0000,  153, 0, 0
L 1883.0000, -1133.0000, 0.0000,  1981.0000, -1133.0000, 0.0000,  153, 0, 0
L 841.0000, -828.0000, 0.0000,  786.0000, -834.0000, 0.0000,  153, 0, 0
L 786.0000, -834.0000, 0.0000,  648.0000, -981.0000, 0.0000,  153, 0, 0
L 648.0000, -981.0000, 0.0000,  598.0000, -1023.0000, 0.0000,  153, 0, 0
L 598.0000, -1023.0000, 0.0000,  585.0000, -1184.0000, 0.0000,  153, 0, 0
L 585.0000, -1184.0000, 0.0000,  339.0000, -1185.0000, 0.0000,  153, 0, 0
L 339.0000, -1185.0000, 0.0000,  293.0000, -1234.0000, 0.0000,  153, 0, 0
L 293.0000, -1234.0000, 0.0000,  184.0000, -1234.0000, 0.0000,  153, 0, 0
L 184.0000, -1234.0000, 0.0000,  146.0000, -1183.0000, 0.0000,  153, 0, 0
L 146.0000, -1183.0000, 0.0000,  -112.0000, -1187.0000, 0.0000,  153, 0, 0
L -112.0000, -1187.0000, 0.0000,  -160.0000, -1139.0000, 0.0000,  153, 0, 0
L -160.0000, -1139.0000, 0.0000,  -160.0000, -1077.0000, 0.0000,  153, 0, 0
L -160.0000, -1077.0000, 0.0000,  -106.0000, -1036.0000, 0.0000,  153, 0, 0
L -106.0000, -1036.0000, 0.0000,  -113.0000, -677.0000, 0.0000,  153, 0, 0
L -113.0000, -677.0000, 0.0000,  -258.0000, -533.0000, 0.0000,  153, 0, 0
L -258.0000, -533.0000, 0.0000,  -710.0000, -535.0000, 0.0000,  153, 0, 0
L -710.0000, -535.0000, 0.0000,  -759.0000, -490.0000, 0.0000,  153, 0, 0
L -759.0000, -490.0000, 0.0000,  -757.0000, -328.0000, 0.0000,  153, 0, 0
L -757.0000, -328.0000, 0.0000,  -802.0000, -299.0000, 0.0000,  153, 0, 0
L -802.0000, -299.0000, 0.0000,  -810.0000, -291.0000, 0.0000,  153, 0, 0
L -810.0000, -291.0000, 0.0000,  -837.0000, -250.0000, 0.0000,  153, 0, 0
L -837.0000, -250.0000, 0.0000,  -1114.0000, -238.0000, 0.0000,  153, 0, 0
L -1114.0000, -238.0000, 0.0000,  -1398.0000, -529.0000, 0.0000,  153, 0, 0
L -1398.0000, -529.0000, 0.0000,  -1686.0000, -532.0000, 0.0000,  153, 0, 0
L -1686.0000, -532.0000, 0.0000,  -1855.0000, -678.0000, 0.0000,  153, 0, 0
L -1855.0000, -678.0000, 0.0000,  -1860.0000, -1059.0000, 0.0000,  153, 0, 0
L -1860.0000, -1059.0000, 0.0000,  -1903.0000, -1134.0000, 0.0000,  153, 0, 0
L -1903.0000, -1134.0000, 0.0000,  -2164.0000, -1139.0000, 0.0000,  153, 0, 0
L -2164.0000, -1139.0000, 0.0000,  -2187.0000, -1163.0000, 0.0000,  153, 0, 0
L -2187.0000, -1163.0000, 0.0000,  -2601.0000, -1185.0000, 0.0000,  153, 0, 0
L -659.0000, -532.0000, 0.0000,  -654.0000, -637.0000, 0.0000,  153, 0, 0
L -654.0000, -637.0000, 0.0000,  -739.0000, -728.0000, 0.0000,  153, 0, 0
L -739.0000, -728.0000, 0.0000,  -762.0000, -741.0000, 0.0000,  153, 0, 0
L -762.0000, -741.0000, 0.0000,  -802.0000, -786.0000, 0.0000,  153, 0, 0
L -802.0000, -786.0000, 0.0000,  -805.0000, -1128.0000, 0.0000,  153, 0, 0
L 1139.0000, -383.0000, 0.0000,  1145.0000, -276.0000, 0.0000,  153, 0, 0
L 1145.0000, -276.0000, 0.0000,  1173.0000, -255.0000, 0.0000,  153, 0, 0
L 1173.0000, -255.0000, 0.0000,  1188.0000, -78.0000, 0.0000,  153, 0, 0
L 1188.0000, -78.0000, 0.0000,  1192.0000, 106.0000, 0.0000,  153, 0, 0
L 1192.0000, 106.0000, 0.0000,  1157.0000, 145.0000, 0.0000,  153, 0, 0
L 1157.0000, 145.0000, 0.0000,  1138.0000, 167.0000, 0.0000,  153, 0, 0
L 1138.0000, 167.0000, 0.0000,  1015.0000, 297.0000, 0.0000,  153, 0, 0
L 1015.0000, 297.0000, 0.0000,  950.0000, 317.0000, 0.0000,  153, 0, 0
L 1666.0000, -1089.0000, -12.0000,  1662.0000, -1080.0000, -1.0000,  153, 153, 153
L 1662.0000, -1080.0000, -1.0000,  1665.0000, -1069.0000, -1.0000,  153, 153, 153
L 1665.0000, -1069.0000, -1.0000,  1667.0000, -1068.0000, -1.0000,  153, 153, 153
L 1667.0000, -1068.0000, -1.0000,  1667.0000, -1061.0000, -1.0000,  153, 153, 153
L 1667.0000, -1061.0000, -1.0000,  1680.0000, -1060.0000, -1.0000,  153, 153, 153
L 1680.0000, -1060.0000, -1.0000,  1681.0000, -1068.0000, -1.0000,  153, 153, 153
L 1681.0000, -1068.0000, -1.0000,  1682.0000, -1068.0000, -1.0000,  153, 153, 153
L 1682.0000, -1068.0000, -1.0000,  1687.0000, -1079.0000, -1.0000,  153, 153, 153
L 1687.0000, -1079.0000, -1.0000,  1683.0000, -1088.0000, -1.0000,  153, 153, 153
L 1683.0000, -1088.0000, -1.0000,  1677.0000, -1089.0000, -1.0000,  153, 153, 153
L 1677.0000, -1089.0000, -1.0000,  1667.0000, -1089.0000, -1.0000,  153, 153, 153
L 1694.0000, -1075.0000, -12.0000,  1703.0000, -1074.0000, -1.0000,  153, 153, 153
L 1703.0000, -1074.0000, -1.0000,  1705.0000, -1082.0000, -1.0000,  153, 153, 153
L 1705.0000, -1082.0000, -1.0000,  1704.0000, -1084.0000, -1.0000,  153, 153, 153
L 1704.0000, -1084.0000, -1.0000,  1703.0000, -1085.0000, -1.0000,  153, 153, 153
L 1703.0000, -1085.0000, -1.0000,  1697.0000, -1086.0000, -1.0000,  153, 153, 153
L 1697.0000, -1086.0000, -1.0000,  1697.0000, -1085.0000, -1.0000,  153, 153, 153
L 1697.0000, -1085.0000, -1.0000,  1695.0000, -1085.0000, -1.0000,  153, 153, 153
L 1695.0000, -1085.0000, -1.0000,  1694.0000, -1076.0000, -1.0000,  153, 153, 153
L 1715.0000, -1053.0000, -12.0000,  1710.0000, -1058.0000, -1.0000,  153, 153, 153
L 1710.0000, -1058.0000, -1.0000,  1702.0000, -1059.0000, 0.0000,  153, 153, 153
L 1702.0000, -1059.0000, 0.0000,  1696.0000, -1053.0000, -1.0000,  153, 153, 153
L 1696.0000, -1053.0000, -1.0000,  1696.0000, -1043.0000, -1.0000,  153, 153, 153
L 1696.0000, -1043.0000, -1.0000,  1701.0000, -1036.0000, -1.0000,  153, 153, 153
L 1701.0000, -1036.0000, -1.0000,  1709.0000, -1036.0000, -1.0000,  153, 153, 153
L 1709.0000, -1036.0000, -1.0000,  1715.0000, -1041.0000, -1.0000,  153, 153, 153
L 1715.0000, -1041.0000, -1.0000,  1722.0000, -1043.0000, -1.0000,  153, 153, 153
L 1722.0000, -1043.0000, -1.0000,  1723.0000, -1051.0000, -1.0000,  153, 153, 153
L 1723.0000, -1051.0000, -1.0000,  1715.0000, -1054.0000, -1.0000,  153, 153, 153
L 1872.0000, 312.0000, -12.0000,  1838.0000, 312.0000, -1.0000,  153, 153, 153
L 1838.0000, 312.0000, -1.0000,  1820.0000, 301.0000, -1.0000,  153, 153, 153
L 1820.0000, 301.0000, -1.0000,  1771.0000, 314.0000, -1.0000,  153, 153, 153
L 1771.0000, 314.0000, -1.0000,  1771.0000, 393.0000, -1.0000,  153, 153, 153
L 1771.0000, 393.0000, -1.0000,  1801.0000, 394.0000, -1.0000,  153, 153, 153
L 1801.0000, 394.0000, -1.0000,  1820.0000, 404.0000, -1.0000,  153, 153, 153
L 1820.0000, 404.0000, -1.0000,  1850.0000, 406.0000, -1.0000,  153, 153, 153
L 1850.0000, 406.0000, -1.0000,  1872.0000, 393.0000, -1.0000,  153, 153, 153
L 1872.0000, 393.0000, -1.0000,  1872.0000, 312.0000, -1.0000,  153, 153, 153
L 1870.0000, 316.0000, 246.0000,  1837.0000, 318.0000, 24.0000,  153, 153, 153
L 1837.0000, 318.0000, 24.0000,  1837.0000, 389.0000, 24.0000,  153, 153, 153
L 1837.0000, 389.0000, 24.0000,  1870.0000, 392.0000, 24.0000,  153, 153, 153
L 1820.0000, 301.0000, -12.0000,  1820.0000, 406.0000, -1.0000,  153, 153, 153
L 581.0000, 185.0000, -12.0000,  579.0000, 183.0000, -1.0000,  153, 153, 153
L 579.0000, 183.0000, -1.0000,  577.0000, 178.0000, -1.0000,  153, 153, 153
L 577.0000, 178.0000, -1.0000,  579.0000, 172.0000, -1.0000,  153, 153, 153
L 579.0000, 172.0000, -1.0000,  584.0000, 170.0000, -1.0000,  153, 153, 153
L 584.0000, 170.0000, -1.0000,  590.0000, 172.0000, -1.0000,  153, 153, 153
L 590.0000, 172.0000, -1.0000,  592.0000, 177.0000, -1.0000,  153, 153, 153
L 592.0000, 177.0000, -1.0000,  592.0000, 178.0000, -1.0000,  153, 153, 153
L 592.0000, 178.0000, -1.0000,  590.0000, 183.0000, -1.0000,  153, 153, 153
L 590.0000, 183.0000, -1.0000,  589.0000, 183.0000, -1.0000,  153, 153, 153
L 589.0000, 183.0000, -1.0000,  585.0000, 185.0000, -1.0000,  153, 153, 153
L 550.0000, 209.0000, -16.0000,  546.0000, 212.0000, -1.0000,  153, 153, 153
L 546.0000, 212.0000, -1.0000,  538.0000, 215.0000, -1.0000,  153, 153, 153
L 538.0000, 215.0000, -1.0000,  533.0000, 214.0000, -2.0000,  153, 153, 153
L 533.0000, 214.0000, -2.0000,  530.0000, 212.0000, -2.0000,  153, 153, 153
L 530.0000, 212.0000, -2.0000,  526.0000, 207.0000, -2.0000,  153, 153, 153
L 526.0000, 207.0000, -2.0000,  527.0000, 196.0000, -2.0000,  153, 153, 153
L 527.0000, 196.0000, -2.0000,  535.0000, 189.0000, -2.0000,  153, 153, 153
L 535.0000, 189.0000, -2.0000,  541.0000, 190.0000, -1.0000,  153, 153, 153
L 541.0000, 190.0000, -1.0000,  552.0000, 197.0000, -1.0000,  153, 153, 153
L 577.0000, 242.0000, -12.0000,  581.0000, 246.0000, -1.0000,  153, 153, 153
L 581.0000, 246.0000, -1.0000,  580.0000, 249.0000, -1.0000,  153, 153, 153
L 580.0000, 249.0000, -1.0000,  580.0000, 252.0000, -1.0000,  153, 153, 153
L 580.0000, 252.0000, -1.0000,  576.0000, 256.0000, -1.0000,  153, 153, 153
L 576.0000, 256.0000, -1.0000,  574.0000, 256.0000, -1.0000,  153, 153, 153
L 574.0000, 256.0000, -1.0000,  569.0000, 255.0000, -1.0000,  153, 153, 153
L 569.0000, 255.0000, -1.0000,  566.0000, 251.0000, -1.0000,  153, 153, 153
L 566.0000, 251.0000, -1.0000,  566.0000, 250.0000, -1.0000,  153, 153, 153
L 566.0000, 250.0000, -1.0000,  567.0000, 245.0000, -1.0000,  153, 153, 153
L 567.0000, 245.0000, -1.0000,  571.0000, 241.0000, -1.0000,  153, 153, 153
L -318.0000, -188.0000, -12.0000,  -320.0000, -185.0000, -1.0000,  153, 153, 153
L -320.0000, -185.0000, -1.0000,  -323.0000, -180.0000, -1.0000,  153, 153, 153
L -323.0000, -180.0000, -1.0000,  -320.0000, -169.0000, -1.0000,  153, 153, 153
L -320.0000, -169.0000, -1.0000,  -317.0000, -166.0000, -1.0000,  153, 153, 153
L -317.0000, -166.0000, -1.0000,  -311.0000, -164.0000, -1.0000,  153, 153, 153
L -311.0000, -164.0000, -1.0000,  -310.0000, -164.0000, -1.0000,  153, 153, 153
L -310.0000, -164.0000, -1.0000,  -300.0000, -167.0000, -1.0000,  153, 153, 153
L -300.0000, -167.0000, -1.0000,  -295.0000, -176.0000, -1.0000,  153, 153, 153
L -295.0000, -176.0000, -1.0000,  -299.0000, -187.0000, -1.0000,  153, 153, 153
L -299.0000, -187.0000, -1.0000,  -308.0000, -191.0000, -1.0000,  153, 153, 153
L -361.0000, -206.0000, -12.0000,  -371.0000, -206.0000, -1.0000,  153, 153, 153
L -371.0000, -206.0000, -1.0000,  -379.0000, -199.0000, -1.0000,  153, 153, 153
L -379.0000, -199.0000, -1.0000,  -379.0000, -189.0000, -1.0000,  153, 153, 153
L -379.0000, -189.0000, -1.0000,  -372.0000, -181.0000, -1.0000,  153, 153, 153
L -372.0000, -181.0000, -1.0000,  -362.0000, -181.0000, -1.0000,  153, 153, 153
L -362.0000, -181.0000, -1.0000,  -354.0000, -187.0000, -1.0000,  153, 153, 153
L -354.0000, -187.0000, -1.0000,  -354.0000, -198.0000, -1.0000,  153, 153, 153
L -317.0000, -243.0000, -12.0000,  -307.0000, -247.0000, -1.0000,  153, 153, 153
L -307.0000, -247.0000, -1.0000,  -304.0000, -257.0000, -1.0000,  153, 153, 153
L -304.0000, -257.0000, -1.0000,  -309.0000, -266.0000, 0.0000,  153, 153, 153
L -309.0000, -266.0000, 0.0000,  -318.0000, -270.0000, 0.0000,  153, 153, 153
L -318.0000, -270.0000, 0.0000,  -328.0000, -265.0000, 0.0000,  153, 153, 153
L -328.0000, -265.0000, 0.0000,  -331.0000, -255.0000, -1.0000,  153, 153, 153
L -331.0000, -255.0000, -1.0000,  -326.0000, -246.0000, -1.0000,  153, 153, 153
L -1266.0000, 298.0000, -12.0000,  -1276.0000, 307.0000, -1.0000,  153, 153, 153
L -1276.0000, 307.0000, -1.0000,  -1276.0000, 321.0000, -1.0000,  153, 153, 153
L -1276.0000, 321.0000, -1.0000,  -1269.0000, 329.0000, -1.0000,  153, 153, 153
L -1269.0000, 329.0000, -1.0000,  -1275.0000, 336.0000, -1.0000,  153, 153, 153
L -1275.0000, 336.0000, -1.0000,  -1276.0000, 350.0000, -1.0000,  153, 153, 153
L -1276.0000, 350.0000, -1.0000,  -1268.0000, 359.0000, -1.0000,  153, 153, 153
L -1268.0000, 359.0000, -1.0000,  -1267.0000, 374.0000, -1.0000,  153, 153, 153
L -1267.0000, 374.0000, -1.0000,  -1252.0000, 375.0000, -1.0000,  153, 153, 153
L -1252.0000, 375.0000, -1.0000,  -1250.0000, 359.0000, -1.0000,  153, 153, 153
L -1250.0000, 359.0000, -1.0000,  -1242.0000, 351.0000, -1.0000,  153, 153, 153
L -1242.0000, 351.0000, -1.0000,  -1242.0000, 338.0000, -1.0000,  153, 153, 153
L -1242.0000, 338.0000, -1.0000,  -1249.0000, 329.0000, 4.0000,  153, 153, 153
L -1249.0000, 329.0000, 4.0000,  -1242.0000, 322.0000, -1.0000,  153, 153, 153
L -1242.0000, 322.0000, -1.0000,  -1242.0000, 307.0000, -1.0000,  153, 153, 153
L -1242.0000, 307.0000, -1.0000,  -1252.0000, 298.0000, -1.0000,  153, 153, 153
L -1252.0000, 298.0000, -1.0000,  -1265.0000, 298.0000, -1.0000,  153, 153, 153
L -1273.0000, 250.0000, -12.0000,  -1274.0000, 236.0000, -1.0000,  153, 153, 153
L -1274.0000, 236.0000, -1.0000,  -1263.0000, 226.0000, -1.0000,  153, 153, 153
L -1263.0000, 226.0000, -1.0000,  -1250.0000, 226.0000, -1.0000,  153, 153, 153
L -1250.0000, 226.0000, -1.0000,  -1240.0000, 235.0000, -1.0000,  153, 153, 153
L -1240.0000, 235.0000, -1.0000,  -1240.0000, 250.0000, -1.0000,  153, 153, 153
L -1240.0000, 250.0000, -1.0000,  -1250.0000, 260.0000, -1.0000,  153, 153, 153
L -1250.0000, 260.0000, -1.0000,  -1263.0000, 260.0000, -1.0000,  153, 153, 153
L -1263.0000, 260.0000, -1.0000,  -1274.0000, 250.0000, -1.0000,  153, 153, 153
L -1238.0000, 273.0000, -12.0000,  -1237.0000, 287.0000, -1.0000,  153, 153, 153
L -1237.0000, 287.0000, -1.0000,  -1228.0000, 296.0000, -1.0000,  153, 153, 153
L -1228.0000, 296.0000, -1.0000,  -1213.0000, 296.0000, -1.0000,  153, 153, 153
L -1213.0000, 296.0000, -1.0000,  -1205.0000, 288.0000, -1.0000,  153, 153, 153
L -1205.0000, 288.0000, -1.0000,  -1204.0000, 273.0000, -1.0000,  153, 153, 153
L -1204.0000, 273.0000, -1.0000,  -1213.0000, 263.0000, -1.0000,  153, 153, 153
L -1213.0000, 263.0000, -1.0000,  -1227.0000, 263.0000, -1.0000,  153, 153, 153
L -1227.0000, 263.0000, -1.0000,  -1237.0000, 272.0000, -1.0000,  153, 153, 153
L -1688.0000, 591.0000, -12.0000,  -1689.0000, 600.0000, -1.0000,  153, 153, 153
L -1689.0000, 600.0000, -1.0000,  -1697.0000, 607.0000, -1.0000,  153, 153, 153
L -1697.0000, 607.0000, -1.0000,  -1707.0000, 606.0000, -1.0000,  153, 153, 153
L -1707.0000, 606.0000, -1.0000,  -1714.0000, 598.0000, -1.0000,  153, 153, 153
L -1714.0000, 598.0000, -1.0000,  -1713.0000, 588.0000, -1.0000,  153, 153, 153
L -1713.0000, 588.0000, -1.0000,  -1704.0000, 581.0000, -1.0000,  153, 153, 153
L -1704.0000, 581.0000, -1.0000,  -1695.0000, 582.0000, -1.0000,  153, 153, 153
L -1681.0000, 538.0000, -12.0000,  -1690.0000, 532.0000, -1.0000,  153, 153, 153
L -1690.0000, 532.0000, -1.0000,  -1692.0000, 522.0000, -1.0000,  153, 153, 153
L -1692.0000, 522.0000, -1.0000,  -1686.0000, 513.0000, -1.0000,  153, 153, 153
L -1686.0000, 513.0000, -1.0000,  -1676.0000, 511.0000, -1.0000,  153, 153, 153
L -1676.0000, 511.0000, -1.0000,  -1668.0000, 517.0000, -1.0000,  153, 153, 153
L -1668.0000, 517.0000, -1.0000,  -1666.0000, 527.0000, -1.0000,  153, 153, 153
L -1666.0000, 527.0000, -1.0000,  -1671.0000, 535.0000, -1.0000,  153, 153, 153
L -1627.0000, 533.0000, -12.0000,  -1617.0000, 532.0000, -1.0000,  153, 153, 153
L -1617.0000, 532.0000, -1.0000,  -1611.0000, 524.0000, -1.0000,  153, 153, 153
L -1611.0000, 524.0000, -1.0000,  -1612.0000, 513.0000, -1.0000,  153, 153, 153
L -1612.0000, 513.0000, -1.0000,  -1620.0000, 507.0000, -1.0000,  153, 153, 153
L -1620.0000, 507.0000, -1.0000,  -1630.0000, 508.0000, -1.0000,  153, 153, 153
L -1630.0000, 508.0000, -1.0000,  -1637.0000, 516.0000, -1.0000,  153, 153, 153
L -1637.0000, 516.0000, -1.0000,  -1636.0000, 526.0000, -1.0000,  153, 153, 153
L -2663.0000, 823.0000, -12.0000,  -2662.0000, 822.0000, -1.0000,  153, 153, 153
L -2662.0000, 822.0000, -1.0000,  -2655.0000, 833.0000, -1.0000,  153, 153, 153
L -2655.0000, 833.0000, -1.0000,  -2666.0000, 840.0000, -1.0000,  153, 153, 153
L -2666.0000, 840.0000, -1.0000,  -2673.0000, 829.0000, -1.0000,  153, 153, 153
L -2673.0000, 829.0000, -1.0000,  -2670.0000, 827.0000, -1.0000,  153, 153, 153
L -2706.0000, 777.0000, -12.0000,  -2709.0000, 776.0000, -1.0000,  153, 153, 153
L -2709.0000, 776.0000, -1.0000,  -2710.0000, 764.0000, -1.0000,  153, 153, 153
L -2710.0000, 764.0000, -1.0000,  -2697.0000, 763.0000, -1.0000,  153, 153, 153
L -2697.0000, 763.0000, -1.0000,  -2696.0000, 776.0000, -1.0000,  153, 153, 153
L -2696.0000, 776.0000, -1.0000,  -2699.0000, 776.0000, -1.0000,  153, 153, 153
L -2716.0000, 817.0000, -12.0000,  -2715.0000, 820.0000, -1.0000,  153, 153, 153
L -2715.0000, 820.0000, -1.0000,  -2727.0000, 825.0000, -1.0000,  153, 153, 153
L -2727.0000, 825.0000, -1.0000,  -2732.0000, 813.0000, -1.0000,  153, 153, 153
L -2732.0000, 813.0000, -1.0000,  -2720.0000, 808.0000, -1.0000,  153, 153, 153
L -2720.0000, 808.0000, -1.0000,  -2718.0000, 811.0000, -1.0000,  153, 153, 153
L -3150.0000, 849.0000, -12.0000,  -3135.0000, 878.0000, -1.0000,  153, 153, 153
L -3135.0000, 878.0000, -1.0000,  -3147.0000, 886.0000, -1.0000,  153, 153, 153
L -3147.0000, 886.0000, -1.0000,  -3167.0000, 853.0000, -1.0000,  153, 153, 153
L -3167.0000, 853.0000, -1.0000,  -3170.0000, 858.0000, -1.0000,  153, 153, 153
L -3170.0000, 858.0000, -1.0000,  -3183.0000, 851.0000, -1.0000,  153, 153, 153
L -3183.0000, 851.0000, -1.0000,  -3176.0000, 838.0000, -1.0000,  153, 153, 153
L -3176.0000, 838.0000, -1.0000,  -3163.0000, 846.0000, -1.0000,  153, 153, 153
L -3163.0000, 846.0000, -1.0000,  -3154.0000, 842.0000, -1.0000,  153, 153, 153
L -3154.0000, 842.0000, -1.0000,  -3154.0000, 835.0000, -1.0000,  153, 153, 153
L -3154.0000, 835.0000, -1.0000,  -3139.0000, 833.0000, -1.0000,  153, 153, 153
L -3139.0000, 833.0000, -1.0000,  -3138.0000, 846.0000, -1.0000,  153, 153, 153
L -3138.0000, 846.0000, -1.0000,  -3150.0000, 849.0000, -1.0000,  153, 153, 153
L -3176.0000, 814.0000, -12.0000,  -3145.0000, 811.0000, -1.0000,  153, 153, 153
L -3145.0000, 811.0000, -1.0000,  -3148.0000, 784.0000, -1.0000,  153, 153, 153
L -3148.0000, 784.0000, -1.0000,  -3176.0000, 786.0000, -1.0000,  153, 153, 153
L -3176.0000, 786.0000, -1.0000,  -3173.0000, 813.0000, -1.0000,  153, 153, 153
L -3201.0000, 822.0000, -12.0000,  -3200.0000, 808.0000, -1.0000,  153, 153, 153
L -3200.0000, 808.0000, -1.0000,  -3215.0000, 807.0000, -1.0000,  153, 153, 153
L -3215.0000, 807.0000, -1.0000,  -3216.0000, 822.0000, -1.0000,  153, 153, 153
L -3216.0000, 822.0000, -1.0000,  -3201.0000, 822.0000, -1.0000,  153, 153, 153
L -3216.0000, 799.0000, -12.0000,  -3202.0000, 798.0000, -1.0000,  153, 153, 153
L -3202.0000, 798.0000, -1.0000,  -3204.0000, 782.0000, -1.0000,  153, 153, 153
L -3204.0000, 782.0000, -1.0000,  -3217.0000, 784.0000, -1.0000,  153, 153, 153
L -3217.0000, 784.0000, -1.0000,  -3217.0000, 798.0000, -1.0000,  153, 153, 153
L -3182.0000, 754.0000, -12.0000,  -3168.0000, 752.0000, -1.0000,  153, 153, 153
L -3168.0000, 752.0000, -1.0000,  -3169.0000, 737.0000, -1.0000,  153, 153, 153
L -3169.0000, 737.0000, -1.0000,  -3184.0000, 738.0000, -1.0000,  153, 153, 153
L -3184.0000, 738.0000, -1.0000,  -3182.0000, 754.0000, -1.0000,  153, 153, 153
L -3159.0000, 751.0000, -12.0000,  -3145.0000, 751.0000, -1.0000,  153, 153, 153
L -3145.0000, 751.0000, -1.0000,  -3145.0000, 736.0000, -1.0000,  153, 153, 153
L -3145.0000, 736.0000, -1.0000,  -3160.0000, 736.0000, -1.0000,  153, 153, 153
L -3160.0000, 736.0000, -1.0000,  -3159.0000, 751.0000, -1.0000,  153, 153, 153
L -3112.0000, 775.0000, -12.0000,  -3123.0000, 776.0000, -1.0000,  153, 153, 153
L -3123.0000, 776.0000, -1.0000,  -3123.0000, 792.0000, -1.0000,  153, 153, 153
L -3123.0000, 792.0000, -1.0000,  -3108.0000, 790.0000, -1.0000,  153, 153, 153
L -3108.0000, 790.0000, -1.0000,  -3108.0000, 784.0000, -1.0000,  153, 153, 153
L -3108.0000, 784.0000, -1.0000,  -3093.0000, 810.0000, -1.0000,  153, 153, 153
L -3093.0000, 810.0000, -1.0000,  -3079.0000, 803.0000, -1.0000,  153, 153, 153
L -3079.0000, 803.0000, -1.0000,  -3099.0000, 766.0000, -1.0000,  153, 153, 153
L -3099.0000, 766.0000, -1.0000,  -3112.0000, 773.0000, -1.0000,  153, 153, 153
L -3112.0000, 773.0000, -1.0000,  -3112.0000, 775.0000, -1.0000,  153, 153, 153
L -3122.0000, 798.0000, -12.0000,  -3121.0000, 814.0000, -1.0000,  153, 153, 153
L -3121.0000, 814.0000, -1.0000,  -3106.0000, 811.0000, -1.0000,  153, 153, 153
L -3106.0000, 811.0000, -1.0000,  -3107.0000, 797.0000, -1.0000,  153, 153, 153
L -3107.0000, 797.0000, -1.0000,  -3123.0000, 799.0000, -1.0000,  153, 153, 153
L -3419.0000, 4.0000, -21.0000,  -3409.0000, 4.0000, -1.0000,  153, 153, 153
L -3409.0000, 4.0000, -1.0000,  -3402.0000, -2.0000, -1.0000,  153, 153, 153
L -3402.0000, -2.0000, -1.0000,  -3402.0000, -13.0000, -1.0000,  153, 153, 153
L -3402.0000, -13.0000, -1.0000,  -3409.0000, -20.0000, -2.0000,  153, 153, 153
L -3409.0000, -20.0000, -2.0000,  -3420.0000, -20.0000, -2.0000,  153, 153, 153
L -3420.0000, -20.0000, -2.0000,  -3427.0000, -12.0000, -2.0000,  153, 153, 153
L -3427.0000, -12.0000, -2.0000,  -3427.0000, -2.0000, -2.0000,  153, 153, 153
L -3439.0000, 53.0000, -13.0000,  -3446.0000, 60.0000, -1.0000,  153, 153, 153
L -3446.0000, 60.0000, -1.0000,  -3447.0000, 70.0000, -1.0000,  153, 153, 153
L -3447.0000, 70.0000, -1.0000,  -3441.0000, 78.0000, -1.0000,  153, 153, 153
L -3441.0000, 78.0000, -1.0000,  -3430.0000, 79.0000, -1.0000,  153, 153, 153
L -3430.0000, 79.0000, -1.0000,  -3423.0000, 72.0000, -1.0000,  153, 153, 153
L -3423.0000, 72.0000, -1.0000,  -3422.0000, 62.0000, -1.0000,  153, 153, 153
L -3422.0000, 62.0000, -1.0000,  -3428.0000, 54.0000, -1.0000,  153, 153, 153
L -3608.0000, -1062.0000, 9.0000,  -3601.0000, -1061.0000, 1.0000,  153, 153, 153
L -3601.0000, -1061.0000, 1.0000,  -3599.0000, -1065.0000, 1.0000,  153, 153, 153
L -3599.0000, -1065.0000, 1.0000,  -3599.0000, -1068.0000, 1.0000,  153, 153, 153
L -3599.0000, -1068.0000, 1.0000,  -3601.0000, -1071.0000, 1.0000,  153, 153, 153
L -3601.0000, -1071.0000, 1.0000,  -3607.0000, -1072.0000, 0.0000,  153, 153, 153
L -3607.0000, -1072.0000, 0.0000,  -3609.0000, -1069.0000, 0.0000,  153, 153, 153
L -3609.0000, -1069.0000, 0.0000,  -3610.0000, -1065.0000, 0.0000,  153, 153, 153
L -3610.0000, -1065.0000, 0.0000,  -3608.0000, -1062.0000, 0.0000,  153, 153, 153
L -3624.0000, -1072.0000, -7.0000,  -3619.0000, -1077.0000, 0.0000,  153, 153, 153
L -3619.0000, -1077.0000, 0.0000,  -3622.0000, -1082.0000, 0.0000,  153, 153, 153
L -3622.0000, -1082.0000, 0.0000,  -3627.0000, -1084.0000, 0.0000,  153, 153, 153
L -3627.0000, -1084.0000, 0.0000,  -3631.0000, -1077.0000, -1.0000,  153, 153, 153
L -3631.0000, -1077.0000, -1.0000,  -3629.0000, -1073.0000, -1.0000,  153, 153, 153
L -3629.0000, -1073.0000, -1.0000,  -3624.0000, -1072.0000, 0.0000,  153, 153, 153
L -3593.0000, -1076.0000, 17.0000,  -3587.0000, -1073.0000, 2.0000,  153, 153, 153
L -3587.0000, -1073.0000, 2.0000,  -3584.0000, -1076.0000, 2.0000,  153, 153, 153
L -3584.0000, -1076.0000, 2.0000,  -3582.0000, -1082.0000, 2.0000,  153, 153, 153
L -3582.0000, -1082.0000, 2.0000,  -3587.0000, -1085.0000, 2.0000,  153, 153, 153
L -3587.0000, -1085.0000, 2.0000,  -3593.0000, -1083.0000, 1.0000,  153, 153, 153
L -3593.0000, -1083.0000, 1.0000,  -3592.0000, -1075.0000, 1.0000,  153, 153, 153
L -3604.0000, -1091.0000, 4.0000,  -3608.0000, -1095.0000, 0.0000,  153, 153, 153
L -3608.0000, -1095.0000, 0.0000,  -3609.0000, -1102.0000, 0.0000,  153, 153, 153
L -3609.0000, -1102.0000, 0.0000,  -3604.0000, -1105.0000, 0.0000,  153, 153, 153
L -3604.0000, -1105.0000, 0.0000,  -3599.0000, -1102.0000, 4.0000,  153, 153, 153
L -3599.0000, -1102.0000, 4.0000,  -3599.0000, -1096.0000, 0.0000,  153, 153, 153
L -3599.0000, -1096.0000, 0.0000,  -3604.0000, -1093.0000, 0.0000,  153, 153, 153
L -3604.0000, -1108.0000, 3.0000,  -3597.0000, -1111.0000, 0.0000,  153, 153, 153
L -3597.0000, -1111.0000, 0.0000,  -3598.0000, -1116.0000, 0.0000,  153, 153, 153
L -3598.0000, -1116.0000, 0.0000,  -3605.0000, -1119.0000, 0.0000,  153, 153, 153
L -3605.0000, -1119.0000, 0.0000,  -3608.0000, -1117.0000, 0.0000,  153, 153, 153
L -3608.0000, -1117.0000, 0.0000,  -3609.0000, -1111.0000, 0.0000,  153, 153, 153
L -3609.0000, -1111.0000, 0.0000,  -3603.0000, -1108.0000, 0.0000,  153, 153, 153
L -3579.0000, -1105.0000, 22.0000,  -3573.0000, -1101.0000, 3.0000,  153, 153, 153
L -3573.0000, -1101.0000, 3.0000,  -3568.0000, -1104.0000, 3.0000,  153, 153, 153
L -3568.0000, -1104.0000, 3.0000,  -3568.0000, -1111.0000, 3.0000,  153, 153, 153
L -3568.0000, -1111.0000, 3.0000,  -3574.0000, -1115.0000, 1.0000,  153, 153, 153
L -3574.0000, -1115.0000, 1.0000,  -3579.0000, -1112.0000, 1.0000,  153, 153, 153
L -3579.0000, -1112.0000, 1.0000,  -3578.0000, -1104.0000, 2.0000,  153, 153, 153
L -3619.0000, -1097.0000, -4.0000,  -3623.0000, -1101.0000, 0.0000,  153, 153, 153
L -3623.0000, -1101.0000, 0.0000,  -3629.0000, -1098.0000, 0.0000,  153, 153, 153
L -3629.0000, -1098.0000, 0.0000,  -3629.0000, -1091.0000, -1.0000,  153, 153, 153
L -3629.0000, -1091.0000, -1.0000,  -3624.0000, -1089.0000, 0.0000,  153, 153, 153
L -3624.0000, -1089.0000, 0.0000,  -3619.0000, -1092.0000, 0.0000,  153, 153, 153
L -3619.0000, -1092.0000, 0.0000,  -3619.0000, -1098.0000, 0.0000,  153, 153, 153
L -3618.0000, -1113.0000, -6.0000,  -3614.0000, -1119.0000, 0.0000,  153, 153, 153
L -3614.0000, -1119.0000, 0.0000,  -3617.0000, -1123.0000, -1.0000,  153, 153, 153
L -3617.0000, -1123.0000, -1.0000,  -3622.0000, -1124.0000, -1.0000,  153, 153, 153
L -3622.0000, -1124.0000, -1.0000,  -3627.0000, -1118.0000, -1.0000,  153, 153, 153
L -3627.0000, -1118.0000, -1.0000,  -3624.0000, -1113.0000, 1.0000,  153, 153, 153
L -3624.0000, -1113.0000, 1.0000,  -3618.0000, -1113.0000, 0.0000,  153, 153, 153
L -2853.0000, -1330.0000, 16.0000,  -2863.0000, -1339.0000, 1.0000,  153, 153, 153
L -2863.0000, -1339.0000, 1.0000,  -2869.0000, -1335.0000, 1.0000,  153, 153, 153
L -2869.0000, -1335.0000, 1.0000,  -2854.0000, -1319.0000, 0.0000,  153, 153, 153
L -2854.0000, -1319.0000, 0.0000,  -2814.0000, -1357.0000, -1.0000,  153, 153, 153
L -2814.0000, -1357.0000, -1.0000,  -2854.0000, -1396.0000, -1.0000,  153, 153, 153
L -2854.0000, -1396.0000, -1.0000,  -2892.0000, -1359.0000, -1.0000,  153, 153, 153
L -2892.0000, -1359.0000, -1.0000,  -2876.0000, -1341.0000, 1.0000,  153, 153, 153
L -2876.0000, -1341.0000, 1.0000,  -2870.0000, -1346.0000, 1.0000,  153, 153, 153
L -2870.0000, -1346.0000, 1.0000,  -2881.0000, -1358.0000, 1.0000,  153, 153, 153
L -2881.0000, -1358.0000, 1.0000,  -2853.0000, -1385.0000, 1.0000,  153, 153, 153
L -2853.0000, -1385.0000, 1.0000,  -2826.0000, -1357.0000, 1.0000,  153, 153, 153
L -2826.0000, -1357.0000, 1.0000,  -2853.0000, -1330.0000, 1.0000,  153, 153, 153
L -2033.0000, -1469.0000, -9.0000,  -2033.0000, -1472.0000, 0.0000,  153, 153, 153
L -2033.0000, -1472.0000, 0.0000,  -2020.0000, -1471.0000, 0.0000,  153, 153, 153
L -2020.0000, -1471.0000, 0.0000,  -2021.0000, -1458.0000, -1.0000,  153, 153, 153
L -2021.0000, -1458.0000, -1.0000,  -2034.0000, -1459.0000, -1.0000,  153, 153, 153
L -2034.0000, -1459.0000, -1.0000,  -2034.0000, -1462.0000, -1.0000,  153, 153, 153
L -2098.0000, -1465.0000, -12.0000,  -2099.0000, -1463.0000, -1.0000,  153, 153, 153
L -2099.0000, -1463.0000, -1.0000,  -2111.0000, -1467.0000, -1.0000,  153, 153, 153
L -2111.0000, -1467.0000, -1.0000,  -2107.0000, -1479.0000, -1.0000,  153, 153, 153
L -2107.0000, -1479.0000, -1.0000,  -2094.0000, -1475.0000, -1.0000,  153, 153, 153
L -2094.0000, -1475.0000, -1.0000,  -2095.0000, -1472.0000, -1.0000,  153, 153, 153
L -2290.0000, -53.0000, 0.0000,  -2272.0000, -61.0000, 0.0000,  153, 153, 153
L -2272.0000, -61.0000, 0.0000,  -2254.0000, -50.0000, 0.0000,  153, 153, 153
L -2254.0000, -50.0000, 0.0000,  -2255.0000, -29.0000, 0.0000,  153, 153, 153
L -2255.0000, -29.0000, 0.0000,  -2273.0000, -20.0000, 0.0000,  153, 153, 153
L -2273.0000, -20.0000, 0.0000,  -2291.0000, -30.0000, 0.0000,  153, 153, 153
L -2291.0000, -30.0000, 0.0000,  -2290.0000, -53.0000, 0.0000,  153, 153, 153
