P -1244.0000, 1746.0000, 189.0000,  127, 64, 0,  2,  Bridge
P -99.0000, 1253.0000, -8.0000,  0, 255, 0,  3,  Arthicrex
P -108.0000, 1249.0000, -8.0000,  0, 0, 0,  2,  Rinna_Tinwhistle
P 745.0000, 405.0000, -10.0000,  0, 255, 0,  3,  Corathus_Creep
P -845.0000, 2190.0000, 389.0000,  255, 0, 0,  2,  Explorer_Durgan_(Quests)
P 731.0000, 416.0000, -10.0000,  0, 0, 0,  2,  Figles_Steeltread
P -1056.0000, 1405.0000, -739.0000,  0, 255, 0,  2,  Portal_8
P -1110.0000, 1558.0000, 19.0000,  0, 255, 0,  2,  Portal_8
P -149.0000, 323.0000, -69.0000,  255, 0, 0,  2,  Gwddon_Tinkertasker_(Quests)
P -1095.0000, 1352.0000, -742.0000,  255, 0, 0,  2,  Splari_(Quests)
P 442.0000, 584.0000, -18.0000,  255, 0, 0,  2,  Xanathan_Foxheart_(Quests)
P -685.0000, 1112.0000, -111.0000,  255, 0, 0,  2,  Sienna_Flamestalker_(Quests)
P -924.0000, 1026.0000, 35.0000,  0, 255, 0,  2,  Portal_1
P -909.0000, 1214.0000, -741.0000,  0, 255, 0,  2,  Portal_1
P -1000.0000, 1474.0000, -741.0000,  0, 255, 0,  2,  Portal_2
P -853.0000, 1310.0000, 90.0000,  0, 255, 0,  2,  Portal_2
P -1307.0000, 1357.0000, -20.0000,  255, 0, 0,  2,  Excavator_Borga
P -938.0000, 1399.0000, -742.0000,  0, 255, 0,  2,  Portal_3
P -1388.0000, 1274.0000, 24.0000,  0, 255, 0,  2,  Portal_3
P -1216.0000, 1139.0000, 32.0000,  0, 255, 0,  2,  Portal_4
P -1122.0000, 1333.0000, -739.0000,  0, 255, 0,  2,  Portal_4
P -563.0000, 1100.0000, 29.0000,  0, 255, 0,  2,  Portal_5
P -804.0000, 1311.0000, -738.0000,  0, 255, 0,  2,  Portal_5
P -520.0000, 1416.0000, 19.0000,  0, 255, 0,  2,  Portal_6
P -771.0000, 1411.0000, -739.0000,  0, 255, 0,  2,  Portal_6
P -829.0000, 1565.0000, 18.0000,  0, 255, 0,  2,  Portal_7
P -887.0000, 1535.0000, -738.0000,  0, 255, 0,  2,  Portal_7
P -193.0000, 50.0000, -91.0000,  255, 0, 0,  2,  Splak
P -687.0000, 1362.0000, -112.0000,  255, 0, 0,  2,  Shrum
P -1268.0000, 358.0000, 41.0000,  255, 0, 0,  2,  Balbor
P -733.0000, 1430.0000, -39.0000,  255, 0, 0,  2,  Zuzz
P -39.0000, 375.0000, -59.0000,  255, 0, 0,  2,  Dwarven_Stalwart
P -365.0000, 1284.0000, -5.0000,  255, 0, 0,  2,  Shiani_(Quests)
P -156.0000, 623.0000, -97.0000,  255, 0, 0,  2,  Gnomish_Rockmancer
P -922.0000, 405.0000, -19.0000,  255, 0, 0,  2,  Inventor_Biddlebokk_(Quests)
P -923.0000, 1035.0000, 37.0000,  255, 0, 0,  2,  Mephit_Shaman
