P 146.6768, -494.3900, 50.9924,  0, 0, 0,  1,  locked_door_(?)
P -288.4315, -623.4571, 102.9923,  0, 0, 0,  1,  emote_on_clicking_door
P 14.8784, -873.6212, 51.9925,  0, 0, 240,  1,  Elevator
P -276.9215, -767.8128, 55.5850,  240, 0, 0,  2,  Brinda's_assistant's_assistant
P -289.9656, -821.6004, 50.9924,  0, 240, 0,  3,  M.E.G
P 549.3245, -660.8997, -86.8396,  0, 240, 0,  3,  STEAM_FACTORY
P 8.4781, 76.1332, -1.0076,  0, 240, 0,  3,  FORTRESS_MECHANOTUS
P -59.7758, -805.4537, 50.9934,  0, 0, 0,  1,  Bedroom
P -87.5367, -475.6618, 53.5694,  0, 0, 0,  1,  elevator
P -288.8030, -211.7163, 52.1251,  0, 0, 0,  1,  trap
P 297.0000, -951.0000, 174.0000,  0, 0, 0,  3,  Skyship_Dock
P -463.0000, -151.0000, 118.0000,  0, 0, 0,  3,  Disco
