L 370.0000, -1550.0000, 1.0000,  370.0000, -1550.0000, 2.0000,  1, 2, 4
L -850.0000, 990.0000, 1.0000,  -850.0000, 990.0000, 2.0000,  1, 2, 4
L -634.0000, -1347.0000, 4.0000,  -634.0000, -1360.0000, 4.0000,  0, 0, 0
L -631.0000, -1347.0000, 4.0000,  -634.0000, -1347.0000, 4.0000,  0, 0, 0
L -631.0000, -1300.0000, 3.0000,  -631.0000, -1347.0000, 4.0000,  0, 0, 0
L -638.0000, -1300.0000, 3.0000,  -631.0000, -1300.0000, 3.0000,  0, 0, 0
L -638.0000, -1286.0000, 4.0000,  -638.0000, -1300.0000, 3.0000,  0, 0, 0
L -618.0000, -1285.0000, 8.0000,  -638.0000, -1286.0000, 4.0000,  0, 0, 0
L -605.0000, -1285.0000, 10.0000,  -618.0000, -1285.0000, 8.0000,  0, 0, 0
L -602.0000, -1276.0000, 20.0000,  -605.0000, -1285.0000, 10.0000,  0, 0, 0
L -602.0000, -1258.0000, 19.0000,  -602.0000, -1276.0000, 20.0000,  0, 0, 0
L -622.0000, -1254.0000, 13.0000,  -602.0000, -1258.0000, 19.0000,  0, 0, 0
L -630.0000, -1240.0000, 5.0000,  -622.0000, -1254.0000, 13.0000,  0, 0, 0
L -638.0000, -1227.0000, 4.0000,  -630.0000, -1240.0000, 5.0000,  0, 0, 0
L -631.0000, -1219.0000, 9.0000,  -638.0000, -1227.0000, 4.0000,  0, 0, 0
L -631.0000, -1204.0000, 4.0000,  -631.0000, -1219.0000, 9.0000,  0, 0, 0
L -636.0000, -1202.0000, 4.0000,  -631.0000, -1204.0000, 4.0000,  0, 0, 0
L -636.0000, -1193.0000, 3.0000,  -636.0000, -1202.0000, 4.0000,  0, 0, 0
L -622.0000, -1193.0000, 3.0000,  -636.0000, -1193.0000, 3.0000,  0, 0, 0
L -622.0000, -1196.0000, 3.0000,  -622.0000, -1193.0000, 3.0000,  0, 0, 0
L -606.0000, -1196.0000, 3.0000,  -622.0000, -1196.0000, 3.0000,  0, 0, 0
L -606.0000, -1189.0000, 3.0000,  -606.0000, -1196.0000, 3.0000,  0, 0, 0
L -592.0000, -1188.0000, 3.0000,  -606.0000, -1189.0000, 3.0000,  0, 0, 0
L -592.0000, -1196.0000, 3.0000,  -592.0000, -1188.0000, 3.0000,  0, 0, 0
L -514.0000, -1196.0000, -56.0000,  -592.0000, -1196.0000, 3.0000,  0, 0, 0
L -491.0000, -1196.0000, -56.0000,  -514.0000, -1196.0000, -56.0000,  0, 0, 0
L -491.0000, -1189.0000, -56.0000,  -491.0000, -1196.0000, -56.0000,  0, 0, 0
L -477.0000, -1188.0000, -56.0000,  -491.0000, -1189.0000, -56.0000,  0, 0, 0
L -477.0000, -1197.0000, -56.0000,  -477.0000, -1188.0000, -56.0000,  0, 0, 0
L -447.0000, -1200.0000, -56.0000,  -477.0000, -1197.0000, -56.0000,  0, 0, 0
L -398.0000, -1160.0000, -50.0000,  -447.0000, -1200.0000, -56.0000,  0, 0, 0
L -368.0000, -1111.0000, -50.0000,  -398.0000, -1160.0000, -50.0000,  0, 0, 0
L -365.0000, -1102.0000, -36.0000,  -368.0000, -1111.0000, -50.0000,  0, 0, 0
L -367.0000, -1071.0000, -54.0000,  -365.0000, -1102.0000, -36.0000,  0, 0, 0
L -365.0000, -1065.0000, -55.0000,  -367.0000, -1071.0000, -54.0000,  0, 0, 0
L -373.0000, -1065.0000, -55.0000,  -365.0000, -1065.0000, -55.0000,  0, 0, 0
L -373.0000, -1052.0000, -55.0000,  -373.0000, -1065.0000, -55.0000,  0, 0, 0
L -332.0000, -1051.0000, -40.0000,  -373.0000, -1052.0000, -55.0000,  0, 0, 0
L -332.0000, -1040.0000, -46.0000,  -332.0000, -1051.0000, -40.0000,  0, 0, 0
L -301.0000, -992.0000, -51.0000,  -332.0000, -1040.0000, -46.0000,  0, 0, 0
L -288.0000, -992.0000, -46.0000,  -301.0000, -992.0000, -51.0000,  0, 0, 0
L -251.0000, -967.0000, -46.0000,  -288.0000, -992.0000, -46.0000,  0, 0, 0
L -250.0000, -960.0000, -47.0000,  -251.0000, -967.0000, -46.0000,  0, 0, 0
L -250.0000, -943.0000, -53.0000,  -250.0000, -960.0000, -47.0000,  0, 0, 0
L -258.0000, -926.0000, -53.0000,  -250.0000, -943.0000, -53.0000,  0, 0, 0
L -285.0000, -906.0000, -44.0000,  -258.0000, -926.0000, -53.0000,  0, 0, 0
L -303.0000, -904.0000, -49.0000,  -285.0000, -906.0000, -44.0000,  0, 0, 0
L -323.0000, -873.0000, -44.0000,  -303.0000, -904.0000, -49.0000,  0, 0, 0
L -333.0000, -873.0000, -54.0000,  -323.0000, -873.0000, -44.0000,  0, 0, 0
L -333.0000, -860.0000, -47.0000,  -333.0000, -873.0000, -54.0000,  0, 0, 0
L -345.0000, -859.0000, -53.0000,  -333.0000, -860.0000, -47.0000,  0, 0, 0
L -361.0000, -860.0000, -55.0000,  -345.0000, -859.0000, -53.0000,  0, 0, 0
L -370.0000, -859.0000, -55.0000,  -361.0000, -860.0000, -55.0000,  0, 0, 0
L -373.0000, -851.0000, -54.0000,  -370.0000, -859.0000, -55.0000,  0, 0, 0
L -395.0000, -848.0000, -51.0000,  -373.0000, -851.0000, -54.0000,  0, 0, 0
L -419.0000, -847.0000, -38.0000,  -395.0000, -848.0000, -51.0000,  0, 0, 0
L -419.0000, -873.0000, -47.0000,  -419.0000, -847.0000, -38.0000,  0, 0, 0
L -398.0000, -891.0000, -46.0000,  -419.0000, -873.0000, -47.0000,  0, 0, 0
L -388.0000, -897.0000, -54.0000,  -398.0000, -891.0000, -46.0000,  0, 0, 0
L -379.0000, -904.0000, -55.0000,  -388.0000, -897.0000, -54.0000,  0, 0, 0
L -380.0000, -913.0000, -55.0000,  -379.0000, -904.0000, -55.0000,  0, 0, 0
L -378.0000, -922.0000, -55.0000,  -380.0000, -913.0000, -55.0000,  0, 0, 0
L -383.0000, -931.0000, -46.0000,  -378.0000, -922.0000, -55.0000,  0, 0, 0
L -383.0000, -962.0000, -48.0000,  -383.0000, -931.0000, -46.0000,  0, 0, 0
L -389.0000, -995.0000, -47.0000,  -383.0000, -962.0000, -48.0000,  0, 0, 0
L -392.0000, -1002.0000, -48.0000,  -389.0000, -995.0000, -47.0000,  0, 0, 0
L -418.0000, -1022.0000, -48.0000,  -392.0000, -1002.0000, -48.0000,  0, 0, 0
L -419.0000, -1051.0000, -53.0000,  -418.0000, -1022.0000, -48.0000,  0, 0, 0
L -384.0000, -1052.0000, -55.0000,  -419.0000, -1051.0000, -53.0000,  0, 0, 0
L -383.0000, -1065.0000, -55.0000,  -384.0000, -1052.0000, -55.0000,  0, 0, 0
L -390.0000, -1063.0000, -46.0000,  -383.0000, -1065.0000, -55.0000,  0, 0, 0
L -391.0000, -1101.0000, -54.0000,  -390.0000, -1063.0000, -46.0000,  0, 0, 0
L -413.0000, -1140.0000, -45.0000,  -391.0000, -1101.0000, -54.0000,  0, 0, 0
L -446.0000, -1171.0000, -51.0000,  -413.0000, -1140.0000, -45.0000,  0, 0, 0
L -479.0000, -1171.0000, -46.0000,  -446.0000, -1171.0000, -51.0000,  0, 0, 0
L -477.0000, -1175.0000, -52.0000,  -479.0000, -1171.0000, -46.0000,  0, 0, 0
L -477.0000, -1178.0000, -54.0000,  -477.0000, -1175.0000, -52.0000,  0, 0, 0
L -491.0000, -1179.0000, -54.0000,  -477.0000, -1178.0000, -54.0000,  0, 0, 0
L -489.0000, -1171.0000, -46.0000,  -491.0000, -1179.0000, -54.0000,  0, 0, 0
L -592.0000, -1171.0000, 6.0000,  -489.0000, -1171.0000, -46.0000,  0, 0, 0
L -592.0000, -1179.0000, 3.0000,  -592.0000, -1171.0000, 6.0000,  0, 0, 0
L -606.0000, -1178.0000, 3.0000,  -592.0000, -1179.0000, 3.0000,  0, 0, 0
L -606.0000, -1171.0000, 3.0000,  -606.0000, -1178.0000, 3.0000,  0, 0, 0
L -621.0000, -1171.0000, 3.0000,  -606.0000, -1171.0000, 3.0000,  0, 0, 0
L -621.0000, -1174.0000, 3.0000,  -621.0000, -1171.0000, 3.0000,  0, 0, 0
L -635.0000, -1174.0000, 3.0000,  -621.0000, -1174.0000, 3.0000,  0, 0, 0
L -633.0000, -1163.0000, 4.0000,  -635.0000, -1174.0000, 3.0000,  0, 0, 0
L -631.0000, -1163.0000, 4.0000,  -633.0000, -1163.0000, 4.0000,  0, 0, 0
L -631.0000, -1157.0000, 12.0000,  -631.0000, -1163.0000, 4.0000,  0, 0, 0
L -640.0000, -1150.0000, 4.0000,  -631.0000, -1157.0000, 12.0000,  0, 0, 0
L -630.0000, -1131.0000, 8.0000,  -640.0000, -1150.0000, 4.0000,  0, 0, 0
L -618.0000, -1121.0000, 15.0000,  -630.0000, -1131.0000, 8.0000,  0, 0, 0
L -604.0000, -1110.0000, 12.0000,  -618.0000, -1121.0000, 15.0000,  0, 0, 0
L -602.0000, -1081.0000, 16.0000,  -604.0000, -1110.0000, 12.0000,  0, 0, 0
L -638.0000, -1080.0000, 4.0000,  -602.0000, -1081.0000, 16.0000,  0, 0, 0
L -638.0000, -1067.0000, 4.0000,  -638.0000, -1080.0000, 4.0000,  0, 0, 0
L -630.0000, -1066.0000, 6.0000,  -638.0000, -1067.0000, 4.0000,  0, 0, 0
L -602.0000, -1053.0000, 8.0000,  -630.0000, -1066.0000, 6.0000,  0, 0, 0
L -602.0000, -1038.0000, 13.0000,  -602.0000, -1053.0000, 8.0000,  0, 0, 0
L -630.0000, -1017.0000, 4.0000,  -602.0000, -1038.0000, 13.0000,  0, 0, 0
L -631.0000, -1008.0000, 4.0000,  -630.0000, -1017.0000, 4.0000,  0, 0, 0
L -635.0000, -985.0000, 4.0000,  -631.0000, -1008.0000, 4.0000,  0, 0, 0
L -636.0000, -973.0000, 3.0000,  -635.0000, -985.0000, 4.0000,  0, 0, 0
L -623.0000, -973.0000, 12.0000,  -636.0000, -973.0000, 3.0000,  0, 0, 0
L -606.0000, -973.0000, 4.0000,  -623.0000, -973.0000, 12.0000,  0, 0, 0
L -606.0000, -970.0000, 3.0000,  -606.0000, -973.0000, 4.0000,  0, 0, 0
L -592.0000, -969.0000, 3.0000,  -606.0000, -970.0000, 3.0000,  0, 0, 0
L -594.0000, -973.0000, 12.0000,  -592.0000, -969.0000, 3.0000,  0, 0, 0
L -593.0000, -976.0000, 14.0000,  -594.0000, -973.0000, 12.0000,  0, 0, 0
L -563.0000, -980.0000, 3.0000,  -593.0000, -976.0000, 14.0000,  0, 0, 0
L -513.0000, -941.0000, 4.0000,  -563.0000, -980.0000, 3.0000,  0, 0, 0
L -477.0000, -882.0000, 5.0000,  -513.0000, -941.0000, 4.0000,  0, 0, 0
L -480.0000, -846.0000, 4.0000,  -477.0000, -882.0000, 5.0000,  0, 0, 0
L -488.0000, -846.0000, 4.0000,  -480.0000, -846.0000, 4.0000,  0, 0, 0
L -488.0000, -832.0000, 3.0000,  -488.0000, -846.0000, 4.0000,  0, 0, 0
L -481.0000, -832.0000, 7.0000,  -488.0000, -832.0000, 3.0000,  0, 0, 0
L -481.0000, -785.0000, 3.0000,  -481.0000, -832.0000, 7.0000,  0, 0, 0
L -484.0000, -785.0000, 3.0000,  -481.0000, -785.0000, 3.0000,  0, 0, 0
L -484.0000, -772.0000, 3.0000,  -484.0000, -785.0000, 3.0000,  0, 0, 0
L -559.0000, -767.0000, -3.0000,  -583.0000, -702.0000, -2.0000,  0, 0, 0
L -540.0000, -767.0000, -2.0000,  -559.0000, -767.0000, -3.0000,  0, 0, 0
L -476.0000, -767.0000, -3.0000,  -504.0000, -767.0000, -2.0000,  0, 0, 0
L -456.0000, -719.0000, -3.0000,  -476.0000, -767.0000, -3.0000,  0, 0, 0
L -519.0000, -690.0000, -3.0000,  -456.0000, -719.0000, -3.0000,  0, 0, 0
L -579.0000, -683.0000, 3.0000,  -519.0000, -690.0000, -3.0000,  0, 0, 0
L -472.0000, -774.0000, 3.0000,  -484.0000, -772.0000, 3.0000,  0, 0, 0
L -472.0000, -777.0000, 3.0000,  -472.0000, -774.0000, 3.0000,  0, 0, 0
L -471.0000, -777.0000, 3.0000,  -472.0000, -777.0000, 3.0000,  0, 0, 0
L -458.0000, -748.0000, 3.0000,  -471.0000, -777.0000, 3.0000,  0, 0, 0
L -460.0000, -737.0000, 3.0000,  -458.0000, -748.0000, 3.0000,  0, 0, 0
L -451.0000, -732.0000, 3.0000,  -460.0000, -737.0000, 3.0000,  0, 0, 0
L -442.0000, -715.0000, 3.0000,  -451.0000, -732.0000, 3.0000,  0, 0, 0
L -519.0000, -676.0000, 3.0000,  -442.0000, -715.0000, 3.0000,  0, 0, 0
L -590.0000, -676.0000, 3.0000,  -519.0000, -676.0000, 3.0000,  0, 0, 0
L -590.0000, -679.0000, 3.0000,  -590.0000, -676.0000, 3.0000,  0, 0, 0
L -604.0000, -679.0000, 3.0000,  -590.0000, -679.0000, 3.0000,  0, 0, 0
L -604.0000, -676.0000, 5.0000,  -604.0000, -679.0000, 3.0000,  0, 0, 0
L -645.0000, -677.0000, 13.0000,  -604.0000, -676.0000, 5.0000,  0, 0, 0
L -650.0000, -676.0000, 5.0000,  -645.0000, -677.0000, 13.0000,  0, 0, 0
L -650.0000, -683.0000, 3.0000,  -650.0000, -676.0000, 5.0000,  0, 0, 0
L -664.0000, -683.0000, 3.0000,  -650.0000, -683.0000, 3.0000,  0, 0, 0
L -664.0000, -676.0000, 3.0000,  -664.0000, -683.0000, 3.0000,  0, 0, 0
L -679.0000, -676.0000, 3.0000,  -664.0000, -676.0000, 3.0000,  0, 0, 0
L -679.0000, -679.0000, 3.0000,  -679.0000, -676.0000, 3.0000,  0, 0, 0
L -693.0000, -679.0000, 3.0000,  -679.0000, -679.0000, 3.0000,  0, 0, 0
L -691.0000, -673.0000, 13.0000,  -693.0000, -679.0000, 3.0000,  0, 0, 0
L -689.0000, -637.0000, 5.0000,  -691.0000, -673.0000, 13.0000,  0, 0, 0
L -663.0000, -616.0000, 9.0000,  -689.0000, -637.0000, 5.0000,  0, 0, 0
L -660.0000, -599.0000, 13.0000,  -663.0000, -616.0000, 9.0000,  0, 0, 0
L -665.0000, -586.0000, 3.0000,  -660.0000, -599.0000, 13.0000,  0, 0, 0
L -696.0000, -585.0000, 4.0000,  -665.0000, -586.0000, 3.0000,  0, 0, 0
L -696.0000, -571.0000, 3.0000,  -696.0000, -585.0000, 4.0000,  0, 0, 0
L -678.0000, -570.0000, 3.0000,  -696.0000, -571.0000, 3.0000,  0, 0, 0
L -679.0000, -522.0000, 13.0000,  -678.0000, -570.0000, 3.0000,  0, 0, 0
L -669.0000, -519.0000, 6.0000,  -679.0000, -522.0000, 13.0000,  0, 0, 0
L -595.0000, -478.0000, 10.0000,  -669.0000, -519.0000, 6.0000,  0, 0, 0
L -595.0000, -410.0000, 3.0000,  -595.0000, -478.0000, 10.0000,  0, 0, 0
L -612.0000, -409.0000, 3.0000,  -595.0000, -410.0000, 3.0000,  0, 0, 0
L -612.0000, -396.0000, 3.0000,  -612.0000, -409.0000, 3.0000,  0, 0, 0
L -605.0000, -396.0000, 4.0000,  -612.0000, -396.0000, 3.0000,  0, 0, 0
L -609.0000, -356.0000, 11.0000,  -605.0000, -396.0000, 4.0000,  0, 0, 0
L -608.0000, -336.0000, 3.0000,  -609.0000, -356.0000, 11.0000,  0, 0, 0
L -597.0000, -336.0000, 3.0000,  -608.0000, -336.0000, 3.0000,  0, 0, 0
L -572.0000, -317.0000, 3.0000,  -597.0000, -336.0000, 3.0000,  0, 0, 0
L -571.0000, -306.0000, 3.0000,  -572.0000, -317.0000, 3.0000,  0, 0, 0
L -579.0000, -301.0000, 3.0000,  -571.0000, -306.0000, 3.0000,  0, 0, 0
L -583.0000, -295.0000, 3.0000,  -579.0000, -301.0000, 3.0000,  0, 0, 0
L -591.0000, -291.0000, 3.0000,  -583.0000, -295.0000, 3.0000,  0, 0, 0
L -582.0000, -290.0000, 3.0000,  -591.0000, -291.0000, 3.0000,  0, 0, 0
L -580.0000, -285.0000, 3.0000,  -582.0000, -290.0000, 3.0000,  0, 0, 0
L -571.0000, -284.0000, 3.0000,  -580.0000, -285.0000, 3.0000,  0, 0, 0
L -572.0000, -273.0000, 3.0000,  -571.0000, -284.0000, 3.0000,  0, 0, 0
L -600.0000, -254.0000, 3.0000,  -572.0000, -273.0000, 3.0000,  0, 0, 0
L -612.0000, -254.0000, 3.0000,  -600.0000, -254.0000, 3.0000,  0, 0, 0
L -612.0000, -241.0000, 3.0000,  -612.0000, -254.0000, 3.0000,  0, 0, 0
L -577.0000, -240.0000, 5.0000,  -612.0000, -241.0000, 3.0000,  0, 0, 0
L -564.0000, -222.0000, 11.0000,  -577.0000, -240.0000, 5.0000,  0, 0, 0
L -563.0000, -207.0000, 10.0000,  -564.0000, -222.0000, 11.0000,  0, 0, 0
L -560.0000, -196.0000, 9.0000,  -563.0000, -207.0000, 10.0000,  0, 0, 0
L -552.0000, -172.0000, 13.0000,  -560.0000, -196.0000, 9.0000,  0, 0, 0
L -551.0000, -167.0000, 4.0000,  -552.0000, -172.0000, 13.0000,  0, 0, 0
L -570.0000, -166.0000, 3.0000,  -551.0000, -167.0000, 4.0000,  0, 0, 0
L -570.0000, -152.0000, 3.0000,  -570.0000, -166.0000, 3.0000,  0, 0, 0
L -563.0000, -152.0000, 3.0000,  -570.0000, -152.0000, 3.0000,  0, 0, 0
L -563.0000, -116.0000, 10.0000,  -563.0000, -152.0000, 3.0000,  0, 0, 0
L -566.0000, -92.0000, 3.0000,  -563.0000, -116.0000, 10.0000,  0, 0, 0
L -554.0000, -94.0000, 3.0000,  -566.0000, -92.0000, 3.0000,  0, 0, 0
L -554.0000, -95.0000, 3.0000,  -554.0000, -94.0000, 3.0000,  0, 0, 0
L -518.0000, -80.0000, 10.0000,  -554.0000, -95.0000, 3.0000,  0, 0, 0
L -509.0000, -76.0000, 19.0000,  -518.0000, -80.0000, 10.0000,  0, 0, 0
L -500.0000, -73.0000, 19.0000,  -509.0000, -76.0000, 19.0000,  0, 0, 0
L -507.0000, -59.0000, 19.0000,  -500.0000, -73.0000, 19.0000,  0, 0, 0
L -497.0000, -56.0000, 19.0000,  -507.0000, -59.0000, 19.0000,  0, 0, 0
L -486.0000, -49.0000, 13.0000,  -497.0000, -56.0000, 19.0000,  0, 0, 0
L -486.0000, -31.0000, 3.0000,  -486.0000, -49.0000, 13.0000,  0, 0, 0
L -490.0000, -15.0000, 8.0000,  -486.0000, -31.0000, 3.0000,  0, 0, 0
L -493.0000, -3.0000, 8.0000,  -490.0000, -15.0000, 8.0000,  0, 0, 0
L -478.0000, -4.0000, 3.0000,  -493.0000, -3.0000, 8.0000,  0, 0, 0
L -478.0000, -7.0000, 3.0000,  -478.0000, -4.0000, 3.0000,  0, 0, 0
L -431.0000, -4.0000, 3.0000,  -478.0000, -7.0000, 3.0000,  0, 0, 0
L -431.0000, 0.0000, 3.0000,  -431.0000, -4.0000, 3.0000,  0, 0, 0
L -417.0000, 0.0000, 3.0000,  -431.0000, 0.0000, 3.0000,  0, 0, 0
L -418.0000, -11.0000, 3.0000,  -417.0000, 0.0000, 3.0000,  0, 0, 0
L -397.0000, -38.0000, 3.0000,  -418.0000, -11.0000, 3.0000,  0, 0, 0
L -390.0000, -41.0000, 17.0000,  -397.0000, -38.0000, 3.0000,  0, 0, 0
L -381.0000, -37.0000, 13.0000,  -390.0000, -41.0000, 17.0000,  0, 0, 0
L -381.0000, -23.0000, 5.0000,  -381.0000, -37.0000, 13.0000,  0, 0, 0
L -377.0000, -23.0000, 5.0000,  -381.0000, -23.0000, 5.0000,  0, 0, 0
L -377.0000, -39.0000, 14.0000,  -377.0000, -23.0000, 5.0000,  0, 0, 0
L -366.0000, -41.0000, 12.0000,  -377.0000, -39.0000, 14.0000,  0, 0, 0
L -356.0000, -41.0000, 8.0000,  -366.0000, -41.0000, 12.0000,  0, 0, 0
L -337.0000, -18.0000, 3.0000,  -356.0000, -41.0000, 8.0000,  0, 0, 0
L -336.0000, -5.0000, 3.0000,  -337.0000, -18.0000, 3.0000,  0, 0, 0
L -323.0000, -5.0000, 5.0000,  -336.0000, -5.0000, 3.0000,  0, 0, 0
L -323.0000, -8.0000, 7.0000,  -323.0000, -5.0000, 5.0000,  0, 0, 0
L -276.0000, -8.0000, 3.0000,  -323.0000, -8.0000, 7.0000,  0, 0, 0
L -276.0000, -1.0000, 3.0000,  -276.0000, -8.0000, 3.0000,  0, 0, 0
L -262.0000, -1.0000, 3.0000,  -276.0000, -1.0000, 3.0000,  0, 0, 0
L -261.0000, -17.0000, 8.0000,  -262.0000, -1.0000, 3.0000,  0, 0, 0
L -250.0000, -20.0000, 6.0000,  -261.0000, -17.0000, 8.0000,  0, 0, 0
L -251.0000, -32.0000, 3.0000,  -250.0000, -20.0000, 6.0000,  0, 0, 0
L -261.0000, -34.0000, 3.0000,  -251.0000, -32.0000, 3.0000,  0, 0, 0
L -261.0000, -61.0000, 3.0000,  -261.0000, -34.0000, 3.0000,  0, 0, 0
L -202.0000, -62.0000, 3.0000,  -261.0000, -61.0000, 3.0000,  0, 0, 0
L -202.0000, -76.0000, 1.0000,  -202.0000, -62.0000, 3.0000,  0, 0, 0
L -209.0000, -76.0000, 1.0000,  -202.0000, -76.0000, 1.0000,  0, 0, 0
L -209.0000, -185.0000, -41.0000,  -209.0000, -76.0000, 1.0000,  0, 0, 0
L -202.0000, -185.0000, -41.0000,  -209.0000, -185.0000, -41.0000,  0, 0, 0
L -202.0000, -199.0000, -43.0000,  -202.0000, -185.0000, -41.0000,  0, 0, 0
L -270.0000, -382.0000, -37.0000,  -276.0000, -380.0000, -37.0000,  0, 0, 0
L -265.0000, -359.0000, -39.0000,  -270.0000, -382.0000, -37.0000,  0, 0, 0
L -265.0000, -324.0000, -39.0000,  -265.0000, -359.0000, -39.0000,  0, 0, 0
L -269.0000, -292.0000, -37.0000,  -265.0000, -324.0000, -39.0000,  0, 0, 0
L -275.0000, -292.0000, -36.0000,  -269.0000, -292.0000, -37.0000,  0, 0, 0
L -275.0000, -380.0000, -37.0000,  -275.0000, -292.0000, -36.0000,  0, 0, 0
L -270.0000, -382.0000, -37.0000,  -275.0000, -380.0000, -37.0000,  0, 0, 0
L -278.0000, -435.0000, -54.0000,  -294.0000, -464.0000, -54.0000,  0, 0, 0
L -284.0000, -433.0000, -54.0000,  -278.0000, -435.0000, -54.0000,  0, 0, 0
L -299.0000, -460.0000, -54.0000,  -284.0000, -433.0000, -54.0000,  0, 0, 0
L -296.0000, -464.0000, -53.0000,  -299.0000, -460.0000, -54.0000,  0, 0, 0
L -219.0000, -474.0000, -54.0000,  -218.0000, -438.0000, -54.0000,  0, 0, 0
L -213.0000, -473.0000, -54.0000,  -219.0000, -474.0000, -54.0000,  0, 0, 0
L -214.0000, -438.0000, -55.0000,  -213.0000, -473.0000, -54.0000,  0, 0, 0
L -218.0000, -438.0000, -54.0000,  -214.0000, -438.0000, -55.0000,  0, 0, 0
L -209.0000, -199.0000, -43.0000,  -202.0000, -199.0000, -43.0000,  0, 0, 0
L -209.0000, -237.0000, -39.0000,  -209.0000, -199.0000, -43.0000,  0, 0, 0
L -208.0000, -254.0000, -28.0000,  -209.0000, -237.0000, -39.0000,  0, 0, 0
L -217.0000, -255.0000, -28.0000,  -208.0000, -254.0000, -28.0000,  0, 0, 0
L -234.0000, -258.0000, -28.0000,  -217.0000, -255.0000, -28.0000,  0, 0, 0
L -232.0000, -272.0000, -27.0000,  -234.0000, -258.0000, -28.0000,  0, 0, 0
L -230.0000, -280.0000, -41.0000,  -232.0000, -272.0000, -27.0000,  0, 0, 0
L -243.0000, -281.0000, -35.0000,  -230.0000, -280.0000, -41.0000,  0, 0, 0
L -265.0000, -287.0000, -35.0000,  -243.0000, -281.0000, -35.0000,  0, 0, 0
L -271.0000, -278.0000, -39.0000,  -265.0000, -287.0000, -35.0000,  0, 0, 0
L -280.0000, -278.0000, -43.0000,  -271.0000, -278.0000, -39.0000,  0, 0, 0
L -311.0000, -309.0000, -43.0000,  -280.0000, -278.0000, -43.0000,  0, 0, 0
L -322.0000, -300.0000, -43.0000,  -311.0000, -309.0000, -43.0000,  0, 0, 0
L -330.0000, -335.0000, -43.0000,  -322.0000, -300.0000, -43.0000,  0, 0, 0
L -317.0000, -352.0000, -43.0000,  -330.0000, -335.0000, -43.0000,  0, 0, 0
L -304.0000, -351.0000, -43.0000,  -317.0000, -352.0000, -43.0000,  0, 0, 0
L -296.0000, -369.0000, -40.0000,  -304.0000, -351.0000, -43.0000,  0, 0, 0
L -298.0000, -398.0000, -31.0000,  -296.0000, -369.0000, -40.0000,  0, 0, 0
L -314.0000, -415.0000, -43.0000,  -298.0000, -398.0000, -31.0000,  0, 0, 0
L -318.0000, -422.0000, -43.0000,  -314.0000, -415.0000, -43.0000,  0, 0, 0
L -308.0000, -431.0000, -60.0000,  -318.0000, -422.0000, -43.0000,  0, 0, 0
L -299.0000, -439.0000, -61.0000,  -308.0000, -431.0000, -60.0000,  0, 0, 0
L -315.0000, -466.0000, -61.0000,  -299.0000, -439.0000, -61.0000,  0, 0, 0
L -307.0000, -483.0000, -61.0000,  -315.0000, -466.0000, -61.0000,  0, 0, 0
L -312.0000, -491.0000, -62.0000,  -307.0000, -483.0000, -61.0000,  0, 0, 0
L -307.0000, -493.0000, -64.0000,  -312.0000, -491.0000, -62.0000,  0, 0, 0
L -303.0000, -556.0000, -88.0000,  -307.0000, -493.0000, -64.0000,  0, 0, 0
L -312.0000, -578.0000, -107.0000,  -303.0000, -556.0000, -88.0000,  0, 0, 0
L -319.0000, -575.0000, -105.0000,  -312.0000, -578.0000, -107.0000,  0, 0, 0
L -317.0000, -608.0000, -121.0000,  -319.0000, -575.0000, -105.0000,  0, 0, 0
L -311.0000, -606.0000, -121.0000,  -317.0000, -608.0000, -121.0000,  0, 0, 0
L -307.0000, -616.0000, -124.0000,  -311.0000, -606.0000, -121.0000,  0, 0, 0
L -293.0000, -615.0000, -121.0000,  -307.0000, -616.0000, -124.0000,  0, 0, 0
L -284.0000, -622.0000, -121.0000,  -293.0000, -615.0000, -121.0000,  0, 0, 0
L -277.0000, -622.0000, -121.0000,  -284.0000, -622.0000, -121.0000,  0, 0, 0
L -263.0000, -616.0000, -101.0000,  -277.0000, -622.0000, -121.0000,  0, 0, 0
L -254.0000, -620.0000, -101.0000,  -263.0000, -616.0000, -101.0000,  0, 0, 0
L -244.0000, -619.0000, -101.0000,  -254.0000, -620.0000, -101.0000,  0, 0, 0
L -200.0000, -609.0000, -101.0000,  -244.0000, -619.0000, -101.0000,  0, 0, 0
L -197.0000, -592.0000, -101.0000,  -200.0000, -609.0000, -101.0000,  0, 0, 0
L -194.0000, -587.0000, -107.0000,  -197.0000, -592.0000, -101.0000,  0, 0, 0
L -177.0000, -575.0000, -42.0000,  -194.0000, -587.0000, -107.0000,  0, 0, 0
L -156.0000, -564.0000, -42.0000,  -177.0000, -575.0000, -42.0000,  0, 0, 0
L -155.0000, -554.0000, -42.0000,  -156.0000, -564.0000, -42.0000,  0, 0, 0
L -163.0000, -541.0000, -48.0000,  -155.0000, -554.0000, -42.0000,  0, 0, 0
L -178.0000, -518.0000, -48.0000,  -163.0000, -541.0000, -48.0000,  0, 0, 0
L -159.0000, -494.0000, -44.0000,  -178.0000, -518.0000, -48.0000,  0, 0, 0
L -153.0000, -486.0000, -42.0000,  -159.0000, -494.0000, -44.0000,  0, 0, 0
L -162.0000, -475.0000, -42.0000,  -153.0000, -486.0000, -42.0000,  0, 0, 0
L -152.0000, -463.0000, -42.0000,  -162.0000, -475.0000, -42.0000,  0, 0, 0
L -151.0000, -440.0000, -39.0000,  -152.0000, -463.0000, -42.0000,  0, 0, 0
L -150.0000, -423.0000, -32.0000,  -151.0000, -440.0000, -39.0000,  0, 0, 0
L -153.0000, -413.0000, -39.0000,  -150.0000, -423.0000, -32.0000,  0, 0, 0
L -157.0000, -390.0000, -39.0000,  -153.0000, -413.0000, -39.0000,  0, 0, 0
L -148.0000, -384.0000, -39.0000,  -157.0000, -390.0000, -39.0000,  0, 0, 0
L -148.0000, -373.0000, -30.0000,  -148.0000, -384.0000, -39.0000,  0, 0, 0
L -155.0000, -357.0000, -30.0000,  -148.0000, -373.0000, -30.0000,  0, 0, 0
L -164.0000, -354.0000, -30.0000,  -155.0000, -357.0000, -30.0000,  0, 0, 0
L -169.0000, -344.0000, -30.0000,  -164.0000, -354.0000, -30.0000,  0, 0, 0
L -160.0000, -341.0000, -18.0000,  -169.0000, -344.0000, -30.0000,  0, 0, 0
L -169.0000, -331.0000, -30.0000,  -160.0000, -341.0000, -18.0000,  0, 0, 0
L -191.0000, -317.0000, -38.0000,  -169.0000, -331.0000, -30.0000,  0, 0, 0
L -191.0000, -280.0000, -39.0000,  -191.0000, -317.0000, -38.0000,  0, 0, 0
L -187.0000, -275.0000, -37.0000,  -191.0000, -280.0000, -39.0000,  0, 0, 0
L -187.0000, -251.0000, -41.0000,  -187.0000, -275.0000, -37.0000,  0, 0, 0
L -185.0000, -199.0000, -43.0000,  -187.0000, -251.0000, -41.0000,  0, 0, 0
L -192.0000, -199.0000, -43.0000,  -185.0000, -199.0000, -43.0000,  0, 0, 0
L -192.0000, -185.0000, -41.0000,  -192.0000, -199.0000, -43.0000,  0, 0, 0
L -185.0000, -185.0000, -41.0000,  -192.0000, -185.0000, -41.0000,  0, 0, 0
L -185.0000, -76.0000, 1.0000,  -185.0000, -185.0000, -41.0000,  0, 0, 0
L -192.0000, -76.0000, 1.0000,  -185.0000, -76.0000, 1.0000,  0, 0, 0
L -192.0000, -62.0000, 3.0000,  -192.0000, -76.0000, 1.0000,  0, 0, 0
L -132.0000, -61.0000, 14.0000,  -192.0000, -62.0000, 3.0000,  0, 0, 0
L -131.0000, -1.0000, 3.0000,  -132.0000, -61.0000, 14.0000,  0, 0, 0
L -118.0000, -1.0000, 3.0000,  -131.0000, -1.0000, 3.0000,  0, 0, 0
L -118.0000, -9.0000, 5.0000,  -118.0000, -1.0000, 3.0000,  0, 0, 0
L -90.0000, -11.0000, 8.0000,  -118.0000, -9.0000, 5.0000,  0, 0, 0
L -86.0000, -8.0000, 9.0000,  -90.0000, -11.0000, 8.0000,  0, 0, 0
L -61.0000, -4.0000, 14.0000,  -86.0000, -8.0000, 9.0000,  0, 0, 0
L -48.0000, -4.0000, 9.0000,  -61.0000, -4.0000, 14.0000,  0, 0, 0
L -34.0000, -10.0000, 6.0000,  -48.0000, -4.0000, 9.0000,  0, 0, 0
L -6.0000, -12.0000, 5.0000,  -34.0000, -10.0000, 6.0000,  0, 0, 0
L -6.0000, -5.0000, 3.0000,  -6.0000, -12.0000, 5.0000,  0, 0, 0
L 6.0000, -5.0000, 3.0000,  -6.0000, -5.0000, 3.0000,  0, 0, 0
L 6.0000, -12.0000, 7.0000,  6.0000, -5.0000, 3.0000,  0, 0, 0
L 79.0000, -12.0000, -56.0000,  6.0000, -12.0000, 7.0000,  0, 0, 0
L 108.0000, -12.0000, -56.0000,  79.0000, -12.0000, -56.0000,  0, 0, 0
L 108.0000, -5.0000, -56.0000,  108.0000, -12.0000, -56.0000,  0, 0, 0
L 121.0000, -5.0000, -56.0000,  108.0000, -5.0000, -56.0000,  0, 0, 0
L 121.0000, -16.0000, -56.0000,  121.0000, -5.0000, -56.0000,  0, 0, 0
L 132.0000, -33.0000, -46.0000,  121.0000, -16.0000, -56.0000,  0, 0, 0
L 145.0000, -39.0000, -48.0000,  132.0000, -33.0000, -46.0000,  0, 0, 0
L 157.0000, -41.0000, -50.0000,  145.0000, -39.0000, -48.0000,  0, 0, 0
L 157.0000, -27.0000, -52.0000,  157.0000, -41.0000, -50.0000,  0, 0, 0
L 162.0000, -27.0000, -50.0000,  157.0000, -27.0000, -52.0000,  0, 0, 0
L 162.0000, -43.0000, -44.0000,  162.0000, -27.0000, -50.0000,  0, 0, 0
L 166.0000, -45.0000, -54.0000,  162.0000, -43.0000, -44.0000,  0, 0, 0
L 184.0000, -45.0000, -56.0000,  166.0000, -45.0000, -54.0000,  0, 0, 0
L 200.0000, -24.0000, -56.0000,  184.0000, -45.0000, -56.0000,  0, 0, 0
L 201.0000, -19.0000, -56.0000,  200.0000, -24.0000, -56.0000,  0, 0, 0
L 203.0000, -17.0000, -56.0000,  201.0000, -19.0000, -56.0000,  0, 0, 0
L 203.0000, -9.0000, -56.0000,  203.0000, -17.0000, -56.0000,  0, 0, 0
L 216.0000, -9.0000, -56.0000,  203.0000, -9.0000, -56.0000,  0, 0, 0
L 216.0000, -12.0000, -51.0000,  216.0000, -9.0000, -56.0000,  0, 0, 0
L 262.0000, -12.0000, -55.0000,  216.0000, -12.0000, -51.0000,  0, 0, 0
L 263.0000, -5.0000, -56.0000,  262.0000, -12.0000, -55.0000,  0, 0, 0
L 276.0000, -5.0000, -56.0000,  263.0000, -5.0000, -56.0000,  0, 0, 0
L 277.0000, -31.0000, -46.0000,  276.0000, -5.0000, -56.0000,  0, 0, 0
L 297.0000, -25.0000, -55.0000,  277.0000, -31.0000, -46.0000,  0, 0, 0
L 282.0000, -43.0000, -53.0000,  297.0000, -25.0000, -55.0000,  0, 0, 0
L 296.0000, -54.0000, -46.0000,  282.0000, -43.0000, -53.0000,  0, 0, 0
L 347.0000, -50.0000, -46.0000,  296.0000, -54.0000, -46.0000,  0, 0, 0
L 350.0000, -34.0000, -56.0000,  347.0000, -50.0000, -46.0000,  0, 0, 0
L 334.0000, -20.0000, -55.0000,  350.0000, -34.0000, -56.0000,  0, 0, 0
L 339.0000, -11.0000, -48.0000,  334.0000, -20.0000, -55.0000,  0, 0, 0
L 350.0000, -9.0000, -41.0000,  339.0000, -11.0000, -48.0000,  0, 0, 0
L 350.0000, 26.0000, -48.0000,  350.0000, -9.0000, -41.0000,  0, 0, 0
L 349.0000, 42.0000, -50.0000,  350.0000, 26.0000, -48.0000,  0, 0, 0
L 351.0000, 53.0000, -49.0000,  349.0000, 42.0000, -50.0000,  0, 0, 0
L 317.0000, 53.0000, -46.0000,  351.0000, 53.0000, -49.0000,  0, 0, 0
L 296.0000, 52.0000, -48.0000,  317.0000, 53.0000, -46.0000,  0, 0, 0
L 278.0000, 39.0000, -46.0000,  296.0000, 52.0000, -48.0000,  0, 0, 0
L 276.0000, 4.0000, -56.0000,  278.0000, 39.0000, -46.0000,  0, 0, 0
L 263.0000, 4.0000, -56.0000,  276.0000, 4.0000, -56.0000,  0, 0, 0
L 263.0000, 10.0000, -56.0000,  263.0000, 4.0000, -56.0000,  0, 0, 0
L 218.0000, 11.0000, -56.0000,  263.0000, 10.0000, -56.0000,  0, 0, 0
L 216.0000, 8.0000, -56.0000,  218.0000, 11.0000, -56.0000,  0, 0, 0
L 203.0000, 8.0000, -56.0000,  216.0000, 8.0000, -56.0000,  0, 0, 0
L 200.0000, 23.0000, -47.0000,  203.0000, 8.0000, -56.0000,  0, 0, 0
L 185.0000, 44.0000, -45.0000,  200.0000, 23.0000, -47.0000,  0, 0, 0
L 171.0000, 45.0000, -51.0000,  185.0000, 44.0000, -45.0000,  0, 0, 0
L 162.0000, 35.0000, -56.0000,  171.0000, 45.0000, -51.0000,  0, 0, 0
L 162.0000, 27.0000, -54.0000,  162.0000, 35.0000, -56.0000,  0, 0, 0
L 157.0000, 27.0000, -51.0000,  162.0000, 27.0000, -54.0000,  0, 0, 0
L 157.0000, 39.0000, -44.0000,  157.0000, 27.0000, -51.0000,  0, 0, 0
L 150.0000, 45.0000, -46.0000,  157.0000, 39.0000, -44.0000,  0, 0, 0
L 141.0000, 45.0000, -56.0000,  150.0000, 45.0000, -46.0000,  0, 0, 0
L 123.0000, 19.0000, -56.0000,  141.0000, 45.0000, -56.0000,  0, 0, 0
L 121.0000, 5.0000, -56.0000,  123.0000, 19.0000, -56.0000,  0, 0, 0
L 108.0000, 5.0000, -56.0000,  121.0000, 5.0000, -56.0000,  0, 0, 0
L 108.0000, 12.0000, -56.0000,  108.0000, 5.0000, -56.0000,  0, 0, 0
L 6.0000, 12.0000, 6.0000,  108.0000, 12.0000, -56.0000,  0, 0, 0
L 6.0000, 5.0000, 3.0000,  6.0000, 12.0000, 6.0000,  0, 0, 0
L -6.0000, 5.0000, 3.0000,  6.0000, 5.0000, 3.0000,  0, 0, 0
L -6.0000, 12.0000, 3.0000,  -6.0000, 5.0000, 3.0000,  0, 0, 0
L -41.0000, 15.0000, 3.0000,  -6.0000, 12.0000, 3.0000,  0, 0, 0
L -41.0000, 12.0000, 3.0000,  -41.0000, 15.0000, 3.0000,  0, 0, 0
L -53.0000, 11.0000, 3.0000,  -41.0000, 12.0000, 3.0000,  0, 0, 0
L -52.0000, 24.0000, 7.0000,  -53.0000, 11.0000, 3.0000,  0, 0, 0
L -49.0000, 23.0000, 8.0000,  -52.0000, 24.0000, 7.0000,  0, 0, 0
L -51.0000, 57.0000, 8.0000,  -49.0000, 23.0000, 8.0000,  0, 0, 0
L -59.0000, 56.0000, 4.0000,  -51.0000, 57.0000, 8.0000,  0, 0, 0
L -59.0000, 69.0000, 3.0000,  -59.0000, 56.0000, 4.0000,  0, 0, 0
L -43.0000, 70.0000, 12.0000,  -59.0000, 69.0000, 3.0000,  0, 0, 0
L -50.0000, 97.0000, 10.0000,  -43.0000, 70.0000, 12.0000,  0, 0, 0
L -38.0000, 100.0000, 5.0000,  -50.0000, 97.0000, 10.0000,  0, 0, 0
L -34.0000, 96.0000, 4.0000,  -38.0000, 100.0000, 5.0000,  0, 0, 0
L -28.0000, 70.0000, 4.0000,  -34.0000, 96.0000, 4.0000,  0, 0, 0
L -22.0000, 72.0000, 4.0000,  -28.0000, 70.0000, 4.0000,  0, 0, 0
L -9.0000, 89.0000, 4.0000,  -22.0000, 72.0000, 4.0000,  0, 0, 0
L -9.0000, 144.0000, 3.0000,  -9.0000, 89.0000, 4.0000,  0, 0, 0
L -17.0000, 144.0000, 3.0000,  -9.0000, 144.0000, 3.0000,  0, 0, 0
L -16.0000, 158.0000, 5.0000,  -17.0000, 144.0000, 3.0000,  0, 0, 0
L -9.0000, 158.0000, 6.0000,  -16.0000, 158.0000, 5.0000,  0, 0, 0
L -9.0000, 267.0000, 48.0000,  -9.0000, 158.0000, 6.0000,  0, 0, 0
L -17.0000, 267.0000, 48.0000,  -9.0000, 267.0000, 48.0000,  0, 0, 0
L -17.0000, 281.0000, 50.0000,  -17.0000, 267.0000, 48.0000,  0, 0, 0
L -5.0000, 279.0000, 50.0000,  -17.0000, 281.0000, 50.0000,  0, 0, 0
L -5.0000, 276.0000, 50.0000,  -5.0000, 279.0000, 50.0000,  0, 0, 0
L 23.0000, 276.0000, 50.0000,  -5.0000, 276.0000, 50.0000,  0, 0, 0
L 23.0000, 367.0000, 53.0000,  23.0000, 276.0000, 50.0000,  0, 0, 0
L 8.0000, 367.0000, 50.0000,  23.0000, 367.0000, 53.0000,  0, 0, 0
L 0.0000, 363.0000, 50.0000,  8.0000, 367.0000, 50.0000,  0, 0, 0
L -12.0000, 362.0000, 50.0000,  0.0000, 363.0000, 50.0000,  0, 0, 0
L -12.0000, 375.0000, 50.0000,  -12.0000, 362.0000, 50.0000,  0, 0, 0
L -9.0000, 375.0000, 50.0000,  -12.0000, 375.0000, 50.0000,  0, 0, 0
L -9.0000, 422.0000, 52.0000,  -9.0000, 375.0000, 50.0000,  0, 0, 0
L -16.0000, 422.0000, 50.0000,  -9.0000, 422.0000, 52.0000,  0, 0, 0
L -16.0000, 436.0000, 50.0000,  -16.0000, 422.0000, 50.0000,  0, 0, 0
L -9.0000, 436.0000, 51.0000,  -16.0000, 436.0000, 50.0000,  0, 0, 0
L -9.0000, 483.0000, 50.0000,  -9.0000, 436.0000, 51.0000,  0, 0, 0
L -12.0000, 483.0000, 50.0000,  -9.0000, 483.0000, 50.0000,  0, 0, 0
L -12.0000, 496.0000, 50.0000,  -12.0000, 483.0000, 50.0000,  0, 0, 0
L -1.0000, 495.0000, 50.0000,  -12.0000, 496.0000, 50.0000,  0, 0, 0
L 0.0000, 491.0000, 50.0000,  -1.0000, 495.0000, 50.0000,  0, 0, 0
L 24.0000, 491.0000, 50.0000,  0.0000, 491.0000, 50.0000,  0, 0, 0
L 24.0000, 582.0000, 51.0000,  24.0000, 491.0000, 50.0000,  0, 0, 0
L -15.0000, 577.0000, 50.0000,  24.0000, 582.0000, 51.0000,  0, 0, 0
L -15.0000, 591.0000, 50.0000,  -15.0000, 577.0000, 50.0000,  0, 0, 0
L 1.0000, 592.0000, 50.0000,  -15.0000, 591.0000, 50.0000,  0, 0, 0
L 0.0000, 633.0000, 62.0000,  1.0000, 592.0000, 50.0000,  0, 0, 0
L 6.0000, 643.0000, 54.0000,  0.0000, 633.0000, 62.0000,  0, 0, 0
L 7.0000, 641.0000, 53.0000,  6.0000, 643.0000, 54.0000,  0, 0, 0
L 85.0000, 685.0000, 62.0000,  7.0000, 641.0000, 53.0000,  0, 0, 0
L 85.0000, 752.0000, 50.0000,  85.0000, 685.0000, 62.0000,  0, 0, 0
L 65.0000, 876.0000, 52.0000,  68.0000, 872.0000, 50.0000,  0, 0, 0
L 58.0000, 873.0000, 52.0000,  65.0000, 876.0000, 52.0000,  0, 0, 0
L 47.0000, 873.0000, 52.0000,  58.0000, 873.0000, 52.0000,  0, 0, 0
L 47.0000, 869.0000, 52.0000,  47.0000, 873.0000, 52.0000,  0, 0, 0
L 42.0000, 867.0000, 52.0000,  47.0000, 869.0000, 52.0000,  0, 0, 0
L 41.0000, 861.0000, 52.0000,  42.0000, 867.0000, 52.0000,  0, 0, 0
L 45.0000, 859.0000, 52.0000,  41.0000, 861.0000, 52.0000,  0, 0, 0
L 46.0000, 848.0000, 52.0000,  45.0000, 859.0000, 52.0000,  0, 0, 0
L 65.0000, 852.0000, 50.0000,  46.0000, 848.0000, 52.0000,  0, 0, 0
L 63.0000, 863.0000, 50.0000,  65.0000, 852.0000, 50.0000,  0, 0, 0
L 67.0000, 874.0000, 51.0000,  63.0000, 863.0000, 50.0000,  0, 0, 0
L 101.0000, 858.0000, 50.0000,  100.0000, 871.0000, 50.0000,  0, 0, 0
L 115.0000, 854.0000, 54.0000,  101.0000, 858.0000, 50.0000,  0, 0, 0
L 122.0000, 865.0000, 54.0000,  115.0000, 854.0000, 54.0000,  0, 0, 0
L 122.0000, 868.0000, 61.0000,  122.0000, 865.0000, 54.0000,  0, 0, 0
L 125.0000, 874.0000, 55.0000,  122.0000, 868.0000, 61.0000,  0, 0, 0
L 121.0000, 876.0000, 54.0000,  125.0000, 874.0000, 55.0000,  0, 0, 0
L 113.0000, 877.0000, 54.0000,  121.0000, 876.0000, 54.0000,  0, 0, 0
L 101.0000, 872.0000, 50.0000,  113.0000, 877.0000, 54.0000,  0, 0, 0
L 73.0000, 901.0000, 57.0000,  76.0000, 909.0000, 60.0000,  0, 0, 0
L 58.0000, 901.0000, 52.0000,  73.0000, 901.0000, 57.0000,  0, 0, 0
L 55.0000, 906.0000, 52.0000,  58.0000, 901.0000, 52.0000,  0, 0, 0
L 54.0000, 907.0000, 52.0000,  55.0000, 906.0000, 52.0000,  0, 0, 0
L 45.0000, 901.0000, 52.0000,  54.0000, 907.0000, 52.0000,  0, 0, 0
L 38.0000, 901.0000, 52.0000,  45.0000, 901.0000, 52.0000,  0, 0, 0
L 31.0000, 918.0000, 50.0000,  38.0000, 901.0000, 52.0000,  0, 0, 0
L 41.0000, 926.0000, 50.0000,  31.0000, 918.0000, 50.0000,  0, 0, 0
L 53.0000, 920.0000, 51.0000,  41.0000, 926.0000, 50.0000,  0, 0, 0
L 53.0000, 918.0000, 52.0000,  53.0000, 920.0000, 51.0000,  0, 0, 0
L 58.0000, 918.0000, 51.0000,  53.0000, 918.0000, 52.0000,  0, 0, 0
L 62.0000, 915.0000, 54.0000,  58.0000, 918.0000, 51.0000,  0, 0, 0
L 70.0000, 919.0000, 50.0000,  62.0000, 915.0000, 54.0000,  0, 0, 0
L 79.0000, 910.0000, 54.0000,  70.0000, 919.0000, 50.0000,  0, 0, 0
L 67.0000, 753.0000, 50.0000,  85.0000, 752.0000, 50.0000,  0, 0, 0
L 67.0000, 766.0000, 50.0000,  67.0000, 753.0000, 50.0000,  0, 0, 0
L 74.0000, 766.0000, 50.0000,  67.0000, 766.0000, 50.0000,  0, 0, 0
L 74.0000, 812.0000, 55.0000,  74.0000, 766.0000, 50.0000,  0, 0, 0
L 73.0000, 820.0000, 51.0000,  74.0000, 812.0000, 55.0000,  0, 0, 0
L 75.0000, 829.0000, 51.0000,  73.0000, 820.0000, 51.0000,  0, 0, 0
L 82.0000, 826.0000, 51.0000,  75.0000, 829.0000, 51.0000,  0, 0, 0
L 83.0000, 823.0000, 51.0000,  82.0000, 826.0000, 51.0000,  0, 0, 0
L 118.0000, 833.0000, 67.0000,  83.0000, 823.0000, 51.0000,  0, 0, 0
L 144.0000, 840.0000, 66.0000,  118.0000, 833.0000, 67.0000,  0, 0, 0
L 157.0000, 869.0000, 56.0000,  144.0000, 840.0000, 66.0000,  0, 0, 0
L 162.0000, 893.0000, 66.0000,  157.0000, 869.0000, 56.0000,  0, 0, 0
L 158.0000, 906.0000, 60.0000,  162.0000, 893.0000, 66.0000,  0, 0, 0
L 153.0000, 911.0000, 58.0000,  158.0000, 906.0000, 60.0000,  0, 0, 0
L 143.0000, 917.0000, 52.0000,  153.0000, 911.0000, 58.0000,  0, 0, 0
L 143.0000, 926.0000, 53.0000,  143.0000, 917.0000, 52.0000,  0, 0, 0
L 146.0000, 932.0000, 55.0000,  143.0000, 926.0000, 53.0000,  0, 0, 0
L 148.0000, 935.0000, 56.0000,  146.0000, 932.0000, 55.0000,  0, 0, 0
L 144.0000, 955.0000, 54.0000,  148.0000, 935.0000, 56.0000,  0, 0, 0
L 139.0000, 958.0000, 53.0000,  144.0000, 955.0000, 54.0000,  0, 0, 0
L 136.0000, 958.0000, 51.0000,  139.0000, 958.0000, 53.0000,  0, 0, 0
L 113.0000, 952.0000, 54.0000,  136.0000, 958.0000, 51.0000,  0, 0, 0
L 80.0000, 950.0000, 62.0000,  113.0000, 952.0000, 54.0000,  0, 0, 0
L 73.0000, 950.0000, 50.0000,  80.0000, 950.0000, 62.0000,  0, 0, 0
L 68.0000, 952.0000, 50.0000,  73.0000, 950.0000, 50.0000,  0, 0, 0
L 58.0000, 953.0000, 50.0000,  68.0000, 952.0000, 50.0000,  0, 0, 0
L 54.0000, 956.0000, 50.0000,  58.0000, 953.0000, 50.0000,  0, 0, 0
L 40.0000, 953.0000, 50.0000,  54.0000, 956.0000, 50.0000,  0, 0, 0
L 32.0000, 942.0000, 50.0000,  40.0000, 953.0000, 50.0000,  0, 0, 0
L 23.0000, 944.0000, 52.0000,  32.0000, 942.0000, 50.0000,  0, 0, 0
L -16.0000, 938.0000, 59.0000,  23.0000, 944.0000, 52.0000,  0, 0, 0
L -19.0000, 897.0000, 60.0000,  -16.0000, 938.0000, 59.0000,  0, 0, 0
L -15.0000, 893.0000, 57.0000,  -19.0000, 897.0000, 60.0000,  0, 0, 0
L -13.0000, 875.0000, 60.0000,  -15.0000, 893.0000, 57.0000,  0, 0, 0
L -17.0000, 872.0000, 54.0000,  -13.0000, 875.0000, 60.0000,  0, 0, 0
L -11.0000, 848.0000, 55.0000,  -17.0000, 872.0000, 54.0000,  0, 0, 0
L -4.0000, 843.0000, 57.0000,  -11.0000, 848.0000, 55.0000,  0, 0, 0
L 2.0000, 829.0000, 63.0000,  -4.0000, 843.0000, 57.0000,  0, 0, 0
L 29.0000, 823.0000, 60.0000,  2.0000, 829.0000, 63.0000,  0, 0, 0
L 45.0000, 827.0000, 57.0000,  29.0000, 823.0000, 60.0000,  0, 0, 0
L 49.0000, 822.0000, 58.0000,  45.0000, 827.0000, 57.0000,  0, 0, 0
L 52.0000, 815.0000, 51.0000,  49.0000, 822.0000, 58.0000,  0, 0, 0
L 50.0000, 812.0000, 51.0000,  52.0000, 815.0000, 51.0000,  0, 0, 0
L 50.0000, 766.0000, 51.0000,  50.0000, 812.0000, 51.0000,  0, 0, 0
L 57.0000, 766.0000, 50.0000,  50.0000, 766.0000, 51.0000,  0, 0, 0
L 57.0000, 753.0000, 50.0000,  57.0000, 766.0000, 50.0000,  0, 0, 0
L 39.0000, 752.0000, 55.0000,  57.0000, 753.0000, 50.0000,  0, 0, 0
L 39.0000, 706.0000, 60.0000,  39.0000, 752.0000, 55.0000,  0, 0, 0
L -43.0000, 706.0000, 61.0000,  39.0000, 706.0000, 60.0000,  0, 0, 0
L -43.0000, 592.0000, 62.0000,  -43.0000, 706.0000, 61.0000,  0, 0, 0
L -25.0000, 591.0000, 52.0000,  -43.0000, 592.0000, 62.0000,  0, 0, 0
L -26.0000, 577.0000, 50.0000,  -25.0000, 591.0000, 52.0000,  0, 0, 0
L -46.0000, 578.0000, 50.0000,  -26.0000, 577.0000, 50.0000,  0, 0, 0
L -48.0000, 581.0000, 50.0000,  -46.0000, 578.0000, 50.0000,  0, 0, 0
L -66.0000, 582.0000, 50.0000,  -48.0000, 581.0000, 50.0000,  0, 0, 0
L -66.0000, 491.0000, 57.0000,  -66.0000, 582.0000, 50.0000,  0, 0, 0
L -42.0000, 491.0000, 50.0000,  -66.0000, 491.0000, 57.0000,  0, 0, 0
L -39.0000, 496.0000, 50.0000,  -42.0000, 491.0000, 50.0000,  0, 0, 0
L -30.0000, 496.0000, 50.0000,  -39.0000, 496.0000, 50.0000,  0, 0, 0
L -30.0000, 483.0000, 50.0000,  -30.0000, 496.0000, 50.0000,  0, 0, 0
L -33.0000, 483.0000, 50.0000,  -30.0000, 483.0000, 50.0000,  0, 0, 0
L -33.0000, 435.0000, 55.0000,  -33.0000, 483.0000, 50.0000,  0, 0, 0
L -26.0000, 436.0000, 50.0000,  -33.0000, 435.0000, 55.0000,  0, 0, 0
L -26.0000, 422.0000, 50.0000,  -26.0000, 436.0000, 50.0000,  0, 0, 0
L -33.0000, 422.0000, 53.0000,  -26.0000, 422.0000, 50.0000,  0, 0, 0
L -33.0000, 375.0000, 50.0000,  -33.0000, 422.0000, 53.0000,  0, 0, 0
L -31.0000, 375.0000, 50.0000,  -33.0000, 375.0000, 50.0000,  0, 0, 0
L -30.0000, 362.0000, 50.0000,  -31.0000, 375.0000, 50.0000,  0, 0, 0
L -42.0000, 364.0000, 50.0000,  -30.0000, 362.0000, 50.0000,  0, 0, 0
L -42.0000, 367.0000, 50.0000,  -42.0000, 364.0000, 50.0000,  0, 0, 0
L -67.0000, 367.0000, 50.0000,  -42.0000, 367.0000, 50.0000,  0, 0, 0
L -67.0000, 276.0000, 51.0000,  -67.0000, 367.0000, 50.0000,  0, 0, 0
L -27.0000, 281.0000, 50.0000,  -67.0000, 276.0000, 51.0000,  0, 0, 0
L -27.0000, 267.0000, 48.0000,  -27.0000, 281.0000, 50.0000,  0, 0, 0
L -34.0000, 267.0000, 48.0000,  -27.0000, 267.0000, 48.0000,  0, 0, 0
L -33.0000, 169.0000, 9.0000,  -34.0000, 267.0000, 48.0000,  0, 0, 0
L -34.0000, 158.0000, 5.0000,  -33.0000, 169.0000, 9.0000,  0, 0, 0
L -27.0000, 158.0000, 5.0000,  -34.0000, 158.0000, 5.0000,  0, 0, 0
L -26.0000, 144.0000, 3.0000,  -27.0000, 158.0000, 5.0000,  0, 0, 0
L -34.0000, 144.0000, 3.0000,  -26.0000, 144.0000, 3.0000,  0, 0, 0
L -49.0000, 125.0000, 5.0000,  -34.0000, 144.0000, 3.0000,  0, 0, 0
L -79.0000, 126.0000, 8.0000,  -49.0000, 125.0000, 5.0000,  0, 0, 0
L -93.0000, 144.0000, 15.0000,  -79.0000, 126.0000, 8.0000,  0, 0, 0
L -97.0000, 143.0000, 13.0000,  -93.0000, 144.0000, 15.0000,  0, 0, 0
L -113.0000, 143.0000, 8.0000,  -97.0000, 143.0000, 13.0000,  0, 0, 0
L -128.0000, 143.0000, 4.0000,  -113.0000, 143.0000, 8.0000,  0, 0, 0
L -128.0000, 141.0000, 4.0000,  -128.0000, 143.0000, 4.0000,  0, 0, 0
L -125.0000, 129.0000, 4.0000,  -128.0000, 141.0000, 4.0000,  0, 0, 0
L -118.0000, 111.0000, 4.0000,  -125.0000, 129.0000, 4.0000,  0, 0, 0
L -115.0000, 86.0000, 5.0000,  -118.0000, 111.0000, 4.0000,  0, 0, 0
L -104.0000, 72.0000, 4.0000,  -115.0000, 86.0000, 5.0000,  0, 0, 0
L -69.0000, 69.0000, 3.0000,  -104.0000, 72.0000, 4.0000,  0, 0, 0
L -69.0000, 56.0000, 4.0000,  -69.0000, 69.0000, 3.0000,  0, 0, 0
L -76.0000, 56.0000, 4.0000,  -69.0000, 56.0000, 4.0000,  0, 0, 0
L -76.0000, 24.0000, 5.0000,  -76.0000, 56.0000, 4.0000,  0, 0, 0
L -73.0000, 24.0000, 5.0000,  -76.0000, 24.0000, 5.0000,  0, 0, 0
L -71.0000, 12.0000, 5.0000,  -73.0000, 24.0000, 5.0000,  0, 0, 0
L -84.0000, 13.0000, 3.0000,  -71.0000, 12.0000, 5.0000,  0, 0, 0
L -84.0000, 16.0000, 3.0000,  -84.0000, 13.0000, 3.0000,  0, 0, 0
L -118.0000, 16.0000, 3.0000,  -84.0000, 16.0000, 3.0000,  0, 0, 0
L -118.0000, 9.0000, 3.0000,  -118.0000, 16.0000, 3.0000,  0, 0, 0
L -131.0000, 9.0000, 3.0000,  -118.0000, 9.0000, 3.0000,  0, 0, 0
L -132.0000, 68.0000, 19.0000,  -131.0000, 9.0000, 3.0000,  0, 0, 0
L -192.0000, 69.0000, 3.0000,  -132.0000, 68.0000, 19.0000,  0, 0, 0
L -192.0000, 82.0000, 1.0000,  -192.0000, 69.0000, 3.0000,  0, 0, 0
L -189.0000, 82.0000, 1.0000,  -192.0000, 82.0000, 1.0000,  0, 0, 0
L -185.0000, 96.0000, -1.0000,  -189.0000, 82.0000, 1.0000,  0, 0, 0
L -185.0000, 192.0000, -41.0000,  -185.0000, 96.0000, -1.0000,  0, 0, 0
L -192.0000, 192.0000, -41.0000,  -185.0000, 192.0000, -41.0000,  0, 0, 0
L -191.0000, 205.0000, -45.0000,  -192.0000, 192.0000, -41.0000,  0, 0, 0
L -185.0000, 205.0000, -45.0000,  -191.0000, 205.0000, -45.0000,  0, 0, 0
L -185.0000, 316.0000, -81.0000,  -185.0000, 205.0000, -45.0000,  0, 0, 0
L -192.0000, 315.0000, -85.0000,  -185.0000, 316.0000, -81.0000,  0, 0, 0
L -192.0000, 328.0000, -89.0000,  -192.0000, 315.0000, -85.0000,  0, 0, 0
L -159.0000, 329.0000, -82.0000,  -192.0000, 328.0000, -89.0000,  0, 0, 0
L -143.0000, 348.0000, -89.0000,  -159.0000, 329.0000, -82.0000,  0, 0, 0
L -142.0000, 370.0000, -90.0000,  -143.0000, 348.0000, -89.0000,  0, 0, 0
L -132.0000, 391.0000, -82.0000,  -142.0000, 370.0000, -90.0000,  0, 0, 0
L -131.0000, 402.0000, -76.0000,  -132.0000, 391.0000, -82.0000,  0, 0, 0
L -148.0000, 402.0000, -78.0000,  -131.0000, 402.0000, -76.0000,  0, 0, 0
L -233.0000, 403.0000, -90.0000,  -148.0000, 402.0000, -78.0000,  0, 0, 0
L -233.0000, 417.0000, -90.0000,  -233.0000, 403.0000, -90.0000,  0, 0, 0
L -226.0000, 417.0000, -90.0000,  -233.0000, 417.0000, -90.0000,  0, 0, 0
L -226.0000, 463.0000, -88.0000,  -226.0000, 417.0000, -90.0000,  0, 0, 0
L -229.0000, 463.0000, -90.0000,  -226.0000, 463.0000, -88.0000,  0, 0, 0
L -229.0000, 477.0000, -90.0000,  -229.0000, 463.0000, -90.0000,  0, 0, 0
L -216.0000, 475.0000, -85.0000,  -229.0000, 477.0000, -90.0000,  0, 0, 0
L -201.0000, 552.0000, -102.0000,  -216.0000, 475.0000, -85.0000,  0, 0, 0
L -198.0000, 576.0000, -108.0000,  -201.0000, 552.0000, -102.0000,  0, 0, 0
L -216.0000, 599.0000, -121.0000,  -198.0000, 576.0000, -108.0000,  0, 0, 0
L -233.0000, 619.0000, -123.0000,  -216.0000, 599.0000, -121.0000,  0, 0, 0
L -253.0000, 618.0000, -110.0000,  -233.0000, 619.0000, -123.0000,  0, 0, 0
L -323.0000, 602.0000, -100.0000,  -253.0000, 618.0000, -110.0000,  0, 0, 0
L -306.0000, 560.0000, -105.0000,  -323.0000, 602.0000, -100.0000,  0, 0, 0
L -305.0000, 542.0000, -91.0000,  -306.0000, 560.0000, -105.0000,  0, 0, 0
L -307.0000, 510.0000, -84.0000,  -305.0000, 542.0000, -91.0000,  0, 0, 0
L -309.0000, 478.0000, -84.0000,  -307.0000, 510.0000, -84.0000,  0, 0, 0
L -303.0000, 472.0000, -80.0000,  -309.0000, 478.0000, -84.0000,  0, 0, 0
L -259.0000, 472.0000, -86.0000,  -303.0000, 472.0000, -80.0000,  0, 0, 0
L -260.0000, 475.0000, -88.0000,  -259.0000, 472.0000, -86.0000,  0, 0, 0
L -248.0000, 477.0000, -90.0000,  -260.0000, 475.0000, -88.0000,  0, 0, 0
L -248.0000, 463.0000, -90.0000,  -248.0000, 477.0000, -90.0000,  0, 0, 0
L -249.0000, 463.0000, -89.0000,  -248.0000, 463.0000, -90.0000,  0, 0, 0
L -251.0000, 417.0000, -90.0000,  -249.0000, 463.0000, -89.0000,  0, 0, 0
L -244.0000, 417.0000, -90.0000,  -251.0000, 417.0000, -90.0000,  0, 0, 0
L -244.0000, 403.0000, -90.0000,  -244.0000, 417.0000, -90.0000,  0, 0, 0
L -251.0000, 403.0000, -90.0000,  -244.0000, 403.0000, -90.0000,  0, 0, 0
L -251.0000, 353.0000, -78.0000,  -251.0000, 403.0000, -90.0000,  0, 0, 0
L -236.0000, 329.0000, -79.0000,  -251.0000, 353.0000, -78.0000,  0, 0, 0
L -202.0000, 328.0000, -90.0000,  -236.0000, 329.0000, -79.0000,  0, 0, 0
L -202.0000, 315.0000, -88.0000,  -202.0000, 328.0000, -90.0000,  0, 0, 0
L -209.0000, 315.0000, -88.0000,  -202.0000, 315.0000, -88.0000,  0, 0, 0
L -209.0000, 232.0000, -47.0000,  -209.0000, 315.0000, -88.0000,  0, 0, 0
L -209.0000, 205.0000, -45.0000,  -209.0000, 232.0000, -47.0000,  0, 0, 0
L -202.0000, 205.0000, -45.0000,  -209.0000, 205.0000, -45.0000,  0, 0, 0
L -202.0000, 192.0000, -41.0000,  -202.0000, 205.0000, -45.0000,  0, 0, 0
L -209.0000, 192.0000, -41.0000,  -202.0000, 192.0000, -41.0000,  0, 0, 0
L -209.0000, 82.0000, 1.0000,  -209.0000, 192.0000, -41.0000,  0, 0, 0
L -202.0000, 82.0000, 1.0000,  -209.0000, 82.0000, 1.0000,  0, 0, 0
L -203.0000, 69.0000, 3.0000,  -202.0000, 82.0000, 1.0000,  0, 0, 0
L -261.0000, 68.0000, 16.0000,  -203.0000, 69.0000, 3.0000,  0, 0, 0
L -262.0000, 9.0000, 3.0000,  -261.0000, 68.0000, 16.0000,  0, 0, 0
L -276.0000, 9.0000, 3.0000,  -262.0000, 9.0000, 3.0000,  0, 0, 0
L -276.0000, 16.0000, 3.0000,  -276.0000, 9.0000, 3.0000,  0, 0, 0
L -323.0000, 16.0000, 3.0000,  -276.0000, 16.0000, 3.0000,  0, 0, 0
L -323.0000, 13.0000, 3.0000,  -323.0000, 16.0000, 3.0000,  0, 0, 0
L -336.0000, 13.0000, 3.0000,  -323.0000, 13.0000, 3.0000,  0, 0, 0
L -336.0000, 23.0000, 3.0000,  -336.0000, 13.0000, 3.0000,  0, 0, 0
L -349.0000, 38.0000, 8.0000,  -336.0000, 23.0000, 3.0000,  0, 0, 0
L -362.0000, 50.0000, 3.0000,  -349.0000, 38.0000, 8.0000,  0, 0, 0
L -377.0000, 39.0000, 23.0000,  -362.0000, 50.0000, 3.0000,  0, 0, 0
L -377.0000, 32.0000, 8.0000,  -377.0000, 39.0000, 23.0000,  0, 0, 0
L -381.0000, 32.0000, 7.0000,  -377.0000, 32.0000, 8.0000,  0, 0, 0
L -381.0000, 41.0000, 23.0000,  -381.0000, 32.0000, 7.0000,  0, 0, 0
L -381.0000, 50.0000, 8.0000,  -381.0000, 41.0000, 23.0000,  0, 0, 0
L -400.0000, 48.0000, 3.0000,  -381.0000, 50.0000, 8.0000,  0, 0, 0
L -417.0000, 22.0000, 3.0000,  -400.0000, 48.0000, 3.0000,  0, 0, 0
L -417.0000, 9.0000, 3.0000,  -417.0000, 22.0000, 3.0000,  0, 0, 0
L -431.0000, 9.0000, 3.0000,  -417.0000, 9.0000, 3.0000,  0, 0, 0
L -431.0000, 16.0000, 3.0000,  -431.0000, 9.0000, 3.0000,  0, 0, 0
L -478.0000, 16.0000, 3.0000,  -431.0000, 16.0000, 3.0000,  0, 0, 0
L -478.0000, 13.0000, 3.0000,  -478.0000, 16.0000, 3.0000,  0, 0, 0
L -491.0000, 13.0000, 6.0000,  -478.0000, 13.0000, 3.0000,  0, 0, 0
L -493.0000, 29.0000, 3.0000,  -491.0000, 13.0000, 6.0000,  0, 0, 0
L -515.0000, 39.0000, 3.0000,  -493.0000, 29.0000, 3.0000,  0, 0, 0
L -527.0000, 28.0000, 3.0000,  -515.0000, 39.0000, 3.0000,  0, 0, 0
L -534.0000, 42.0000, 19.0000,  -527.0000, 28.0000, 3.0000,  0, 0, 0
L -545.0000, 34.0000, 19.0000,  -534.0000, 42.0000, 19.0000,  0, 0, 0
L -554.0000, 44.0000, 19.0000,  -545.0000, 34.0000, 19.0000,  0, 0, 0
L -559.0000, 33.0000, 15.0000,  -554.0000, 44.0000, 19.0000,  0, 0, 0
L -579.0000, -5.0000, 12.0000,  -559.0000, 33.0000, 15.0000,  0, 0, 0
L -566.0000, -22.0000, 13.0000,  -579.0000, -5.0000, 12.0000,  0, 0, 0
L -574.0000, -34.0000, 10.0000,  -566.0000, -22.0000, 13.0000,  0, 0, 0
L -587.0000, -31.0000, 14.0000,  -574.0000, -34.0000, 10.0000,  0, 0, 0
L -587.0000, -58.0000, 11.0000,  -587.0000, -31.0000, 14.0000,  0, 0, 0
L -584.0000, -106.0000, 3.0000,  -587.0000, -58.0000, 11.0000,  0, 0, 0
L -587.0000, -106.0000, 3.0000,  -584.0000, -106.0000, 3.0000,  0, 0, 0
L -587.0000, -152.0000, 3.0000,  -587.0000, -106.0000, 3.0000,  0, 0, 0
L -581.0000, -152.0000, 3.0000,  -587.0000, -152.0000, 3.0000,  0, 0, 0
L -580.0000, -166.0000, 3.0000,  -581.0000, -152.0000, 3.0000,  0, 0, 0
L -587.0000, -166.0000, 3.0000,  -580.0000, -166.0000, 3.0000,  0, 0, 0
L -593.0000, -174.0000, 4.0000,  -587.0000, -166.0000, 3.0000,  0, 0, 0
L -594.0000, -186.0000, 17.0000,  -593.0000, -174.0000, 4.0000,  0, 0, 0
L -626.0000, -187.0000, 7.0000,  -594.0000, -186.0000, 17.0000,  0, 0, 0
L -646.0000, -166.0000, 3.0000,  -626.0000, -187.0000, 7.0000,  0, 0, 0
L -653.0000, -166.0000, 3.0000,  -646.0000, -166.0000, 3.0000,  0, 0, 0
L -653.0000, -152.0000, 5.0000,  -653.0000, -166.0000, 3.0000,  0, 0, 0
L -646.0000, -152.0000, 5.0000,  -653.0000, -152.0000, 5.0000,  0, 0, 0
L -646.0000, -106.0000, 29.0000,  -646.0000, -152.0000, 5.0000,  0, 0, 0
L -646.0000, -88.0000, 39.0000,  -646.0000, -106.0000, 29.0000,  0, 0, 0
L -652.0000, -79.0000, 42.0000,  -646.0000, -88.0000, 39.0000,  0, 0, 0
L -671.0000, -85.0000, 36.0000,  -652.0000, -79.0000, 42.0000,  0, 0, 0
L -671.0000, -152.0000, 5.0000,  -671.0000, -85.0000, 36.0000,  0, 0, 0
L -663.0000, -152.0000, 5.0000,  -671.0000, -152.0000, 5.0000,  0, 0, 0
L -664.0000, -166.0000, 3.0000,  -663.0000, -152.0000, 5.0000,  0, 0, 0
L -671.0000, -166.0000, 4.0000,  -664.0000, -166.0000, 3.0000,  0, 0, 0
L -671.0000, -220.0000, 7.0000,  -671.0000, -166.0000, 4.0000,  0, 0, 0
L -657.0000, -240.0000, 4.0000,  -671.0000, -220.0000, 7.0000,  0, 0, 0
L -623.0000, -241.0000, 3.0000,  -657.0000, -240.0000, 4.0000,  0, 0, 0
L -622.0000, -254.0000, 3.0000,  -623.0000, -241.0000, 3.0000,  0, 0, 0
L -633.0000, -254.0000, 3.0000,  -622.0000, -254.0000, 3.0000,  0, 0, 0
L -662.0000, -273.0000, 3.0000,  -633.0000, -254.0000, 3.0000,  0, 0, 0
L -663.0000, -290.0000, 3.0000,  -662.0000, -273.0000, 3.0000,  0, 0, 0
L -645.0000, -290.0000, 3.0000,  -663.0000, -290.0000, 3.0000,  0, 0, 0
L -645.0000, -295.0000, 3.0000,  -645.0000, -290.0000, 3.0000,  0, 0, 0
L -663.0000, -296.0000, 3.0000,  -645.0000, -295.0000, 3.0000,  0, 0, 0
L -655.0000, -305.0000, 3.0000,  -663.0000, -296.0000, 3.0000,  0, 0, 0
L -654.0000, -312.0000, 3.0000,  -655.0000, -305.0000, 3.0000,  0, 0, 0
L -659.0000, -314.0000, 3.0000,  -654.0000, -312.0000, 3.0000,  0, 0, 0
L -662.0000, -317.0000, 3.0000,  -659.0000, -314.0000, 3.0000,  0, 0, 0
L -639.0000, -335.0000, 3.0000,  -662.0000, -317.0000, 3.0000,  0, 0, 0
L -626.0000, -336.0000, 3.0000,  -639.0000, -335.0000, 3.0000,  0, 0, 0
L -627.0000, -349.0000, 3.0000,  -626.0000, -336.0000, 3.0000,  0, 0, 0
L -629.0000, -349.0000, 5.0000,  -627.0000, -349.0000, 3.0000,  0, 0, 0
L -630.0000, -396.0000, 3.0000,  -629.0000, -349.0000, 5.0000,  0, 0, 0
L -623.0000, -396.0000, 3.0000,  -630.0000, -396.0000, 3.0000,  0, 0, 0
L -623.0000, -409.0000, 3.0000,  -623.0000, -396.0000, 3.0000,  0, 0, 0
L -640.0000, -410.0000, 3.0000,  -623.0000, -409.0000, 3.0000,  0, 0, 0
L -640.0000, -446.0000, 3.0000,  -640.0000, -410.0000, 3.0000,  0, 0, 0
L -638.0000, -456.0000, 3.0000,  -640.0000, -446.0000, 3.0000,  0, 0, 0
L -656.0000, -456.0000, 7.0000,  -638.0000, -456.0000, 3.0000,  0, 0, 0
L -659.0000, -465.0000, 6.0000,  -656.0000, -456.0000, 7.0000,  0, 0, 0
L -714.0000, -465.0000, 15.0000,  -659.0000, -465.0000, 6.0000,  0, 0, 0
L -717.0000, -501.0000, 5.0000,  -714.0000, -465.0000, 15.0000,  0, 0, 0
L -724.0000, -501.0000, 10.0000,  -717.0000, -501.0000, 5.0000,  0, 0, 0
L -724.0000, -570.0000, 11.0000,  -724.0000, -501.0000, 10.0000,  0, 0, 0
L -714.0000, -571.0000, 5.0000,  -724.0000, -570.0000, 11.0000,  0, 0, 0
L -706.0000, -571.0000, 3.0000,  -714.0000, -571.0000, 5.0000,  0, 0, 0
L -706.0000, -585.0000, 4.0000,  -706.0000, -571.0000, 3.0000,  0, 0, 0
L -747.0000, -586.0000, 19.0000,  -706.0000, -585.0000, 4.0000,  0, 0, 0
L -749.0000, -601.0000, 13.0000,  -747.0000, -586.0000, 19.0000,  0, 0, 0
L -778.0000, -645.0000, 8.0000,  -749.0000, -601.0000, 13.0000,  0, 0, 0
L -793.0000, -645.0000, 12.0000,  -778.0000, -645.0000, 8.0000,  0, 0, 0
L -828.0000, -670.0000, 15.0000,  -793.0000, -645.0000, 12.0000,  0, 0, 0
L -826.0000, -707.0000, 16.0000,  -828.0000, -670.0000, 15.0000,  0, 0, 0
L -795.0000, -730.0000, 12.0000,  -826.0000, -707.0000, 16.0000,  0, 0, 0
L -777.0000, -731.0000, 7.0000,  -795.0000, -730.0000, 12.0000,  0, 0, 0
L -748.0000, -775.0000, 13.0000,  -777.0000, -731.0000, 7.0000,  0, 0, 0
L -747.0000, -790.0000, 16.0000,  -748.0000, -775.0000, 13.0000,  0, 0, 0
L -722.0000, -790.0000, 10.0000,  -747.0000, -790.0000, 16.0000,  0, 0, 0
L -709.0000, -787.0000, 14.0000,  -722.0000, -790.0000, 10.0000,  0, 0, 0
L -660.0000, -790.0000, 17.0000,  -709.0000, -787.0000, 14.0000,  0, 0, 0
L -660.0000, -764.0000, 16.0000,  -660.0000, -790.0000, 17.0000,  0, 0, 0
L -679.0000, -748.0000, 4.0000,  -660.0000, -764.0000, 16.0000,  0, 0, 0
L -689.0000, -742.0000, 17.0000,  -679.0000, -748.0000, 4.0000,  0, 0, 0
L -689.0000, -724.0000, 12.0000,  -689.0000, -742.0000, 17.0000,  0, 0, 0
L -693.0000, -709.0000, 4.0000,  -689.0000, -724.0000, 12.0000,  0, 0, 0
L -694.0000, -697.0000, 3.0000,  -693.0000, -709.0000, 4.0000,  0, 0, 0
L -650.0000, -693.0000, 3.0000,  -694.0000, -697.0000, 3.0000,  0, 0, 0
L -650.0000, -700.0000, 3.0000,  -650.0000, -693.0000, 3.0000,  0, 0, 0
L -604.0000, -700.0000, 3.0000,  -650.0000, -700.0000, 3.0000,  0, 0, 0
L -604.0000, -697.0000, 3.0000,  -604.0000, -700.0000, 3.0000,  0, 0, 0
L -590.0000, -697.0000, 3.0000,  -604.0000, -697.0000, 3.0000,  0, 0, 0
L -592.0000, -709.0000, 3.0000,  -590.0000, -697.0000, 3.0000,  0, 0, 0
L -593.0000, -709.0000, 3.0000,  -592.0000, -709.0000, 3.0000,  0, 0, 0
L -565.0000, -777.0000, 3.0000,  -593.0000, -709.0000, 3.0000,  0, 0, 0
L -526.0000, -777.0000, 3.0000,  -565.0000, -777.0000, 3.0000,  0, 0, 0
L -510.0000, -772.0000, 3.0000,  -526.0000, -777.0000, 3.0000,  0, 0, 0
L -502.0000, -772.0000, 3.0000,  -510.0000, -772.0000, 3.0000,  0, 0, 0
L -502.0000, -785.0000, 3.0000,  -502.0000, -772.0000, 3.0000,  0, 0, 0
L -505.0000, -785.0000, 3.0000,  -502.0000, -785.0000, 3.0000,  0, 0, 0
L -505.0000, -832.0000, 3.0000,  -505.0000, -785.0000, 3.0000,  0, 0, 0
L -498.0000, -832.0000, 3.0000,  -505.0000, -832.0000, 3.0000,  0, 0, 0
L -498.0000, -846.0000, 4.0000,  -498.0000, -832.0000, 3.0000,  0, 0, 0
L -505.0000, -846.0000, 4.0000,  -498.0000, -846.0000, 4.0000,  0, 0, 0
L -505.0000, -881.0000, 16.0000,  -505.0000, -846.0000, 4.0000,  0, 0, 0
L -528.0000, -919.0000, 5.0000,  -505.0000, -881.0000, 16.0000,  0, 0, 0
L -561.0000, -952.0000, 3.0000,  -528.0000, -919.0000, 5.0000,  0, 0, 0
L -592.0000, -952.0000, 3.0000,  -561.0000, -952.0000, 3.0000,  0, 0, 0
L -592.0000, -959.0000, 3.0000,  -592.0000, -952.0000, 3.0000,  0, 0, 0
L -606.0000, -959.0000, 3.0000,  -592.0000, -959.0000, 3.0000,  0, 0, 0
L -606.0000, -952.0000, 3.0000,  -606.0000, -959.0000, 3.0000,  0, 0, 0
L -620.0000, -952.0000, 3.0000,  -606.0000, -952.0000, 3.0000,  0, 0, 0
L -621.0000, -955.0000, 3.0000,  -620.0000, -952.0000, 3.0000,  0, 0, 0
L -635.0000, -955.0000, 3.0000,  -621.0000, -955.0000, 3.0000,  0, 0, 0
L -631.0000, -945.0000, 16.0000,  -635.0000, -955.0000, 3.0000,  0, 0, 0
L -632.0000, -915.0000, 7.0000,  -631.0000, -945.0000, 16.0000,  0, 0, 0
L -606.0000, -891.0000, 14.0000,  -632.0000, -915.0000, 7.0000,  0, 0, 0
L -605.0000, -883.0000, 13.0000,  -606.0000, -891.0000, 14.0000,  0, 0, 0
L -602.0000, -863.0000, 3.0000,  -605.0000, -883.0000, 13.0000,  0, 0, 0
L -621.0000, -862.0000, 3.0000,  -602.0000, -863.0000, 3.0000,  0, 0, 0
L -658.0000, -866.0000, 15.0000,  -621.0000, -862.0000, 3.0000,  0, 0, 0
L -670.0000, -862.0000, 12.0000,  -658.0000, -866.0000, 15.0000,  0, 0, 0
L -689.0000, -862.0000, 20.0000,  -670.0000, -862.0000, 12.0000,  0, 0, 0
L -690.0000, -876.0000, 13.0000,  -689.0000, -862.0000, 20.0000,  0, 0, 0
L -695.0000, -883.0000, 11.0000,  -690.0000, -876.0000, 13.0000,  0, 0, 0
L -699.0000, -900.0000, 11.0000,  -695.0000, -883.0000, 11.0000,  0, 0, 0
L -716.0000, -919.0000, 5.0000,  -699.0000, -900.0000, 11.0000,  0, 0, 0
L -728.0000, -921.0000, 16.0000,  -716.0000, -919.0000, 5.0000,  0, 0, 0
L -748.0000, -935.0000, 26.0000,  -728.0000, -921.0000, 16.0000,  0, 0, 0
L -771.0000, -947.0000, 17.0000,  -748.0000, -935.0000, 26.0000,  0, 0, 0
L -771.0000, -981.0000, 16.0000,  -771.0000, -947.0000, 17.0000,  0, 0, 0
L -739.0000, -1004.0000, 10.0000,  -771.0000, -981.0000, 16.0000,  0, 0, 0
L -731.0000, -1007.0000, 9.0000,  -739.0000, -1004.0000, 10.0000,  0, 0, 0
L -719.0000, -1008.0000, 14.0000,  -731.0000, -1007.0000, 9.0000,  0, 0, 0
L -700.0000, -1036.0000, 13.0000,  -719.0000, -1008.0000, 14.0000,  0, 0, 0
L -689.0000, -1048.0000, 5.0000,  -700.0000, -1036.0000, 13.0000,  0, 0, 0
L -688.0000, -1066.0000, 5.0000,  -689.0000, -1048.0000, 5.0000,  0, 0, 0
L -648.0000, -1067.0000, 4.0000,  -688.0000, -1066.0000, 5.0000,  0, 0, 0
L -648.0000, -1080.0000, 4.0000,  -648.0000, -1067.0000, 4.0000,  0, 0, 0
L -675.0000, -1082.0000, 5.0000,  -648.0000, -1080.0000, 4.0000,  0, 0, 0
L -681.0000, -1081.0000, 13.0000,  -675.0000, -1082.0000, 5.0000,  0, 0, 0
L -693.0000, -1106.0000, 10.0000,  -681.0000, -1081.0000, 13.0000,  0, 0, 0
L -697.0000, -1106.0000, 12.0000,  -693.0000, -1106.0000, 10.0000,  0, 0, 0
L -718.0000, -1140.0000, 7.0000,  -697.0000, -1106.0000, 12.0000,  0, 0, 0
L -736.0000, -1140.0000, 16.0000,  -718.0000, -1140.0000, 7.0000,  0, 0, 0
L -769.0000, -1164.0000, 16.0000,  -736.0000, -1140.0000, 16.0000,  0, 0, 0
L -766.0000, -1203.0000, 18.0000,  -769.0000, -1164.0000, 16.0000,  0, 0, 0
L -734.0000, -1224.0000, 13.0000,  -766.0000, -1203.0000, 18.0000,  0, 0, 0
L -718.0000, -1228.0000, 16.0000,  -734.0000, -1224.0000, 13.0000,  0, 0, 0
L -712.0000, -1237.0000, 11.0000,  -718.0000, -1228.0000, 16.0000,  0, 0, 0
L -686.0000, -1256.0000, 5.0000,  -712.0000, -1237.0000, 11.0000,  0, 0, 0
L -685.0000, -1271.0000, 10.0000,  -686.0000, -1256.0000, 5.0000,  0, 0, 0
L -689.0000, -1278.0000, 16.0000,  -685.0000, -1271.0000, 10.0000,  0, 0, 0
L -682.0000, -1284.0000, 15.0000,  -689.0000, -1278.0000, 16.0000,  0, 0, 0
L -665.0000, -1284.0000, 7.0000,  -682.0000, -1284.0000, 15.0000,  0, 0, 0
L -648.0000, -1286.0000, 4.0000,  -665.0000, -1284.0000, 7.0000,  0, 0, 0
L -648.0000, -1300.0000, 3.0000,  -648.0000, -1286.0000, 4.0000,  0, 0, 0
L -655.0000, -1300.0000, 3.0000,  -648.0000, -1300.0000, 3.0000,  0, 0, 0
L -655.0000, -1342.0000, 3.0000,  -655.0000, -1300.0000, 3.0000,  0, 0, 0
L -652.0000, -1345.0000, 3.0000,  -655.0000, -1342.0000, 3.0000,  0, 0, 0
L -652.0000, -1360.0000, 4.0000,  -652.0000, -1345.0000, 3.0000,  0, 0, 0
L -655.0000, -1390.0000, 4.0000,  -651.0000, -1393.0000, 4.0000,  0, 0, 0
L -662.0000, -1391.0000, 3.0000,  -655.0000, -1390.0000, 4.0000,  0, 0, 0
L -664.0000, -1397.0000, 3.0000,  -662.0000, -1391.0000, 3.0000,  0, 0, 0
L -671.0000, -1402.0000, 3.0000,  -664.0000, -1397.0000, 3.0000,  0, 0, 0
L -670.0000, -1411.0000, 3.0000,  -671.0000, -1402.0000, 3.0000,  0, 0, 0
L -674.0000, -1422.0000, 3.0000,  -670.0000, -1411.0000, 3.0000,  0, 0, 0
L -668.0000, -1427.0000, 3.0000,  -674.0000, -1422.0000, 3.0000,  0, 0, 0
L -669.0000, -1433.0000, 3.0000,  -668.0000, -1427.0000, 3.0000,  0, 0, 0
L -664.0000, -1438.0000, 6.0000,  -669.0000, -1433.0000, 3.0000,  0, 0, 0
L -655.0000, -1435.0000, 7.0000,  -664.0000, -1438.0000, 6.0000,  0, 0, 0
L -655.0000, -1428.0000, 3.0000,  -655.0000, -1435.0000, 7.0000,  0, 0, 0
L -657.0000, -1424.0000, 5.0000,  -655.0000, -1428.0000, 3.0000,  0, 0, 0
L -655.0000, -1422.0000, 3.0000,  -657.0000, -1424.0000, 5.0000,  0, 0, 0
L -659.0000, -1411.0000, 3.0000,  -655.0000, -1422.0000, 3.0000,  0, 0, 0
L -661.0000, -1411.0000, 5.0000,  -659.0000, -1411.0000, 3.0000,  0, 0, 0
L -655.0000, -1404.0000, 3.0000,  -661.0000, -1411.0000, 5.0000,  0, 0, 0
L -649.0000, -1397.0000, 4.0000,  -655.0000, -1404.0000, 3.0000,  0, 0, 0
L -652.0000, -1392.0000, 4.0000,  -649.0000, -1397.0000, 4.0000,  0, 0, 0
L -631.0000, -1391.0000, 4.0000,  -627.0000, -1389.0000, 4.0000,  0, 0, 0
L -627.0000, -1412.0000, 4.0000,  -631.0000, -1391.0000, 4.0000,  0, 0, 0
L -621.0000, -1414.0000, 8.0000,  -627.0000, -1412.0000, 4.0000,  0, 0, 0
L -625.0000, -1424.0000, 4.0000,  -621.0000, -1414.0000, 8.0000,  0, 0, 0
L -618.0000, -1427.0000, 3.0000,  -625.0000, -1424.0000, 4.0000,  0, 0, 0
L -612.0000, -1424.0000, 3.0000,  -618.0000, -1427.0000, 3.0000,  0, 0, 0
L -614.0000, -1415.0000, 3.0000,  -612.0000, -1424.0000, 3.0000,  0, 0, 0
L -611.0000, -1403.0000, 3.0000,  -614.0000, -1415.0000, 3.0000,  0, 0, 0
L -615.0000, -1399.0000, 3.0000,  -611.0000, -1403.0000, 3.0000,  0, 0, 0
L -616.0000, -1392.0000, 3.0000,  -615.0000, -1399.0000, 3.0000,  0, 0, 0
L -625.0000, -1388.0000, 3.0000,  -616.0000, -1392.0000, 3.0000,  0, 0, 0
L -579.0000, -1484.0000, 10.0000,  -579.0000, -1498.0000, 13.0000,  0, 0, 0
L -571.0000, -1470.0000, 11.0000,  -579.0000, -1484.0000, 10.0000,  0, 0, 0
L -570.0000, -1441.0000, 4.0000,  -571.0000, -1470.0000, 11.0000,  0, 0, 0
L -568.0000, -1430.0000, 4.0000,  -570.0000, -1441.0000, 4.0000,  0, 0, 0
L -556.0000, -1413.0000, 19.0000,  -568.0000, -1430.0000, 4.0000,  0, 0, 0
L -601.0000, -1385.0000, 7.0000,  -556.0000, -1413.0000, 19.0000,  0, 0, 0
L -616.0000, -1382.0000, 3.0000,  -601.0000, -1385.0000, 7.0000,  0, 0, 0
L -627.0000, -1372.0000, 4.0000,  -616.0000, -1382.0000, 3.0000,  0, 0, 0
L -622.0000, -1361.0000, 3.0000,  -627.0000, -1372.0000, 4.0000,  0, 0, 0
L -635.0000, -1359.0000, 4.0000,  -622.0000, -1361.0000, 3.0000,  0, 0, 0
L -656.0000, -1360.0000, 4.0000,  -652.0000, -1360.0000, 4.0000,  0, 0, 0
L -665.0000, -1362.0000, 3.0000,  -656.0000, -1360.0000, 4.0000,  0, 0, 0
L -669.0000, -1376.0000, 3.0000,  -665.0000, -1362.0000, 3.0000,  0, 0, 0
L -688.0000, -1382.0000, 3.0000,  -669.0000, -1376.0000, 3.0000,  0, 0, 0
L -716.0000, -1405.0000, 10.0000,  -688.0000, -1382.0000, 3.0000,  0, 0, 0
L -720.0000, -1421.0000, 6.0000,  -716.0000, -1405.0000, 10.0000,  0, 0, 0
L -724.0000, -1452.0000, 8.0000,  -720.0000, -1421.0000, 6.0000,  0, 0, 0
L -727.0000, -1464.0000, 12.0000,  -724.0000, -1452.0000, 8.0000,  0, 0, 0
L -705.0000, -1491.0000, 5.0000,  -727.0000, -1464.0000, 12.0000,  0, 0, 0
L -687.0000, -1507.0000, 5.0000,  -705.0000, -1491.0000, 5.0000,  0, 0, 0
L -677.0000, -1522.0000, 24.0000,  -687.0000, -1507.0000, 5.0000,  0, 0, 0
L -649.0000, -1524.0000, 29.0000,  -677.0000, -1522.0000, 24.0000,  0, 0, 0
L -600.0000, -1512.0000, 29.0000,  -649.0000, -1524.0000, 29.0000,  0, 0, 0
L -582.0000, -1497.0000, 29.0000,  -600.0000, -1512.0000, 29.0000,  0, 0, 0
L -697.0000, -1483.0000, 17.0000,  -675.0000, -1527.0000, 18.0000,  0, 0, 0
L -674.0000, -1476.0000, 21.0000,  -697.0000, -1483.0000, 17.0000,  0, 0, 0
L -672.0000, -1462.0000, 13.0000,  -674.0000, -1476.0000, 21.0000,  0, 0, 0
L -683.0000, -1458.0000, 5.0000,  -672.0000, -1462.0000, 13.0000,  0, 0, 0
L -661.0000, -1480.0000, 17.0000,  -661.0000, -1481.0000, 28.0000,  0, 0, 0
L -641.0000, -1474.0000, 16.0000,  -661.0000, -1480.0000, 17.0000,  0, 0, 0
L -648.0000, -1464.0000, 10.0000,  -656.0000, -1468.0000, 17.0000,  0, 0, 0
L -640.0000, -1473.0000, 10.0000,  -648.0000, -1464.0000, 10.0000,  0, 0, 0
L -610.0000, -1464.0000, 7.0000,  -640.0000, -1473.0000, 10.0000,  0, 0, 0
L -579.0000, -1498.0000, 13.0000,  -610.0000, -1464.0000, 7.0000,  0, 0, 0
