P 95.0000, -673.0000, 175.0000,  255, 0, 255,  1,  to_Throne_Room
P 395.0000, 1410.0000, 90.0000,  200, 0, 200,  3,  Zone_In
P -411.0000, -1415.0000, -10.0000,  255, 255, 255,  3,  Alice_Wing
P 125.0000, -709.0000, 175.0000,  255, 255, 255,  3,  Doors_Room
P 125.0000, -888.0000, 175.0000,  255, 255, 255,  3,  Throne_Room
P 125.0000, -767.0000, 175.0000,  180, 0, 180,  1,  from_Doors_Room
P 125.0000, -761.0000, 175.0000,  255, 0, 255,  1,  to_Entry
P -148.0000, -672.0000, 185.0000,  255, 0, 255,  1,  to_Chessboard
P -78.0000, -281.0000, 175.0000,  255, 255, 255,  3,  Upside-Down_Wing
P 391.0000, -130.0000, 115.0000,  255, 255, 255,  3,  Entry_Room
P 353.0000, 1017.0000, 90.0000,  255, 0, 255,  3,  to_Cobalt_Scar_(tree)
P -165.0000, -519.0000, 115.0000,  255, 255, 255,  3,  Theatre
P -421.0000, -1426.0000, -10.0000,  180, 0, 180,  1,  from_Chessboard
P -169.0000, -641.0000, 175.0000,  0, 0, 128,  1,  a_theatre_fanatic
P 125.0000, -938.0000, 175.0000,  0, 0, 128,  1,  Bristlebane_King_of_Thieves
P -268.0000, -538.0000, 175.0000,  0, 0, 128,  1,  a_wicked_performer
P -257.0000, -149.0000, 165.0000,  255, 0, 255,  1,  to_UDW-2
P -232.0000, -222.0000, 172.0000,  180, 0, 180,  1,  to_UD_Wing
P 470.0000, -1515.0000, -10.0000,  0, 0, 128,  1,  an_ample_ape
P 832.0000, -821.0000, 120.0000,  255, 0, 255,  1,  to_UD_Wing
P 1084.0000, -821.0000, 120.0000,  255, 0, 255,  1,  to_Alice
P 928.0000, -277.0000, 110.0000,  255, 0, 255,  1,  to_Entry
P 5.0000, -81.0000, 115.0000,  180, 0, 180,  1,  WW-2
P 391.0000, -98.0000, 115.0000,  180, 0, 180,  1,  Entry
P 403.0000, -1249.0000, 265.0000,  255, 0, 255,  1,  to_UD_Wing
P 417.0000, -1471.0000, 265.0000,  255, 0, 255,  1,  to_E_Wing(broken)
P 413.0000, -1520.0000, 265.0000,  180, 0, 180,  1,  from_W_Wing
P 114.0000, -207.0000, 115.0000,  255, 0, 255,  1,  to_BW_Room
P -168.0000, -432.0000, 0.0000,  255, 255, 255,  2,  Audience
P 817.0000, -46.0000, 0.0000,  0, 0, 0,  2,  Book_a
P -290.0000, -393.0000, 0.0000,  0, 0, 0,  2,  Book_A
P -157.0000, -676.0000, 0.0000,  0, 0, 0,  2,  Chess_a
P 959.0000, -620.0000, 0.0000,  0, 0, 0,  2,  Chess_A
P 160.0000, -300.0000, 0.0000,  0, 255, 255,  2,  DEATH!!!----
P 450.0000, -298.0000, 0.0000,  0, 255, 255,  2,  ----SALVATION
P -190.0000, -480.0000, 0.0000,  255, 255, 0,  2,  Theater
P 370.0000, 100.0000, 0.0000,  255, 255, 0,  2,  Entrance
P -302.0000, -542.0000, 0.0000,  255, 255, 255,  2,  Loc#11
P 809.0000, -64.0000, 115.0000,  0, 100, 0,  1,  a_gifted_sphinx
P -402.0000, -1438.0000, -10.0000,  255, 0, 255,  1,  to_Entry
P 477.0000, -1889.0000, -10.0000,  255, 0, 255,  1,  to_Entry
P 127.0000, -687.0000, 175.0000,  200, 0, 200,  1,  from_UW_Wing
P -72.0000, -1322.0000, -10.0000,  0, 0, 128,  1,  The_Master_of_Mayhem
P 927.0000, -443.0000, 110.0000,  255, 255, 255,  3,  Black_and_White_Room
P 916.0000, -97.0000, 115.0000,  180, 0, 180,  1,  from_Garden
P -301.0000, -388.0000, 115.0000,  180, 0, 180,  1,  from_E_Wing
P 957.0000, -621.0000, 120.0000,  180, 0, 180,  1,  from_Theatre
P 175.0000, -65.0000, 115.0000,  255, 0, 255,  1,  to_WW-2
P 387.0000, -93.0000, 115.0000,  0, 100, 0,  1,  a_fraudulent_chest
P 177.0000, -122.0000, 115.0000,  180, 0, 180,  1,  WW-3
P 25.0000, -49.0000, 115.0000,  255, 0, 255,  1,  to_WW-3
P 819.0000, -45.0000, 115.0000,  255, 0, 255,  1,  to_Theatre
P 154.0000, -148.0000, 115.0000,  255, 0, 255,  1,  to_Garden
P 928.0000, -285.0000, 110.0000,  180, 0, 180,  1,  BW_Room
P 527.0000, -1666.0000, -10.0000,  0, 0, 128,  1,  The_Bunny_Behemoth
P 121.0000, -683.0000, 175.0000,  0, 0, 128,  1,  A_Mischievous_Jester
P -277.0000, -188.0000, 162.0000,  0, 0, 128,  1,  a_barmy_burglar
P 417.0000, -1351.0000, 265.0000,  255, 255, 255,  3,  Garden
P 957.0000, -821.0000, 120.0000,  255, 255, 255,  3,  Chessboard
P 1011.0000, -197.0000, 115.0000,  255, 255, 255,  3,  Library
P 100.0000, -400.0000, 165.0000,  0, 0, 128,  1,  an_asinine_ape
P 120.0000, -489.0000, 165.0000,  0, 0, 128,  1,  a_paradoxical_sphinx
P -78.0000, -248.0000, 115.0000,  255, 255, 255,  3,  Dining_Hall
P 42.0000, -353.0000, 165.0000,  255, 0, 255,  1,  to_Doors_Room
P -112.0000, -234.0000, 172.0000,  180, 0, 180,  1,  UDW-2
P -77.0000, -338.0000, 165.0000,  180, 0, 180,  1,  UD_Wing
P 417.0000, -1291.0000, 265.0000,  0, 100, 0,  1,  All-Seeing_Eye
P 350.0000, -1080.0000, 265.0000,  0, 100, 0,  1,  a_hedge_soldier
P 460.0000, -1300.0000, 265.0000,  0, 100, 0,  1,  The_Grand_Gardener
P 518.0000, -1413.0000, 265.0000,  0, 100, 0,  1,  a_hedge_magus
P -176.0000, -401.0000, 145.0000,  0, 100, 128,  1,  an_obsessed_patron
P -243.0000, -752.0000, 145.0000,  0, 100, 128,  1,  a_frolicking_performer
P -180.0000, -218.0000, 115.0000,  0, 100, 0,  1,  a_bogus_treasure_chest
P 720.0000, -708.0000, 115.0000,  0, 100, 0,  1,  a_forsaken_hand
P -290.0000, -275.0000, 115.0000,  0, 100, 0,  1,  a_witty_sphinx
P 346.0000, -868.0000, 115.0000,  0, 100, 0,  1,  a_troublesome_charlatan
P -66.0000, -474.0000, 115.0000,  0, 100, 0,  1,  a_method_actor
P 140.0000, -130.0000, 115.0000,  0, 100, 0,  1,  an_astray_hand
P 13.0000, -200.0000, 115.0000,  0, 100, 0,  1,  a_craven_rascal
P 1026.0000, -146.0000, 115.0000,  0, 100, 0,  1,  a_gorilla_prodigy
P 1156.0000, -348.0000, 115.0000,  0, 100, 0,  1,  a_savvy_sphinx
