P -74.0000, 6.0000, 0.0000,  255, 255, 255,  2,  Cloaked_Dhampyre
P -22.0000, 131.0000, 0.0000,  255, 255, 255,  2,  Princess_Cherista
P 12.0000, 151.0000, 0.0000,  255, 255, 255,  2,  Mynthi_Davissi
P 92.0000, 339.0000, 0.0000,  255, 255, 255,  2,  Maid_Issis
P 109.0000, 318.0000, 0.0000,  255, 255, 255,  2,  Butler_Syncall
P -87.0000, 117.0000, 0.0000,  255, 255, 255,  2,  Advisor
P -1.0000, 58.0000, 0.0000,  0, 0, 0,  2,  Balcony
P 0.0000, 13.0000, 0.0000,  0, 0, 0,  2,  Entry_Hall
P 21.0000, 129.0000, 0.0000,  0, 0, 0,  2,  Throneroom
P -314.0000, 74.0000, 0.0000,  0, 0, 0,  2,  Jail
P -90.0000, 175.0000, 0.0000,  0, 0, 0,  2,  Spa
P -350.0000, 222.0000, 0.0000,  0, 0, 0,  2,  Tower
P -183.0000, 233.0000, 0.0000,  0, 0, 0,  2,  Torture_Room
P -378.0000, 7.0000, 0.0000,  0, 0, 0,  2,  Mausoleum
P -392.0000, -89.0000, 0.0000,  0, 0, 0,  2,  Graveyard
P 112.0000, -79.0000, 0.0000,  0, 0, 0,  2,  Enynti's_Ledge
P -46.0000, 357.0000, 0.0000,  0, 0, 0,  2,  Mistmoore's_Coffin
P -150.0000, 73.0000, 0.0000,  0, 0, 0,  2,  Garden
P -89.0000, -12.0000, 0.0000,  0, 0, 0,  2,  Fountain
P -81.0000, 138.0000, 0.0000,  0, 0, 0,  2,  Piano_Room
P 2.0000, 106.0000, 0.0000,  0, 0, 0,  2,  Ballroom
P 97.0000, 201.0000, 0.0000,  0, 0, 0,  2,  Gargoyle_Lair
P 120.0000, 257.0000, 0.0000,  0, 0, 0,  2,  Kitchen
P 106.0000, 88.0000, -164.0000,  0, 0, 0,  2,  Guest_Room
P -79.0000, 73.0000, -164.0000,  0, 0, 0,  2,  Library
P -45.0000, 194.0000, -158.0000,  0, 0, 0,  2,  Bedroom
P -122.0000, 240.0000, -158.0000,  0, 0, 0,  2,  Gargoyle_Lair
P -357.0000, 245.0000, -141.0000,  0, 0, 0,  2,  Lift
P 163.0000, -93.0000, -226.0000,  0, 0, 0,  2,  Blood_Wolves
P -126.0000, 347.0000, -182.0000,  0, 240, 0,  2,  To_Greater_Faydark
P -45.0000, 306.0000, -186.0000,  0, 0, 0,  2,  Crypt
P 3.0000, 142.0000, -196.0000,  0, 0, 0,  2,  Gypsy_Pit
P 105.0000, 140.0000, -192.0000,  0, 0, 0,  2,  Negotiator_Room
P 58.0000, 141.0000, -192.0000,  0, 0, 0,  2,  Secret_Passage
P -413.0000, 324.0000, -238.0000,  0, 0, 0,  2,  Courtyard
P -317.0000, 158.0000, -210.0000,  0, 0, 0,  2,  Eirod_Haerod's_Ledge
