P -249.0000, -706.0000, 0.0000,  255, 255, 255,  2,  Recuso_Camp
P -1376.0000, -252.0000, 0.0000,  255, 255, 255,  2,  Recuso_Camp
P -948.0000, 1066.0000, 0.0000,  255, 255, 255,  2,  Recuso_Camp
P 1832.0000, -520.0000, 0.0000,  0, 240, 0,  2,  Netherbian_Lair
P 1000.0000, -1850.0000, 0.0000,  0, 240, 0,  2,  Mons_Letalis
P 980.0000, 2050.0000, 0.0000,  0, 240, 0,  2,  Sanctus_Seru
P 1479.0000, -1302.0000, -31.0000,  240, 240, 240,  1,  Recuso_Camp
P 1066.0280, -326.3990, 8.7890,  240, 0, 0,  3,  Rock_Camp
P 200.0000, -514.0000, 51.0000,  240, 0, 0,  3,  Hilltop_Camp
P 1668.0000, -540.0000, -7.5320,  0, 0, 240,  2,  Succor_Point
P -1139.6780, 851.9250, 2.9560,  0, 0, 240,  3,  Gerak_Jelin
P -1028.3250, 1513.7500, -0.7610,  240, 0, 0,  3,  Wall_Camp
