L 142.1875, -53.7187, 0.0010,  142.1875, -100.2187, 0.0010,  0, 0, 0
L 142.1875, -25.7493, 0.0010,  142.1875, 30.2503, 0.0010,  0, 0, 0
L 291.6414, -30.2499, -13.9990,  291.6414, -39.7176, -13.9990,  127, 127, 127
L 296.1249, -30.2498, -13.9990,  296.1250, -16.2512, -13.9990,  0, 0, 0
L 333.6240, -16.2497, -13.9990,  296.1250, -16.2512, -13.9990,  0, 0, 0
L 333.6252, -53.7187, -13.9990,  333.6240, -16.2497, -13.9990,  0, 0, 0
L 296.1248, -53.7188, -13.9990,  333.6252, -53.7187, -13.9990,  0, 0, 0
L 296.1250, -39.7170, -13.9990,  296.1248, -53.7188, -13.9990,  0, 0, 0
L 277.6254, -39.7193, -13.9990,  296.1250, -39.7170, -13.9990,  0, 0, 0
L 268.1566, -30.2505, -13.9990,  296.1249, -30.2498, -13.9990,  0, 0, 0
L 268.1566, -58.2188, -13.9990,  268.1566, -30.2505, -13.9990,  0, 0, 0
L 277.6248, -67.7181, -13.9990,  277.6254, -39.7193, -13.9990,  0, 0, 0
L 196.8397, -142.1875, -14.9990,  212.1562, -142.1875, -14.9990,  0, 0, 0
L 184.1875, -154.8679, -14.9990,  196.8397, -142.1875, -14.9990,  0, 0, 0
L 184.1875, -181.0053, -14.9990,  184.1875, -154.8679, -14.9990,  0, 0, 0
L 196.8382, -193.6562, -14.9990,  184.1875, -181.0053, -14.9990,  0, 0, 0
L 236.9757, -193.6563, -14.9990,  196.8382, -193.6562, -14.9990,  0, 0, 0
L 249.6562, -181.0041, -14.9990,  236.9757, -193.6563, -14.9990,  0, 0, 0
L 249.6563, -154.8696, -12.5884,  249.6562, -181.0041, -13.1367,  0, 0, 0
L 236.9742, -142.1875, -14.9990,  249.6563, -154.8696, -14.9990,  0, 0, 0
L 221.6562, -142.1875, -14.9990,  236.9742, -142.1875, -14.9990,  0, 0, 0
L 221.6563, -121.6384, -13.9990,  221.6562, -142.1875, -13.9990,  0, 0, 0
L 212.1562, -121.6384, -13.9990,  221.6556, -121.6384, -13.9990,  127, 127, 127
L 212.1562, -142.1875, -13.9990,  212.1562, -121.6384, -13.9990,  0, 0, 0
L 170.1870, -25.7503, -13.9990,  170.1879, -81.7187, -13.9990,  0, 0, 0
L 179.6875, -72.2187, -13.9990,  179.6875, -25.7491, -13.9990,  0, 0, 0
L 212.1562, -81.7187, -13.9990,  170.1879, -81.7187, -13.9990,  0, 0, 0
L 212.1562, -72.2188, -13.9990,  179.6875, -72.2187, -13.9990,  0, 0, 0
L 212.1562, -81.7187, -13.9990,  212.1562, -121.6384, -13.9990,  0, 0, 0
L 221.6563, -67.7187, -13.9990,  221.6556, -121.6384, -13.9990,  0, 0, 0
L 212.1562, -58.2187, -13.9990,  212.1562, -72.2188, -13.9990,  0, 0, 0
L 151.6875, 57.8280, 0.0010,  142.1889, 57.8279, 0.0010,  0, 0, 0
L 170.1875, 2.3264, -13.9990,  179.6875, 2.3264, -13.9990,  127, 127, 127
L 151.6872, -16.2500, -9.1516,  170.1875, -16.2500, -11.9990,  0, 0, 0
L 170.1870, -25.7503, -11.0744,  142.1875, -25.7493, -7.9990,  0, 0, 0
L 222.9743, 16.2500, -13.9990,  235.6563, 28.9320, -13.9990,  0, 0, 0
L 210.8382, 16.2500, -13.9990,  222.9743, 16.2500, -13.9990,  0, 0, 0
L 196.8382, 30.2500, -13.9990,  210.8382, 16.2500, -13.9990,  0, 0, 0
L 235.6563, 41.0368, -13.9990,  235.6563, 28.9320, -13.9990,  0, 0, 0
L 222.9742, 53.7187, -13.9990,  235.6563, 41.0368, -13.9990,  0, 0, 0
L 210.8383, 53.7188, -13.9990,  222.9742, 53.7187, -13.9990,  0, 0, 0
L 196.8382, 39.7188, -13.9990,  210.8383, 53.7188, -13.9990,  0, 0, 0
L 179.6873, 30.2500, -13.9990,  196.8382, 30.2500, -13.9990,  0, 0, 0
L 170.1875, 39.7187, -13.9990,  196.8382, 39.7188, -13.9990,  0, 0, 0
L 179.6875, -16.2504, -13.9990,  179.6873, 30.2500, -13.9990,  0, 0, 0
L 170.1875, -16.2500, -13.9990,  170.1875, 39.7187, -13.9990,  0, 0, 0
L 240.1562, -58.2188, -13.9990,  212.1562, -58.2187, -13.9990,  0, 0, 0
L 277.6248, -67.7181, -13.9990,  221.6563, -67.7187, -13.9990,  0, 0, 0
L 249.6549, -58.2188, -13.9990,  268.1566, -58.2188, -13.9990,  0, 0, 0
L 249.6549, -58.2188, -13.9990,  249.6561, -24.0913, -13.9990,  0, 0, 0
L 240.1562, -25.7500, -13.9990,  240.1562, -58.2188, -13.9990,  0, 0, 0
L 109.7199, 30.2502, 0.0010,  142.1875, 30.2503, 0.0010,  0, 0, 0
L 142.1876, 39.7180, 0.0010,  100.2112, 39.7191, 0.0010,  0, 0, 0
L 151.6872, -16.2500, 0.0010,  151.6875, 57.8280, 0.0010,  0, 0, 0
L 179.6875, -25.7491, -13.9990,  240.1562, -25.7500, -13.9990,  0, 0, 0
L 240.1561, -16.2505, -13.9990,  179.6875, -16.2504, -13.9990,  0, 0, 0
L 249.6556, 2.2505, -13.9990,  249.6562, -27.3544, -13.9990,  0, 0, 0
L 240.1566, 11.7500, -13.9990,  240.1561, -16.2505, -13.9990,  0, 0, 0
L 268.1561, 11.7500, -13.9990,  240.1566, 11.7500, -13.9990,  0, 0, 0
L 277.6242, 2.2503, -13.9990,  249.6556, 2.2505, -13.9990,  0, 0, 0
L 277.6242, 2.2503, -13.9990,  277.6250, 86.2187, -27.5472,  0, 0, 0
L 268.1569, 86.2187, -25.7431,  268.1561, 11.7500, -15.2009,  0, 0, 0
L 254.1562, 86.2187, -27.9990,  268.1569, 86.2187, -27.9990,  0, 0, 0
L 254.1562, 100.2188, -27.9990,  254.1562, 86.2187, -27.9990,  0, 0, 0
L 291.6250, 86.2187, -27.9990,  277.6250, 86.2187, -27.9990,  0, 0, 0
L 291.6249, 125.0055, -27.9990,  291.6250, 86.2187, -27.9990,  0, 0, 0
L 278.9430, 137.6875, -27.9990,  291.6249, 125.0055, -27.9990,  0, 0, 0
L 266.8382, 137.6875, -27.9990,  278.9430, 137.6875, -27.9990,  0, 0, 0
L 254.1562, 125.0055, -27.9990,  266.8382, 137.6875, -27.9990,  0, 0, 0
L 254.1562, 109.7187, -27.9990,  254.1562, 125.0055, -27.9990,  0, 0, 0
L 58.2187, 128.1875, -26.9990,  58.2187, 109.7187, -26.9990,  0, 0, 0
L 112.9010, 128.1875, -26.9990,  98.9002, 142.1875, -26.9990,  0, 0, 0
L 125.0055, 128.1875, -24.3088,  112.9010, 128.1875, -21.9968,  0, 0, 0
L 137.6875, 140.8695, -26.9990,  125.0055, 128.1875, -26.9990,  0, 0, 0
L 137.6875, 153.0055, -26.9990,  137.6875, 140.8695, -26.9990,  0, 0, 0
L 125.0055, 165.6875, -26.9990,  137.6875, 153.0055, -26.9990,  0, 0, 0
L 112.9007, 165.6875, -23.1714,  125.0055, 165.6875, -23.2611,  0, 0, 0
L 98.9007, 151.6875, -26.9990,  112.9007, 165.6875, -26.9990,  0, 0, 0
L 67.7187, 128.1875, -26.9990,  81.7187, 128.1875, -26.9990,  0, 0, 0
L 81.7187, 142.1875, -26.9990,  81.7187, 128.1875, -26.9990,  0, 0, 0
L 81.7187, 151.6875, -26.9990,  98.9007, 151.6875, -26.9990,  0, 0, 0
L 81.7187, 142.1875, -26.9990,  98.9002, 142.1875, -26.9990,  0, 0, 0
L 81.7187, 151.6875, -26.9990,  81.7187, 165.6875, -26.9990,  0, 0, 0
L 44.2187, 165.6875, -26.9990,  81.7187, 165.6875, -26.9948,  0, 0, 0
L 44.2187, 128.1875, -26.9990,  44.2187, 165.6875, -26.9990,  0, 0, 0
L 58.2187, 128.1875, -26.9990,  44.2187, 128.1875, -26.9990,  0, 0, 0
L 123.6858, 25.6529, -27.9990,  170.0764, 26.4245, -27.9990,  0, 0, 0
L 67.7187, 105.6363, -26.9990,  67.7187, 128.1875, -26.9990,  0, 0, 0
L 44.2191, 109.7188, -26.9990,  58.2187, 109.7187, -26.9990,  0, 0, 0
L 44.2191, 95.8182, -26.9990,  44.2191, 109.7188, -26.9990,  0, 0, 0
L 44.2191, 95.8182, -26.9990,  25.7496, 95.3570, -26.9990,  0, 0, 0
L 25.7498, 109.7183, -26.9990,  25.7496, 95.3570, -26.9990,  0, 0, 0
L -11.7500, 109.7184, -26.9990,  25.7498, 109.7183, -26.9990,  0, 0, 0
L -11.7500, 72.2190, -24.4615,  -11.7500, 109.7184, -26.9990,  0, 0, 0
L 25.7500, 72.2192, -26.9990,  -11.7500, 72.2190, -26.9990,  0, 0, 0
L 25.7500, 86.2181, -26.9990,  25.7500, 72.2192, -26.9990,  0, 0, 0
L 53.0390, 86.2187, -26.9990,  46.8208, 86.2187, -26.9990,  0, 0, 0
L 97.2049, 58.2194, -27.9990,  114.7529, 58.6896, -27.9990,  0, 0, 0
L 68.3444, 59.2547, -27.9990,  97.2049, 58.2194, -27.9990,  0, 0, 0
L 67.1860, 11.8395, -27.9990,  68.3444, 59.2547, -27.9990,  0, 0, 0
L 90.1401, 11.7199, -27.9990,  67.1860, 11.8395, -27.9990,  0, 0, 0
L 91.5779, 11.7494, -27.9990,  90.1401, 11.7199, -27.9990,  0, 0, 0
L 113.6423, 11.5179, -27.9990,  91.5779, 11.7494, -27.9990,  0, 0, 0
L 114.7529, 58.6896, -27.9990,  113.6423, 11.5179, -27.9990,  0, 0, 0
L 170.0764, 26.4245, -27.9990,  170.1873, 71.8551, -27.9990,  0, 0, 0
L 123.8607, 71.5976, -27.9990,  123.6858, 25.6529, -27.9990,  0, 0, 0
L 170.1873, 71.8551, -27.9990,  123.8607, 71.5976, -27.9990,  0, 0, 0
L 149.5208, 71.7403, -27.9990,  148.0342, 71.7320, -27.9990,  0, 0, 0
L 207.6563, 109.7187, -27.9990,  254.1562, 109.7187, -27.9990,  0, 0, 0
L 207.6558, 100.2187, -27.9990,  254.1562, 100.2188, -27.9990,  0, 0, 0
L 207.6561, 137.6875, -27.9990,  170.1889, 137.6875, -27.9990,  0, 0, 0
L 207.6563, 109.7187, -27.9990,  207.6561, 137.6875, -27.9990,  0, 0, 0
L 207.6559, 67.7187, -27.9990,  207.6558, 100.2187, -27.9990,  0, 0, 0
L 225.7059, 67.7187, -27.9990,  207.6559, 67.7187, -27.9990,  0, 0, 0
L 225.5994, 67.0164, -25.4076,  225.7059, 67.7187, -26.6178,  0, 0, 0
L 225.0591, 58.2188, -25.9044,  225.5994, 67.0164, -25.4076,  0, 0, 0
L 198.1572, 58.2187, -26.6820,  225.0591, 58.2188, -27.9990,  0, 0, 0
L 198.1564, 128.1875, -27.9990,  198.1572, 58.2187, -27.9990,  0, 0, 0
L 198.1564, 128.1875, -27.9990,  179.6869, 128.1875, -27.9990,  0, 0, 0
L 184.1106, 137.6875, -27.9990,  184.1106, 128.1875, -27.9990,  127, 127, 127
L 171.4940, 137.6875, -27.9990,  184.1106, 137.6875, -27.9990,  0, 0, 0
L 170.1870, 95.7183, -27.9990,  170.1889, 137.6875, -27.9990,  0, 0, 0
L 67.7187, 95.7185, -27.9990,  170.1870, 95.7183, -27.9990,  0, 0, 0
L 67.7187, 95.7185, -26.9990,  67.7187, 110.2458, -26.9990,  0, 0, 0
L 58.2189, 86.2192, -26.9990,  25.7500, 86.2181, -26.9990,  0, 0, 0
L 58.2192, 2.2505, -27.9990,  58.2189, 86.2192, -27.9990,  0, 0, 0
L 123.6875, 2.2505, -27.9990,  58.2192, 2.2505, -27.9990,  0, 0, 0
L 123.6875, 16.2502, -27.9990,  123.6875, 2.2505, -27.9990,  0, 0, 0
L 179.6871, 16.2503, -27.9990,  123.6875, 16.2502, -27.9990,  0, 0, 0
L 179.6869, 128.1875, -27.9990,  179.6871, 16.2503, -27.9990,  0, 0, 0
L 100.2233, 11.7861, 0.0010,  100.2112, 39.7191, 0.0010,  0, 0, 0
L 100.2187, -11.7500, 0.0010,  81.7188, -11.7500, 0.0010,  0, 0, 0
L 165.6878, -100.2191, 0.4500,  151.6871, -100.2186, -2.9990,  0, 0, 0
L 165.6872, -137.6868, -0.3777,  165.6878, -100.2191, -2.9990,  0, 0, 0
L 128.1875, -137.6875, -0.2509,  165.6872, -137.6868, -2.9990,  0, 0, 0
L 128.1875, -100.2188, -1.0142,  128.1875, -137.6875, -2.9990,  0, 0, 0
L 142.1875, -100.2187, -2.9048,  128.1875, -100.2188, 0.1598,  0, 0, 0
L 151.6875, -44.2193, 0.0010,  151.6871, -100.2186, 0.0010,  0, 0, 0
L 123.6875, -44.2186, 0.0010,  151.6875, -44.2193, 0.0010,  0, 0, 0
L 114.2187, -53.7187, 0.0010,  142.1875, -53.7187, 0.0010,  0, 0, 0
L 114.2187, -39.7193, 0.0010,  114.2187, -53.7187, 0.0010,  0, 0, 0
L 123.6875, -30.2500, 0.0010,  123.6875, -44.2186, 0.0010,  0, 0, 0
L 109.7166, -30.2500, 0.0010,  123.6875, -30.2500, 0.0010,  0, 0, 0
L 100.2188, -39.7184, 0.0010,  114.2187, -39.7193, 0.0010,  0, 0, 0
L 100.2187, -11.7500, 0.0010,  100.2188, -39.7184, 0.0010,  0, 0, 0
L 109.7166, -30.2500, 0.0010,  109.7199, 30.2502, 0.0010,  0, 0, 0
L -707.8411, 84.2212, 0.0010,  -707.8411, 84.2212, 0.0010,  0, 0, 0
L -721.2388, 117.6871, 6.4931,  -701.2267, 67.7184, 0.0010,  0, 0, 0
L -748.7850, 117.6871, 8.7561,  -721.2388, 117.6871, 9.7332,  0, 0, 0
L -778.7565, 87.7180, 2.0010,  -748.7850, 117.6871, 2.0010,  0, 0, 0
L -867.4057, 87.7184, 0.0010,  -778.7565, 87.7180, 0.0010,  0, 0, 0
L -867.4059, 37.5757, 0.0010,  -867.4057, 87.7184, 0.0010,  0, 0, 0
L -841.9064, 2.2505, 0.0010,  -857.4196, 2.2502, 0.0010,  0, 0, 0
L -841.9069, 62.2191, 0.0010,  -841.9064, 2.2505, 0.0010,  0, 0, 0
L -778.7651, 62.2195, 2.0010,  -841.9069, 62.2191, 0.0010,  0, 0, 0
L -748.7693, 32.2500, 0.0010,  -778.7651, 62.2195, 2.0010,  0, 0, 0
L -720.7805, 32.2500, 5.2374,  -748.7693, 32.2500, 5.2374,  0, 0, 0
L -700.8563, 58.2183, 0.0010,  -720.7805, 32.2500, 0.0010,  0, 0, 0
L -655.4998, 67.7184, 0.0010,  -701.2267, 67.7184, 0.0010,  0, 0, 0
L -645.3721, 58.2190, 0.0010,  -700.8563, 58.2183, 0.0010,  0, 0, 0
L -631.3721, 100.2187, 0.0010,  -645.3721, 58.2190, 0.0010,  0, 0, 0
L -631.3721, 100.2187, 0.0010,  -614.1280, 100.2187, 0.0010,  0, 0, 0
L -655.5000, 97.0357, 0.0010,  -655.4998, 67.7184, 0.0010,  0, 0, 0
L -628.8187, 123.6875, 0.0010,  -655.5000, 97.0357, 0.0010,  0, 0, 0
L -616.6810, 123.6875, 0.0010,  -628.8187, 123.6875, 0.0010,  0, 0, 0
L -590.0000, 97.0360, 0.0010,  -616.6810, 123.6875, 0.0010,  0, 0, 0
L -590.0000, 67.7189, 0.0010,  -590.0000, 97.0360, 0.0010,  0, 0, 0
L -600.1274, 58.2182, 0.0010,  -614.1280, 100.2187, 0.0010,  0, 0, 0
L -544.3906, 67.7174, 0.7245,  -530.3912, 95.7187, 0.8555,  0, 0, 0
L -544.6683, 58.2191, 0.0010,  -600.1274, 58.2182, 0.0010,  0, 0, 0
L -544.4540, 57.7875, 0.4670,  -544.5775, 57.8697, 0.4683,  0, 0, 0
L -543.4659, 55.7971, 0.4380,  -544.6683, 58.2191, 0.4670,  0, 0, 0
L -490.4284, 59.7641, 0.3784,  -461.0743, 30.4429, 0.3211,  0, 0, 0
L -513.9283, 32.4425, 1.0286,  -529.3529, -13.8325, 0.8832,  0, 0, 0
L -478.0625, 7.0973, 5.0914,  -478.0625, -5.3301, 0.5741,  0, 0, 0
L -506.8329, 26.9950, 1.0284,  -492.0829, 19.6191, 0.9669,  0, 0, 0
L -490.4284, 59.7641, 0.3703,  -506.8329, 26.9950, 0.1736,  0, 0, 0
L -447.0483, 30.1695, 0.4253,  -445.9171, 29.1335, 0.4619,  0, 0, 0
L -461.0743, 30.4429, 0.0363,  -447.0483, 30.1695, 0.4253,  0, 0, 0
L -436.5527, 10.3137, 0.2116,  -445.9171, 29.1335, 0.2546,  0, 0, 0
L -432.4875, 2.2500, 0.1084,  -436.5527, 10.3137, 0.2116,  0, 0, 0
L -417.5938, 2.2500, 0.0363,  -432.4875, 2.2500, 0.0363,  0, 0, 0
L -417.5937, -11.7500, 0.0010,  -417.5938, 2.2500, 0.0010,  0, 0, 0
L -406.7771, -11.7500, 0.0010,  -417.5937, -11.7500, 0.0010,  0, 0, 0
L -377.8437, 17.1820, 0.1668,  -406.7771, -11.7500, 0.0140,  0, 0, 0
L -362.9117, 2.2500, 0.0567,  -377.8437, 17.1820, 0.1196,  0, 0, 0
L -362.9117, 2.2500, 0.0363,  -351.2661, 2.2500, 0.0363,  0, 0, 0
L -338.8942, 26.9932, 0.4183,  -351.2661, 2.2500, 0.3450,  0, 0, 0
L -363.4011, 39.2322, 0.5684,  -338.8942, 26.9932, 0.5059,  0, 0, 0
L -378.4607, 24.2054, 0.4478,  -363.4011, 39.2322, 0.5297,  0, 0, 0
L -393.5203, 54.2915, 0.8141,  -378.4607, 24.2054, 0.6980,  0, 0, 0
L -419.3976, 67.2301, 1.0378,  -393.5203, 54.2915, 0.9918,  0, 0, 0
L -434.4273, 52.1671, 0.9058,  -419.3976, 67.2301, 0.9805,  0, 0, 0
L -449.2037, 81.7185, 0.7227,  -434.4273, 52.1671, 0.5747,  0, 0, 0
L -474.8807, 81.7186, 0.8410,  -449.2037, 81.7185, 0.8410,  0, 0, 0
L -489.8232, 66.7752, 0.6937,  -474.8807, 81.7186, 0.7876,  0, 0, 0
L -518.7144, 95.7188, 1.0328,  -489.8232, 66.7752, 0.9658,  0, 0, 0
L -530.3912, 95.7187, 1.0597,  -518.7144, 95.7188, 1.0597,  0, 0, 0
L -544.3906, 67.7174, 0.0010,  -590.0000, 67.7189, 0.0010,  0, 0, 0
L -556.6580, 16.2502, 0.2372,  -543.4659, 55.7971, 0.4815,  0, 0, 0
L -546.3126, 16.2503, 0.0363,  -556.6580, 16.2502, 0.0363,  0, 0, 0
L -513.9283, 32.4425, 0.1822,  -546.3126, 16.2503, 0.1304,  0, 0, 0
L -516.3970, -39.7187, 0.1759,  -529.3529, -13.8325, 0.3120,  0, 0, 0
L -501.5625, -39.7187, 0.0363,  -516.3970, -39.7187, 0.0363,  0, 0, 0
L -478.0624, -34.9269, 0.2553,  -461.6772, -2.2500, 0.2796,  0, 0, 0
L -478.0625, 12.5744, 0.8898,  -492.8063, 19.9813, 0.9696,  0, 0, 0
L -478.0624, -34.9269, 0.3570,  -478.0625, 12.5744, 0.5592,  0, 0, 0
L -447.9593, -2.2500, 1.8177,  -461.6772, -2.2500, 2.9063,  0, 0, 0
L -441.6984, -8.8344, 0.8103,  -442.5534, -8.1957, 0.5315,  0, 0, 0
L -436.0625, -14.7614, 0.4679,  -447.9593, -2.2500, 0.8103,  0, 0, 0
L -436.0624, -30.2500, 0.4499,  -436.0625, -14.7614, 0.3135,  0, 0, 0
L -501.5625, -55.4379, 0.4697,  -501.5625, -39.7187, 0.5131,  0, 0, 0
L -488.4219, -81.7188, 0.0404,  -501.5625, -55.4379, 0.0888,  0, 0, 0
L -476.7444, -81.7187, 0.0363,  -488.4219, -81.7188, 0.0363,  0, 0, 0
L -464.0625, -69.0367, 0.2009,  -476.7444, -81.7187, 0.1590,  0, 0, 0
L -464.0625, -39.7188, 0.5525,  -464.0625, -69.0367, 0.4210,  0, 0, 0
L -446.4211, -39.7188, 0.0364,  -464.0625, -39.7188, 0.0364,  0, 0, 0
L -420.7758, -67.7188, 0.0603,  -405.2272, -52.1702, 0.1321,  0, 0, 0
L -432.4221, -67.7182, 0.0363,  -420.7758, -67.7188, 0.0363,  0, 0, 0
L -438.3382, -55.8861, 0.1428,  -432.4221, -67.7182, 0.0993,  0, 0, 0
L -446.4211, -39.7188, 0.3730,  -438.3382, -55.8861, 0.2538,  0, 0, 0
L -420.7743, -30.2500, 1.5294,  -436.0624, -30.2500, 4.2997,  0, 0, 0
L -405.2268, -45.7627, 0.4528,  -420.7743, -30.2500, 0.4945,  0, 0, 0
L -268.1562, -137.6875, 0.0010,  -305.6251, -137.6875, 0.0010,  0, 0, 0
L -268.1562, -100.2187, 0.0010,  -268.1562, -137.6875, 0.0010,  0, 0, 0
L -282.1248, -100.2187, 0.0010,  -268.1562, -100.2187, 0.0010,  0, 0, 0
L -305.6250, -100.2187, 0.0010,  -305.6251, -137.6875, 0.0010,  0, 0, 0
L -291.6258, -100.2187, 0.0010,  -305.6250, -100.2187, 0.0010,  0, 0, 0
L -291.6236, -53.7189, 0.0010,  -291.6258, -100.2187, 0.0010,  0, 0, 0
L -198.1563, -179.6871, 2.5022,  -235.6575, -179.6896, 0.0010,  0, 0, 0
L -198.1562, -165.6889, 2.2935,  -198.1563, -179.6871, 2.3764,  0, 0, 0
L -170.1865, -165.6870, 0.0010,  -198.1562, -165.6889, 0.0010,  0, 0, 0
L -170.1881, -142.1875, 0.0010,  -170.1865, -165.6870, 0.0010,  0, 0, 0
L -198.1560, -142.1875, 2.2853,  -170.1881, -142.1875, 2.4192,  0, 0, 0
L -198.1567, -128.1872, 0.0010,  -198.1560, -142.1875, 0.6815,  0, 0, 0
L -212.1534, -128.1878, 0.0010,  -198.1567, -128.1872, 0.1107,  0, 0, 0
L -235.6558, -128.1872, 0.0010,  -235.6575, -179.6896, 0.0010,  0, 0, 0
L -221.6579, -128.1880, 0.0010,  -235.6558, -128.1872, 0.0010,  0, 0, 0
L -221.6548, -81.7196, 0.0010,  -221.6579, -128.1880, 0.0010,  0, 0, 0
L -212.1566, -72.2181, 0.0010,  -212.1534, -128.1878, 0.0010,  0, 0, 0
L -254.1561, -72.2200, 0.0010,  -212.1566, -72.2181, 0.0010,  0, 0, 0
L -263.6566, -81.7185, 0.0010,  -221.6548, -81.7196, 0.0010,  0, 0, 0
L -263.6553, -37.7188, 0.0010,  -263.6566, -81.7185, 0.0010,  0, 0, 0
L -254.1562, -37.7188, 0.0010,  -254.1562, -50.2508, 0.0010,  0, 0, 0
L -250.8333, -37.7188, -0.9990,  -254.1562, -37.7188, -0.9990,  0, 0, 0
L -266.9745, -37.7187, -0.9990,  -263.6553, -37.7188, -0.9990,  0, 0, 0
L -291.6251, -13.0674, -0.9990,  -266.9745, -37.7187, 0.5750,  0, 0, 0
L -291.6245, 16.2500, -0.9990,  -291.6251, -13.0674, -0.9990,  0, 0, 0
L -309.2655, 16.2500, 0.0010,  -291.6245, 16.2500, 0.0010,  0, 0, 0
L -324.3907, -14.0004, 0.0010,  -309.2655, 16.2500, 0.0010,  0, 0, 0
L -378.3738, -81.7182, 0.0845,  -347.6244, -66.3435, 0.1828,  0, 0, 0
L -347.6244, -66.3435, 0.0010,  -347.6247, -114.2193, 0.0010,  0, 0, 0
L -338.1256, -65.7187, -0.9325,  -332.4072, -65.7188, -0.9325,  0, 0, 0
L -352.6314, -24.9037, -0.2943,  -348.7543, -22.9634, -0.2639,  0, 0, 0
L -375.0945, -24.8902, 0.9247,  -371.8404, -26.5172, 0.8994,  0, 0, 0
L -386.9063, -18.9848, 1.0198,  -382.5883, -21.1433, 0.9864,  0, 0, 0
L -400.9147, -37.1559, 0.7327,  -396.8307, -29.0058, 0.8604,  0, 0, 0
L -390.4526, -81.7191, 0.1011,  -405.2272, -52.1702, 0.1712,  0, 0, 0
L -378.3738, -81.7182, 0.0363,  -390.4526, -81.7191, 0.0363,  0, 0, 0
L -342.3682, -19.7668, -0.2113,  -348.0690, -22.6204, -0.2560,  0, 0, 0
L -309.2810, -44.2196, -0.4266,  -324.3907, -14.0004, -0.3375,  0, 0, 0
L -282.1258, -44.2183, 0.0010,  -282.1248, -100.2187, 0.0010,  0, 0, 0
L -309.2810, -44.2196, 0.0010,  -282.1258, -44.2183, 0.0010,  0, 0, 0
L -312.1250, -53.7183, 0.0010,  -291.6236, -53.7189, 0.0010,  0, 0, 0
L -312.1250, -53.7183, -0.7585,  -312.1250, -55.5776, -0.7740,  0, 0, 0
L -332.4072, -65.7188, -0.8869,  -312.1250, -55.5776, -0.8312,  0, 0, 0
L -338.1255, -114.1450, 0.0010,  -338.1256, -65.7187, 0.0010,  0, 0, 0
L -170.1881, -321.0370, -25.5469,  -170.1870, -361.5935, -21.8578,  0, 0, 0
L -226.8468, -263.6562, -13.9990,  -212.1560, -263.6563, -13.9990,  240, 0, 0
L -219.8617, -263.6562, -13.9990,  -226.8468, -263.6562, -13.9990,  240, 0, 0
L -214.6070, -263.6563, -13.9990,  -212.1559, -263.6562, -13.9990,  240, 0, 0
L -216.7972, -263.6563, -13.9990,  -219.6750, -263.6563, -13.9990,  240, 0, 0
L -228.9763, -254.1567, -13.9990,  -235.0638, -254.1563, -13.9990,  0, 0, 0
L -221.6562, -359.7820, 0.0010,  -221.6562, -263.6550, 0.0010,  0, 0, 0
L -179.6868, -221.6562, -27.9990,  -179.6881, -240.1555, -27.9990,  0, 0, 0
L -170.1874, -212.1569, -27.9990,  -178.8787, -212.1563, -27.9990,  0, 0, 0
L -170.1882, -240.1562, -27.9990,  -170.1874, -212.1569, -27.9990,  0, 0, 0
L -193.6559, -240.1566, -25.6525,  -179.6881, -240.1555, -25.5740,  0, 0, 0
L -193.6559, -277.6248, -27.9990,  -193.6559, -240.1566, -27.9990,  0, 0, 0
L -156.1878, -277.6246, -27.9990,  -193.6559, -277.6248, -27.9990,  0, 0, 0
L -156.1876, -240.1562, -27.9990,  -156.1878, -277.6246, -27.9990,  0, 0, 0
L -170.1882, -240.1562, -25.6978,  -156.1876, -240.1562, -25.6242,  0, 0, 0
L -319.6249, -236.2009, 0.0010,  -310.1248, -236.2009, 0.0010,  127, 127, 127
L -296.1251, -235.6555, 2.0193,  -310.1248, -235.6565, 2.4452,  0, 0, 0
L -296.1251, -212.1566, 0.0010,  -296.1251, -235.6555, 0.0010,  0, 0, 0
L -319.6261, -212.1564, 0.0010,  -296.1251, -212.1566, 2.1677,  0, 0, 0
L -319.6249, -225.5425, 0.0010,  -319.6261, -212.1564, 0.0010,  0, 0, 0
L -310.1248, -235.6565, 0.0010,  -310.1251, -263.6564, 0.0010,  0, 0, 0
L -319.6250, -254.1561, 0.0010,  -319.6249, -225.5425, 0.0010,  0, 0, 0
L -338.1253, -254.1565, 0.0010,  -319.6250, -254.1561, 0.0010,  0, 0, 0
L -347.6249, -263.6558, 0.0010,  -310.1251, -263.6564, 0.0010,  0, 0, 0
L -347.6243, -233.1274, 0.0010,  -347.6249, -263.6558, 0.0010,  0, 0, 0
L -338.1250, -254.1565, 0.0010,  -338.1252, -193.6542, 0.0010,  0, 0, 0
L -338.1250, -240.2268, 0.0010,  -347.6245, -240.2268, 0.0010,  127, 127, 127
L -330.3220, -152.7816, 0.0010,  -324.1250, -152.7253, 0.0010,  127, 127, 127
L -361.5938, -153.1364, 0.0010,  -330.3220, -152.7816, 0.0010,  127, 127, 127
L -347.6247, -114.2193, 0.0010,  -361.5932, -114.2187, 0.0010,  0, 0, 0
L -324.1229, -114.2354, 0.0010,  -338.1255, -114.1450, 0.0010,  0, 0, 0
L -324.1250, -179.6896, 0.0010,  -324.1250, -193.6562, 0.0010,  0, 0, 0
L -338.1252, -193.6542, 0.0010,  -324.1250, -193.6562, 0.0010,  0, 0, 0
L -347.6245, -193.6564, 0.0010,  -347.6243, -233.1274, 0.0010,  0, 0, 0
L -361.5932, -193.6554, 0.0010,  -347.6245, -193.6564, 0.0010,  0, 0, 0
L -361.5932, -114.2187, 0.0010,  -361.5932, -193.6554, 2.4048,  0, 0, 0
L -324.1257, -170.1664, 0.0010,  -324.1229, -114.2354, 0.0010,  0, 0, 0
L -294.8566, -179.6850, 0.0010,  -278.0081, -179.8372, 0.0010,  0, 0, 0
L -294.8566, -179.6850, 0.0010,  -324.1250, -179.6896, 0.0010,  0, 0, 0
L -268.1562, -170.1987, 0.0010,  -324.1257, -170.1664, 0.0010,  0, 0, 0
L -277.6250, -263.6563, -13.9990,  -278.0081, -179.8372, 0.0010,  0, 0, 0
L -193.6815, -193.6532, -27.9990,  -193.6815, -184.1951, -27.9990,  127, 127, 127
L -178.8787, -212.1563, -27.9990,  -198.1570, -212.1563, -27.9990,  0, 0, 0
L -249.6557, -236.0547, -13.9990,  -249.6557, -227.1702, -13.9990,  0, 0, 0
L -268.1566, -254.1570, -13.9990,  -249.6557, -254.1556, -13.9990,  0, 0, 0
L -268.1566, -254.1570, -10.0819,  -268.1562, -170.1987, 0.0010,  0, 0, 0
L -212.1562, -310.1780, -13.9990,  -212.1564, -254.1554, -13.9990,  0, 0, 0
L -277.6244, -263.6627, -13.9990,  -221.6562, -263.6550, -13.9990,  0, 0, 0
L -240.1569, -254.1569, -13.9990,  -212.1564, -254.1554, -13.9990,  0, 0, 0
L -240.1569, -207.6552, -21.1676,  -207.6562, -207.6562, -25.6557,  0, 0, 0
L -240.1569, -254.1569, -13.9990,  -240.1569, -207.6552, -13.9990,  0, 0, 0
L -249.6556, -198.1561, -13.9990,  -249.6557, -254.1556, -13.9990,  0, 0, 0
L -207.6568, -198.1572, -23.9990,  -249.6556, -198.1561, -13.9990,  0, 0, 0
L -193.6217, -221.6562, -27.9990,  -193.6217, -212.1563, -27.9990,  127, 127, 127
L -201.0976, -221.6562, -27.9990,  -179.6868, -221.6562, -27.9990,  0, 0, 0
L -198.1566, -180.3091, -27.9990,  -198.1563, -180.1736, -27.9990,  0, 0, 0
L -198.1570, -212.1563, -27.9990,  -198.1557, -193.6526, -27.9990,  0, 0, 0
L -207.6562, -221.6559, -27.6467,  -201.0976, -221.6562, -27.9990,  0, 0, 0
L -207.6562, -207.6562, -27.9990,  -207.6562, -221.6559, -27.9990,  0, 0, 0
L -207.6560, -185.6758, -27.9990,  -207.6568, -194.8365, -27.9990,  0, 0, 0
L -198.1561, -174.2037, -27.9990,  -207.6563, -174.2037, -27.9990,  127, 127, 127
L -198.1566, -165.6881, -27.9990,  -198.1556, -184.1868, -27.9990,  0, 0, 0
L -207.6560, -165.6886, -27.9990,  -207.6568, -198.1572, -27.9990,  0, 0, 0
L -184.1875, -165.6873, -27.9990,  -198.1566, -165.6881, -27.9990,  0, 0, 0
L -184.1875, -151.6874, -27.9990,  -184.1875, -165.6873, -27.9990,  0, 0, 0
L -170.1870, -151.6875, -27.9990,  -184.1875, -151.6874, -27.9990,  0, 0, 0
L -170.1876, -142.1872, -27.9990,  -170.1870, -151.6875, -27.9990,  0, 0, 0
L -184.1870, -142.1880, -27.9990,  -170.1876, -142.1872, -27.9990,  0, 0, 0
L -184.1878, -128.1875, -27.9990,  -184.1870, -142.1880, -27.8343,  0, 0, 0
L -193.6566, -128.1875, -27.9990,  -184.1878, -128.1875, -27.9990,  0, 0, 0
L -193.6555, -142.1903, -27.9990,  -193.6566, -128.1875, -27.9990,  0, 0, 0
L -268.1569, -142.1873, -27.9990,  -268.1561, -123.6881, -27.9990,  0, 0, 0
L -193.6555, -142.1903, -27.9990,  -268.1569, -142.1873, -27.9990,  0, 0, 0
L -250.9746, -165.6872, -27.9990,  -207.6560, -165.6886, -27.9990,  0, 0, 0
L -264.9742, -151.6875, -27.9990,  -250.9746, -165.6872, -27.9990,  0, 0, 0
L -277.6250, -151.6875, -27.9990,  -264.9742, -151.6875, -27.9990,  0, 0, 0
L -277.6249, -112.9000, -27.9990,  -277.6250, -151.6875, -27.9990,  0, 0, 0
L -250.9729, -86.2181, -27.9990,  -277.6249, -112.9000, -27.9990,  0, 0, 0
L -212.1561, -86.2197, -27.9990,  -250.9729, -86.2181, -27.9990,  0, 0, 0
L -212.1563, -123.6872, -27.9990,  -268.1561, -123.6881, -25.9344,  0, 0, 0
L -212.1562, -109.7196, -27.9990,  -212.1563, -123.6872, -27.9990,  0, 0, 0
L -212.1565, -100.2188, -27.9990,  -212.1561, -86.2197, -27.9990,  0, 0, 0
L -142.1875, -198.1562, -27.9990,  -128.1875, -198.1562, -27.9990,  0, 0, 0
L -170.1879, -67.7183, -27.5565,  -184.1875, -67.7181, -27.9990,  0, 0, 0
L -170.1877, -44.2191, -27.9990,  -170.1879, -67.7183, -27.9990,  0, 0, 0
L -207.6558, -44.2189, -27.9990,  -170.1877, -44.2191, -25.6306,  0, 0, 0
L -207.6559, -67.7187, -27.9990,  -207.6558, -44.2189, -27.9990,  0, 0, 0
L -193.6563, -67.7187, -27.9990,  -207.6559, -67.7187, -27.9990,  0, 0, 0
L -193.6562, -100.2188, -27.9990,  -212.1565, -100.2188, -27.9990,  0, 0, 0
L -193.6562, -100.2188, -27.9990,  -193.6563, -67.7187, -27.9989,  0, 0, 0
L -184.1875, -100.2188, -27.9990,  -184.1875, -67.7181, -27.9990,  0, 0, 0
L -156.1875, -114.2187, -27.9990,  -142.1875, -114.2187, -27.9990,  0, 0, 0
L -156.1874, -100.2187, -27.9990,  -156.1875, -114.2187, -27.9990,  0, 0, 0
L -156.1874, -100.2187, -27.9990,  -184.1875, -100.2188, -27.9990,  0, 0, 0
L -169.1437, -109.7186, -27.9990,  -212.1562, -109.7196, -27.9990,  0, 0, 0
L -165.6841, -109.7734, -27.9990,  -169.1437, -109.7186, -27.9990,  0, 0, 0
L -165.6875, -123.6875, -27.9990,  -165.6841, -109.7734, -27.9990,  0, 0, 0
L -155.2722, -123.6870, -27.9990,  -165.6206, -123.6875, -27.9990,  0, 0, 0
L -151.6876, -123.6699, -27.9990,  -155.2722, -123.6870, -27.9990,  0, 0, 0
L -142.1875, -198.1562, -27.9990,  -142.1875, -114.2187, -27.9990,  0, 0, 0
L -137.6870, -268.4293, -27.9990,  -137.6881, -296.1253, -27.9990,  0, 0, 0
L -151.6872, -184.1572, -27.5131,  -151.6876, -123.6699, -27.9990,  0, 0, 0
L -193.6815, -184.1951, -27.9990,  -151.6872, -184.1572, -27.9990,  0, 0, 0
L -198.1556, -184.1868, -27.9990,  -185.6338, -184.1879, -27.9990,  0, 0, 0
L -175.3034, -193.6558, -27.9990,  -198.1557, -193.6526, -27.9990,  0, 0, 0
L -155.3278, -193.6558, -27.9990,  -175.3034, -193.6558, -27.9990,  0, 0, 0
L -151.6837, -193.6860, -27.9990,  -155.3278, -193.6558, -27.9990,  0, 0, 0
L -151.6875, -207.6563, -27.9990,  -151.6837, -193.6860, -27.9990,  0, 0, 0
L -141.4895, -207.6558, -27.9990,  -151.6875, -207.6563, -27.9990,  0, 0, 0
L -137.6875, -207.6458, -27.9990,  -141.4895, -207.6558, -27.9990,  0, 0, 0
L -137.6869, -267.5315, -27.3735,  -137.6875, -207.6458, -27.9990,  0, 0, 0
L -137.6870, -268.4293, -27.6915,  -137.6869, -267.5315, -27.3735,  0, 0, 0
L -128.1875, -269.6701, -27.9990,  -137.6872, -269.2264, -27.6915,  127, 127, 127
L -128.1875, -276.1709, -27.9990,  -128.1875, -198.1562, -27.9990,  0, 0, 0
L -194.8112, -309.9529, -28.7603,  -182.7323, -322.9547, -29.9990,  0, 0, 0
L -181.9855, -347.6250, -26.2610,  -182.7323, -322.9547, -27.0313,  0, 0, 0
L -205.6324, -347.6245, -29.9990,  -181.9855, -347.6250, -29.9990,  0, 0, 0
L -207.4215, -347.6248, -29.9990,  -205.6324, -347.6245, -29.9990,  0, 0, 0
L -207.6557, -311.8779, -29.9990,  -207.4215, -347.6248, -29.9990,  0, 0, 0
L -207.6563, -310.1250, -29.9990,  -207.6557, -311.8779, -29.9990,  0, 0, 0
L -218.3941, -283.6483, 0.0010,  -212.1562, -284.1110, 0.0010,  127, 127, 127
L -220.0456, -283.7383, 0.0010,  -218.3941, -283.6483, 0.0010,  127, 127, 127
L -221.6562, -284.1418, 0.0010,  -220.0456, -283.7383, 0.0010,  127, 127, 127
L -221.6563, -361.5937, -13.9990,  -221.6559, -359.6564, -13.9990,  0, 0, 0
L -172.3479, -361.5933, -20.9990,  -221.6563, -361.5937, -13.9990,  0, 0, 0
L -170.1870, -361.5935, -20.9990,  -173.2272, -361.5932, -20.9990,  0, 0, 0
L -156.9679, -307.7224, -27.9990,  -170.1881, -321.0370, -27.9990,  0, 0, 0
L -155.8126, -306.5677, -27.9990,  -156.9679, -307.7224, -27.9990,  0, 0, 0
L -154.3939, -305.6468, -27.9990,  -155.8126, -306.5677, -27.9990,  0, 0, 0
L -130.1496, -305.6245, -27.9990,  -154.3939, -305.6468, -27.9990,  0, 0, 0
L -128.3813, -305.6248, -27.9990,  -130.1496, -305.6245, -27.9990,  0, 0, 0
L -128.1879, -277.7889, -27.9990,  -128.3813, -305.6248, -27.9990,  0, 0, 0
L -128.1875, -276.1709, -27.9990,  -128.1879, -277.7889, -27.9990,  0, 0, 0
L -191.7614, -296.1255, -27.9990,  -137.6881, -296.1253, -27.9990,  0, 0, 0
L -193.3804, -296.1252, -27.9990,  -191.7614, -296.1255, -27.9990,  0, 0, 0
L -193.6557, -306.8690, -27.9990,  -193.3804, -296.1252, -27.9990,  0, 0, 0
L -193.7126, -308.5014, -27.9990,  -193.6557, -306.8690, -27.9990,  0, 0, 0
L -195.0226, -309.9556, -28.5284,  -193.7126, -308.5014, -27.9990,  0, 0, 0
L -212.1562, -310.1780, -1.2229,  -194.8112, -309.9529, -28.5284,  0, 0, 0
L -100.2298, -309.6401, 0.0010,  -109.7188, -309.6389, 0.0010,  0, 0, 0
L 12.6173, -198.8785, -25.9107,  13.1587, -200.5052, -21.8605,  0, 0, 0
L -0.4877, -198.1241, -40.8503,  1.0756, -198.1568, -40.9106,  0, 0, 240
L -28.7585, -187.7875, -37.3602,  -0.4877, -198.1241, -40.8503,  0, 0, 240
L -30.3655, -187.1995, -37.1220,  -28.7585, -187.7875, -37.3602,  0, 0, 240
L -60.9446, -188.0996, -36.6861,  -30.3655, -187.1995, -37.1220,  0, 0, 240
L -62.8902, -188.1567, -36.6613,  -60.9446, -188.0996, -36.6861,  0, 0, 240
L -80.3061, -209.0287, -38.9491,  -62.8902, -188.1567, -36.6613,  0, 0, 240
L -81.5455, -210.5144, -39.1096,  -80.3061, -209.0287, -38.9491,  0, 0, 240
L -83.1652, -212.2668, -39.3280,  -81.5455, -210.5144, -39.1096,  0, 0, 240
L -20.7776, -247.2958, -44.9677,  -15.4060, -258.0627, -44.9677,  0, 0, 0
L -25.1712, -238.5258, -41.8262,  -20.7776, -247.2958, -44.9677,  0, 0, 0
L -26.0455, -236.7549, -41.0578,  -25.1712, -238.5258, -41.8262,  0, 0, 240
L -40.2202, -218.4893, -38.3560,  -26.0455, -236.7549, -41.0578,  0, 0, 240
L -39.0249, -220.0272, -38.5867,  -40.9941, -217.4937, -38.3560,  0, 0, 240
L -67.1187, -221.2260, -40.6813,  -40.9941, -217.4937, -38.5016,  0, 0, 240
L -69.0481, -221.5018, -40.5032,  -67.1187, -221.2260, -40.6813,  0, 0, 240
L -70.9550, -221.8779, -40.1403,  -69.0481, -221.5018, -40.5032,  0, 0, 240
L -74.3241, -225.0796, -37.2436,  -70.9550, -221.8779, -40.1403,  0, 0, 240
L -99.8505, -250.6723, -23.6575,  -99.5939, -250.3502, -23.8838,  0, 0, 0
L -110.4985, -249.9408, -24.1714,  -99.8505, -250.6723, -23.6575,  0, 0, 240
L -100.2192, -295.2495, 0.0010,  -100.2192, -322.8669, 0.0010,  0, 0, 0
L -100.1657, -293.2669, -0.2230,  -100.2192, -295.2495, 0.0010,  0, 0, 0
L -87.6265, -268.1862, -13.7465,  -100.1657, -293.2669, -0.2230,  0, 0, 0
L -86.7602, -266.4560, -14.6124,  -87.6265, -268.1862, -13.7465,  0, 0, 0
L -92.0413, -261.0163, -17.3333,  -86.7602, -266.4560, -14.6124,  0, 0, 0
L -100.3533, -252.7039, -17.9625,  -92.0413, -261.0163, -17.3333,  0, 0, 0
L -99.8909, -250.6861, -23.6478,  -100.3533, -252.7039, -21.6920,  0, 0, 0
L -80.2167, -230.9719, -25.7185,  -99.8909, -250.6861, -23.6478,  0, 0, 240
L -73.1922, -223.9469, -20.9744,  -80.2167, -230.9719, -25.7185,  0, 0, 240
L -83.5376, -213.5199, -25.7117,  -73.1922, -223.9469, -20.9744,  0, 240, 240
L -84.7973, -212.2598, -25.5747,  -83.5376, -213.5199, -25.7117,  0, 240, 240
L -108.6683, -212.1564, -28.9498,  -83.1652, -212.2668, -25.5747,  0, 0, 240
L -110.6374, -212.1563, -28.5767,  -108.6683, -212.1564, -28.9498,  0, 0, 240
L -116.2144, -221.9142, -27.7956,  -110.6374, -212.1563, -28.5767,  0, 0, 240
L -117.1908, -223.6296, -27.6088,  -116.2144, -221.9142, -27.7956,  0, 0, 240
L -117.6872, -232.8147, -27.0557,  -117.1908, -223.6296, -27.6088,  0, 0, 240
L -117.6872, -234.6732, -26.9286,  -117.6872, -232.8147, -27.0557,  0, 0, 240
L -116.5831, -236.2891, -26.8050,  -117.6872, -234.6732, -26.9286,  0, 0, 240
L -115.6074, -237.6817, -26.6767,  -116.5831, -236.2891, -26.8050,  0, 0, 240
L -110.2603, -250.1320, -22.3972,  -115.6074, -237.6817, -26.6767,  0, 0, 240
L -109.7219, -251.3878, -21.6913,  -110.2603, -250.1320, -22.3972,  0, 0, 0
L -109.9182, -252.8772, -21.2616,  -109.7219, -251.3878, -21.6913,  0, 0, 0
L -117.2696, -264.3526, -15.4411,  -109.9182, -252.8772, -21.2616,  0, 0, 0
L -118.2666, -265.9085, -14.7999,  -117.2696, -264.3526, -15.4411,  0, 0, 0
L -118.6874, -277.2172, -9.1745,  -118.2666, -265.9085, -14.7999,  0, 0, 0
L -118.6875, -279.2155, -7.9009,  -118.6874, -277.2172, -9.1745,  0, 0, 0
L -111.9766, -289.6904, -2.2577,  -118.6875, -279.2155, -7.9009,  0, 0, 0
L -111.0338, -291.1622, -0.9003,  -111.9766, -289.6904, -2.2577,  0, 0, 0
L -110.0978, -292.5475, -0.1884,  -111.0338, -291.1622, -0.9003,  0, 0, 0
L -109.4377, -322.1913, 0.0010,  -110.0978, -292.5475, -0.1884,  0, 0, 0
L -87.5226, -350.2417, 0.0010,  -98.5127, -361.2080, 0.0010,  0, 0, 0
L -91.6856, -331.3409, 0.0010,  -80.3080, -343.0396, 0.0010,  0, 0, 0
L -98.5196, -324.5070, 0.0010,  -91.6856, -331.3409, 0.0010,  0, 0, 0
L -100.2192, -322.8669, 0.0010,  -98.5196, -324.5070, 0.0010,  0, 0, 0
L -116.2000, -329.3017, 0.0010,  -109.4377, -322.1913, 0.0010,  0, 0, 0
L -123.0691, -336.1863, 0.0010,  -116.2000, -329.3017, 0.0010,  0, 0, 0
L -129.7079, -342.9229, 0.0010,  -123.0691, -336.1863, 0.0010,  0, 0, 0
L -104.9679, -367.6617, 0.0010,  -129.7079, -342.9229, 0.0010,  0, 0, 0
L -80.3080, -343.0396, 0.0010,  -104.9679, -367.6617, 0.0010,  0, 0, 0
L -100.2936, 30.2497, 0.0010,  -99.6577, 2.2504, 0.0010,  0, 0, 0
L -68.8396, -2.2500, 0.0010,  -59.8668, -2.2500, 0.0010,  0, 0, 0
L -94.5909, 30.2505, 0.0010,  -82.1679, 30.2044, 0.0010,  0, 0, 0
L -100.2936, 30.2497, 0.0010,  -94.5909, 30.2505, 0.0010,  0, 0, 0
L -263.5595, -50.0919, 0.0010,  -263.5595, -50.0919, 0.0010,  0, 0, 0
L -254.1568, -50.1272, 0.0010,  -254.1561, -72.2200, 0.0010,  0, 0, 0
L -242.2096, -29.1206, -0.9990,  -250.8333, -37.7188, -0.9990,  0, 0, 0
L -241.0401, -27.9511, -0.9990,  -242.2096, -29.1206, -0.9990,  0, 0, 0
L -240.2863, -26.5873, -0.9990,  -241.0401, -27.9511, -0.9990,  0, 0, 0
L -238.8874, -25.6253, -0.0757,  -240.2863, -26.5873, -0.9990,  0, 0, 0
L -237.2007, -25.7914, 0.0010,  -238.8874, -25.6253, -0.0757,  0, 0, 0
L -236.0226, -26.7356, 0.0010,  -237.2007, -25.7914, 0.0010,  0, 0, 0
L -223.4212, -51.9105, 0.0010,  -236.0226, -26.7356, 0.0010,  0, 0, 0
L -222.5697, -53.6119, 0.0010,  -223.4212, -51.9105, 0.0010,  0, 0, 0
L -205.4557, -53.7183, 0.0010,  -222.5697, -53.6119, 0.0010,  0, 0, 0
L -195.8069, -53.7184, 1.6932,  -205.4557, -53.7183, 0.0010,  0, 0, 0
L -194.0177, -53.6767, 4.7107,  -195.8069, -53.7184, 1.6932,  0, 0, 0
L -187.1612, -46.6498, 3.1663,  -194.0177, -53.6767, 4.7107,  0, 0, 0
L -180.5754, -39.8900, 0.0010,  -187.1612, -46.6498, 3.1663,  0, 0, 0
L -179.2776, -38.5282, 0.0010,  -180.5754, -39.8900, 0.0010,  0, 0, 0
L -173.0611, -31.2314, 2.4627,  -179.2776, -38.5282, 0.0010,  0, 0, 0
L -166.8099, -23.8062, 0.0010,  -173.0611, -31.2314, 2.4627,  0, 0, 0
L -164.7161, -21.3572, 0.0010,  -166.8099, -23.8062, 0.0010,  0, 0, 0
L -163.7798, -20.3195, 0.0691,  -164.7161, -21.3572, 0.0010,  0, 0, 0
L -156.0645, -13.0326, 2.6227,  -163.7798, -20.3195, 0.0691,  0, 0, 0
L -154.8892, -11.9312, 0.0010,  -156.0645, -13.0326, 2.6227,  0, 0, 0
L -148.6088, -11.7498, -0.1116,  -154.8892, -11.9312, 0.0010,  0, 0, 0
L -146.6902, -11.7498, -0.2751,  -148.6088, -11.7498, -0.1116,  0, 0, 0
L -145.4476, -10.2090, 0.4919,  -146.6902, -11.7498, -0.2751,  0, 0, 0
L -144.6205, -8.5170, -0.3434,  -145.4476, -10.2090, 0.4919,  0, 0, 0
L -142.7802, -7.8331, -0.4245,  -144.6205, -8.5170, -0.3434,  0, 0, 0
L -139.8229, -7.7499, -0.5374,  -142.7802, -7.8331, -0.4245,  0, 0, 0
L -137.8391, -7.7219, -0.6132,  -139.8229, -7.7499, -0.5374,  0, 0, 0
L -136.3943, -8.3304, -0.6684,  -137.8391, -7.7219, -0.6132,  0, 0, 0
L -135.4478, -9.9480, -0.7056,  -136.3943, -8.3304, -0.6684,  0, 0, 0
L -134.5995, -11.6445, -0.7401,  -135.4478, -9.9480, -0.7056,  0, 0, 0
L -130.5078, -11.7496, -0.9063,  -134.5995, -11.6445, -0.7401,  0, 0, 0
L -128.6051, -11.7497, -0.9836,  -130.5078, -11.7496, -0.9063,  0, 0, 0
L -128.1880, -1.3016, -1.0005,  -128.6051, -11.7497, -0.9836,  0, 0, 0
L -128.1289, 0.5504, -1.0030,  -128.1880, -1.3016, -1.0005,  0, 0, 0
L -126.8778, 2.0483, -0.4783,  -128.1289, 0.5504, -1.0030,  0, 0, 0
L -122.1941, 2.2497, 0.0010,  -126.8778, 2.0483, -0.4783,  0, 0, 0
L -103.5183, 2.2505, 0.0010,  -122.1941, 2.2497, 0.0010,  0, 0, 0
L -99.6577, 2.2504, 0.0010,  -103.5183, 2.2505, 0.0010,  0, 0, 0
L -109.7182, 29.6548, 0.0010,  -109.7188, 39.7188, 0.0010,  0, 0, 0
L -109.6920, 27.8046, 0.0010,  -109.7182, 29.6548, 0.0010,  0, 0, 0
L -110.4569, 26.3137, 0.0010,  -109.6920, 27.8046, 0.0010,  0, 0, 0
L -112.1942, 25.7498, 0.0010,  -110.4569, 26.3137, 0.0010,  0, 0, 0
L -114.1855, 25.7499, 0.0010,  -112.1942, 25.7498, 0.0010,  0, 0, 0
L -115.1040, 24.0409, 0.0010,  -114.1855, 25.7499, 0.0010,  0, 0, 0
L -115.9283, 22.3521, 0.0010,  -115.1040, 24.0409, 0.0010,  0, 0, 0
L -117.6941, 21.7497, 0.0010,  -115.9283, 22.3521, 0.0010,  0, 0, 0
L -119.6871, 21.7106, 0.0010,  -117.6941, 21.7497, 0.0010,  0, 0, 0
L -121.1708, 22.1181, 0.0010,  -119.6871, 21.7106, 0.0010,  0, 0, 0
L -122.1618, 23.6612, 0.0010,  -121.1708, 22.1181, 0.0010,  0, 0, 0
L -122.1876, 25.6501, 0.0010,  -122.1618, 23.6612, 0.0010,  0, 0, 0
L -125.1630, 25.7496, 0.0010,  -122.1876, 25.6501, 0.0010,  0, 0, 0
L -126.5220, 25.7716, -0.2035,  -125.1630, 25.7496, 0.0010,  0, 0, 0
L -127.7161, 26.6175, -1.0171,  -126.5220, 25.7716, -0.2035,  0, 0, 0
L -128.1879, 36.9848, -1.0006,  -127.7161, 26.6175, -1.0171,  0, 0, 0
L -128.1879, 38.7929, -1.0006,  -128.1879, 36.9848, -1.0006,  0, 0, 0
L -129.8120, 39.7183, -0.9152,  -128.1879, 38.7929, -1.0006,  0, 0, 0
L -131.7631, 39.7187, -0.4701,  -129.8120, 39.7183, -0.9152,  0, 0, 0
L -134.7240, 37.5679, 0.3140,  -131.7631, 39.7187, -0.4701,  0, 0, 0
L -136.0527, 36.5834, -0.1928,  -134.7240, 37.5679, 0.3140,  0, 0, 0
L -137.3780, 35.8196, -0.6306,  -136.0527, 36.5834, -0.1928,  0, 0, 0
L -139.5019, 35.7497, -0.5365,  -137.3780, 35.8196, -0.6306,  0, 0, 0
L -141.1868, 35.7495, -0.4655,  -139.5019, 35.7497, -0.5365,  0, 0, 0
L -142.9200, 35.9694, -0.4132,  -141.1868, 35.7495, -0.4655,  0, 0, 0
L -144.1969, 37.4835, -0.3682,  -142.9200, 35.9694, -0.4132,  0, 0, 0
L -145.0418, 39.1601, -0.3355,  -144.1969, 37.4835, -0.3682,  0, 0, 0
L -146.8617, 39.7181, -0.2452,  -145.0418, 39.1601, -0.3355,  0, 0, 0
L -148.7494, 39.7183, -0.1734,  -146.8617, 39.7181, -0.2452,  0, 0, 0
L -151.1486, 39.3108, -0.0846,  -148.7494, 39.7183, -0.1734,  0, 0, 0
L -153.0749, 38.9030, -0.0229,  -151.1486, 39.3108, -0.0846,  0, 0, 0
L -154.8064, 39.8088, 0.2087,  -153.0749, 38.9030, -0.0229,  0, 0, 0
L -155.8034, 40.7113, 0.5673,  -154.8064, 39.8088, 0.2087,  0, 0, 0
L -156.1878, 48.2621, 0.3710,  -155.8034, 40.7113, 0.5673,  0, 0, 0
L -156.4950, 50.2003, 0.6822,  -156.1878, 48.2621, 0.3710,  0, 0, 0
L -158.0019, 51.1074, 0.6294,  -156.4950, 50.2003, 0.6822,  0, 0, 0
L -159.6694, 51.9613, 0.0010,  -158.0019, 51.1074, 0.6294,  0, 0, 0
L -161.3259, 52.5493, 0.0010,  -159.6694, 51.9613, 0.0010,  0, 0, 0
L -180.6915, 56.0875, 3.6666,  -161.3259, 52.5493, 0.0010,  0, 0, 0
L -182.6114, 56.4206, 2.4661,  -180.6915, 56.0875, 3.6666,  0, 0, 0
L -184.0432, 57.7528, 1.9260,  -182.6114, 56.4206, 2.4661,  0, 0, 0
L -184.8419, 59.2211, 1.7518,  -184.0432, 57.7528, 1.9260,  0, 0, 0
L -195.0052, 80.0167, 1.2898,  -184.8419, 59.2211, 1.7518,  0, 0, 0
L -195.8360, 81.7187, 1.1443,  -195.0052, 80.0167, 1.2898,  0, 0, 0
L -206.9679, 81.7184, 0.0010,  -195.8360, 81.7187, 1.1443,  0, 0, 0
L -208.8900, 81.7187, 0.0010,  -206.9679, 81.7184, 0.0010,  0, 0, 0
L -228.3121, 62.3801, 0.0010,  -208.8900, 81.7187, 0.0010,  0, 0, 0
L -235.2141, 55.4781, 0.0010,  -228.3121, 62.3801, 0.0010,  0, 0, 0
L -236.4773, 54.1797, 0.0010,  -235.2141, 55.4781, 0.0010,  0, 0, 0
L -238.1523, 53.7297, -0.0319,  -236.4773, 54.1797, 0.0010,  0, 0, 0
L -281.1386, 80.4221, 0.0010,  -238.1523, 53.7297, -0.0319,  0, 0, 0
L -403.8928, -43.0982, 0.6416,  -404.0157, -43.2806, 0.6369,  0, 0, 0
L -391.5090, -18.3628, 1.0334,  -405.2268, -45.7627, 0.6416,  0, 0, 0
L -390.8383, -17.0202, 1.0477,  -391.5090, -18.3628, 1.0334,  0, 0, 0
L -375.2998, -24.7883, 0.9263,  -390.8383, -17.0202, 1.0477,  0, 0, 0
L -366.5149, -29.1807, 0.8576,  -375.2998, -24.7883, 0.9263,  0, 0, 0
L -364.8630, -30.0774, 0.8436,  -366.5149, -29.1807, 0.8576,  0, 0, 0
L -363.3120, -30.2077, 0.8416,  -364.8630, -30.0774, 0.8436,  0, 0, 0
L -353.8213, -25.5000, -0.2997,  -363.3120, -30.2077, 0.8416,  0, 0, 0
L -336.0040, -16.5813, -0.1604,  -353.8213, -25.5000, -0.2997,  0, 0, 0
L -334.6317, -15.9093, -0.1499,  -336.0040, -16.5813, -0.1604,  0, 0, 0
L -333.6709, -14.4552, 0.0010,  -334.6317, -15.9093, -0.1499,  0, 0, 0
L -320.6946, 50.3967, 0.0010,  -333.6709, -14.4552, 0.0010,  0, 0, 0
L -320.1994, 52.8719, 0.0010,  -320.6946, 50.3967, 0.0010,  0, 0, 0
L -319.8520, 54.6114, 0.0010,  -320.1994, 52.8719, 0.0010,  0, 0, 0
L -281.1386, 80.4221, 0.0010,  -319.8520, 54.6114, 0.0010,  0, 0, 0
L -27.3813, -2.2122, 0.0010,  -25.8145, -1.4474, 0.0010,  0, 0, 0
L -38.6300, -2.2504, 0.0010,  -27.3813, -2.2122, 0.0010,  0, 0, 0
L -68.2784, -2.2504, 0.0010,  -38.6300, -2.2504, 0.0010,  0, 0, 0
L -70.1899, -2.2606, 0.0010,  -68.2784, -2.2504, 0.0010,  0, 0, 0
L -71.7885, -1.3416, 0.0010,  -70.1899, -2.2606, 0.0010,  0, 0, 0
L -72.2189, 37.7426, 0.0010,  -71.7885, -1.3416, 0.0010,  0, 0, 0
L -72.2188, 39.6819, 0.0010,  -72.2189, 37.7426, 0.0010,  0, 0, 0
L -109.7188, 39.7188, 0.0010,  -72.2188, 39.6819, 0.0010,  0, 0, 0
L -81.7187, -9.8173, 0.0010,  -82.1679, 30.2044, 0.0010,  0, 0, 0
L -81.7187, -11.7361, 0.0010,  -81.7187, -9.8173, 0.0010,  0, 0, 0
L -39.2551, -11.7496, 0.0010,  -81.7187, -11.7361, 0.0010,  0, 0, 0
L -29.5899, -11.7496, 0.0010,  -39.2551, -11.7496, 0.0010,  0, 0, 0
L -27.9583, -11.7266, 0.0010,  -29.5899, -11.7496, 0.0010,  0, 0, 0
L -26.2054, -12.6428, 0.0010,  -27.9583, -11.7266, 0.0010,  0, 0, 0
L -25.7498, -23.9109, 0.0010,  -26.2054, -12.6428, 0.0010,  0, 0, 0
L -25.7500, -25.7500, 0.0010,  -25.7498, -23.9109, 0.0010,  0, 0, 0
L 23.3860, -25.7498, 0.0010,  -25.7500, -25.7500, 0.0010,  0, 0, 0
L 25.2883, -25.7499, 0.0010,  23.3860, -25.7498, 0.0010,  0, 0, 0
L 25.7496, -15.2417, 0.0010,  25.2883, -25.7499, 0.0010,  0, 0, 0
L 25.8696, -13.2503, 0.0010,  25.7496, -15.2417, 0.0010,  0, 0, 0
L 27.1403, -11.9207, 0.0010,  25.8696, -13.2503, 0.0010,  0, 0, 0
L 44.8097, -11.7497, 0.0010,  27.1403, -11.9207, 0.0010,  0, 0, 0
L 54.5947, -11.7497, 0.0010,  44.8097, -11.7497, 0.0010,  0, 0, 0
L 56.3653, -11.7845, 0.0010,  54.5947, -11.7497, 0.0010,  0, 0, 0
L 58.2187, -13.2114, 0.0010,  56.3653, -11.7845, 0.0010,  0, 0, 0
L 58.2189, -15.8477, 0.0010,  58.2187, -46.1433, 1.0312,  0, 0, 0
L 58.2187, -13.2114, 0.0010,  58.2189, -15.8477, 0.0010,  0, 0, 0
L 49.7966, 11.7495, 0.0010,  100.2233, 11.7861, 0.0010,  0, 0, 0
L 29.8249, 11.7499, 0.0010,  49.7966, 11.7495, 0.0010,  0, 0, 0
L 27.9410, 11.7344, 0.0010,  29.8249, 11.7499, 0.0010,  0, 0, 0
L 26.2405, 12.5974, 0.0010,  27.9410, 11.7344, 0.0010,  0, 0, 0
L 25.7497, 23.8376, 0.0010,  26.2405, 12.5974, 0.0010,  0, 0, 0
L 25.7500, 25.7500, 0.0010,  25.7497, 23.8376, 0.0010,  0, 0, 0
L -23.4821, 25.7496, 0.0010,  25.7500, 25.7500, 0.0010,  0, 0, 0
L -25.4172, 25.7498, 0.0010,  -23.4821, 25.7496, 0.0010,  0, 0, 0
L -25.8145, -1.4474, 0.0010,  -25.4172, 25.7498, 0.0010,  0, 0, 0
L -183.2728, -515.9335, 0.0010,  -182.2803, -515.5646, 0.0010,  0, 0, 0
L -0.1876, -200.2513, -23.5726,  -5.5796, -208.3578, -22.3907,  0, 0, 0
L 0.9137, -198.5954, -25.2344,  -0.1876, -200.2513, -23.5726,  0, 0, 0
L 10.3994, -198.1564, -28.4086,  0.9137, -198.5954, -25.2344,  0, 0, 240
L 12.3774, -198.1562, -26.9287,  10.3994, -198.1564, -28.4086,  0, 0, 240
L 15.7069, -208.1607, -28.9606,  12.3774, -198.1562, -26.9287,  0, 0, 240
L 22.0021, -227.0406, -28.1555,  15.7069, -208.1607, -28.9606,  0, 0, 240
L 22.6086, -228.8565, -25.4877,  22.0021, -227.0406, -28.1555,  0, 0, 240
L 8.6415, -224.1256, -24.7546,  22.6086, -228.8565, -25.4877,  0, 0, 240
L 6.9323, -223.5367, -24.4153,  8.6415, -224.1256, -24.7546,  0, 0, 240
L 4.9780, -222.1622, -22.6635,  6.9323, -223.5367, -24.4153,  0, 0, 240
L 3.5288, -225.7545, -16.0199,  4.9780, -222.1622, -22.2834,  0, 0, 240
L 2.8174, -227.5532, -16.0625,  3.5288, -225.7545, -16.0199,  0, 0, 240
L -2.7037, -242.3783, -16.8923,  2.8174, -227.5532, -16.0625,  0, 0, 240
L 6.8592, -252.8966, -44.4098,  -2.7037, -242.3783, -40.3424,  0, 0, 240
L -11.1908, -261.9858, -44.9677,  6.8592, -252.8966, -44.4098,  0, 0, 240
L -12.9472, -262.8642, -44.9677,  -11.1908, -261.9858, -44.9677,  0, 0, 240
L -16.4739, -255.9268, -44.9677,  -12.9472, -262.8642, -44.9677,  0, 0, 240
L -25.4023, -238.0660, -23.8776,  -16.4739, -255.9268, -44.9677,  0, 0, 240
L -40.9242, -290.9342, -14.9990,  -41.7573, -289.2661, -14.9990,  0, 0, 0
L -40.0589, -292.6572, -14.9990,  -40.9242, -290.9342, -14.9990,  0, 0, 0
L -39.8320, -293.1503, -14.9990,  -39.7661, -293.4156, -14.9990,  0, 0, 0
L -52.5050, -267.7989, -14.9990,  -39.7189, -293.3766, -14.9990,  0, 0, 0
L -53.3101, -266.1904, -14.9990,  -52.5050, -267.7989, -14.9990,  0, 0, 0
L -53.7184, -255.3192, -14.9990,  -53.3101, -266.1904, -14.9990,  0, 0, 0
L -53.7187, -253.4003, -14.9990,  -53.7184, -255.3192, -14.9990,  0, 0, 0
L -29.5716, -241.2095, -14.9990,  -53.7187, -253.4003, -14.9990,  0, 0, 0
L -27.8976, -240.3715, -14.9990,  -29.5716, -241.2095, -14.9990,  0, 0, 0
L -26.4002, -239.5132, -15.3269,  -27.8976, -240.3715, -14.9990,  0, 0, 0
L -20.7633, -231.1082, -19.7445,  -26.4002, -239.5132, -15.3269,  0, 240, 240
L -4.1707, -206.2405, -21.1002,  -20.7633, -231.1082, -19.7445,  0, 240, 240
L 1.1376, -198.2598, -16.1160,  -4.1707, -206.2405, -21.1002,  0, 240, 240
L 2.0110, -196.9841, -15.1338,  1.1376, -198.2598, -16.1160,  0, 0, 0
L 2.3466, -195.2459, -14.9990,  2.0110, -196.9841, -15.1338,  0, 0, 0
L 3.6365, -193.8573, -14.9990,  2.3466, -195.2459, -14.9990,  0, 0, 0
L 4.8447, -192.5307, -14.9990,  3.6365, -193.8573, -14.9990,  0, 0, 0
L 5.7176, -190.7525, -14.9990,  4.8447, -192.5307, -14.9990,  0, 0, 0
L 6.1903, -186.4394, -14.9990,  5.7176, -190.7525, -14.9990,  0, 0, 0
L 6.1730, -184.8430, -14.9990,  6.1903, -186.4394, -14.9990,  0, 0, 0
L 4.9263, -183.2915, -14.9990,  6.1730, -184.8430, -14.9990,  0, 0, 0
L 1.9754, -181.0710, -14.9990,  4.9263, -183.2915, -14.9990,  0, 0, 0
L 0.5852, -179.9681, -14.9990,  1.9754, -181.0710, -14.9990,  0, 0, 0
L -0.7092, -178.8378, -14.9990,  0.5852, -179.9681, -14.9990,  0, 0, 0
L -2.4630, -177.9149, -14.9990,  -0.7092, -178.8378, -14.9990,  0, 0, 0
L -4.3260, -178.3407, -14.9971,  -2.4630, -177.9149, -14.9990,  0, 0, 0
L -8.4504, -180.0594, -14.9990,  -4.3260, -178.3407, -14.9971,  0, 0, 0
L -10.3118, -180.7493, -14.9990,  -8.4504, -180.0594, -14.9990,  0, 0, 0
L -12.0908, -180.5353, -14.9990,  -10.3118, -180.7493, -14.9990,  0, 0, 0
L -13.6187, -179.7090, -15.9990,  -12.0908, -180.5353, -14.9990,  0, 0, 0
L -58.6344, -179.6872, -15.9990,  -13.6187, -179.7090, -15.9990,  0, 0, 0
L -68.3957, -179.6872, -15.9990,  -58.6344, -179.6872, -15.9990,  0, 0, 0
L -70.3770, -179.7177, -16.0926,  -68.3957, -179.6872, -15.9990,  0, 0, 0
L -96.9106, -192.8636, -16.9990,  -70.3770, -179.7177, -16.0926,  0, 0, 0
L -98.4984, -193.6560, -16.9990,  -96.9106, -192.8636, -16.9990,  0, 0, 0
L -108.3848, -193.6561, -16.9990,  -98.4984, -193.6560, -16.9990,  0, 0, 0
L -110.2111, -193.6563, -16.9990,  -108.3848, -193.6561, -16.9990,  0, 0, 0
L -115.7006, -171.6609, -16.9990,  -110.2111, -193.6563, -16.9990,  0, 0, 0
L -122.8926, -142.8442, -16.9990,  -115.7006, -171.6609, -16.9990,  0, 0, 0
L -123.3178, -141.1423, -16.9990,  -122.8926, -142.8442, -16.9990,  0, 0, 0
L -107.7208, -133.3355, -16.9990,  -123.3178, -141.1423, -16.9990,  0, 0, 0
L -98.9881, -128.9717, -16.9990,  -107.7208, -133.3355, -16.9990,  0, 0, 0
L -97.2699, -128.1283, -16.9990,  -98.9881, -128.9717, -16.9990,  0, 0, 0
L -95.9830, -127.0184, -16.9990,  -97.2699, -128.1283, -16.9990,  0, 0, 0
L -95.8379, -125.2139, -17.1311,  -95.9830, -127.0184, -16.9990,  0, 0, 0
L -108.3585, -100.1542, -22.4227,  -95.8379, -125.2139, -17.1311,  0, 0, 0
L -109.2322, -98.4089, -22.7910,  -108.3585, -100.1542, -22.4227,  0, 0, 0
L -109.7185, -88.3067, -24.9109,  -109.2322, -98.4089, -22.7910,  0, 0, 0
L -109.7186, -86.5232, -25.2851,  -109.7185, -88.3067, -24.9109,  0, 0, 0
L -108.7375, -84.8690, -25.6326,  -109.7186, -86.5232, -25.2851,  0, 0, 0
L -107.0170, -84.0086, -25.8141,  -108.7375, -84.8690, -25.6326,  0, 0, 0
L -105.1525, -83.2953, -25.9210,  -107.0170, -84.0086, -25.8141,  0, 0, 0
L -103.7152, -84.3192, -25.7027,  -105.1525, -83.2953, -25.9210,  0, 0, 0
L -102.0880, -85.3153, -25.3191,  -103.7152, -84.3192, -25.7027,  0, 0, 0
L -93.7922, -86.5769, -25.2768,  -102.0880, -85.3153, -25.3191,  0, 0, 0
L -89.6091, -86.0526, -25.3865,  -93.7922, -86.5769, -25.2768,  0, 0, 0
L -87.8650, -85.7489, -25.4500,  -89.6091, -86.0526, -25.3865,  0, 0, 0
L -86.9706, -83.9638, -24.4334,  -87.8650, -85.7489, -25.4500,  0, 0, 0
L -86.3637, -82.1695, -24.5865,  -86.9706, -83.9638, -24.4334,  0, 0, 0
L -85.9798, -79.8488, -26.6955,  -86.3637, -82.1695, -24.5865,  0, 0, 0
L -85.8886, -78.0155, -27.0843,  -85.9798, -79.8488, -26.6955,  0, 0, 0
L -86.6425, -76.6324, -27.3776,  -85.8886, -78.0155, -27.0843,  0, 0, 0
L -87.2330, -74.7365, -27.7796,  -86.6425, -76.6324, -27.3776,  0, 0, 0
L -85.7367, -73.4284, -28.0570,  -87.2330, -74.7365, -27.7796,  0, 0, 0
L -84.0584, -72.5293, -28.2477,  -85.7367, -73.4284, -28.0570,  0, 0, 0
L -70.6942, -79.1220, -26.8133,  -84.0584, -72.5293, -28.2477,  0, 0, 0
L -62.0943, -83.4221, -20.6454,  -70.6942, -79.1220, -26.8133,  0, 0, 0
L -60.6252, -84.2241, -22.1584,  -62.0943, -83.4221, -20.6454,  0, 0, 0
L -59.1109, -85.4390, -25.5148,  -60.6252, -84.2241, -22.1584,  0, 0, 0
L -60.6871, -84.4010, -25.7018,  -59.1109, -85.4390, -25.5148,  0, 0, 0
L -59.0394, -85.1668, -25.5416,  -60.6871, -84.4010, -25.7018,  0, 0, 0
L -57.3016, -85.8618, -24.2459,  -59.0394, -85.1668, -25.5416,  0, 0, 0
L -55.6333, -86.2047, -23.9990,  -57.3016, -85.8618, -24.2459,  0, 0, 0
L -30.9336, -73.9536, -23.9990,  -55.6333, -86.2047, -23.9990,  0, 0, 0
L -29.3138, -73.1425, -23.9990,  -30.9336, -73.9536, -23.9990,  0, 0, 0
L -23.0317, -91.9899, -23.9990,  -29.3138, -73.1425, -23.9990,  0, 0, 0
L -16.7434, -110.8548, -23.2851,  -23.0317, -91.9899, -23.9990,  0, 0, 0
L -16.2380, -112.3761, -23.2851,  -16.7434, -110.8548, -23.2851,  0, 0, 0
L -15.3066, -113.8199, -23.3571,  -16.2380, -112.3761, -23.2851,  0, 0, 0
L -13.3426, -114.1442, -24.2681,  -15.3066, -113.8199, -23.3571,  0, 0, 0
L -6.1674, -107.3188, -24.9990,  -13.3426, -114.1442, -24.2681,  0, 0, 0
L -4.9194, -106.0702, -24.9990,  -6.1674, -107.3188, -24.9990,  0, 0, 0
L -2.7492, -108.6841, -24.9990,  -4.9194, -106.0702, -24.9990,  0, 0, 0
L -1.5149, -110.1328, -24.9990,  -2.7492, -108.6841, -24.9990,  0, 0, 0
L -0.2268, -111.4425, -24.9990,  -1.5149, -110.1328, -24.9990,  0, 0, 0
L 7.1810, -116.7020, -24.9990,  -0.2268, -111.4425, -24.9990,  0, 0, 0
L 8.6366, -117.6569, -24.9990,  7.1810, -116.7020, -24.9990,  0, 0, 0
L 0.1726, -134.5654, -24.9990,  8.6366, -117.6569, -24.9990,  0, 0, 0
L -0.6153, -136.1402, -24.9990,  0.1726, -134.5654, -24.9990,  0, 0, 0
L -10.4782, -126.2768, -24.9990,  -0.6153, -136.1402, -24.9990,  0, 0, 0
L -11.7741, -124.9806, -24.7134,  -10.4782, -126.2768, -24.9990,  0, 0, 0
L -13.1610, -123.8303, -23.4302,  -11.7741, -124.9806, -24.7134,  0, 0, 0
L -15.1267, -123.9779, -23.2851,  -13.1610, -123.8303, -23.4302,  0, 0, 0
L -27.4542, -136.2092, -23.9990,  -15.1267, -123.9779, -23.2851,  0, 0, 0
L -28.8364, -137.5917, -23.9990,  -27.4542, -136.2092, -23.9990,  0, 0, 0
L -38.8070, -137.6873, -23.9990,  -28.8364, -137.5917, -23.9990,  0, 0, 0
L -40.5786, -137.6875, -23.9990,  -38.8070, -137.6873, -23.9990,  0, 0, 0
L -52.7174, -113.4367, -23.9990,  -40.5786, -137.6875, -23.9990,  0, 0, 0
L -53.5159, -111.8415, -23.9990,  -52.7174, -113.4367, -23.9990,  0, 0, 0
L -54.5690, -110.1941, -20.9384,  -53.5159, -111.8415, -23.9990,  0, 0, 0
L -56.3938, -109.7592, -20.3827,  -54.5690, -110.1941, -20.9384,  0, 0, 0
L -75.3288, -119.1123, -18.3770,  -56.3938, -109.7592, -20.3827,  0, 0, 0
L -83.9513, -123.4139, -17.4724,  -75.3288, -119.1123, -18.3770,  0, 0, 0
L -85.5160, -124.2785, -17.2804,  -83.9513, -123.4139, -17.4724,  0, 0, 0
L -86.1895, -126.3299, -16.9990,  -85.5160, -124.2785, -17.2804,  0, 0, 0
L -84.2307, -132.2804, -16.9990,  -86.1895, -126.3299, -16.9990,  0, 0, 0
L -74.7563, -160.6999, -16.9990,  -84.2307, -132.2804, -16.9990,  0, 0, 0
L -74.1886, -162.4012, -16.9990,  -74.7563, -160.6999, -16.9990,  0, 0, 0
L -73.6425, -164.1330, -16.9990,  -74.1886, -162.4012, -16.9990,  0, 0, 0
L -73.0487, -165.9174, -16.9990,  -73.6425, -164.1330, -16.9990,  0, 0, 0
L -72.4719, -167.5942, -16.9990,  -73.0487, -165.9174, -16.9990,  0, 0, 0
L -71.8350, -169.2022, -16.9990,  -72.4719, -167.5942, -16.9990,  0, 0, 0
L -70.1006, -170.1895, -15.9990,  -71.8350, -169.2022, -16.9990,  0, 0, 0
L 23.7913, -150.6966, -14.9990,  -70.1006, -170.1895, -15.9990,  0, 0, 0
L 25.5893, -150.3219, -14.9990,  23.7913, -150.6966, -14.9990,  0, 0, 0
L 27.2808, -149.8142, -14.9990,  25.5893, -150.3219, -14.9990,  0, 0, 0
L 27.7660, -144.4253, -13.9990,  27.2808, -149.8142, -14.9990,  0, 0, 0
L 27.4889, -142.5081, -13.9990,  27.7660, -144.4253, -13.9990,  0, 0, 0
L 27.0007, -139.1226, -13.9990,  27.4889, -142.5081, -13.9990,  0, 0, 0
L 26.7311, -137.2263, -13.9990,  27.0007, -139.1226, -13.9990,  0, 0, 0
L 26.2593, -133.9086, -13.9990,  26.7311, -137.2263, -13.9990,  0, 0, 0
L 25.9783, -131.9317, -13.9990,  26.2593, -133.9086, -13.9990,  0, 0, 0
L 25.4849, -128.4632, -13.9990,  25.9783, -131.9317, -13.9990,  0, 0, 0
L 25.2047, -126.4909, -13.9990,  25.4849, -128.4632, -13.9990,  0, 0, 0
L 24.7161, -123.0548, -13.9990,  25.2047, -126.4909, -13.9990,  0, 0, 0
L 24.4497, -121.1827, -13.9990,  24.7161, -123.0548, -13.9990,  0, 0, 0
L 36.6267, -113.4758, -13.9990,  24.4497, -121.1827, -13.9990,  0, 0, 0
L 38.0688, -112.5772, -13.9990,  36.6267, -113.4758, -13.9990,  0, 0, 0
L 39.6933, -111.4506, -13.9990,  38.0688, -112.5772, -13.9990,  0, 0, 0
L 40.2176, -109.5592, -13.9990,  39.6933, -111.4506, -13.9990,  0, 0, 0
L 39.5266, -106.8336, -13.9990,  40.2176, -109.5592, -13.9990,  0, 0, 0
L 39.0506, -104.9559, -13.9990,  39.5266, -106.8336, -13.9990,  0, 0, 0
L 38.5664, -103.0188, -12.5760,  39.0506, -104.9559, -13.9990,  0, 0, 0
L 33.7450, -83.6788, -2.2186,  38.5664, -103.0188, -12.5760,  0, 0, 0
L 33.2805, -81.8131, -2.6774,  33.7450, -83.6788, -2.2186,  0, 0, 0
L 32.8360, -80.0348, -2.6774,  33.2805, -81.8131, -2.6774,  0, 0, 0
L 32.3782, -78.2036, -2.6774,  32.8360, -80.0348, -2.6774,  0, 0, 0
L 31.9256, -76.3936, -2.6768,  32.3782, -78.2036, -2.6774,  0, 0, 0
L 31.4335, -74.4249, -2.6715,  31.9256, -76.3936, -2.6768,  0, 0, 0
L 30.9820, -72.6188, -2.6667,  31.4335, -74.4249, -2.6715,  0, 0, 0
L 30.5081, -70.7242, -2.6620,  30.9820, -72.6188, -2.6667,  0, 0, 0
L 39.2754, -61.8729, -8.7372,  30.5081, -70.7242, -2.6620,  0, 0, 0
L 56.6474, -46.2190, 1.6145,  58.2187, -46.1433, 1.3483,  0, 0, 0
L 54.9011, -46.2187, 1.8353,  56.6474, -46.2190, 1.6145,  0, 0, 0
L 47.5659, -53.5853, -11.4928,  54.9011, -46.2187, 1.8353,  0, 0, 0
L 39.2754, -61.8729, -12.3293,  47.5659, -53.5853, -11.4928,  0, 0, 0
L -155.5742, -459.5621, 0.0010,  -157.0885, -459.5625, 0.0010,  0, 0, 0
L -153.8761, -459.5495, 0.0010,  -155.5742, -459.5621, 0.0010,  0, 0, 0
L -152.1267, -460.4511, 0.0010,  -153.8761, -459.5495, 0.0010,  0, 0, 0
L -151.6872, -474.8809, 0.0010,  -152.1267, -460.4511, 0.0010,  0, 0, 0
L -151.8751, -476.7380, 0.0010,  -151.6872, -474.8809, 0.0010,  0, 0, 0
L -153.1623, -478.0528, 0.0010,  -151.8751, -476.7380, 0.0010,  0, 0, 0
L -151.4325, -483.2899, 0.0010,  -153.1623, -478.0528, 0.0010,  0, 0, 0
L -150.9047, -484.8930, 0.0010,  -151.4325, -483.2899, 0.0010,  0, 0, 0
L -150.3618, -486.5926, 0.0010,  -150.9047, -484.8930, 0.0010,  0, 0, 0
L -149.9546, -488.6178, 0.0010,  -150.3618, -486.5926, 0.0010,  0, 0, 0
L -150.1031, -490.3172, 0.0010,  -149.9546, -488.6178, 0.0010,  0, 0, 0
L -153.0042, -494.7605, 0.0010,  -150.1031, -490.3172, 0.0010,  0, 0, 0
L -154.0879, -496.4041, 0.0010,  -153.0042, -494.7605, 0.0010,  0, 0, 0
L -155.7982, -498.8807, 0.0364,  -154.0879, -496.4041, 0.0010,  0, 0, 0
L -156.8268, -500.3808, 0.0010,  -155.7982, -498.8807, 0.0364,  0, 0, 0
L -157.5677, -501.9500, 0.0010,  -156.8268, -500.3808, 0.0010,  0, 0, 0
L -158.5893, -503.4903, 0.0052,  -157.5677, -501.9500, 0.0010,  0, 0, 0
L -160.2969, -504.2334, 0.0519,  -158.5893, -503.4903, 0.0052,  0, 0, 0
L -161.6964, -502.8999, 3.2461,  -160.2969, -504.2334, 0.0519,  0, 0, 0
L -163.1748, -503.7838, 1.8340,  -161.6964, -502.8999, 3.2461,  0, 0, 0
L -164.9640, -503.7745, 0.0010,  -163.1748, -503.7838, 1.8340,  0, 0, 0
L -166.5791, -503.0524, 0.0368,  -164.9640, -503.7745, 0.0010,  0, 0, 0
L -175.1140, -491.0393, 0.0265,  -166.5791, -503.0524, 0.0368,  0, 0, 0
L -176.1566, -489.5611, 0.0103,  -175.1140, -491.0393, 0.0265,  0, 0, 0
L -178.7659, -490.7426, 0.0010,  -176.1566, -489.5611, 0.0103,  0, 0, 0
L -180.2711, -491.4952, 0.0010,  -178.7659, -490.7426, 0.0010,  0, 0, 0
L -182.0300, -492.0700, 0.0010,  -180.2711, -491.4952, 0.0010,  0, 0, 0
L -183.7208, -491.1845, 0.0010,  -182.0300, -492.0700, 0.0010,  0, 0, 0
L -184.1878, -463.0942, 0.0010,  -183.7208, -491.1845, 0.0010,  0, 0, 0
L -184.1542, -461.4265, 0.0010,  -184.1878, -463.0942, 0.0010,  0, 0, 0
L -183.0005, -459.8250, 0.0010,  -184.1542, -461.4265, 0.0010,  0, 0, 0
L -163.6480, -459.5620, 0.0010,  -183.0005, -459.8250, 0.0010,  0, 0, 0
L -154.0944, -459.4943, 0.0010,  -163.6480, -459.5620, 0.0010,  0, 0, 0
L -16.5067, -337.7402, -0.0352,  -17.5041, -337.5732, -3.3162,  0, 0, 0
L -14.6995, -338.0468, 0.0010,  -16.5067, -337.7402, -0.0352,  0, 0, 0
L -12.8528, -337.8173, 0.0010,  -14.6995, -338.0468, 0.0010,  0, 0, 0
L -0.4869, -325.5440, 0.0010,  -12.8528, -337.8173, 0.0010,  0, 0, 0
L 0.8617, -324.1954, 0.0010,  -0.4869, -325.5440, 0.0010,  0, 0, 0
L 11.1674, -324.1252, 0.0010,  0.8617, -324.1954, 0.0010,  0, 0, 0
L 13.0679, -324.1250, 0.0010,  11.1674, -324.1252, 0.0010,  0, 0, 0
L 22.0747, -333.1321, 0.0010,  13.0679, -324.1250, 0.0010,  0, 0, 0
L 23.4392, -334.4966, 0.0010,  22.0747, -333.1321, 0.0010,  0, 0, 0
L 24.3523, -335.9856, 0.0010,  23.4392, -334.4966, 0.0010,  0, 0, 0
L 25.9385, -337.1767, 0.0010,  24.3523, -335.9856, 0.0010,  0, 0, 0
L 27.4042, -338.0614, 0.0010,  25.9385, -337.1767, 0.0010,  0, 0, 0
L 40.4532, -338.1253, 0.0010,  27.4042, -338.0614, 0.0010,  0, 0, 0
L 42.2764, -338.1233, 0.0010,  40.4532, -338.1253, 0.0010,  0, 0, 0
L 43.8477, -337.1226, 0.0010,  42.2764, -338.1233, 0.0010,  0, 0, 0
L 44.2189, -326.1778, 0.0010,  43.8477, -337.1226, 0.0010,  0, 0, 0
L 44.2188, -324.1886, 0.0010,  44.2189, -326.1778, 0.0010,  0, 0, 0
L 65.4088, -324.1252, 0.0010,  44.2188, -324.1886, 0.0010,  0, 0, 0
L 67.2718, -324.1251, 0.0010,  65.4088, -324.1252, 0.0010,  0, 0, 0
L 67.7185, -362.9471, 0.0010,  67.2718, -324.1251, 0.0010,  0, 0, 0
L 67.8868, -364.7300, 0.0010,  67.7185, -362.9471, 0.0010,  0, 0, 0
L 69.3048, -365.9962, 0.0010,  67.8868, -364.7300, 0.0010,  0, 0, 0
L 79.2605, -366.0917, 0.0010,  69.3048, -365.9962, 0.0010,  0, 0, 0
L 81.2358, -366.0905, 0.0010,  79.2605, -366.0917, 0.0010,  0, 0, 0
L 81.7187, -373.5982, 0.0010,  81.2358, -366.0905, 0.0010,  0, 0, 0
L 81.7187, -375.5677, 0.0010,  81.7187, -373.5982, 0.0010,  0, 0, 0
L 46.5808, -375.5934, 0.0010,  81.7187, -375.5677, 0.0010,  0, 0, 0
L 44.6437, -375.5936, 0.0010,  46.5808, -375.5934, 0.0010,  0, 0, 0
L 44.2876, -364.4048, 0.0010,  44.6437, -375.5936, 0.0010,  0, 0, 0
L 43.8453, -362.5823, 0.0010,  44.2876, -364.4048, 0.0010,  0, 0, 0
L 33.5849, -352.2775, 0.0010,  43.8453, -362.5823, 0.0010,  0, 0, 0
L 32.3601, -351.0527, 0.0010,  33.5849, -352.2775, 0.0010,  0, 0, 0
L 31.5250, -349.5205, 0.0010,  32.3601, -351.0527, 0.0010,  0, 0, 0
L 30.6707, -348.0527, 0.0010,  31.5250, -349.5205, 0.0010,  0, 0, 0
L 28.7605, -347.6972, 0.0010,  30.6707, -348.0527, 0.0010,  0, 0, 0
L 26.8715, -347.9156, 0.0010,  28.7605, -347.6972, 0.0010,  0, 0, 0
L 14.4083, -360.2577, 0.0010,  26.8715, -347.9156, 0.0010,  0, 0, 0
L 13.0698, -361.5934, 0.0010,  14.4083, -360.2577, 0.0010,  0, 0, 0
L -25.3742, -361.5934, 0.0010,  13.0698, -361.5934, 0.0010,  0, 0, 0
L -27.3036, -361.5934, 0.0010,  -25.3742, -361.5934, 0.0010,  0, 0, 0
L -29.2267, -361.9442, 0.0010,  -27.3036, -361.5934, 0.0010,  0, 0, 0
L -63.6185, -396.3110, 0.0010,  -29.2267, -361.9442, 0.0010,  0, 0, 0
L -70.4898, -403.1823, 0.0010,  -63.6185, -396.3110, 0.0010,  0, 0, 0
L -71.8071, -404.5227, 0.0010,  -70.4898, -403.1823, 0.0010,  0, 0, 0
L -72.2189, -444.9305, 0.0010,  -71.8071, -404.5227, 0.0010,  0, 0, 0
L -72.2187, -446.8802, 0.0010,  -72.2189, -444.9305, 0.0010,  0, 0, 0
L -84.0391, -458.7005, 0.0010,  -72.2187, -446.8802, 0.0010,  0, 0, 0
L -85.1945, -459.8562, 0.0010,  -84.0391, -458.7005, 0.0010,  0, 0, 0
L -86.1891, -461.3546, 0.0010,  -85.1945, -459.8562, 0.0010,  0, 0, 0
L -85.7769, -463.1714, 0.0010,  -86.1891, -461.3546, 0.0010,  0, 0, 0
L -63.6721, -485.2915, 0.0010,  -85.7769, -463.1714, 0.0010,  0, 0, 0
L -62.3968, -486.5668, 0.0010,  -63.6721, -485.2915, 0.0010,  0, 0, 0
L -61.2241, -488.0358, 0.0010,  -62.3968, -486.5668, 0.0010,  0, 0, 0
L -60.2265, -489.3123, 0.0010,  -61.2241, -488.0358, 0.0010,  0, 0, 0
L -58.7091, -490.6113, 0.0010,  -60.2265, -489.3123, 0.0010,  0, 0, 0
L -57.2789, -491.6335, 0.0010,  -58.7091, -490.6113, 0.0010,  0, 0, 0
L -55.7081, -492.0532, 0.0010,  -57.2789, -491.6335, 0.0010,  0, 0, 0
L -54.0497, -491.0061, 0.0010,  -55.7081, -492.0532, 0.0010,  0, 0, 0
L -45.1862, -473.2792, 0.0010,  -54.0497, -491.0061, 0.0010,  0, 0, 0
L -40.8348, -464.5764, 0.0010,  -45.1862, -473.2792, 0.0010,  0, 0, 0
L -40.0392, -462.9985, 0.0010,  -40.8348, -464.5764, 0.0010,  0, 0, 0
L -39.7748, -461.3128, 0.0010,  -40.0392, -462.9985, 0.0010,  0, 0, 0
L -43.2508, -450.8580, 0.0010,  -39.7748, -461.3128, 0.0010,  0, 0, 0
L -52.7075, -422.5089, 0.0010,  -43.2508, -450.8580, 0.0010,  0, 0, 0
L -53.2632, -420.8441, 0.0010,  -52.7075, -422.5089, 0.0010,  0, 0, 0
L -5.0898, -391.9308, 0.0010,  -53.2632, -420.8441, 0.0010,  0, 0, 0
L -3.5046, -390.9789, 0.0010,  -5.0898, -391.9308, 0.0010,  0, 0, 0
L 1.7450, -393.8359, 0.0010,  -3.5046, -390.9789, 0.0010,  0, 0, 0
L 3.3825, -394.8063, 0.0096,  1.7450, -393.8359, 0.0010,  0, 0, 0
L 5.1463, -395.0100, 0.0289,  3.3825, -394.8063, 0.0096,  0, 0, 0
L 6.8676, -394.9162, 0.7983,  5.1463, -395.0100, 0.0289,  0, 0, 0
L 9.8870, -396.7261, 1.9739,  6.8676, -394.9162, 0.7983,  0, 0, 0
L 11.4923, -397.6884, 2.4848,  9.8870, -396.7261, 1.9739,  0, 0, 0
L 13.4544, -397.5407, 2.3650,  11.4923, -397.6884, 2.4848,  0, 0, 0
L 22.9600, -394.9706, 0.0010,  13.4544, -397.5407, 2.3650,  0, 0, 0
L 24.7712, -394.4602, 0.0010,  22.9600, -394.9706, 0.0010,  0, 0, 0
L 26.3712, -393.8142, 0.0010,  24.7712, -394.4602, 0.0010,  0, 0, 0
L 27.9997, -393.0347, 0.0010,  26.3712, -393.8142, 0.0010,  0, 0, 0
L 29.5598, -392.1932, 0.0035,  27.9997, -393.0347, 0.0010,  0, 0, 0
L 30.7633, -390.7527, 0.0194,  29.5598, -392.1932, 0.0035,  0, 0, 0
L 31.7347, -389.2484, 0.0196,  30.7633, -390.7527, 0.0194,  0, 0, 0
L 35.0111, -388.2850, 0.0010,  31.7347, -389.2484, 0.0196,  0, 0, 0
L 36.6424, -387.8551, 0.0010,  35.0111, -388.2850, 0.0010,  0, 0, 0
L 52.7771, -393.1513, 0.0010,  36.6424, -387.8551, 0.0010,  0, 0, 0
L 54.4347, -393.7042, 0.0010,  52.7771, -393.1513, 0.0010,  0, 0, 0
L 56.2828, -394.0726, 0.0010,  54.4347, -393.7042, 0.0010,  0, 0, 0
L 96.1787, -380.8124, 0.0010,  56.2828, -394.0726, 0.0010,  0, 0, 0
L 97.9538, -380.2207, 0.0010,  96.1787, -380.8124, 0.0010,  0, 0, 0
L 99.6390, -379.3611, 0.0010,  97.9538, -380.2207, 0.0010,  0, 0, 0
L 100.1841, -377.4504, -0.0564,  99.6390, -379.3611, 0.0010,  0, 0, 0
L 94.0474, -352.8943, -4.6633,  100.1841, -377.4504, -0.0564,  0, 0, 0
L 86.8166, -323.9872, -10.0862,  94.0474, -352.8943, -4.6633,  0, 0, 0
L 86.3535, -322.1367, -10.4333,  86.8166, -323.9872, -10.0862,  0, 0, 0
L 94.8199, -305.2044, -13.6084,  86.3535, -322.1367, -10.4333,  0, 0, 0
L 99.2649, -296.3149, -15.1999,  94.8199, -305.2044, -13.6084,  0, 0, 0
L 100.1060, -294.6216, -14.0667,  99.2649, -296.3149, -15.1999,  0, 0, 0
L 99.9512, -292.7773, -13.9990,  100.1060, -294.6216, -14.0667,  0, 0, 0
L 87.8768, -280.6006, -13.9990,  99.9512, -292.7773, -13.9990,  0, 0, 0
L 86.4977, -279.2215, -13.9990,  87.8768, -280.6006, -13.9990,  0, 0, 0
L 85.0322, -277.8759, -13.9990,  86.4977, -279.2215, -13.9990,  0, 0, 0
L 83.3260, -277.7158, -13.9990,  85.0322, -277.8759, -13.9990,  0, 0, 0
L 29.3372, -304.6898, -13.9990,  83.3260, -277.7158, -13.9990,  0, 0, 0
L 27.6603, -305.5288, -13.9990,  29.3372, -304.6898, -13.9990,  0, 0, 0
L 3.1214, -305.6247, -13.9990,  27.6603, -305.5288, -13.9990,  0, 0, 0
L 1.3909, -305.6250, -13.9990,  3.1214, -305.6247, -13.9990,  0, 0, 0
L -10.9192, -281.0047, -13.9990,  1.3909, -305.6250, -13.9990,  0, 0, 0
L -11.7080, -279.4271, -13.9990,  -10.9192, -281.0047, -13.9990,  0, 0, 0
L -12.8610, -277.9093, -13.9990,  -11.7080, -279.4271, -13.9990,  0, 0, 0
L -14.8117, -277.7692, -14.4674,  -12.8610, -277.9093, -13.9990,  0, 0, 0
L -21.2531, -283.9456, -14.9990,  -14.8117, -277.7692, -14.4674,  0, 0, 0
L -28.3092, -291.0017, -14.9990,  -21.2531, -283.9456, -14.9990,  0, 0, 0
L -29.6177, -292.2789, -14.9990,  -28.3092, -291.0017, -14.9990,  0, 0, 0
L -30.2389, -294.1090, -15.0287,  -29.6177, -292.2789, -14.9990,  0, 0, 0
L -27.1215, -303.5863, -12.4961,  -30.2389, -294.1090, -15.0287,  0, 0, 0
L -17.6965, -331.8911, -4.7848,  -27.1215, -303.5863, -12.4961,  0, 0, 0
L -17.1545, -333.5205, -4.3411,  -17.6965, -331.8911, -4.7848,  0, 0, 0
L -16.6768, -337.6870, -0.2259,  -17.1545, -333.5205, -4.3411,  0, 0, 0
L -40.4443, -333.3245, -4.4840,  -40.4852, -333.6702, -4.3897,  0, 0, 0
L -40.1795, -331.3749, -5.0164,  -40.4443, -333.3245, -4.4840,  0, 0, 0
L -39.7184, -296.5509, -14.5421,  -40.1795, -331.3749, -5.0164,  0, 0, 0
L -39.7189, -293.3766, -15.0062,  -39.7184, -296.5509, -14.5421,  0, 0, 0
L -41.2054, -296.1252, -0.1460,  -39.7187, -294.8108, -15.0062,  0, 0, 0
L -65.6076, -308.2101, 0.0010,  -41.2054, -296.1252, -0.1460,  0, 0, 0
L -67.3095, -309.0611, 0.0010,  -65.6076, -308.2101, 0.0010,  0, 0, 0
L -67.7185, -323.4173, 0.0010,  -67.3095, -309.0611, 0.0010,  0, 0, 0
L -67.7188, -325.2661, 0.0010,  -67.7185, -323.4173, 0.0010,  0, 0, 0
L -59.8888, -338.6888, 0.0010,  -67.7188, -325.2661, 0.0010,  0, 0, 0
L -54.9055, -347.2316, 0.0010,  -59.8888, -338.6888, 0.0010,  0, 0, 0
L -53.9564, -348.8271, 0.0010,  -54.9055, -347.2316, 0.0010,  0, 0, 0
L -53.8984, -350.7670, 0.0010,  -53.9564, -348.8271, 0.0010,  0, 0, 0
L -59.7354, -356.8120, 0.0010,  -53.8984, -350.7670, 0.0010,  0, 0, 0
L -66.7674, -363.8280, 0.0010,  -59.7354, -356.8120, 0.0010,  0, 0, 0
L -58.7755, -371.8546, 0.0010,  -66.7674, -363.8280, 0.0010,  0, 0, 0
L -57.4154, -373.2146, 0.0010,  -58.7755, -371.8546, 0.0010,  0, 0, 0
L -55.9431, -374.3708, 0.0010,  -57.4154, -373.2146, 0.0010,  0, 0, 0
L -54.6795, -375.7892, 0.0010,  -55.9431, -374.3708, 0.0010,  0, 0, 0
L -53.7476, -377.3340, 0.0010,  -54.6795, -375.7892, 0.0010,  0, 0, 0
L -54.1607, -379.1865, 0.0010,  -53.7476, -377.3340, 0.0010,  0, 0, 0
L -93.9070, -418.9644, 0.0010,  -54.1607, -379.1865, 0.0010,  0, 0, 0
L -95.2829, -420.3400, 0.0010,  -93.9070, -418.9644, 0.0010,  0, 0, 0
L -95.7185, -474.6728, 0.0010,  -95.2829, -420.3400, 0.0010,  0, 0, 0
L -95.7442, -476.4354, 0.0010,  -95.7185, -474.6728, 0.0010,  0, 0, 0
L -96.8518, -477.7871, 0.0010,  -95.7442, -476.4354, 0.0010,  0, 0, 0
L -104.5856, -478.0628, 0.0010,  -96.8518, -477.7871, 0.0010,  0, 0, 0
L -124.5123, -478.0628, 0.0010,  -104.5856, -478.0628, 0.0010,  0, 0, 0
L -126.2855, -478.0505, 0.0010,  -124.5123, -478.0628, 0.0010,  0, 0, 0
L -127.8884, -476.9492, 0.0010,  -126.2855, -478.0505, 0.0010,  0, 0, 0
L -128.0356, -474.9975, 0.0010,  -127.8884, -476.9492, 0.0010,  0, 0, 0
L -122.1813, -468.8619, 0.0010,  -128.0356, -474.9975, 0.0010,  0, 0, 0
L -115.1472, -461.8125, 0.0010,  -122.1813, -468.8619, 0.0010,  0, 0, 0
L -123.9280, -453.0124, 0.0010,  -115.1472, -461.8125, 0.0010,  0, 0, 0
L -125.2189, -451.7185, 0.0010,  -123.9280, -453.0124, 0.0010,  0, 0, 0
L -126.7295, -450.7680, 0.0010,  -125.2189, -451.7185, 0.0010,  0, 0, 0
L -127.7890, -449.1273, 0.0010,  -126.7295, -450.7680, 0.0010,  0, 0, 0
L -128.0889, -447.1508, 0.0010,  -127.7890, -449.1273, 0.0010,  0, 0, 0
L -115.3655, -408.9234, 0.0010,  -128.0889, -447.1508, 0.0010,  0, 0, 0
L -114.8165, -407.2744, 0.0010,  -115.3655, -408.9234, 0.0010,  0, 0, 0
L -122.2971, -403.1850, 0.0010,  -114.8165, -407.2744, 0.0010,  0, 0, 0
L -124.0840, -402.2893, 0.0010,  -122.2971, -403.1850, 0.0010,  0, 0, 0
L -136.1130, -406.7634, 0.0170,  -124.0840, -402.2893, 0.0010,  0, 0, 0
L -137.8909, -407.4299, 0.0170,  -136.1130, -406.7634, 0.0170,  0, 0, 0
L -140.9864, -408.8659, 0.0010,  -137.8909, -407.4299, 0.0170,  0, 0, 0
L -144.9179, -410.8089, 0.0010,  -140.9864, -408.8659, 0.0010,  0, 0, 0
L -146.7139, -411.6181, 0.0010,  -144.9179, -410.8089, 0.0010,  0, 0, 0
L -148.1851, -412.6744, 0.0010,  -146.7139, -411.6181, 0.0010,  0, 0, 0
L -149.5626, -413.6821, 0.0010,  -148.1851, -412.6744, 0.0010,  0, 0, 0
L -151.3452, -414.2877, 0.0519,  -149.5626, -413.6821, 0.0010,  0, 0, 0
L -153.1670, -414.1733, 0.0010,  -151.3452, -414.2877, 0.0519,  0, 0, 0
L -154.8564, -414.3824, 0.0483,  -153.1670, -414.1733, 0.0010,  0, 0, 0
L -156.3728, -412.5168, 2.9655,  -154.8564, -414.3824, 0.0483,  0, 0, 0
L -158.9486, -413.9762, 0.0010,  -156.3728, -412.5168, 0.1366,  0, 0, 0
L -164.7430, -431.3474, 0.0010,  -158.9486, -413.9762, 0.0010,  0, 0, 0
L -165.2735, -432.9382, 0.0010,  -164.7430, -431.3474, 0.0010,  0, 0, 0
L -165.9065, -434.7916, 0.0010,  -165.2735, -432.9382, 0.0010,  0, 0, 0
L -167.4195, -436.0041, 0.0010,  -165.9065, -434.7916, 0.0010,  0, 0, 0
L -220.9389, -436.0627, 0.0010,  -167.4195, -436.0041, 0.0010,  0, 0, 0
L -222.8791, -436.0625, 0.0010,  -220.9389, -436.0627, 0.0010,  0, 0, 0
L -233.8837, -446.9722, 0.0010,  -222.8791, -436.0625, 0.0010,  0, 0, 0
L -235.1890, -448.2774, 0.0010,  -233.8837, -446.9722, 0.0010,  0, 0, 0
L -235.6560, -487.6310, 0.0010,  -235.1890, -448.2774, 0.0010,  0, 0, 0
L -235.6563, -489.4462, 0.0010,  -235.6560, -487.6310, 0.0010,  0, 0, 0
L -222.8877, -527.7232, 0.0010,  -235.6563, -489.4462, 0.0010,  0, 0, 0
L -222.3188, -529.4292, 0.0010,  -222.8877, -527.7232, 0.0010,  0, 0, 0
L -198.9384, -529.5310, 0.0010,  -222.3188, -529.4292, 0.0010,  0, 0, 0
L -197.1298, -529.5311, 0.0010,  -198.9384, -529.5310, 0.0010,  0, 0, 0
L -190.4142, -523.0909, 0.0010,  -197.1298, -529.5311, 0.0010,  0, 0, 0
L -183.3632, -516.0242, 0.0010,  -190.4142, -523.0909, 0.0010,  0, 0, 0
L -184.6425, -517.3063, 0.0010,  -183.2728, -515.9335, 0.0010,  0, 0, 0
L -180.5836, -515.9710, 0.0010,  -182.2803, -515.5646, 0.0010,  0, 0, 0
L -154.3988, -542.1374, 0.0010,  -180.5836, -515.9710, 0.0010,  0, 0, 0
L -153.0854, -543.4511, 0.0010,  -154.3988, -542.1374, 0.0010,  0, 0, 0
L -128.6600, -543.5309, 0.0010,  -153.0854, -543.4511, 0.0010,  0, 0, 0
L -126.8705, -543.5313, 0.0010,  -128.6600, -543.5309, 0.0010,  0, 0, 0
L -101.5934, -518.2255, 0.0010,  -126.8705, -543.5313, 0.0010,  0, 0, 0
L -100.3366, -516.9672, 0.0010,  -101.5934, -518.2255, 0.0010,  0, 0, 0
L -98.8252, -515.6945, 0.0010,  -100.3366, -516.9672, 0.0010,  0, 0, 0
L -96.8580, -515.8159, 0.0010,  -98.8252, -515.6945, 0.0010,  0, 0, 0
L -92.3120, -520.2223, 0.0010,  -96.8580, -515.8159, 0.0010,  0, 0, 0
L -64.7796, -522.3430, 0.0010,  -63.4027, -522.0323, 0.0010,  0, 0, 0
L -66.5293, -521.4354, 0.0010,  -64.7796, -522.3430, 0.0010,  0, 0, 0
L -76.3836, -520.0811, 0.0010,  -66.5293, -521.4354, 0.0010,  0, 0, 0
L -78.3108, -519.8621, 0.0010,  -76.3836, -520.0811, 0.0010,  0, 0, 0
L -88.2515, -519.6331, 0.0037,  -78.3108, -519.8621, 0.0010,  0, 0, 0
L -90.2505, -519.6381, 0.0062,  -88.2515, -519.6331, 0.0037,  0, 0, 0
L -92.3120, -520.2223, 0.0010,  -90.2505, -519.6381, 0.0062,  0, 0, 0
L -58.1850, -516.8151, 0.0010,  -63.4027, -522.0323, 0.0010,  0, 0, 0
L -56.7355, -515.6488, 0.0010,  -58.1850, -516.8151, 0.0010,  0, 0, 0
L -44.5955, -515.5309, 0.0010,  -56.7355, -515.6488, 0.0010,  0, 0, 0
L -42.8331, -515.5310, 0.0010,  -44.5955, -515.5309, 0.0010,  0, 0, 0
L -18.3815, -503.4788, 0.0010,  -42.8331, -515.5310, 0.0010,  0, 0, 0
L -16.6971, -502.6410, 0.0010,  -18.3815, -503.4788, 0.0010,  0, 0, 0
L -16.2503, -462.2568, 0.0010,  -16.6971, -502.6410, 0.0010,  0, 0, 0
L -15.7799, -460.4291, 0.0010,  -16.2503, -462.2568, 0.0010,  0, 0, 0
L 10.5742, -434.0558, 0.0010,  -15.7799, -460.4291, 0.0010,  0, 0, 0
L 11.8566, -432.7734, 0.0010,  10.5742, -434.0558, 0.0010,  0, 0, 0
L 13.2792, -431.6745, 0.0010,  11.8566, -432.7734, 0.0010,  0, 0, 0
L 25.6784, -431.5621, 0.0010,  13.2792, -431.6745, 0.0010,  0, 0, 0
L 27.6350, -431.5625, 0.0010,  25.6784, -431.5621, 0.0010,  0, 0, 0
L 67.0170, -418.4542, 0.0010,  27.6350, -431.5625, 0.0010,  0, 0, 0
L 68.5677, -417.9383, 0.0010,  67.0170, -418.4542, 0.0010,  0, 0, 0
L 70.4703, -417.6463, 0.0010,  68.5677, -417.9383, 0.0010,  0, 0, 0
L 96.8732, -430.7513, 0.0010,  70.4703, -417.6463, 0.0010,  0, 0, 0
L 98.4985, -431.5623, 0.0010,  96.8732, -430.7513, 0.0010,  0, 0, 0
L 108.7012, -431.5622, 0.0010,  98.4985, -431.5623, 0.0010,  0, 0, 0
L 110.5775, -431.5625, 0.0010,  108.7012, -431.5622, 0.0010,  0, 0, 0
L 114.5250, -423.6581, 0.0010,  110.5775, -431.5625, 0.0010,  0, 0, 0
L 123.4228, -405.8432, 0.0010,  114.5250, -423.6581, 0.0010,  0, 0, 0
L 110.9958, -380.9342, 0.0010,  123.4228, -405.8432, 0.0010,  0, 0, 0
L 110.2217, -379.3827, 0.0010,  110.9958, -380.9342, 0.0010,  0, 0, 0
L 109.8301, -377.0623, -0.1292,  110.2217, -379.3827, 0.0010,  0, 0, 0
L 110.1982, -375.2187, -0.4751,  109.8301, -377.0623, -0.1292,  0, 0, 0
L 110.6730, -372.8399, -0.9213,  110.1982, -375.2187, -0.4751,  0, 0, 0
L 111.0416, -370.9937, -1.2676,  110.6730, -372.8399, -0.9213,  0, 0, 0
L 111.4895, -368.7501, -1.6885,  111.0416, -370.9937, -1.2676,  0, 0, 0
L 111.8644, -366.8722, -2.0407,  111.4895, -368.7501, -1.6885,  0, 0, 0
L 112.3090, -364.6452, -2.4585,  111.8644, -366.8722, -2.0407,  0, 0, 0
L 112.6906, -362.7340, -2.8170,  112.3090, -364.6452, -2.4585,  0, 0, 0
L 113.1385, -360.4903, -3.2379,  112.6906, -362.7340, -2.8170,  0, 0, 0
L 113.5201, -358.5791, -3.5964,  113.1385, -360.4903, -3.2379,  0, 0, 0
L 113.9680, -356.3354, -4.0173,  113.5201, -358.5791, -3.5964,  0, 0, 0
L 114.3495, -354.4242, -4.3758,  113.9680, -356.3354, -4.0173,  0, 0, 0
L 114.7908, -352.2139, -4.7904,  114.3495, -354.4242, -4.3758,  0, 0, 0
L 115.1791, -350.2693, -5.1552,  114.7908, -352.2139, -4.7904,  0, 0, 0
L 115.6767, -347.7764, -5.6228,  115.1791, -350.2693, -5.1552,  0, 0, 0
L 116.0583, -345.8652, -5.9813,  115.6767, -347.7764, -5.6228,  0, 0, 0
L 116.4996, -343.6548, -6.3959,  116.0583, -345.8652, -5.9813,  0, 0, 0
L 116.8844, -341.7270, -6.7576,  116.4996, -343.6548, -6.3959,  0, 0, 0
L 117.3324, -339.4834, -7.1784,  116.8844, -341.7270, -6.7576,  0, 0, 0
L 117.6575, -337.8547, -7.4839,  117.3324, -339.4834, -7.1784,  0, 0, 0
L 118.0955, -335.6609, -7.8955,  117.6575, -337.8547, -7.4839,  0, 0, 0
L 118.4705, -333.7829, -8.2477,  118.0955, -335.6609, -7.8955,  0, 0, 0
L 118.9549, -331.3565, -8.7029,  118.4705, -333.7829, -8.2477,  0, 0, 0
L 119.3165, -329.5449, -9.0427,  118.9549, -331.3565, -8.7029,  0, 0, 0
L 119.7611, -327.3179, -9.4605,  119.3165, -329.5449, -9.0427,  0, 0, 0
L 120.1261, -325.4898, -9.8034,  119.7611, -327.3179, -9.4605,  0, 0, 0
L 120.6238, -322.9969, -10.2710,  120.1261, -325.4898, -9.8034,  0, 0, 0
L 120.9987, -321.1189, -10.6233,  120.6238, -322.9969, -10.2710,  0, 0, 0
L 121.4466, -318.8752, -11.0442,  120.9987, -321.1189, -10.6233,  0, 0, 0
L 121.8216, -316.9973, -11.3965,  121.4466, -318.8752, -11.0442,  0, 0, 0
L 122.2629, -314.7869, -11.8111,  121.8216, -316.9973, -11.3965,  0, 0, 0
L 122.6310, -312.9428, -12.1570,  122.2629, -314.7869, -11.8111,  0, 0, 0
L 123.1194, -310.4965, -12.6159,  122.6310, -312.9428, -12.1570,  0, 0, 0
L 123.4956, -308.6136, -12.9691,  123.1194, -310.4965, -12.6159,  0, 0, 0
L 112.5770, -297.6707, -15.0210,  123.4956, -308.6136, -12.9691,  0, 0, 0
L 111.2255, -296.3161, -15.2750,  112.5770, -297.6707, -15.0210,  0, 0, 0
L 109.9854, -294.9639, -14.2973,  111.2255, -296.3161, -15.2750,  0, 0, 0
L 109.8054, -293.1985, -13.9990,  109.9854, -294.9639, -14.2973,  0, 0, 0
L 122.2968, -268.1595, -13.9990,  109.8054, -293.1985, -13.9990,  0, 0, 0
L 123.1697, -266.4123, -13.9990,  122.2968, -268.1595, -13.9990,  0, 0, 0
L 112.2440, -255.3681, -13.9990,  123.1697, -266.4123, -13.9990,  0, 0, 0
L 110.9741, -254.0953, -13.9990,  112.2440, -255.3681, -13.9990,  0, 0, 0
L 109.8205, -252.5936, -13.9990,  110.9741, -254.0953, -13.9990,  0, 0, 0
L 110.0964, -250.6545, -13.9990,  109.8205, -252.5936, -13.9990,  0, 0, 0
L 117.7498, -242.9267, -13.9990,  110.0964, -250.6545, -13.9990,  0, 0, 0
L 81.7182, -30.7188, 0.0010,  81.7188, -11.7500, 0.0010,  0, 0, 0
L 81.6134, -32.6860, 0.0010,  81.7182, -30.7188, 0.0010,  0, 0, 0
L 80.3008, -37.4293, 0.0010,  81.6134, -32.6860, 0.0010,  0, 0, 0
L 79.7945, -39.2588, 0.0010,  80.3008, -37.4293, 0.0010,  0, 0, 0
L 79.3458, -41.3527, 0.0010,  79.7945, -39.2588, 0.0010,  0, 0, 0
L 79.4059, -43.1904, 4.6953,  79.3458, -41.3527, 0.0010,  0, 0, 0
L 79.8984, -44.9513, 7.6502,  79.4059, -43.1904, 4.6953,  0, 0, 0
L 81.0270, -46.5260, 6.8618,  79.8984, -44.9513, 7.6502,  0, 0, 0
L 82.1452, -47.8810, 5.7951,  81.0270, -46.5260, 6.8618,  0, 0, 0
L 87.3428, -51.8627, 6.4592,  82.1452, -47.8810, 5.7951,  0, 0, 0
L 88.7788, -52.8906, 5.7930,  87.3428, -51.8627, 6.4592,  0, 0, 0
L 92.0724, -55.0086, 4.4081,  88.7788, -52.8906, 5.7930,  0, 0, 0
L 93.7526, -56.0157, 2.7043,  92.0724, -55.0086, 4.4081,  0, 0, 0
L 95.1699, -56.5182, -0.9990,  93.7526, -56.0157, 2.7043,  0, 0, 0
L 107.9137, -69.1041, -2.9990,  95.1699, -56.5182, -0.9990,  0, 0, 0
L 109.2741, -70.4563, -3.1717,  107.9137, -69.1041, -2.9990,  0, 0, 0
L 109.7186, -94.9207, -5.9990,  109.2741, -70.4563, -3.1717,  0, 0, 0
L 109.7187, -96.9085, -5.9990,  109.7186, -94.9207, -5.9990,  0, 0, 0
L 106.9953, -99.7516, -5.9990,  109.7187, -96.9085, -5.9990,  0, 0, 0
L 85.8193, -120.9050, -9.9990,  106.9953, -99.7516, -5.9990,  0, 0, 0
L 84.4168, -122.3075, -9.9990,  85.8193, -120.9050, -9.9990,  0, 0, 0
L 83.0840, -123.2812, -9.9990,  84.4168, -122.3075, -9.9990,  0, 0, 0
L 81.3631, -123.8279, -9.1599,  83.0840, -123.2812, -9.9990,  0, 0, 0
L 79.7973, -124.7467, -7.6553,  81.3631, -123.8279, -9.1599,  0, 0, 0
L 72.5484, -124.5963, -10.9990,  79.7973, -124.7467, -7.6553,  0, 0, 0
L 57.3543, -123.7559, -12.9990,  72.5484, -124.5963, -10.9990,  0, 0, 0
L 55.6425, -123.6562, -13.9990,  57.3543, -123.7559, -12.9990,  0, 0, 0
L 54.1925, -124.5550, -13.9990,  55.6425, -123.6562, -13.9990,  0, 0, 0
L 53.7184, -130.8878, -13.9990,  54.1925, -124.5550, -13.9990,  0, 0, 0
L 53.7184, -132.6725, -13.9990,  53.7184, -130.8878, -13.9990,  0, 0, 0
L 47.1828, -139.4548, -13.9990,  53.7184, -132.6725, -13.9990,  0, 0, 0
L 41.0988, -145.5691, -13.9990,  47.1828, -139.4548, -13.9990,  0, 0, 0
L 40.0603, -146.6599, -13.9990,  41.0988, -145.5691, -13.9990,  0, 0, 0
L 27.4045, -177.4645, -14.9990,  40.0603, -146.6599, -13.9990,  0, 0, 0
L 26.6575, -179.2827, -14.9990,  27.4045, -177.4645, -14.9990,  0, 0, 0
L 25.9316, -180.9531, -14.9990,  26.6575, -179.2827, -14.9990,  0, 0, 0
L 25.8886, -182.7151, -14.9990,  25.9316, -180.9531, -14.9990,  0, 0, 0
L 38.5183, -208.0342, -13.9990,  25.8886, -182.7151, -14.9990,  0, 0, 0
L 39.3413, -209.6822, -13.9990,  38.5183, -208.0342, -13.9990,  0, 0, 0
L 39.6913, -235.8717, -13.9990,  39.3413, -209.6822, -13.9990,  0, 0, 0
L 39.7146, -237.7646, -13.9990,  39.6913, -235.8717, -13.9990,  0, 0, 0
L 40.4533, -239.5940, -13.9990,  39.7146, -237.7646, -13.9990,  0, 0, 0
L 47.7965, -240.1566, -13.9990,  40.4533, -239.5940, -13.9990,  0, 0, 0
L 49.4548, -240.2161, -13.9990,  47.7965, -240.1566, -13.9990,  0, 0, 0
L 52.3810, -243.6084, -13.9990,  49.4548, -240.2161, -13.9990,  0, 0, 0
L 53.6295, -245.0558, -13.9990,  52.3810, -243.6084, -13.9990,  0, 0, 0
L 57.7312, -247.6131, -13.9990,  53.6295, -245.0558, -13.9990,  0, 0, 0
L 59.2567, -248.4937, -13.9990,  57.7312, -247.6131, -13.9990,  0, 0, 0
L 62.5571, -252.2384, -13.9990,  59.2567, -248.4937, -13.9990,  0, 0, 0
L 63.5857, -253.4307, -13.9990,  62.5571, -252.2384, -13.9990,  0, 0, 0
L 69.5572, -256.6138, -9.6443,  63.5857, -253.4307, -13.9990,  0, 0, 0
L 70.8698, -257.2544, -11.0467,  69.5572, -256.6138, -9.6443,  0, 0, 0
L 74.9043, -256.3193, -13.9798,  70.8698, -257.2544, -11.0467,  0, 0, 0
L 76.4346, -255.9730, -13.9990,  74.9043, -256.3193, -13.9798,  0, 0, 0
L 81.0002, -265.0437, -13.9990,  76.4346, -255.9730, -13.9990,  0, 0, 0
L 81.8192, -266.6712, -13.9990,  81.0002, -265.0437, -13.9990,  0, 0, 0
L 82.9313, -267.9410, -13.9990,  81.8192, -266.6712, -13.9990,  0, 0, 0
L 84.7000, -268.0345, -13.9990,  82.9313, -267.9410, -13.9990,  0, 0, 0
L 91.6776, -261.3800, -13.9990,  84.7000, -268.0345, -13.9990,  0, 0, 0
L 98.5378, -254.5200, -13.9990,  91.6776, -261.3800, -13.9990,  0, 0, 0
L 99.7837, -253.2971, -13.9990,  98.5378, -254.5200, -13.9990,  0, 0, 0
L 100.2191, -224.3821, -13.9990,  99.7837, -253.2971, -13.9990,  0, 0, 0
L 99.8909, -222.7286, -13.9990,  100.2191, -224.3821, -13.9990,  0, 0, 0
L 87.3985, -210.1534, -13.9990,  99.8909, -222.7286, -13.9990,  0, 0, 0
L 86.0588, -208.8138, -13.9990,  87.3985, -210.1534, -13.9990,  0, 0, 0
L 84.5778, -207.7331, -13.9990,  86.0588, -208.8138, -13.9990,  0, 0, 0
L 73.2054, -207.6558, -13.9990,  84.5778, -207.7331, -13.9990,  0, 0, 0
L 71.3585, -207.6563, -13.9990,  73.2054, -207.6558, -13.9990,  0, 0, 0
L 59.7515, -184.4668, -13.9990,  71.3585, -207.6563, -13.9990,  0, 0, 0
L 58.9883, -182.9433, -13.9990,  59.7515, -184.4668, -13.9990,  0, 0, 0
L 74.6835, -175.0963, -13.9990,  58.9883, -182.9433, -13.9990,  0, 0, 0
L 83.5370, -170.6697, -13.7009,  74.6835, -175.0963, -13.9990,  0, 0, 0
L 85.2026, -169.8806, -13.4646,  83.5370, -170.6697, -13.7009,  0, 0, 0
L 97.6567, -157.4322, -13.9990,  85.2026, -169.8806, -13.4646,  0, 0, 0
L 98.7815, -156.3068, -13.9990,  97.6567, -157.4322, -13.9990,  0, 0, 0
L 122.7180, -156.1880, -13.9990,  98.7815, -156.3068, -13.9990,  0, 0, 0
L 124.5469, -156.1875, -13.9990,  122.7180, -156.1880, -13.9990,  0, 0, 0
L 136.4991, -180.0926, -13.9990,  124.5469, -156.1875, -13.9990,  0, 0, 0
L 137.3448, -181.7841, -13.9990,  136.4991, -180.0926, -13.9990,  0, 0, 0
L 137.6870, -207.0246, -13.9990,  137.3448, -181.7841, -13.9990,  0, 0, 0
L 137.6875, -208.9740, -13.9990,  137.6870, -207.0246, -13.9990,  0, 0, 0
L 126.8258, -219.8353, -13.9990,  137.6875, -208.9740, -13.9990,  0, 0, 0
L 125.4947, -221.1665, -13.9990,  126.8258, -219.8353, -13.9990,  0, 0, 0
L 124.0978, -222.4412, -13.9990,  125.4947, -221.1665, -13.9990,  0, 0, 0
L 123.6870, -235.0099, -13.9990,  124.0978, -222.4412, -13.9990,  0, 0, 0
L 123.6875, -236.9757, -13.9990,  123.6870, -235.0099, -13.9990,  0, 0, 0
L 111.3204, -249.3705, -13.9990,  123.6875, -236.9757, -13.9990,  0, 0, 0
L 142.1876, 39.7180, 5.1809,  142.1889, 57.8279, 0.0010,  0, 0, 0
