P 50.1990, 161.8610, -26.7430,  0, 0, 0,  2,  Ekeros
P 115.5990, 154.4510, -26.9990,  0, 0, 0,  2,  Rathyl
P 90.6060, 35.6850, -28.9990,  0, 0, 0,  1,  Pit_floor_to_basement
P -216.8520, -263.6560, -13.9990,  0, 0, 0,  1,  Drop_off_
P -175.6510, -257.3740, -27.9990,  0, 0, 0,  2,  BoneCracker
P -218.1970, -257.5910, -12.6880,  0, 0, 0,  1,  Spikes
P -188.4550, -54.4970, -27.9990,  0, 0, 0,  2,  Ogre_captain
P -217.2750, -356.2840, -13.9990,  0, 0, 0,  2,  mage_spawn
P -198.0910, -328.5110, -29.9990,  0, 0, 0,  2,  2elementals
P -217.4420, -357.1520, -13.9990,  0, 0, 0,  2,  Trazdon
P -115.9320, -143.7460, -16.9990,  0, 0, 0,  1,  skeleton
P 54.1710, -73.8550, -13.9990,  0, 0, 0,  1,  skeleton
P -106.4050, -341.7980, 4.0010,  0, 0, 0,  3,  Najena_room
P -220.7480, -462.4910, 0.0050,  0, 0, 0,  3,  Widowmistress
P -32.6440, -431.2630, 1.4470,  0, 0, 0,  3,  5spawn_goblins
P 77.9620, -184.6750, -13.9990,  0, 0, 0,  1,  3_spawn_Goblins
P -856.0000, 15.0000, 0.0010,  0, 240, 0,  2,  Zone_to_Lavastorm
P 146.8910, 41.2320, 0.0010,  0, 0, 0,  2,  Hidden_Pit_floor
P -858.0000, 76.0000, 0.0000,  255, 255, 255,  2,  Succor_Point
P -105.0000, -309.0000, 0.0000,  0, 0, 0,  2,  Golden_Crescent_Key
P 174.0000, 1.0000, 0.0000,  0, 0, 0,  2,  Bloodstained_Key
P 39.0000, 90.0000, 0.0000,  0, 0, 0,  2,  Shiny_Metal_Key
P 145.0000, 72.0000, 0.0000,  0, 0, 0,  2,  Guard's_Keyring
P 90.0000, 57.0000, 0.0000,  0, 0, 0,  2,  Guard's_Keyring
P 62.0000, 119.0000, 0.0000,  0, 0, 0,  2,  Shiny_Metal_Key
P 93.0000, 146.0000, 0.0000,  0, 0, 0,  2,  Dull_Bone_Key
