P -1952.1512, 2908.3809, -0.1090,  0, 240, 0,  3,  Travel_to_Other_Neighborhoods
P -2005.6443, 2770.3506, -0.1221,  240, 240, 240,  2,  Brewing
P -2012.1176, 2756.7793, -0.1221,  240, 240, 0,  2,  Jewelcrafting
P -2026.1422, 2743.3315, -0.1220,  0, 240, 0,  2,  Fletching
P -2043.9666, 2738.5684, -0.1219,  240, 0, 0,  2,  Forge
P -2060.1343, 2740.6318, -0.1219,  0, 255, 255,  2,  Kiln
P -2078.4712, 2745.0190, -0.1218,  255, 0, 255,  2,  Tailoring
P -2113.2126, 2787.1848, -0.1217,  0, 0, 127,  2,  Baking
P -2115.3113, 2805.1179, -0.1217,  127, 64, 0,  2,  Pottery_Wheel
P -2116.4211, 2819.6904, -0.1216,  127, 0, 0,  2,  Poisoncrafting
P -2104.4624, 2836.5088, -0.1216,  0, 127, 0,  2,  Alchemy
P -2048.7849, 2658.2988, -0.7182,  240, 0, 0,  3,  Market
P -377.5074, 769.4014, -0.7183,  240, 240, 0,  3,  Brimming
P -2049.7009, 548.1884, -40.7165,  240, 240, 240,  3,  Vanward
P -1536.3625, -1247.3386, 59.2793,  0, 127, 0,  3,  Park
P -1677.4641, -2615.0330, 41.0100,  127, 0, 0,  3,  Guild
P -38.5620, -2763.6274, -67.9703,  0, 240, 240,  3,  Terminus
P 215.1624, -722.4285, 46.3350,  255, 0, 255,  3,  Betwixt
P -2034.0757, 3005.0117, 0.0023,  0, 240, 0,  3,  To_Guild_Lobby
P -2062.1067, 546.6927, -40.0592,  0, 240, 0,  2,  Park
P -2054.5010, 536.5883, -40.0595,  127, 0, 0,  2,  Guild
P -2042.2742, 538.0760, -40.0597,  0, 240, 240,  2,  Terminus
P -2037.1876, 549.7436, -40.0602,  255, 0, 255,  2,  Betwixt
P -2044.8137, 560.2390, -40.0607,  240, 240, 0,  2,  Brimming
P -2057.7798, 557.8567, -40.0610,  240, 0, 0,  2,  Market
P -1548.1652, -1251.6252, 59.2748,  240, 240, 240,  2,  Vanward
P -1538.3859, -1259.5338, 59.2758,  127, 0, 0,  2,  Guild
P -1526.5458, -1255.4192, 59.2766,  0, 240, 240,  2,  Terminus
P -1524.6063, -1242.3409, 59.2770,  255, 0, 255,  2,  Betwixt
P -1534.5380, -1234.3054, 59.2792,  240, 240, 0,  2,  Brimming
P -1546.0483, -1239.0483, 59.2797,  240, 0, 0,  2,  Market
P -1688.2863, -2608.6409, 40.0313,  240, 240, 240,  2,  Vanward
P -1688.9105, -2621.2178, 40.0321,  0, 240, 0,  2,  Park
P -1678.3280, -2628.0703, 40.0332,  0, 240, 240,  2,  Terminus
P -1666.5956, -2623.1365, 40.0335,  255, 0, 255,  2,  Betwixt
P -1666.4503, -2609.3875, 40.0338,  240, 240, 0,  2,  Brimming
P -1677.1636, -2603.0203, 40.0343,  240, 0, 0,  2,  Market
P -48.6026, -2756.5620, -66.2378,  240, 240, 240,  2,  Vanward
P -49.4024, -2768.8357, -66.2384,  0, 240, 0,  2,  Park
P -38.8206, -2776.3015, -66.2394,  127, 0, 0,  2,  Guild
P -28.1838, -2770.6426, -66.2404,  255, 0, 255,  2,  Betwixt
P -26.7822, -2758.8833, -66.2406,  240, 240, 0,  2,  Brimming
P -36.9885, -2751.4949, -66.2412,  240, 0, 0,  2,  Market
P 204.6414, -715.3185, 44.2779,  240, 240, 240,  2,  Vanward
P 203.3110, -727.9575, 44.2780,  0, 240, 0,  2,  Park
P 213.4032, -735.4241, 44.2786,  127, 0, 0,  2,  Guild
P 224.7491, -729.9303, 44.2788,  0, 240, 240,  2,  Terminus
P 226.3811, -717.4972, 44.2792,  240, 240, 0,  2,  Brimming
P 215.8136, -710.2900, 44.2798,  240, 0, 0,  2,  Market
P -387.8473, 776.1276, -0.5433,  240, 240, 240,  2,  Vanward
P -388.4110, 763.9351, -0.5432,  0, 240, 0,  2,  Park
P -378.3041, 756.7332, -0.5432,  127, 0, 0,  2,  Guild
P -367.4572, 763.0153, -0.5431,  0, 240, 240,  2,  Terminus
P -366.7235, 775.8254, -0.5431,  255, 0, 255,  2,  Betwixt
P -377.0079, 781.5198, -0.5430,  240, 0, 0,  2,  Market
P -2060.4954, 2662.2800, -0.7196,  240, 240, 0,  2,  Brimming
P -2058.2932, 2650.0925, -0.7195,  240, 240, 240,  2,  Vanward
P -2047.0747, 2645.4995, -0.7194,  0, 240, 0,  2,  Park
P -2037.1202, 2653.4397, -0.7193,  127, 0, 0,  2,  Guild
P -2038.8297, 2665.6248, -0.7193,  0, 240, 240,  2,  Terminus
P -2050.5271, 2670.3655, -0.7192,  255, 0, 255,  2,  Betwixt
P -1947.4307, 2695.8877, -0.7192,  240, 0, 0,  1,  101_Market_Street
P -2311.7375, 2715.8540, -0.7192,  240, 0, 0,  2,  104_Market_Street
P -2278.4460, 2516.3015, -0.7192,  240, 0, 0,  2,  103_Market_Street
P -2066.2910, 2335.7839, -0.7191,  240, 0, 0,  2,  102_Market_Street
P -2594.8008, 2672.7893, 79.2808,  240, 0, 0,  2,  101_Market_Heights
P -2439.2661, 1977.6475, 91.4678,  240, 0, 0,  2,  102_Market_Heights
P -1941.4720, 1614.2267, 59.2808,  240, 0, 0,  2,  103_Market_Heights
P -1333.5900, 2092.5918, -30.7191,  240, 240, 0,  2,  101_Brimming_Way
P -976.8750, 1141.7693, 37.2808,  240, 240, 0,  2,  102_Brimming_Way
P -744.1232, 1525.4821, -0.4420,  240, 240, 0,  2,  113_Brimming_Way
P -767.6603, 1465.3282, -0.7181,  240, 240, 0,  2,  112_Brimming_Way
P -811.3011, 1069.6427, -0.7192,  240, 240, 0,  2,  103_Brimming_Way
P -808.0530, 746.2789, -0.7192,  240, 240, 0,  2,  104_Brimming_Way
P -717.3579, 588.5695, -0.7192,  240, 240, 0,  2,  105_Brimming_Way
P -653.0204, 396.9148, -0.7192,  240, 240, 0,  2,  106_Brimming_Way
P -407.2384, 134.4876, -0.7192,  240, 240, 0,  2,  108_Brimming_Way
P -373.5533, -181.1521, 148.7524,  240, 240, 0,  2,  107_Brimming_Way
P 19.3747, 364.8389, 109.2808,  240, 240, 0,  2,  105_Brimming_Heights
P 230.4372, 448.0747, 109.2808,  240, 240, 0,  2,  106_Brimming_Heights
P 199.7197, 704.0549, 109.2808,  240, 240, 0,  2,  107_Brimming_Heights
P 199.3788, 796.1068, 109.2808,  240, 240, 0,  2,  108_Brimming_Heights
P -133.5323, 680.7959, 59.2808,  240, 240, 0,  2,  104_Brimming_Heights
P -169.9036, 906.9675, 59.2808,  240, 240, 0,  2,  103_Brimming_Heights
P -315.5121, 1088.8314, 59.2808,  240, 240, 0,  2,  102_Brimming_Heights
P -383.0265, 856.3073, -0.7192,  240, 240, 0,  2,  111_Brimming_Way
P -317.4180, 567.6161, -0.7192,  240, 240, 0,  2,  110_Brimming_Way
P -281.8944, 372.7410, -0.7192,  240, 240, 0,  2,  109_Brimming_Way
P -340.0392, 1405.7421, 109.2808,  240, 240, 0,  2,  101_Brimming_Heights
P -1702.0709, 968.7971, -40.7191,  240, 240, 240,  2,  101_Vanward_Street
P -1907.6068, 997.1300, -40.7191,  240, 240, 240,  2,  103_Vanward_Street
P -2098.2473, 952.2266, -40.7191,  240, 240, 240,  2,  104_Vanward_Street
P -2294.8914, 1064.8765, -40.7191,  240, 240, 240,  2,  105_Vanward_Street
P -1695.6504, 826.7499, -40.7191,  240, 240, 240,  2,  102_Vanward_Street
P -1805.0988, 449.7058, -40.7191,  240, 240, 240,  2,  108_Vanward_Street
P -2106.3584, 786.2177, -40.7191,  240, 240, 240,  2,  106_Vanward_Street
P -2166.1572, 557.5119, -40.7191,  240, 240, 240,  2,  107_Vanward_Street
P -2169.8955, 349.3191, -40.7191,  240, 240, 240,  2,  109_Vanward_Street
P -2168.9990, 129.6770, -40.7191,  240, 240, 240,  2,  111_Vanward_Street
P -2066.1555, -49.2839, -40.7191,  240, 240, 240,  2,  113_Vanward_Street
P -2112.5310, 244.2041, -40.7191,  240, 240, 240,  2,  112_Vanward_Street
P -2105.3950, 452.4252, -40.6241,  240, 240, 240,  2,  110_Vanward_Street
P -1833.6670, 225.0966, -40.7191,  240, 240, 240,  2,  114_Vanward_Street
P -1647.9744, 185.3825, -40.7191,  240, 240, 240,  2,  116_Vanward_Street
P -1371.8246, 205.6413, 59.2808,  240, 240, 240,  2,  101_Vanward_Heights
P -1829.6757, -1244.1840, 59.2840,  0, 127, 0,  2,  101_Park_Circle
P -2006.6290, -1184.7107, 59.2808,  0, 127, 0,  2,  102_Park_Circle
P -2173.2722, -1173.6250, 59.2808,  0, 127, 0,  2,  103_Park_Circle
P -2155.2988, -1361.1489, 59.2808,  0, 127, 0,  2,  104_Park_Circle
P -2044.9290, -1504.6055, 59.2782,  0, 127, 0,  2,  105_Park_Circle
P -1867.5605, -1542.5540, 59.2808,  0, 127, 0,  2,  106_Park_Circle
P -1668.4822, -1535.3516, 59.2808,  0, 127, 0,  2,  107_Park_Circle
P -1475.4103, -1533.2911, 59.2808,  0, 127, 0,  2,  108_Park_Circle
P -1960.4226, -2520.8103, 31.2808,  127, 0, 0,  2,  105_Guild_Way
P -1817.7808, -2703.6960, 31.2808,  127, 0, 0,  2,  104_Guild_Way
P -2104.2695, -2905.3848, 31.2808,  127, 0, 0,  2,  101_Guild_Way
P -1840.1138, -2894.6731, 31.2808,  127, 0, 0,  2,  102_Guild_Way
P -1614.2877, -2847.0059, 31.2808,  127, 0, 0,  2,  103_Guild_Way
P -348.6554, -2876.6704, -70.7190,  0, 240, 240,  2,  101_Terminus_Street
P -126.7542, -2876.7976, -70.6149,  0, 240, 240,  2,  102_Terminus_Street
P 106.8357, -2877.1160, -70.9315,  0, 240, 240,  2,  103_Terminus_Street
P 394.4580, -2886.0132, -100.7191,  0, 240, 240,  2,  104_Terminus_Street
P 596.4195, -3097.0845, -1.7192,  0, 240, 240,  2,  106_Terminus_Heights
P 385.4613, -2806.0129, -100.7191,  0, 240, 240,  2,  105_Terminus_Street
P 188.8497, -2479.4539, -101.6363,  0, 240, 240,  2,  107_Terminus_Street
P 119.4014, -1343.8983, 64.2808,  255, 0, 255,  2,  Betwixt_Avenue
P 15.5977, -1321.6256, 64.2808,  255, 0, 255,  2,  104_Betwixt_Avenue
P 139.3927, -962.2200, 64.2808,  255, 0, 255,  2,  102_Betwixt_Avenue
P 485.5645, -782.3581, 91.2808,  255, 0, 255,  2,  107_Betwixt_Avenue
P 490.5332, -1040.7302, 91.2808,  255, 0, 255,  2,  106_Betwixt_Avenue
P 486.7040, -1300.8185, 91.2808,  255, 0, 255,  2,  105_Betwixt_Avenue
P -112.3914, -853.7911, 44.2808,  255, 0, 255,  2,  101_Betwixt_Avenue
