L 859.0000, -719.0000, -32.0000,  875.0000, -720.0000, -33.0000,  102, 99, 0
L 845.0000, -726.0000, -27.0000,  859.0000, -719.0000, -32.0000,  102, 99, 0
L 838.0000, -726.0000, -24.0000,  845.0000, -726.0000, -27.0000,  102, 99, 0
L 810.0000, -754.0000, -24.0000,  838.0000, -726.0000, -24.0000,  102, 99, 0
L 809.0000, -759.0000, -24.0000,  810.0000, -754.0000, -24.0000,  102, 99, 0
L 809.0000, -815.0000, -10.0000,  809.0000, -759.0000, -24.0000,  102, 99, 0
L 809.0000, -853.0000, -9.0000,  809.0000, -815.0000, -10.0000,  102, 99, 0
L 782.0000, -867.0000, 6.0000,  809.0000, -853.0000, -9.0000,  102, 99, 0
L 753.0000, -894.0000, 3.0000,  782.0000, -867.0000, 6.0000,  102, 99, 0
L 753.0000, -894.0000, 32.0000,  753.0000, -894.0000, 3.0000,  102, 99, 0
L 880.0000, -708.0000, -33.0000,  886.0000, -714.0000, -33.0000,  102, 99, 0
L 847.0000, -708.0000, -28.0000,  880.0000, -708.0000, -33.0000,  102, 99, 0
L 837.0000, -700.0000, -17.0000,  847.0000, -708.0000, -28.0000,  102, 99, 0
L 810.0000, -673.0000, -24.0000,  837.0000, -700.0000, -17.0000,  102, 99, 0
L 807.0000, -673.0000, -24.0000,  810.0000, -673.0000, -24.0000,  102, 99, 0
L 808.0000, -668.0000, -24.0000,  807.0000, -673.0000, -24.0000,  102, 99, 0
L 851.0000, -668.0000, -24.0000,  808.0000, -668.0000, -24.0000,  102, 99, 0
L 850.0000, -643.0000, -24.0000,  851.0000, -668.0000, -24.0000,  102, 99, 0
L 880.0000, -642.0000, -37.0000,  850.0000, -643.0000, -24.0000,  102, 99, 0
L 922.0000, -628.0000, -42.0000,  880.0000, -642.0000, -37.0000,  102, 99, 0
L 977.0000, -587.0000, -29.0000,  922.0000, -628.0000, -42.0000,  102, 99, 0
L 977.0000, -547.0000, -41.0000,  977.0000, -587.0000, -29.0000,  102, 99, 0
L 922.0000, -533.0000, -66.0000,  977.0000, -547.0000, -41.0000,  102, 99, 0
L 908.0000, -519.0000, -66.0000,  922.0000, -533.0000, -66.0000,  102, 99, 0
L 868.0000, -519.0000, -53.0000,  908.0000, -519.0000, -66.0000,  102, 99, 0
L 854.0000, -507.0000, -48.0000,  868.0000, -519.0000, -53.0000,  102, 99, 0
L 842.0000, -505.0000, -48.0000,  854.0000, -507.0000, -48.0000,  102, 99, 0
L 828.0000, -517.0000, -48.0000,  842.0000, -505.0000, -48.0000,  102, 99, 0
L 825.0000, -533.0000, -52.0000,  828.0000, -517.0000, -48.0000,  102, 99, 0
L 798.0000, -560.0000, -39.0000,  825.0000, -533.0000, -52.0000,  102, 99, 0
L 786.0000, -561.0000, -34.0000,  798.0000, -560.0000, -39.0000,  102, 99, 0
L 772.0000, -573.0000, -34.0000,  786.0000, -561.0000, -34.0000,  102, 99, 0
L 770.0000, -584.0000, -34.0000,  772.0000, -573.0000, -34.0000,  102, 99, 0
L 782.0000, -599.0000, -34.0000,  770.0000, -584.0000, -34.0000,  102, 99, 0
L 798.0000, -601.0000, -38.0000,  782.0000, -599.0000, -34.0000,  102, 99, 0
L 825.0000, -628.0000, -25.0000,  798.0000, -601.0000, -38.0000,  102, 99, 0
L 828.0000, -642.0000, -24.0000,  825.0000, -628.0000, -25.0000,  102, 99, 0
L 842.0000, -643.0000, -24.0000,  828.0000, -642.0000, -24.0000,  102, 99, 0
L 842.0000, -659.0000, -24.0000,  842.0000, -643.0000, -24.0000,  102, 99, 0
L 798.0000, -659.0000, -24.0000,  842.0000, -659.0000, -24.0000,  102, 99, 0
L 798.0000, -668.0000, -24.0000,  798.0000, -659.0000, -24.0000,  102, 99, 0
L 797.0000, -673.0000, -24.0000,  798.0000, -668.0000, -24.0000,  102, 99, 0
L 770.0000, -700.0000, -21.0000,  797.0000, -673.0000, -24.0000,  102, 99, 0
L 770.0000, -727.0000, -13.0000,  770.0000, -700.0000, -21.0000,  102, 99, 0
L 797.0000, -754.0000, -24.0000,  770.0000, -727.0000, -13.0000,  102, 99, 0
L 798.0000, -759.0000, -24.0000,  797.0000, -754.0000, -24.0000,  102, 99, 0
L 798.0000, -810.0000, -11.0000,  798.0000, -759.0000, -24.0000,  102, 99, 0
L 795.0000, -815.0000, -10.0000,  798.0000, -810.0000, -11.0000,  102, 99, 0
L 783.0000, -827.0000, -9.0000,  795.0000, -815.0000, -10.0000,  102, 99, 0
L 756.0000, -841.0000, 6.0000,  783.0000, -827.0000, -9.0000,  102, 99, 0
L 728.0000, -869.0000, 3.0000,  756.0000, -841.0000, 6.0000,  102, 99, 0
L 728.0000, -869.0000, 34.0000,  728.0000, -869.0000, 3.0000,  102, 99, 0
L -428.0000, -827.0000, -12.0000,  -428.0000, -831.0000, -12.0000,  0, 0, 255
L -435.0000, -827.0000, -12.0000,  -428.0000, -827.0000, -12.0000,  0, 0, 255
L -435.0000, -831.0000, -12.0000,  -435.0000, -827.0000, -12.0000,  0, 0, 255
L -428.0000, -831.0000, -120.0000,  -435.0000, -831.0000, -12.0000,  0, 0, 255
L -440.0000, -921.0000, -12.0000,  -440.0000, -917.0000, -12.0000,  0, 0, 255
L -447.0000, -921.0000, -12.0000,  -440.0000, -921.0000, -12.0000,  0, 0, 255
L -447.0000, -917.0000, -12.0000,  -447.0000, -921.0000, -12.0000,  0, 0, 255
L -440.0000, -917.0000, -120.0000,  -447.0000, -917.0000, -12.0000,  0, 0, 255
L -459.0000, -903.0000, -12.0000,  -459.0000, -907.0000, -12.0000,  0, 0, 255
L -452.0000, -903.0000, -12.0000,  -459.0000, -903.0000, -12.0000,  0, 0, 255
L -452.0000, -907.0000, -12.0000,  -452.0000, -903.0000, -12.0000,  0, 0, 255
L -459.0000, -907.0000, -120.0000,  -452.0000, -907.0000, -12.0000,  0, 0, 255
L -463.0000, -921.0000, -12.0000,  -463.0000, -917.0000, -12.0000,  0, 0, 255
L -471.0000, -921.0000, -12.0000,  -463.0000, -921.0000, -12.0000,  0, 0, 255
L -471.0000, -917.0000, -12.0000,  -471.0000, -921.0000, -12.0000,  0, 0, 255
L -463.0000, -917.0000, -120.0000,  -471.0000, -917.0000, -12.0000,  0, 0, 255
L -490.0000, -877.0000, -12.0000,  -486.0000, -877.0000, -12.0000,  0, 0, 255
L -490.0000, -870.0000, -12.0000,  -490.0000, -877.0000, -12.0000,  0, 0, 255
L -486.0000, -870.0000, -12.0000,  -490.0000, -870.0000, -12.0000,  0, 0, 255
L -486.0000, -877.0000, -120.0000,  -486.0000, -870.0000, -12.0000,  0, 0, 255
L -655.0000, -1264.0000, -1.0000,  -647.0000, -1264.0000, -1.0000,  255, 255, 0
L -655.0000, -1285.0000, -1.0000,  -655.0000, -1264.0000, -1.0000,  255, 255, 0
L -673.0000, -1303.0000, -1.0000,  -655.0000, -1285.0000, -1.0000,  255, 255, 0
L -697.0000, -1303.0000, -1.0000,  -673.0000, -1303.0000, -1.0000,  255, 255, 0
L -715.0000, -1285.0000, -1.0000,  -697.0000, -1303.0000, -1.0000,  255, 255, 0
L -715.0000, -1264.0000, -1.0000,  -715.0000, -1285.0000, -1.0000,  255, 255, 0
L -724.0000, -1264.0000, -22.0000,  -715.0000, -1264.0000, -1.0000,  255, 255, 0
L -689.0000, -1313.0000, -2.0000,  -689.0000, -1317.0000, -2.0000,  0, 0, 255
L -682.0000, -1313.0000, -2.0000,  -689.0000, -1313.0000, -2.0000,  0, 0, 255
L -682.0000, -1317.0000, -2.0000,  -682.0000, -1313.0000, -2.0000,  0, 0, 255
L -689.0000, -1317.0000, -22.0000,  -682.0000, -1317.0000, -2.0000,  0, 0, 255
L -642.0000, -1277.0000, -3.0000,  -646.0000, -1277.0000, -3.0000,  0, 0, 255
L -642.0000, -1270.0000, -3.0000,  -642.0000, -1277.0000, -3.0000,  0, 0, 255
L -646.0000, -1270.0000, -3.0000,  -642.0000, -1270.0000, -3.0000,  0, 0, 255
L -646.0000, -1277.0000, -38.0000,  -646.0000, -1270.0000, -3.0000,  0, 0, 255
L -673.0000, -1280.0000, -3.0000,  -678.0000, -1286.0000, -3.0000,  0, 0, 255
L -672.0000, -1267.0000, -3.0000,  -673.0000, -1280.0000, -3.0000,  0, 0, 255
L -678.0000, -1260.0000, -3.0000,  -672.0000, -1267.0000, -3.0000,  0, 0, 255
L -693.0000, -1260.0000, -3.0000,  -678.0000, -1260.0000, -3.0000,  0, 0, 255
L -698.0000, -1266.0000, -3.0000,  -693.0000, -1260.0000, -3.0000,  0, 0, 255
L -699.0000, -1279.0000, -3.0000,  -698.0000, -1266.0000, -3.0000,  0, 0, 255
L -692.0000, -1286.0000, -3.0000,  -699.0000, -1279.0000, -3.0000,  0, 0, 255
L -679.0000, -1286.0000, -3.0000,  -692.0000, -1286.0000, -3.0000,  0, 0, 255
L -672.0000, -1280.0000, -3.0000,  -679.0000, -1286.0000, -3.0000,  0, 0, 255
L -673.0000, -1266.0000, -3.0000,  -672.0000, -1280.0000, -3.0000,  0, 0, 255
L -678.0000, -1260.0000, -3.0000,  -673.0000, -1266.0000, -3.0000,  0, 0, 255
L -692.0000, -1260.0000, -3.0000,  -678.0000, -1260.0000, -3.0000,  0, 0, 255
L -698.0000, -1266.0000, -37.0000,  -692.0000, -1260.0000, -3.0000,  0, 0, 255
L -724.0000, -1286.0000, -3.0000,  -724.0000, -1260.0000, -3.0000,  0, 255, 255
L -698.0000, -1312.0000, -3.0000,  -724.0000, -1286.0000, -3.0000,  0, 255, 255
L -672.0000, -1312.0000, -3.0000,  -698.0000, -1312.0000, -3.0000,  0, 255, 255
L -647.0000, -1286.0000, -3.0000,  -672.0000, -1312.0000, -3.0000,  0, 255, 255
L -647.0000, -1260.0000, -3.0000,  -647.0000, -1286.0000, -3.0000,  0, 255, 255
L -672.0000, -1234.0000, -3.0000,  -647.0000, -1260.0000, -3.0000,  0, 255, 255
L -698.0000, -1234.0000, -3.0000,  -672.0000, -1234.0000, -3.0000,  0, 255, 255
L -724.0000, -1260.0000, -38.0000,  -698.0000, -1234.0000, -3.0000,  0, 255, 255
L -725.0000, -1277.0000, -3.0000,  -729.0000, -1277.0000, -3.0000,  0, 0, 255
L -725.0000, -1269.0000, -3.0000,  -725.0000, -1277.0000, -3.0000,  0, 0, 255
L -729.0000, -1269.0000, -3.0000,  -725.0000, -1269.0000, -3.0000,  0, 0, 255
L -729.0000, -1277.0000, -38.0000,  -729.0000, -1269.0000, -3.0000,  0, 0, 255
L -751.0000, -1277.0000, -3.0000,  -751.0000, -1269.0000, -3.0000,  0, 255, 255
L -738.0000, -1277.0000, -3.0000,  -751.0000, -1277.0000, -3.0000,  0, 255, 255
L -738.0000, -1326.0000, -2.0000,  -738.0000, -1277.0000, -3.0000,  0, 255, 255
L -633.0000, -1326.0000, -2.0000,  -738.0000, -1326.0000, -2.0000,  0, 255, 255
L -633.0000, -1277.0000, -3.0000,  -633.0000, -1326.0000, -2.0000,  0, 255, 255
L -619.0000, -1277.0000, -3.0000,  -633.0000, -1277.0000, -3.0000,  0, 255, 255
L -619.0000, -1269.0000, -3.0000,  -619.0000, -1277.0000, -3.0000,  0, 255, 255
L -640.0000, -1269.0000, -3.0000,  -619.0000, -1269.0000, -3.0000,  0, 255, 255
L -640.0000, -1318.0000, -2.0000,  -640.0000, -1269.0000, -3.0000,  0, 255, 255
L -730.0000, -1318.0000, -2.0000,  -640.0000, -1318.0000, -2.0000,  0, 255, 255
L -730.0000, -1269.0000, -3.0000,  -730.0000, -1318.0000, -2.0000,  0, 255, 255
L -751.0000, -1269.0000, -38.0000,  -730.0000, -1269.0000, -3.0000,  0, 255, 255
L -754.0000, -1277.0000, -3.0000,  -757.0000, -1277.0000, -3.0000,  0, 0, 255
L -754.0000, -1269.0000, -3.0000,  -754.0000, -1277.0000, -3.0000,  0, 0, 255
L -757.0000, -1269.0000, -3.0000,  -754.0000, -1269.0000, -3.0000,  0, 0, 255
L -757.0000, -1277.0000, -38.0000,  -757.0000, -1269.0000, -3.0000,  0, 0, 255
L -829.0000, -925.0000, -8.0000,  -829.0000, -922.0000, -8.0000,  0, 0, 255
L -836.0000, -925.0000, -8.0000,  -829.0000, -925.0000, -8.0000,  0, 0, 255
L -836.0000, -922.0000, -8.0000,  -836.0000, -925.0000, -8.0000,  0, 0, 255
L -829.0000, -922.0000, -80.0000,  -836.0000, -922.0000, -8.0000,  0, 0, 255
L -852.0000, -660.0000, -8.0000,  -852.0000, -667.0000, -8.0000,  0, 0, 255
L -848.0000, -660.0000, -8.0000,  -852.0000, -660.0000, -8.0000,  0, 0, 255
L -848.0000, -667.0000, -8.0000,  -848.0000, -660.0000, -8.0000,  0, 0, 255
L -852.0000, -667.0000, -80.0000,  -848.0000, -667.0000, -8.0000,  0, 0, 255
L -870.0000, -787.0000, -8.0000,  -866.0000, -787.0000, -8.0000,  0, 0, 255
L -870.0000, -794.0000, -8.0000,  -870.0000, -787.0000, -8.0000,  0, 0, 255
L -866.0000, -794.0000, -8.0000,  -870.0000, -794.0000, -8.0000,  0, 0, 255
L -866.0000, -787.0000, -80.0000,  -866.0000, -794.0000, -8.0000,  0, 0, 255
L -827.0000, -660.0000, -5.0000,  -831.0000, -660.0000, -5.0000,  0, 0, 255
L -827.0000, -667.0000, -5.0000,  -827.0000, -660.0000, -5.0000,  0, 0, 255
L -831.0000, -667.0000, -5.0000,  -827.0000, -667.0000, -5.0000,  0, 0, 255
L -831.0000, -660.0000, -54.0000,  -831.0000, -667.0000, -5.0000,  0, 0, 255
L -836.0000, -655.0000, -5.0000,  -836.0000, -659.0000, -5.0000,  0, 0, 255
L -843.0000, -655.0000, -5.0000,  -836.0000, -655.0000, -5.0000,  0, 0, 255
L -843.0000, -659.0000, -5.0000,  -843.0000, -655.0000, -5.0000,  0, 0, 255
L -836.0000, -659.0000, -54.0000,  -843.0000, -659.0000, -5.0000,  0, 0, 255
L -902.0000, -720.0000, -6.0000,  -902.0000, -716.0000, -6.0000,  0, 0, 255
L -895.0000, -720.0000, -6.0000,  -902.0000, -720.0000, -6.0000,  0, 0, 255
L -895.0000, -716.0000, -6.0000,  -895.0000, -720.0000, -6.0000,  0, 0, 255
L -902.0000, -716.0000, -68.0000,  -895.0000, -716.0000, -6.0000,  0, 0, 255
L -843.0000, -720.0000, -5.0000,  -843.0000, -716.0000, -5.0000,  0, 0, 255
L -835.0000, -720.0000, -5.0000,  -843.0000, -720.0000, -5.0000,  0, 0, 255
L -835.0000, -716.0000, -5.0000,  -835.0000, -720.0000, -5.0000,  0, 0, 255
L -843.0000, -716.0000, -54.0000,  -835.0000, -716.0000, -5.0000,  0, 0, 255
L -777.0000, -716.0000, -6.0000,  -777.0000, -720.0000, -6.0000,  0, 0, 255
L -784.0000, -716.0000, -6.0000,  -777.0000, -716.0000, -6.0000,  0, 0, 255
L -784.0000, -720.0000, -6.0000,  -784.0000, -716.0000, -6.0000,  0, 0, 255
L -777.0000, -720.0000, -68.0000,  -784.0000, -720.0000, -6.0000,  0, 0, 255
L -809.0000, -794.0000, -8.0000,  -812.0000, -794.0000, -8.0000,  0, 0, 255
L -809.0000, -787.0000, -8.0000,  -809.0000, -794.0000, -8.0000,  0, 0, 255
L -812.0000, -787.0000, -8.0000,  -809.0000, -787.0000, -8.0000,  0, 0, 255
L -812.0000, -794.0000, -80.0000,  -812.0000, -787.0000, -8.0000,  0, 0, 255
L -864.0000, -842.0000, -8.0000,  -864.0000, -838.0000, -8.0000,  0, 0, 255
L -857.0000, -842.0000, -8.0000,  -864.0000, -842.0000, -8.0000,  0, 0, 255
L -857.0000, -838.0000, -8.0000,  -857.0000, -842.0000, -8.0000,  0, 0, 255
L -864.0000, -838.0000, -80.0000,  -857.0000, -838.0000, -8.0000,  0, 0, 255
L -815.0000, -838.0000, -8.0000,  -815.0000, -842.0000, -8.0000,  0, 0, 255
L -822.0000, -838.0000, -8.0000,  -815.0000, -838.0000, -8.0000,  0, 0, 255
L -822.0000, -842.0000, -8.0000,  -822.0000, -838.0000, -8.0000,  0, 0, 255
L -815.0000, -842.0000, -80.0000,  -822.0000, -842.0000, -8.0000,  0, 0, 255
L 100.0000, -876.0000, 1.0000,  97.0000, -876.0000, 1.0000,  0, 0, 255
L 100.0000, -870.0000, 1.0000,  100.0000, -876.0000, 1.0000,  0, 0, 255
L 97.0000, -870.0000, 1.0000,  100.0000, -870.0000, 1.0000,  0, 0, 255
L 97.0000, -876.0000, 18.0000,  97.0000, -870.0000, 1.0000,  0, 0, 255
L 96.0000, -877.0000, 1.0000,  45.0000, -877.0000, 0.0000,  0, 255, 255
L 102.0000, -878.0000, 1.0000,  96.0000, -877.0000, 1.0000,  0, 255, 255
L 103.0000, -882.0000, 1.0000,  102.0000, -878.0000, 1.0000,  0, 255, 255
L 100.0000, -885.0000, 1.0000,  103.0000, -882.0000, 1.0000,  0, 255, 255
L 97.0000, -884.0000, 1.0000,  100.0000, -885.0000, 1.0000,  0, 255, 255
L 80.0000, -902.0000, 2.0000,  97.0000, -884.0000, 1.0000,  0, 255, 255
L 88.0000, -912.0000, 1.0000,  80.0000, -902.0000, 2.0000,  0, 255, 255
L 83.0000, -915.0000, 1.0000,  88.0000, -912.0000, 1.0000,  0, 255, 255
L 82.0000, -914.0000, 1.0000,  83.0000, -915.0000, 1.0000,  0, 255, 255
L 71.0000, -914.0000, 1.0000,  82.0000, -914.0000, 1.0000,  0, 255, 255
L 59.0000, -926.0000, 1.0000,  71.0000, -914.0000, 1.0000,  0, 255, 255
L 59.0000, -936.0000, 1.0000,  59.0000, -926.0000, 1.0000,  0, 255, 255
L 72.0000, -948.0000, 1.0000,  59.0000, -936.0000, 1.0000,  0, 255, 255
L 82.0000, -948.0000, 1.0000,  72.0000, -948.0000, 1.0000,  0, 255, 255
L 93.0000, -936.0000, 1.0000,  82.0000, -948.0000, 1.0000,  0, 255, 255
L 93.0000, -926.0000, 1.0000,  93.0000, -936.0000, 1.0000,  0, 255, 255
L 96.0000, -919.0000, 1.0000,  93.0000, -926.0000, 1.0000,  0, 255, 255
L 114.0000, -901.0000, 1.0000,  96.0000, -919.0000, 1.0000,  0, 255, 255
L 107.0000, -893.0000, 1.0000,  114.0000, -901.0000, 1.0000,  0, 255, 255
L 110.0000, -889.0000, 1.0000,  107.0000, -893.0000, 1.0000,  0, 255, 255
L 113.0000, -889.0000, 1.0000,  110.0000, -889.0000, 1.0000,  0, 255, 255
L 124.0000, -890.0000, 1.0000,  113.0000, -889.0000, 1.0000,  0, 255, 255
L 136.0000, -878.0000, 1.0000,  124.0000, -890.0000, 1.0000,  0, 255, 255
L 136.0000, -868.0000, 1.0000,  136.0000, -878.0000, 1.0000,  0, 255, 255
L 124.0000, -856.0000, 1.0000,  136.0000, -868.0000, 1.0000,  0, 255, 255
L 113.0000, -856.0000, 1.0000,  124.0000, -856.0000, 1.0000,  0, 255, 255
L 96.0000, -869.0000, 1.0000,  113.0000, -856.0000, 1.0000,  0, 255, 255
L 45.0000, -869.0000, 0.0000,  96.0000, -869.0000, 1.0000,  0, 255, 255
L 45.0000, -877.0000, 3.0000,  45.0000, -869.0000, 0.0000,  0, 255, 255
L 45.0000, -879.0000, 0.0000,  45.0000, -882.0000, 0.0000,  0, 0, 255
L 52.0000, -879.0000, 0.0000,  45.0000, -879.0000, 0.0000,  0, 0, 255
L 52.0000, -882.0000, 0.0000,  52.0000, -879.0000, 0.0000,  0, 0, 255
L 45.0000, -882.0000, 3.0000,  52.0000, -882.0000, 0.0000,  0, 0, 255
L 896.0000, -568.0000, -7.0000,  853.0000, -548.0000, -7.0000,  0, 0, 255
L 894.0000, -574.0000, -7.0000,  896.0000, -568.0000, -7.0000,  0, 0, 255
L 894.0000, -576.0000, -7.0000,  894.0000, -574.0000, -7.0000,  0, 0, 255
L 898.0000, -582.0000, -6.0000,  894.0000, -576.0000, -7.0000,  0, 0, 255
L 895.0000, -582.0000, -6.0000,  898.0000, -582.0000, -6.0000,  0, 0, 255
L 890.0000, -585.0000, -6.0000,  895.0000, -582.0000, -6.0000,  0, 0, 255
L 885.0000, -593.0000, -6.0000,  890.0000, -585.0000, -6.0000,  0, 0, 255
L 885.0000, -598.0000, -6.0000,  885.0000, -593.0000, -6.0000,  0, 0, 255
L 852.0000, -613.0000, -7.0000,  885.0000, -598.0000, -6.0000,  0, 0, 255
L 840.0000, -613.0000, -7.0000,  852.0000, -613.0000, -7.0000,  0, 0, 255
L 813.0000, -586.0000, -7.0000,  840.0000, -613.0000, -7.0000,  0, 0, 255
L 813.0000, -574.0000, -6.0000,  813.0000, -586.0000, -7.0000,  0, 0, 255
L 840.0000, -548.0000, -6.0000,  813.0000, -574.0000, -6.0000,  0, 0, 255
L 853.0000, -548.0000, -77.0000,  840.0000, -548.0000, -6.0000,  0, 0, 255
L 828.0000, -702.0000, -2.0000,  827.0000, -706.0000, -2.0000,  0, 0, 255
L 827.0000, -692.0000, -2.0000,  828.0000, -702.0000, -2.0000,  0, 0, 255
L 830.0000, -694.0000, -1.0000,  827.0000, -692.0000, -2.0000,  0, 0, 255
L 817.0000, -680.0000, -2.0000,  830.0000, -694.0000, -1.0000,  0, 0, 255
L 806.0000, -686.0000, -2.0000,  817.0000, -680.0000, -2.0000,  0, 0, 255
L 812.0000, -700.0000, -2.0000,  806.0000, -686.0000, -2.0000,  0, 0, 255
L 798.0000, -703.0000, -2.0000,  812.0000, -700.0000, -2.0000,  0, 0, 255
L 793.0000, -708.0000, -2.0000,  798.0000, -703.0000, -2.0000,  0, 0, 255
L 792.0000, -720.0000, -2.0000,  793.0000, -708.0000, -2.0000,  0, 0, 255
L 797.0000, -724.0000, -2.0000,  792.0000, -720.0000, -2.0000,  0, 0, 255
L 811.0000, -724.0000, -2.0000,  797.0000, -724.0000, -2.0000,  0, 0, 255
L 815.0000, -719.0000, -2.0000,  811.0000, -724.0000, -2.0000,  0, 0, 255
L 817.0000, -705.0000, -2.0000,  815.0000, -719.0000, -2.0000,  0, 0, 255
L 828.0000, -706.0000, -22.0000,  817.0000, -705.0000, -2.0000,  0, 0, 255
L -600.0000, -815.0000, -11.0000,  -603.0000, -815.0000, -11.0000,  0, 0, 255
L -600.0000, -822.0000, -11.0000,  -600.0000, -815.0000, -11.0000,  0, 0, 255
L -603.0000, -822.0000, -11.0000,  -600.0000, -822.0000, -11.0000,  0, 0, 255
L -603.0000, -815.0000, -118.0000,  -603.0000, -822.0000, -11.0000,  0, 0, 255
L -660.0000, -975.0000, -8.0000,  -657.0000, -975.0000, -8.0000,  0, 0, 255
L -660.0000, -968.0000, -8.0000,  -660.0000, -975.0000, -8.0000,  0, 0, 255
L -657.0000, -968.0000, -8.0000,  -660.0000, -968.0000, -8.0000,  0, 0, 255
L -657.0000, -975.0000, -81.0000,  -657.0000, -968.0000, -8.0000,  0, 0, 255
L -189.0000, -479.0000, 4.0000,  -189.0000, -486.0000, 4.0000,  255, 0, 255
L -213.0000, -455.0000, 4.0000,  -189.0000, -479.0000, 4.0000,  255, 0, 255
L -220.0000, -455.0000, 4.0000,  -213.0000, -455.0000, 4.0000,  255, 0, 255
L -244.0000, -479.0000, 4.0000,  -220.0000, -455.0000, 4.0000,  255, 0, 255
L -244.0000, -486.0000, 4.0000,  -244.0000, -479.0000, 4.0000,  255, 0, 255
L -220.0000, -510.0000, 4.0000,  -244.0000, -486.0000, 4.0000,  255, 0, 255
L -213.0000, -510.0000, 4.0000,  -220.0000, -510.0000, 4.0000,  255, 0, 255
L -189.0000, -486.0000, 4.0000,  -213.0000, -510.0000, 4.0000,  255, 0, 255
L -190.0000, -484.0000, 4.0000,  -189.0000, -486.0000, 4.0000,  255, 0, 255
L -190.0000, -480.0000, 4.0000,  -190.0000, -484.0000, 4.0000,  255, 0, 255
L -189.0000, -479.0000, 4.0000,  -190.0000, -480.0000, 4.0000,  255, 0, 255
L -213.0000, -455.0000, 44.0000,  -189.0000, -479.0000, 4.0000,  255, 0, 255
L -617.0000, -1277.0000, -3.0000,  -614.0000, -1277.0000, -3.0000,  0, 0, 255
L -617.0000, -1269.0000, -3.0000,  -617.0000, -1277.0000, -3.0000,  0, 0, 255
L -614.0000, -1269.0000, -3.0000,  -617.0000, -1269.0000, -3.0000,  0, 0, 255
L -614.0000, -1277.0000, -38.0000,  -614.0000, -1269.0000, -3.0000,  0, 0, 255
L -864.0000, -1079.0000, -3.0000,  -864.0000, -1075.0000, -3.0000,  0, 0, 255
L -871.0000, -1079.0000, -3.0000,  -864.0000, -1079.0000, -3.0000,  0, 0, 255
L -871.0000, -1075.0000, -3.0000,  -871.0000, -1079.0000, -3.0000,  0, 0, 255
L -864.0000, -1075.0000, -38.0000,  -871.0000, -1075.0000, -3.0000,  0, 0, 255
L -871.0000, -1093.0000, -3.0000,  -871.0000, -1080.0000, -3.0000,  0, 255, 255
L -917.0000, -1093.0000, -3.0000,  -871.0000, -1093.0000, -3.0000,  0, 255, 255
L -917.0000, -1151.0000, -3.0000,  -917.0000, -1093.0000, -3.0000,  0, 255, 255
L -909.0000, -1151.0000, -3.0000,  -917.0000, -1151.0000, -3.0000,  0, 255, 255
L -909.0000, -1101.0000, -3.0000,  -909.0000, -1151.0000, -3.0000,  0, 255, 255
L -863.0000, -1101.0000, -3.0000,  -909.0000, -1101.0000, -3.0000,  0, 255, 255
L -863.0000, -1080.0000, -3.0000,  -863.0000, -1101.0000, -3.0000,  0, 255, 255
L -871.0000, -1080.0000, -38.0000,  -863.0000, -1080.0000, -3.0000,  0, 255, 255
L -918.0000, -1100.0000, -3.0000,  -921.0000, -1100.0000, -3.0000,  0, 0, 255
L -918.0000, -1093.0000, -3.0000,  -918.0000, -1100.0000, -3.0000,  0, 0, 255
L -921.0000, -1093.0000, -3.0000,  -918.0000, -1093.0000, -3.0000,  0, 0, 255
L -921.0000, -1100.0000, -38.0000,  -921.0000, -1093.0000, -3.0000,  0, 0, 255
L -923.0000, -1143.0000, -2.0000,  -909.0000, -1143.0000, -2.0000,  153, 153, 153
L -923.0000, -1093.0000, -3.0000,  -923.0000, -1143.0000, -2.0000,  153, 153, 153
L -931.0000, -1093.0000, -3.0000,  -923.0000, -1093.0000, -3.0000,  153, 153, 153
L -931.0000, -1151.0000, -2.0000,  -931.0000, -1093.0000, -3.0000,  153, 153, 153
L -909.0000, -1151.0000, -2.0000,  -931.0000, -1151.0000, -2.0000,  153, 153, 153
L -909.0000, -1143.0000, -24.0000,  -909.0000, -1151.0000, -2.0000,  153, 153, 153
L -907.0000, -1150.0000, -2.0000,  -904.0000, -1150.0000, -2.0000,  0, 0, 255
L -907.0000, -1143.0000, -2.0000,  -907.0000, -1150.0000, -2.0000,  0, 0, 255
L -904.0000, -1143.0000, -2.0000,  -907.0000, -1143.0000, -2.0000,  0, 0, 255
L -904.0000, -1150.0000, -24.0000,  -904.0000, -1143.0000, -2.0000,  0, 0, 255
L -855.0000, -1155.0000, -1.0000,  -840.0000, -1159.0000, -2.0000,  153, 153, 153
L -855.0000, -1138.0000, -1.0000,  -855.0000, -1155.0000, -1.0000,  153, 153, 153
L -840.0000, -1135.0000, -20.0000,  -855.0000, -1138.0000, -1.0000,  153, 153, 153
L -859.0000, -1135.0000, -1.0000,  -856.0000, -1120.0000, -2.0000,  153, 153, 153
L -875.0000, -1135.0000, -1.0000,  -859.0000, -1135.0000, -1.0000,  153, 153, 153
L -880.0000, -1121.0000, -20.0000,  -875.0000, -1135.0000, -1.0000,  153, 153, 153
L -879.0000, -1138.0000, -1.0000,  -895.0000, -1135.0000, -2.0000,  153, 153, 153
L -879.0000, -1155.0000, -1.0000,  -879.0000, -1138.0000, -1.0000,  153, 153, 153
L -894.0000, -1158.0000, -20.0000,  -879.0000, -1155.0000, -1.0000,  153, 153, 153
L -876.0000, -1160.0000, -1.0000,  -880.0000, -1174.0000, -2.0000,  153, 153, 153
L -858.0000, -1160.0000, -1.0000,  -876.0000, -1160.0000, -1.0000,  153, 153, 153
L -855.0000, -1174.0000, -20.0000,  -858.0000, -1160.0000, -1.0000,  153, 153, 153
L -840.0000, -1159.0000, -2.0000,  -855.0000, -1174.0000, -2.0000,  153, 153, 153
L -840.0000, -1135.0000, -2.0000,  -840.0000, -1159.0000, -2.0000,  153, 153, 153
L -855.0000, -1120.0000, -2.0000,  -840.0000, -1135.0000, -2.0000,  153, 153, 153
L -879.0000, -1120.0000, -2.0000,  -855.0000, -1120.0000, -2.0000,  153, 153, 153
L -895.0000, -1136.0000, -2.0000,  -879.0000, -1120.0000, -2.0000,  153, 153, 153
L -895.0000, -1159.0000, -2.0000,  -895.0000, -1136.0000, -2.0000,  153, 153, 153
L -880.0000, -1174.0000, -2.0000,  -895.0000, -1159.0000, -2.0000,  153, 153, 153
L -855.0000, -1174.0000, -24.0000,  -880.0000, -1174.0000, -2.0000,  153, 153, 153
L -854.0000, -1183.0000, -2.0000,  -880.0000, -1183.0000, -2.0000,  153, 153, 153
L -831.0000, -1160.0000, -2.0000,  -854.0000, -1183.0000, -2.0000,  153, 153, 153
L -831.0000, -1134.0000, -2.0000,  -831.0000, -1160.0000, -2.0000,  153, 153, 153
L -853.0000, -1111.0000, -2.0000,  -831.0000, -1134.0000, -2.0000,  153, 153, 153
L -880.0000, -1111.0000, -2.0000,  -853.0000, -1111.0000, -2.0000,  153, 153, 153
L -903.0000, -1134.0000, -2.0000,  -880.0000, -1111.0000, -2.0000,  153, 153, 153
L -903.0000, -1160.0000, -2.0000,  -903.0000, -1134.0000, -2.0000,  153, 153, 153
L -880.0000, -1183.0000, -24.0000,  -903.0000, -1160.0000, -2.0000,  153, 153, 153
L -855.0000, -1182.0000, -2.0000,  -879.0000, -1182.0000, -2.0000,  0, 255, 255
L -832.0000, -1159.0000, -2.0000,  -855.0000, -1182.0000, -2.0000,  0, 255, 255
L -832.0000, -1134.0000, -2.0000,  -832.0000, -1159.0000, -2.0000,  0, 255, 255
L -854.0000, -1112.0000, -2.0000,  -832.0000, -1134.0000, -2.0000,  0, 255, 255
L -879.0000, -1112.0000, -2.0000,  -854.0000, -1112.0000, -2.0000,  0, 255, 255
L -902.0000, -1135.0000, -2.0000,  -879.0000, -1112.0000, -2.0000,  0, 255, 255
L -902.0000, -1159.0000, -2.0000,  -902.0000, -1135.0000, -2.0000,  0, 255, 255
L -879.0000, -1182.0000, -24.0000,  -902.0000, -1159.0000, -2.0000,  0, 255, 255
L -871.0000, -1184.0000, -2.0000,  -871.0000, -1187.0000, -2.0000,  0, 0, 255
L -864.0000, -1184.0000, -2.0000,  -871.0000, -1184.0000, -2.0000,  0, 0, 255
L -864.0000, -1187.0000, -2.0000,  -864.0000, -1184.0000, -2.0000,  0, 0, 255
L -871.0000, -1187.0000, -24.0000,  -864.0000, -1187.0000, -2.0000,  0, 0, 255
L -820.0000, -1199.0000, -3.0000,  -820.0000, -1202.0000, -3.0000,  0, 0, 255
L -813.0000, -1199.0000, -3.0000,  -820.0000, -1199.0000, -3.0000,  0, 0, 255
L -813.0000, -1202.0000, -3.0000,  -813.0000, -1199.0000, -3.0000,  0, 0, 255
L -820.0000, -1202.0000, -38.0000,  -813.0000, -1202.0000, -3.0000,  0, 0, 255
L -864.0000, -1203.0000, -2.0000,  -813.0000, -1203.0000, -3.0000,  153, 153, 153
L -864.0000, -1189.0000, -2.0000,  -864.0000, -1203.0000, -2.0000,  153, 153, 153
L -871.0000, -1189.0000, -2.0000,  -864.0000, -1189.0000, -2.0000,  153, 153, 153
L -871.0000, -1211.0000, -2.0000,  -871.0000, -1189.0000, -2.0000,  153, 153, 153
L -813.0000, -1211.0000, -3.0000,  -871.0000, -1211.0000, -2.0000,  153, 153, 153
L -813.0000, -1203.0000, -38.0000,  -813.0000, -1211.0000, -3.0000,  153, 153, 153
L -801.0000, -1151.0000, -3.0000,  -801.0000, -1143.0000, -3.0000,  0, 255, 255
L -813.0000, -1151.0000, -3.0000,  -801.0000, -1151.0000, -3.0000,  0, 255, 255
L -813.0000, -1197.0000, -3.0000,  -813.0000, -1151.0000, -3.0000,  0, 255, 255
L -871.0000, -1197.0000, -3.0000,  -813.0000, -1197.0000, -3.0000,  0, 255, 255
L -871.0000, -1188.0000, -3.0000,  -871.0000, -1197.0000, -3.0000,  0, 255, 255
L -821.0000, -1188.0000, -3.0000,  -871.0000, -1188.0000, -3.0000,  0, 255, 255
L -821.0000, -1143.0000, -3.0000,  -821.0000, -1188.0000, -3.0000,  0, 255, 255
L -801.0000, -1143.0000, -38.0000,  -821.0000, -1143.0000, -3.0000,  0, 255, 255
L -799.0000, -1150.0000, -3.0000,  -796.0000, -1150.0000, -3.0000,  0, 0, 255
L -799.0000, -1143.0000, -3.0000,  -799.0000, -1150.0000, -3.0000,  0, 0, 255
L -796.0000, -1143.0000, -3.0000,  -799.0000, -1143.0000, -3.0000,  0, 0, 255
L -796.0000, -1150.0000, -38.0000,  -796.0000, -1143.0000, -3.0000,  0, 0, 255
L -741.0000, -1103.0000, -3.0000,  -721.0000, -1103.0000, -3.0000,  0, 255, 255
L -741.0000, -1123.0000, -3.0000,  -741.0000, -1103.0000, -3.0000,  0, 255, 255
L -721.0000, -1123.0000, -3.0000,  -741.0000, -1123.0000, -3.0000,  0, 255, 255
L -721.0000, -1103.0000, -37.0000,  -721.0000, -1123.0000, -3.0000,  0, 255, 255
L -740.0000, -1101.0000, -3.0000,  -740.0000, -1098.0000, -3.0000,  0, 0, 255
L -733.0000, -1101.0000, -3.0000,  -740.0000, -1101.0000, -3.0000,  0, 0, 255
L -733.0000, -1098.0000, -3.0000,  -733.0000, -1101.0000, -3.0000,  0, 0, 255
L -740.0000, -1098.0000, -37.0000,  -733.0000, -1098.0000, -3.0000,  0, 0, 255
L -709.0000, -1097.0000, -3.0000,  -709.0000, -1073.0000, -3.0000,  0, 255, 255
L -741.0000, -1097.0000, -3.0000,  -709.0000, -1097.0000, -3.0000,  0, 255, 255
L -741.0000, -1073.0000, -3.0000,  -741.0000, -1097.0000, -3.0000,  0, 255, 255
L -709.0000, -1073.0000, -37.0000,  -741.0000, -1073.0000, -3.0000,  0, 255, 255
L -721.0000, -1073.0000, -3.0000,  -721.0000, -1069.0000, -3.0000,  0, 0, 255
L -728.0000, -1073.0000, -3.0000,  -721.0000, -1073.0000, -3.0000,  0, 0, 255
L -728.0000, -1069.0000, -3.0000,  -728.0000, -1073.0000, -3.0000,  0, 0, 255
L -721.0000, -1069.0000, -37.0000,  -728.0000, -1069.0000, -3.0000,  0, 0, 255
L -500.0000, -1076.0000, -3.0000,  -500.0000, -1079.0000, -3.0000,  0, 0, 255
L -507.0000, -1076.0000, -3.0000,  -500.0000, -1076.0000, -3.0000,  0, 0, 255
L -507.0000, -1079.0000, -3.0000,  -507.0000, -1076.0000, -3.0000,  0, 0, 255
L -500.0000, -1079.0000, -38.0000,  -507.0000, -1079.0000, -3.0000,  0, 0, 255
L -508.0000, -1081.0000, -3.0000,  -488.0000, -1081.0000, -3.0000,  0, 255, 255
L -508.0000, -1089.0000, -3.0000,  -508.0000, -1081.0000, -3.0000,  0, 255, 255
L -488.0000, -1089.0000, -3.0000,  -508.0000, -1089.0000, -3.0000,  0, 255, 255
L -488.0000, -1081.0000, -38.0000,  -488.0000, -1089.0000, -3.0000,  0, 255, 255
L -486.0000, -1081.0000, -3.0000,  -483.0000, -1081.0000, -3.0000,  0, 0, 255
L -486.0000, -1088.0000, -3.0000,  -486.0000, -1081.0000, -3.0000,  0, 0, 255
L -483.0000, -1088.0000, -3.0000,  -486.0000, -1088.0000, -3.0000,  0, 0, 255
L -483.0000, -1081.0000, -38.0000,  -483.0000, -1088.0000, -3.0000,  0, 0, 255
L -463.0000, -1098.0000, -3.0000,  -463.0000, -1072.0000, -3.0000,  0, 255, 255
L -466.0000, -1098.0000, -3.0000,  -463.0000, -1098.0000, -3.0000,  0, 255, 255
L -466.0000, -1101.0000, -3.0000,  -466.0000, -1098.0000, -3.0000,  0, 255, 255
L -479.0000, -1101.0000, -3.0000,  -466.0000, -1101.0000, -3.0000,  0, 255, 255
L -480.0000, -1098.0000, -3.0000,  -479.0000, -1101.0000, -3.0000,  0, 255, 255
L -482.0000, -1098.0000, -3.0000,  -480.0000, -1098.0000, -3.0000,  0, 255, 255
L -482.0000, -1072.0000, -3.0000,  -482.0000, -1098.0000, -3.0000,  0, 255, 255
L -479.0000, -1072.0000, -3.0000,  -482.0000, -1072.0000, -3.0000,  0, 255, 255
L -479.0000, -1069.0000, -3.0000,  -479.0000, -1072.0000, -3.0000,  0, 255, 255
L -465.0000, -1069.0000, -3.0000,  -479.0000, -1069.0000, -3.0000,  0, 255, 255
L -465.0000, -1072.0000, -3.0000,  -465.0000, -1069.0000, -3.0000,  0, 255, 255
L -463.0000, -1072.0000, -38.0000,  -465.0000, -1072.0000, -3.0000,  0, 255, 255
L -460.0000, -1081.0000, -3.0000,  -457.0000, -1081.0000, -3.0000,  0, 0, 255
L -460.0000, -1088.0000, -3.0000,  -460.0000, -1081.0000, -3.0000,  0, 0, 255
L -457.0000, -1088.0000, -3.0000,  -460.0000, -1088.0000, -3.0000,  0, 0, 255
L -457.0000, -1081.0000, -38.0000,  -457.0000, -1088.0000, -3.0000,  0, 0, 255
L -442.0000, -1093.0000, -3.0000,  -442.0000, -1127.0000, -3.0000,  0, 255, 255
L -412.0000, -1093.0000, -3.0000,  -442.0000, -1093.0000, -3.0000,  0, 255, 255
L -412.0000, -1096.0000, -3.0000,  -412.0000, -1093.0000, -3.0000,  0, 255, 255
L -409.0000, -1097.0000, -3.0000,  -412.0000, -1096.0000, -3.0000,  0, 255, 255
L -409.0000, -1123.0000, -3.0000,  -409.0000, -1097.0000, -3.0000,  0, 255, 255
L -411.0000, -1127.0000, -3.0000,  -409.0000, -1123.0000, -3.0000,  0, 255, 255
L -442.0000, -1127.0000, -38.0000,  -411.0000, -1127.0000, -3.0000,  0, 255, 255
L -444.0000, -1114.0000, -3.0000,  -447.0000, -1114.0000, -3.0000,  0, 0, 255
L -444.0000, -1106.0000, -3.0000,  -444.0000, -1114.0000, -3.0000,  0, 0, 255
L -447.0000, -1106.0000, -3.0000,  -444.0000, -1106.0000, -3.0000,  0, 0, 255
L -447.0000, -1114.0000, -38.0000,  -447.0000, -1106.0000, -3.0000,  0, 0, 255
L -442.0000, -1185.0000, -3.0000,  -442.0000, -1141.0000, -3.0000,  0, 255, 255
L -399.0000, -1185.0000, -3.0000,  -442.0000, -1185.0000, -3.0000,  0, 255, 255
L -399.0000, -1141.0000, -3.0000,  -399.0000, -1185.0000, -3.0000,  0, 255, 255
L -442.0000, -1141.0000, -38.0000,  -399.0000, -1141.0000, -3.0000,  0, 255, 255
L -444.0000, -1151.0000, -3.0000,  -447.0000, -1151.0000, -3.0000,  0, 0, 255
L -444.0000, -1143.0000, -3.0000,  -444.0000, -1151.0000, -3.0000,  0, 0, 255
L -447.0000, -1143.0000, -3.0000,  -444.0000, -1143.0000, -3.0000,  0, 0, 255
L -447.0000, -1151.0000, -38.0000,  -447.0000, -1143.0000, -3.0000,  0, 0, 255
L -461.0000, -1142.0000, -3.0000,  -461.0000, -1151.0000, -3.0000,  0, 255, 255
L -456.0000, -1142.0000, -3.0000,  -461.0000, -1142.0000, -3.0000,  0, 255, 255
L -456.0000, -1081.0000, -3.0000,  -456.0000, -1142.0000, -3.0000,  0, 255, 255
L -449.0000, -1081.0000, -3.0000,  -456.0000, -1081.0000, -3.0000,  0, 255, 255
L -449.0000, -1151.0000, -3.0000,  -449.0000, -1081.0000, -3.0000,  0, 255, 255
L -461.0000, -1151.0000, -38.0000,  -449.0000, -1151.0000, -3.0000,  0, 255, 255
L -463.0000, -1151.0000, -3.0000,  -466.0000, -1151.0000, -3.0000,  0, 0, 255
L -463.0000, -1143.0000, -3.0000,  -463.0000, -1151.0000, -3.0000,  0, 0, 255
L -466.0000, -1143.0000, -3.0000,  -463.0000, -1143.0000, -3.0000,  0, 0, 255
L -466.0000, -1151.0000, -38.0000,  -466.0000, -1143.0000, -3.0000,  0, 0, 255
L -493.0000, -1236.0000, -3.0000,  -493.0000, -1192.0000, -3.0000,  0, 255, 255
L -450.0000, -1236.0000, -3.0000,  -493.0000, -1236.0000, -3.0000,  0, 255, 255
L -450.0000, -1192.0000, -3.0000,  -450.0000, -1236.0000, -3.0000,  0, 255, 255
L -493.0000, -1192.0000, -38.0000,  -450.0000, -1192.0000, -3.0000,  0, 255, 255
L -520.0000, -1208.0000, -3.0000,  -553.0000, -1208.0000, -3.0000,  0, 255, 255
L -520.0000, -1238.0000, -3.0000,  -520.0000, -1208.0000, -3.0000,  0, 255, 255
L -523.0000, -1242.0000, -3.0000,  -520.0000, -1238.0000, -3.0000,  0, 255, 255
L -550.0000, -1242.0000, -3.0000,  -523.0000, -1242.0000, -3.0000,  0, 255, 255
L -550.0000, -1239.0000, -3.0000,  -550.0000, -1242.0000, -3.0000,  0, 255, 255
L -553.0000, -1238.0000, -3.0000,  -550.0000, -1239.0000, -3.0000,  0, 255, 255
L -553.0000, -1208.0000, -38.0000,  -553.0000, -1238.0000, -3.0000,  0, 255, 255
L -468.0000, -1160.0000, -3.0000,  -490.0000, -1183.0000, -3.0000,  0, 255, 255
L -468.0000, -1134.0000, -3.0000,  -468.0000, -1160.0000, -3.0000,  0, 255, 255
L -490.0000, -1111.0000, -3.0000,  -468.0000, -1134.0000, -3.0000,  0, 255, 255
L -516.0000, -1111.0000, -3.0000,  -490.0000, -1111.0000, -3.0000,  0, 255, 255
L -539.0000, -1134.0000, -3.0000,  -516.0000, -1111.0000, -3.0000,  0, 255, 255
L -539.0000, -1160.0000, -3.0000,  -539.0000, -1134.0000, -3.0000,  0, 255, 255
L -516.0000, -1183.0000, -3.0000,  -539.0000, -1160.0000, -3.0000,  0, 255, 255
L -490.0000, -1183.0000, -38.0000,  -516.0000, -1183.0000, -3.0000,  0, 255, 255
L -500.0000, -1185.0000, -3.0000,  -500.0000, -1188.0000, -3.0000,  0, 0, 255
L -507.0000, -1185.0000, -3.0000,  -500.0000, -1185.0000, -3.0000,  0, 0, 255
L -507.0000, -1188.0000, -3.0000,  -507.0000, -1185.0000, -3.0000,  0, 0, 255
L -500.0000, -1188.0000, -38.0000,  -507.0000, -1188.0000, -3.0000,  0, 0, 255
L -495.0000, -1200.0000, -3.0000,  -498.0000, -1200.0000, -3.0000,  0, 0, 255
L -495.0000, -1193.0000, -3.0000,  -495.0000, -1200.0000, -3.0000,  0, 0, 255
L -498.0000, -1193.0000, -3.0000,  -495.0000, -1193.0000, -3.0000,  0, 0, 255
L -498.0000, -1200.0000, -38.0000,  -498.0000, -1193.0000, -3.0000,  0, 0, 255
L -540.0000, -1206.0000, -3.0000,  -540.0000, -1203.0000, -3.0000,  0, 0, 255
L -533.0000, -1206.0000, -3.0000,  -540.0000, -1206.0000, -3.0000,  0, 0, 255
L -533.0000, -1203.0000, -3.0000,  -533.0000, -1206.0000, -3.0000,  0, 0, 255
L -540.0000, -1203.0000, -38.0000,  -533.0000, -1203.0000, -3.0000,  0, 0, 255
L -507.0000, -1194.0000, -3.0000,  -557.0000, -1194.0000, -3.0000,  0, 255, 255
L -507.0000, -1189.0000, -3.0000,  -507.0000, -1194.0000, -3.0000,  0, 255, 255
L -500.0000, -1189.0000, -3.0000,  -507.0000, -1189.0000, -3.0000,  0, 255, 255
L -500.0000, -1202.0000, -3.0000,  -500.0000, -1189.0000, -3.0000,  0, 255, 255
L -557.0000, -1202.0000, -3.0000,  -500.0000, -1202.0000, -3.0000,  0, 255, 255
L -557.0000, -1194.0000, -38.0000,  -557.0000, -1202.0000, -3.0000,  0, 255, 255
L -557.0000, -1192.0000, -3.0000,  -557.0000, -1189.0000, -3.0000,  0, 0, 255
L -550.0000, -1192.0000, -3.0000,  -557.0000, -1192.0000, -3.0000,  0, 0, 255
L -550.0000, -1189.0000, -3.0000,  -550.0000, -1192.0000, -3.0000,  0, 0, 255
L -557.0000, -1189.0000, -38.0000,  -550.0000, -1189.0000, -3.0000,  0, 0, 255
L -541.0000, -1171.0000, -3.0000,  -541.0000, -1168.0000, -3.0000,  0, 255, 255
L -538.0000, -1171.0000, -3.0000,  -541.0000, -1171.0000, -3.0000,  0, 255, 255
L -538.0000, -1185.0000, -3.0000,  -538.0000, -1171.0000, -3.0000,  0, 255, 255
L -541.0000, -1185.0000, -3.0000,  -538.0000, -1185.0000, -3.0000,  0, 255, 255
L -541.0000, -1188.0000, -3.0000,  -541.0000, -1185.0000, -3.0000,  0, 255, 255
L -567.0000, -1188.0000, -3.0000,  -541.0000, -1188.0000, -3.0000,  0, 255, 255
L -567.0000, -1185.0000, -3.0000,  -567.0000, -1188.0000, -3.0000,  0, 255, 255
L -569.0000, -1185.0000, -3.0000,  -567.0000, -1185.0000, -3.0000,  0, 255, 255
L -569.0000, -1170.0000, -3.0000,  -569.0000, -1185.0000, -3.0000,  0, 255, 255
L -566.0000, -1170.0000, -3.0000,  -569.0000, -1170.0000, -3.0000,  0, 255, 255
L -566.0000, -1168.0000, -3.0000,  -566.0000, -1170.0000, -3.0000,  0, 255, 255
L -541.0000, -1168.0000, -38.0000,  -566.0000, -1168.0000, -3.0000,  0, 255, 255
L -550.0000, -1166.0000, -3.0000,  -550.0000, -1163.0000, -3.0000,  0, 0, 255
L -557.0000, -1166.0000, -3.0000,  -550.0000, -1166.0000, -3.0000,  0, 0, 255
L -557.0000, -1163.0000, -3.0000,  -557.0000, -1166.0000, -3.0000,  0, 0, 255
L -550.0000, -1163.0000, -38.0000,  -557.0000, -1163.0000, -3.0000,  0, 0, 255
L -570.0000, -1152.0000, -3.0000,  -570.0000, -1144.0000, -3.0000,  0, 255, 255
L -557.0000, -1152.0000, -3.0000,  -570.0000, -1152.0000, -3.0000,  0, 255, 255
L -557.0000, -1162.0000, -3.0000,  -557.0000, -1152.0000, -3.0000,  0, 255, 255
L -550.0000, -1162.0000, -3.0000,  -557.0000, -1162.0000, -3.0000,  0, 255, 255
L -550.0000, -1144.0000, -3.0000,  -550.0000, -1162.0000, -3.0000,  0, 255, 255
L -570.0000, -1144.0000, -38.0000,  -550.0000, -1144.0000, -3.0000,  0, 255, 255
L -574.0000, -1144.0000, -3.0000,  -571.0000, -1144.0000, -3.0000,  0, 0, 255
L -574.0000, -1151.0000, -3.0000,  -574.0000, -1144.0000, -3.0000,  0, 0, 255
L -571.0000, -1151.0000, -3.0000,  -574.0000, -1151.0000, -3.0000,  0, 0, 255
L -571.0000, -1144.0000, -38.0000,  -571.0000, -1151.0000, -3.0000,  0, 0, 255
L -699.0000, -1148.0000, -3.0000,  -672.0000, -1148.0000, -3.0000,  0, 0, 255
L -699.0000, -1202.0000, -3.0000,  -699.0000, -1148.0000, -3.0000,  0, 0, 255
L -672.0000, -1202.0000, -3.0000,  -699.0000, -1202.0000, -3.0000,  0, 0, 255
L -672.0000, -1148.0000, -37.0000,  -672.0000, -1202.0000, -3.0000,  0, 0, 255
L -757.0000, -1054.0000, -3.0000,  -757.0000, -1159.0000, -3.0000,  0, 0, 0
L -740.0000, -1054.0000, -3.0000,  -757.0000, -1054.0000, -3.0000,  0, 0, 0
L -739.0000, -1062.0000, -3.0000,  -740.0000, -1054.0000, -3.0000,  0, 0, 0
L -733.0000, -1064.0000, -3.0000,  -739.0000, -1062.0000, -3.0000,  0, 0, 0
L -732.0000, -1068.0000, -3.0000,  -733.0000, -1064.0000, -3.0000,  0, 0, 0
L -708.0000, -1068.0000, -3.0000,  -732.0000, -1068.0000, -3.0000,  0, 0, 0
L -708.0000, -1065.0000, -3.0000,  -708.0000, -1068.0000, -3.0000,  0, 0, 0
L -701.0000, -1062.0000, -3.0000,  -708.0000, -1065.0000, -3.0000,  0, 0, 0
L -700.0000, -1071.0000, -3.0000,  -701.0000, -1062.0000, -3.0000,  0, 0, 0
L -704.0000, -1072.0000, -3.0000,  -700.0000, -1071.0000, -3.0000,  0, 0, 0
L -704.0000, -1096.0000, -3.0000,  -704.0000, -1072.0000, -3.0000,  0, 0, 0
L -703.0000, -1096.0000, -3.0000,  -704.0000, -1096.0000, -3.0000,  0, 0, 0
L -698.0000, -1099.0000, -3.0000,  -703.0000, -1096.0000, -3.0000,  0, 0, 0
L -698.0000, -1103.0000, -3.0000,  -698.0000, -1099.0000, -3.0000,  0, 0, 0
L -690.0000, -1103.0000, -3.0000,  -698.0000, -1103.0000, -3.0000,  0, 0, 0
L -690.0000, -1109.0000, -3.0000,  -690.0000, -1103.0000, -3.0000,  0, 0, 0
L -708.0000, -1109.0000, -3.0000,  -690.0000, -1109.0000, -3.0000,  0, 0, 0
L -708.0000, -1129.0000, -3.0000,  -708.0000, -1109.0000, -3.0000,  0, 0, 0
L -689.0000, -1129.0000, -38.0000,  -708.0000, -1129.0000, -3.0000,  0, 0, 0
L -689.0000, -1135.0000, -3.0000,  -689.0000, -1129.0000, -3.0000,  0, 0, 0
L -739.0000, -1135.0000, -3.0000,  -689.0000, -1135.0000, -3.0000,  0, 0, 0
L -739.0000, -1177.0000, -3.0000,  -739.0000, -1135.0000, -3.0000,  0, 0, 0
L -795.0000, -1177.0000, -3.0000,  -739.0000, -1177.0000, -3.0000,  0, 0, 0
L -795.0000, -1285.0000, -3.0000,  -795.0000, -1177.0000, -3.0000,  0, 0, 0
L -757.0000, -1285.0000, -3.0000,  -795.0000, -1285.0000, -3.0000,  0, 0, 0
L -757.0000, -1258.0000, -3.0000,  -757.0000, -1285.0000, -3.0000,  0, 0, 0
L -727.0000, -1258.0000, -3.0000,  -757.0000, -1258.0000, -3.0000,  0, 0, 0
L -699.0000, -1229.0000, -3.0000,  -727.0000, -1258.0000, -3.0000,  0, 0, 0
L -670.0000, -1229.0000, -3.0000,  -699.0000, -1229.0000, -3.0000,  0, 0, 0
L -642.0000, -1257.0000, -3.0000,  -670.0000, -1229.0000, -3.0000,  0, 0, 0
L -613.0000, -1257.0000, -38.0000,  -642.0000, -1257.0000, -3.0000,  0, 0, 0
L -613.0000, -1285.0000, -3.0000,  -613.0000, -1257.0000, -3.0000,  0, 0, 0
L -576.0000, -1285.0000, -3.0000,  -613.0000, -1285.0000, -3.0000,  0, 0, 0
L -576.0000, -1177.0000, -3.0000,  -576.0000, -1285.0000, -3.0000,  0, 0, 0
L -631.0000, -1177.0000, -3.0000,  -576.0000, -1177.0000, -3.0000,  0, 0, 0
L -631.0000, -1135.0000, -3.0000,  -631.0000, -1177.0000, -3.0000,  0, 0, 0
L -682.0000, -1135.0000, -3.0000,  -631.0000, -1135.0000, -3.0000,  0, 0, 0
L -682.0000, -1129.0000, -3.0000,  -682.0000, -1135.0000, -3.0000,  0, 0, 0
L -663.0000, -1129.0000, -3.0000,  -682.0000, -1129.0000, -3.0000,  0, 0, 0
L -663.0000, -1109.0000, -3.0000,  -663.0000, -1129.0000, -3.0000,  0, 0, 0
L -682.0000, -1109.0000, -3.0000,  -663.0000, -1109.0000, -3.0000,  0, 0, 0
L -682.0000, -1103.0000, -38.0000,  -682.0000, -1109.0000, -3.0000,  0, 0, 0
L -630.0000, -1103.0000, -3.0000,  -682.0000, -1103.0000, -3.0000,  0, 0, 0
L -630.0000, -1083.0000, -3.0000,  -630.0000, -1103.0000, -3.0000,  0, 0, 0
L -613.0000, -1083.0000, -3.0000,  -630.0000, -1083.0000, -3.0000,  0, 0, 0
L -613.0000, -1159.0000, -3.0000,  -613.0000, -1083.0000, -3.0000,  0, 0, 0
L -575.0000, -1159.0000, -3.0000,  -613.0000, -1159.0000, -3.0000,  0, 0, 0
L -575.0000, -1132.0000, -3.0000,  -575.0000, -1159.0000, -3.0000,  0, 0, 0
L -518.0000, -1075.0000, -3.0000,  -575.0000, -1132.0000, -3.0000,  0, 0, 0
L -492.0000, -1075.0000, -3.0000,  -518.0000, -1075.0000, -3.0000,  0, 0, 0
L -492.0000, -1037.0000, -3.0000,  -492.0000, -1075.0000, -3.0000,  0, 0, 0
L -614.0000, -1037.0000, -3.0000,  -492.0000, -1037.0000, -3.0000,  0, 0, 0
L -614.0000, -1072.0000, -3.0000,  -614.0000, -1037.0000, -3.0000,  0, 0, 0
L -630.0000, -1072.0000, -38.0000,  -614.0000, -1072.0000, -3.0000,  0, 0, 0
L -630.0000, -1037.0000, -3.0000,  -630.0000, -1072.0000, -3.0000,  0, 0, 0
L -739.0000, -1037.0000, -3.0000,  -630.0000, -1037.0000, -3.0000,  0, 0, 0
L -739.0000, -1044.0000, -3.0000,  -739.0000, -1037.0000, -3.0000,  0, 0, 0
L -756.0000, -1044.0000, -3.0000,  -739.0000, -1044.0000, -3.0000,  0, 0, 0
L -758.0000, -1039.0000, -3.0000,  -756.0000, -1044.0000, -3.0000,  0, 0, 0
L -759.0000, -1037.0000, -3.0000,  -758.0000, -1039.0000, -3.0000,  0, 0, 0
L -879.0000, -1037.0000, -3.0000,  -759.0000, -1037.0000, -3.0000,  0, 0, 0
L -879.0000, -1075.0000, -3.0000,  -879.0000, -1037.0000, -3.0000,  0, 0, 0
L -852.0000, -1075.0000, -3.0000,  -879.0000, -1075.0000, -3.0000,  0, 0, 0
L -795.0000, -1132.0000, -3.0000,  -852.0000, -1075.0000, -3.0000,  0, 0, 0
L -795.0000, -1159.0000, -3.0000,  -795.0000, -1132.0000, -3.0000,  0, 0, 0
L -757.0000, -1159.0000, -38.0000,  -795.0000, -1159.0000, -3.0000,  0, 0, 0
L -702.0000, -1122.0000, -3.0000,  -702.0000, -1115.0000, -3.0000,  0, 0, 0
L -668.0000, -1122.0000, -3.0000,  -702.0000, -1122.0000, -3.0000,  0, 0, 0
L -668.0000, -1115.0000, -3.0000,  -668.0000, -1122.0000, -3.0000,  0, 0, 0
L -702.0000, -1115.0000, -38.0000,  -668.0000, -1115.0000, -3.0000,  0, 0, 0
L -665.0000, -1070.0000, -3.0000,  -649.0000, -1070.0000, -3.0000,  0, 0, 0
L -666.0000, -1075.0000, -3.0000,  -665.0000, -1070.0000, -3.0000,  0, 0, 0
L -666.0000, -1080.0000, -3.0000,  -666.0000, -1075.0000, -3.0000,  0, 0, 0
L -665.0000, -1086.0000, -3.0000,  -666.0000, -1080.0000, -3.0000,  0, 0, 0
L -649.0000, -1086.0000, -3.0000,  -665.0000, -1086.0000, -3.0000,  0, 0, 0
L -648.0000, -1079.0000, -3.0000,  -649.0000, -1086.0000, -3.0000,  0, 0, 0
L -648.0000, -1075.0000, -3.0000,  -648.0000, -1079.0000, -3.0000,  0, 0, 0
L -649.0000, -1070.0000, -35.0000,  -648.0000, -1075.0000, -3.0000,  0, 0, 0
L -549.0000, -685.0000, -9.0000,  -556.0000, -685.0000, -9.0000,  0, 0, 255
L -549.0000, -674.0000, -9.0000,  -549.0000, -685.0000, -9.0000,  0, 0, 255
L -556.0000, -674.0000, -9.0000,  -549.0000, -674.0000, -9.0000,  0, 0, 255
L -556.0000, -685.0000, -93.0000,  -556.0000, -674.0000, -9.0000,  0, 0, 255
L -568.0000, -695.0000, -9.0000,  -568.0000, -704.0000, -10.0000,  0, 255, 255
L -538.0000, -695.0000, -9.0000,  -568.0000, -695.0000, -9.0000,  0, 255, 255
L -538.0000, -704.0000, -10.0000,  -538.0000, -695.0000, -9.0000,  0, 255, 255
L -538.0000, -710.0000, -10.0000,  -538.0000, -704.0000, -10.0000,  0, 255, 255
L -532.0000, -711.0000, -10.0000,  -538.0000, -710.0000, -10.0000,  0, 255, 255
L -529.0000, -710.0000, -10.0000,  -532.0000, -711.0000, -10.0000,  0, 255, 255
L -527.0000, -709.0000, -10.0000,  -529.0000, -710.0000, -10.0000,  0, 255, 255
L -525.0000, -706.0000, -10.0000,  -527.0000, -709.0000, -10.0000,  0, 255, 255
L -525.0000, -704.0000, -10.0000,  -525.0000, -706.0000, -10.0000,  0, 255, 255
L -525.0000, -696.0000, -9.0000,  -525.0000, -704.0000, -10.0000,  0, 255, 255
L -525.0000, -693.0000, -9.0000,  -525.0000, -696.0000, -9.0000,  0, 255, 255
L -529.0000, -689.0000, -9.0000,  -525.0000, -693.0000, -9.0000,  0, 255, 255
L -532.0000, -688.0000, -9.0000,  -529.0000, -689.0000, -9.0000,  0, 255, 255
L -538.0000, -689.0000, -9.0000,  -532.0000, -688.0000, -9.0000,  0, 255, 255
L -538.0000, -665.0000, -9.0000,  -538.0000, -689.0000, -9.0000,  0, 255, 255
L -549.0000, -665.0000, -9.0000,  -538.0000, -665.0000, -9.0000,  0, 255, 255
L -549.0000, -633.0000, -9.0000,  -549.0000, -665.0000, -9.0000,  0, 255, 255
L -505.0000, -633.0000, -94.0000,  -549.0000, -633.0000, -9.0000,  0, 255, 255
L -499.0000, -633.0000, -9.0000,  -505.0000, -633.0000, -9.0000,  0, 255, 255
L -499.0000, -643.0000, -9.0000,  -499.0000, -633.0000, -9.0000,  0, 255, 255
L -496.0000, -646.0000, -9.0000,  -499.0000, -643.0000, -9.0000,  0, 255, 255
L -495.0000, -646.0000, -9.0000,  -496.0000, -646.0000, -9.0000,  0, 255, 255
L -494.0000, -643.0000, -9.0000,  -495.0000, -646.0000, -9.0000,  0, 255, 255
L -493.0000, -633.0000, -9.0000,  -494.0000, -643.0000, -9.0000,  0, 255, 255
L -480.0000, -633.0000, -9.0000,  -493.0000, -633.0000, -9.0000,  0, 255, 255
L -476.0000, -647.0000, -9.0000,  -480.0000, -633.0000, -9.0000,  0, 255, 255
L -470.0000, -647.0000, -9.0000,  -476.0000, -647.0000, -9.0000,  0, 255, 255
L -465.0000, -632.0000, -9.0000,  -470.0000, -647.0000, -9.0000,  0, 255, 255
L -466.0000, -625.0000, -9.0000,  -465.0000, -632.0000, -9.0000,  0, 255, 255
L -470.0000, -612.0000, -9.0000,  -466.0000, -625.0000, -9.0000,  0, 255, 255
L -476.0000, -612.0000, -9.0000,  -470.0000, -612.0000, -9.0000,  0, 255, 255
L -479.0000, -625.0000, -94.0000,  -476.0000, -612.0000, -9.0000,  0, 255, 255
L -493.0000, -626.0000, -9.0000,  -479.0000, -625.0000, -9.0000,  0, 255, 255
L -494.0000, -616.0000, -9.0000,  -493.0000, -626.0000, -9.0000,  0, 255, 255
L -495.0000, -614.0000, -9.0000,  -494.0000, -616.0000, -9.0000,  0, 255, 255
L -498.0000, -614.0000, -9.0000,  -495.0000, -614.0000, -9.0000,  0, 255, 255
L -499.0000, -616.0000, -9.0000,  -498.0000, -614.0000, -9.0000,  0, 255, 255
L -499.0000, -625.0000, -9.0000,  -499.0000, -616.0000, -9.0000,  0, 255, 255
L -505.0000, -626.0000, -9.0000,  -499.0000, -625.0000, -9.0000,  0, 255, 255
L -556.0000, -626.0000, -9.0000,  -505.0000, -626.0000, -9.0000,  0, 255, 255
L -556.0000, -665.0000, -9.0000,  -556.0000, -626.0000, -9.0000,  0, 255, 255
L -568.0000, -665.0000, -9.0000,  -556.0000, -665.0000, -9.0000,  0, 255, 255
L -568.0000, -683.0000, -94.0000,  -568.0000, -665.0000, -9.0000,  0, 255, 255
L -568.0000, -689.0000, -9.0000,  -568.0000, -683.0000, -9.0000,  0, 255, 255
L -573.0000, -688.0000, -9.0000,  -568.0000, -689.0000, -9.0000,  0, 255, 255
L -575.0000, -689.0000, -9.0000,  -573.0000, -688.0000, -9.0000,  0, 255, 255
L -578.0000, -691.0000, -9.0000,  -575.0000, -689.0000, -9.0000,  0, 255, 255
L -579.0000, -693.0000, -9.0000,  -578.0000, -691.0000, -9.0000,  0, 255, 255
L -580.0000, -696.0000, -9.0000,  -579.0000, -693.0000, -9.0000,  0, 255, 255
L -580.0000, -704.0000, -10.0000,  -580.0000, -696.0000, -9.0000,  0, 255, 255
L -579.0000, -706.0000, -10.0000,  -580.0000, -704.0000, -10.0000,  0, 255, 255
L -578.0000, -709.0000, -10.0000,  -579.0000, -706.0000, -10.0000,  0, 255, 255
L -575.0000, -710.0000, -10.0000,  -578.0000, -709.0000, -10.0000,  0, 255, 255
L -573.0000, -711.0000, -10.0000,  -575.0000, -710.0000, -10.0000,  0, 255, 255
L -568.0000, -710.0000, -105.0000,  -573.0000, -711.0000, -10.0000,  0, 255, 255
L -556.0000, -715.0000, -10.0000,  -556.0000, -726.0000, -10.0000,  0, 0, 255
L -549.0000, -715.0000, -10.0000,  -556.0000, -715.0000, -10.0000,  0, 0, 255
L -549.0000, -726.0000, -10.0000,  -549.0000, -715.0000, -10.0000,  0, 0, 255
L -556.0000, -726.0000, -105.0000,  -549.0000, -726.0000, -10.0000,  0, 0, 255
L -568.0000, -734.0000, -10.0000,  -568.0000, -743.0000, -11.0000,  0, 255, 255
L -538.0000, -734.0000, -10.0000,  -568.0000, -734.0000, -10.0000,  0, 255, 255
L -538.0000, -743.0000, -11.0000,  -538.0000, -734.0000, -10.0000,  0, 255, 255
L -538.0000, -749.0000, -11.0000,  -538.0000, -743.0000, -11.0000,  0, 255, 255
L -532.0000, -750.0000, -11.0000,  -538.0000, -749.0000, -11.0000,  0, 255, 255
L -529.0000, -749.0000, -11.0000,  -532.0000, -750.0000, -11.0000,  0, 255, 255
L -527.0000, -748.0000, -11.0000,  -529.0000, -749.0000, -11.0000,  0, 255, 255
L -525.0000, -745.0000, -11.0000,  -527.0000, -748.0000, -11.0000,  0, 255, 255
L -525.0000, -735.0000, -11.0000,  -525.0000, -745.0000, -11.0000,  0, 255, 255
L -525.0000, -732.0000, -110.0000,  -525.0000, -735.0000, -11.0000,  0, 255, 255
L -527.0000, -730.0000, -10.0000,  -525.0000, -732.0000, -11.0000,  0, 255, 255
L -529.0000, -728.0000, -10.0000,  -527.0000, -730.0000, -10.0000,  0, 255, 255
L -532.0000, -727.0000, -10.0000,  -529.0000, -728.0000, -10.0000,  0, 255, 255
L -538.0000, -728.0000, -10.0000,  -532.0000, -727.0000, -10.0000,  0, 255, 255
L -538.0000, -703.0000, -10.0000,  -538.0000, -728.0000, -10.0000,  0, 255, 255
L -568.0000, -703.0000, -10.0000,  -538.0000, -703.0000, -10.0000,  0, 255, 255
L -568.0000, -728.0000, -10.0000,  -568.0000, -703.0000, -10.0000,  0, 255, 255
L -572.0000, -727.0000, -10.0000,  -568.0000, -728.0000, -10.0000,  0, 255, 255
L -573.0000, -727.0000, -10.0000,  -572.0000, -727.0000, -10.0000,  0, 255, 255
L -575.0000, -728.0000, -108.0000,  -573.0000, -727.0000, -10.0000,  0, 255, 255
L -578.0000, -730.0000, -10.0000,  -575.0000, -728.0000, -10.0000,  0, 255, 255
L -579.0000, -732.0000, -11.0000,  -578.0000, -730.0000, -10.0000,  0, 255, 255
L -580.0000, -735.0000, -11.0000,  -579.0000, -732.0000, -11.0000,  0, 255, 255
L -580.0000, -743.0000, -11.0000,  -580.0000, -735.0000, -11.0000,  0, 255, 255
L -579.0000, -745.0000, -11.0000,  -580.0000, -743.0000, -11.0000,  0, 255, 255
L -577.0000, -748.0000, -11.0000,  -579.0000, -745.0000, -11.0000,  0, 255, 255
L -575.0000, -749.0000, -11.0000,  -577.0000, -748.0000, -11.0000,  0, 255, 255
L -572.0000, -750.0000, -11.0000,  -575.0000, -749.0000, -11.0000,  0, 255, 255
L -569.0000, -749.0000, -118.0000,  -572.0000, -750.0000, -11.0000,  0, 255, 255
L -549.0000, -764.0000, -11.0000,  -556.0000, -764.0000, -11.0000,  0, 0, 255
L -549.0000, -751.0000, -11.0000,  -549.0000, -764.0000, -11.0000,  0, 0, 255
L -556.0000, -751.0000, -11.0000,  -549.0000, -751.0000, -11.0000,  0, 0, 255
L -556.0000, -764.0000, -117.0000,  -556.0000, -751.0000, -11.0000,  0, 0, 255
L -549.0000, -822.0000, -11.0000,  -597.0000, -822.0000, -11.0000,  0, 255, 255
L -549.0000, -775.0000, -11.0000,  -549.0000, -822.0000, -11.0000,  0, 255, 255
L -538.0000, -775.0000, -11.0000,  -549.0000, -775.0000, -11.0000,  0, 255, 255
L -538.0000, -742.0000, -11.0000,  -538.0000, -775.0000, -11.0000,  0, 255, 255
L -568.0000, -742.0000, -11.0000,  -538.0000, -742.0000, -11.0000,  0, 255, 255
L -568.0000, -775.0000, -11.0000,  -568.0000, -742.0000, -11.0000,  0, 255, 255
L -555.0000, -775.0000, -11.0000,  -568.0000, -775.0000, -11.0000,  0, 255, 255
L -556.0000, -780.0000, -11.0000,  -555.0000, -775.0000, -11.0000,  0, 255, 255
L -556.0000, -809.0000, -11.0000,  -556.0000, -780.0000, -11.0000,  0, 255, 255
L -561.0000, -814.0000, -11.0000,  -556.0000, -809.0000, -11.0000,  0, 255, 255
L -597.0000, -814.0000, -11.0000,  -561.0000, -814.0000, -11.0000,  0, 255, 255
L -597.0000, -822.0000, -118.0000,  -597.0000, -814.0000, -11.0000,  0, 255, 255
L -667.0000, -811.0000, -12.0000,  -671.0000, -806.0000, -12.0000,  153, 153, 153
L -661.0000, -811.0000, -12.0000,  -667.0000, -811.0000, -12.0000,  153, 153, 153
L -658.0000, -808.0000, -12.0000,  -661.0000, -811.0000, -12.0000,  153, 153, 153
L -657.0000, -801.0000, -12.0000,  -658.0000, -808.0000, -12.0000,  153, 153, 153
L -661.0000, -797.0000, -12.0000,  -657.0000, -801.0000, -12.0000,  153, 153, 153
L -666.0000, -797.0000, -12.0000,  -661.0000, -797.0000, -12.0000,  153, 153, 153
L -671.0000, -800.0000, -12.0000,  -666.0000, -797.0000, -12.0000,  153, 153, 153
L -671.0000, -807.0000, -122.0000,  -671.0000, -800.0000, -12.0000,  153, 153, 153
L -680.0000, -797.0000, -12.0000,  -685.0000, -793.0000, -12.0000,  153, 153, 153
L -676.0000, -797.0000, -12.0000,  -680.0000, -797.0000, -12.0000,  153, 153, 153
L -671.0000, -793.0000, -12.0000,  -676.0000, -797.0000, -12.0000,  153, 153, 153
L -671.0000, -787.0000, -12.0000,  -671.0000, -793.0000, -12.0000,  153, 153, 153
L -676.0000, -783.0000, -12.0000,  -671.0000, -787.0000, -12.0000,  153, 153, 153
L -682.0000, -783.0000, -12.0000,  -676.0000, -783.0000, -12.0000,  153, 153, 153
L -685.0000, -787.0000, -12.0000,  -682.0000, -783.0000, -12.0000,  153, 153, 153
L -685.0000, -793.0000, -122.0000,  -685.0000, -787.0000, -12.0000,  153, 153, 153
L -703.0000, -797.0000, -12.0000,  -710.0000, -797.0000, -12.0000,  153, 153, 153
L -699.0000, -792.0000, -12.0000,  -703.0000, -797.0000, -12.0000,  153, 153, 153
L -699.0000, -787.0000, -12.0000,  -699.0000, -792.0000, -12.0000,  153, 153, 153
L -703.0000, -783.0000, -12.0000,  -699.0000, -787.0000, -12.0000,  153, 153, 153
L -708.0000, -783.0000, -12.0000,  -703.0000, -783.0000, -12.0000,  153, 153, 153
L -713.0000, -787.0000, -12.0000,  -708.0000, -783.0000, -12.0000,  153, 153, 153
L -713.0000, -792.0000, -12.0000,  -713.0000, -787.0000, -12.0000,  153, 153, 153
L -709.0000, -797.0000, -122.0000,  -713.0000, -792.0000, -12.0000,  153, 153, 153
L -714.0000, -808.0000, -12.0000,  -717.0000, -811.0000, -12.0000,  153, 153, 153
L -713.0000, -801.0000, -12.0000,  -714.0000, -808.0000, -12.0000,  153, 153, 153
L -716.0000, -798.0000, -12.0000,  -713.0000, -801.0000, -12.0000,  153, 153, 153
L -722.0000, -797.0000, -12.0000,  -716.0000, -798.0000, -12.0000,  153, 153, 153
L -727.0000, -802.0000, -12.0000,  -722.0000, -797.0000, -12.0000,  153, 153, 153
L -727.0000, -806.0000, -12.0000,  -727.0000, -802.0000, -12.0000,  153, 153, 153
L -723.0000, -811.0000, -12.0000,  -727.0000, -806.0000, -12.0000,  153, 153, 153
L -718.0000, -811.0000, -122.0000,  -723.0000, -811.0000, -12.0000,  153, 153, 153
L -704.0000, -853.0000, -12.0000,  -699.0000, -857.0000, -12.0000,  153, 153, 153
L -709.0000, -853.0000, -12.0000,  -704.0000, -853.0000, -12.0000,  153, 153, 153
L -713.0000, -856.0000, -12.0000,  -709.0000, -853.0000, -12.0000,  153, 153, 153
L -713.0000, -863.0000, -12.0000,  -713.0000, -856.0000, -12.0000,  153, 153, 153
L -710.0000, -867.0000, -12.0000,  -713.0000, -863.0000, -12.0000,  153, 153, 153
L -703.0000, -867.0000, -12.0000,  -710.0000, -867.0000, -12.0000,  153, 153, 153
L -700.0000, -864.0000, -12.0000,  -703.0000, -867.0000, -12.0000,  153, 153, 153
L -699.0000, -857.0000, -122.0000,  -700.0000, -864.0000, -12.0000,  153, 153, 153
L -682.0000, -854.0000, -12.0000,  -675.0000, -853.0000, -12.0000,  153, 153, 153
L -685.0000, -858.0000, -12.0000,  -682.0000, -854.0000, -12.0000,  153, 153, 153
L -685.0000, -863.0000, -12.0000,  -685.0000, -858.0000, -12.0000,  153, 153, 153
L -682.0000, -867.0000, -12.0000,  -685.0000, -863.0000, -12.0000,  153, 153, 153
L -675.0000, -867.0000, -12.0000,  -682.0000, -867.0000, -12.0000,  153, 153, 153
L -672.0000, -864.0000, -12.0000,  -675.0000, -867.0000, -12.0000,  153, 153, 153
L -671.0000, -858.0000, -12.0000,  -672.0000, -864.0000, -12.0000,  153, 153, 153
L -675.0000, -853.0000, -122.0000,  -671.0000, -858.0000, -12.0000,  153, 153, 153
L -679.0000, -812.0000, -12.0000,  -679.0000, -838.0000, -12.0000,  0, 0, 255
L -705.0000, -812.0000, -12.0000,  -679.0000, -812.0000, -12.0000,  0, 0, 255
L -705.0000, -838.0000, -12.0000,  -705.0000, -812.0000, -12.0000,  0, 0, 255
L -679.0000, -838.0000, -121.0000,  -705.0000, -838.0000, -12.0000,  0, 0, 255
L -662.0000, -839.0000, -12.0000,  -657.0000, -843.0000, -12.0000,  153, 153, 153
L -666.0000, -839.0000, -12.0000,  -662.0000, -839.0000, -12.0000,  153, 153, 153
L -671.0000, -844.0000, -12.0000,  -666.0000, -839.0000, -12.0000,  153, 153, 153
L -671.0000, -849.0000, -12.0000,  -671.0000, -844.0000, -12.0000,  153, 153, 153
L -668.0000, -853.0000, -12.0000,  -671.0000, -849.0000, -12.0000,  153, 153, 153
L -661.0000, -853.0000, -12.0000,  -668.0000, -853.0000, -12.0000,  153, 153, 153
L -657.0000, -849.0000, -12.0000,  -661.0000, -853.0000, -12.0000,  153, 153, 153
L -657.0000, -843.0000, -122.0000,  -657.0000, -849.0000, -12.0000,  153, 153, 153
L -403.0000, -799.0000, -12.0000,  -458.0000, -799.0000, -12.0000,  255, 0, 0
L -403.0000, -744.0000, -12.0000,  -403.0000, -799.0000, -12.0000,  255, 0, 0
L -458.0000, -744.0000, -12.0000,  -403.0000, -744.0000, -12.0000,  255, 0, 0
L -458.0000, -799.0000, -120.0000,  -458.0000, -744.0000, -12.0000,  255, 0, 0
L -402.0000, -826.0000, -12.0000,  -459.0000, -826.0000, -12.0000,  0, 255, 255
L -402.0000, -800.0000, -12.0000,  -402.0000, -826.0000, -12.0000,  0, 255, 255
L -378.0000, -800.0000, -12.0000,  -402.0000, -800.0000, -12.0000,  0, 255, 255
L -378.0000, -744.0000, -12.0000,  -378.0000, -800.0000, -12.0000,  0, 255, 255
L -402.0000, -744.0000, -12.0000,  -378.0000, -744.0000, -12.0000,  0, 255, 255
L -402.0000, -800.0000, -12.0000,  -402.0000, -744.0000, -12.0000,  0, 255, 255
L -459.0000, -800.0000, -12.0000,  -402.0000, -800.0000, -12.0000,  0, 255, 255
L -459.0000, -744.0000, -12.0000,  -459.0000, -800.0000, -12.0000,  0, 255, 255
L -485.0000, -744.0000, -12.0000,  -459.0000, -744.0000, -12.0000,  0, 255, 255
L -485.0000, -800.0000, -12.0000,  -485.0000, -744.0000, -12.0000,  0, 255, 255
L -459.0000, -800.0000, -12.0000,  -485.0000, -800.0000, -12.0000,  0, 255, 255
L -459.0000, -806.0000, -12.0000,  -459.0000, -800.0000, -12.0000,  0, 255, 255
L -459.0000, -826.0000, -120.0000,  -459.0000, -806.0000, -12.0000,  0, 255, 255
L -440.0000, -902.0000, -12.0000,  -471.0000, -902.0000, -12.0000,  0, 255, 255
L -440.0000, -846.0000, -11.0000,  -440.0000, -902.0000, -12.0000,  0, 255, 255
L -471.0000, -846.0000, -11.0000,  -440.0000, -846.0000, -11.0000,  0, 255, 255
L -471.0000, -902.0000, -120.0000,  -471.0000, -846.0000, -11.0000,  0, 255, 255
L -416.0000, -954.0000, -12.0000,  -425.0000, -954.0000, -11.0000,  0, 0, 255
L -416.0000, -945.0000, -11.0000,  -416.0000, -954.0000, -12.0000,  0, 0, 255
L -425.0000, -945.0000, -11.0000,  -416.0000, -945.0000, -11.0000,  0, 0, 255
L -425.0000, -954.0000, -117.0000,  -425.0000, -945.0000, -11.0000,  0, 0, 255
L -447.0000, -954.0000, -12.0000,  -447.0000, -922.0000, -12.0000,  0, 255, 255
L -426.0000, -954.0000, -11.0000,  -447.0000, -954.0000, -12.0000,  0, 255, 255
L -426.0000, -944.0000, -11.0000,  -426.0000, -954.0000, -11.0000,  0, 255, 255
L -416.0000, -944.0000, -11.0000,  -426.0000, -944.0000, -11.0000,  0, 255, 255
L -416.0000, -922.0000, -11.0000,  -416.0000, -944.0000, -11.0000,  0, 255, 255
L -447.0000, -922.0000, -120.0000,  -416.0000, -922.0000, -11.0000,  0, 255, 255
L -482.0000, -922.0000, -11.0000,  -453.0000, -922.0000, -11.0000,  0, 255, 255
L -482.0000, -954.0000, -11.0000,  -482.0000, -922.0000, -11.0000,  0, 255, 255
L -453.0000, -954.0000, -11.0000,  -482.0000, -954.0000, -11.0000,  0, 255, 255
L -453.0000, -922.0000, -117.0000,  -453.0000, -954.0000, -11.0000,  0, 255, 255
L -485.0000, -832.0000, -12.0000,  -485.0000, -878.0000, -12.0000,  0, 255, 255
L -428.0000, -832.0000, -12.0000,  -485.0000, -832.0000, -12.0000,  0, 255, 255
L -428.0000, -840.0000, -12.0000,  -428.0000, -832.0000, -12.0000,  0, 255, 255
L -477.0000, -840.0000, -12.0000,  -428.0000, -840.0000, -12.0000,  0, 255, 255
L -477.0000, -908.0000, -12.0000,  -477.0000, -840.0000, -12.0000,  0, 255, 255
L -440.0000, -908.0000, -12.0000,  -477.0000, -908.0000, -12.0000,  0, 255, 255
L -440.0000, -916.0000, -12.0000,  -440.0000, -908.0000, -12.0000,  0, 255, 255
L -485.0000, -916.0000, -12.0000,  -440.0000, -916.0000, -12.0000,  0, 255, 255
L -485.0000, -878.0000, -120.0000,  -485.0000, -916.0000, -12.0000,  0, 255, 255
L -511.0000, -868.0000, -12.0000,  -511.0000, -880.0000, -12.0000,  0, 0, 255
L -558.0000, -868.0000, -12.0000,  -511.0000, -868.0000, -12.0000,  0, 0, 255
L -558.0000, -880.0000, -12.0000,  -558.0000, -868.0000, -12.0000,  0, 0, 255
L -511.0000, -880.0000, -121.0000,  -558.0000, -880.0000, -12.0000,  0, 0, 255
L -533.0000, -907.0000, -11.0000,  -516.0000, -907.0000, -11.0000,  0, 0, 0
L -545.0000, -907.0000, -12.0000,  -533.0000, -907.0000, -11.0000,  0, 0, 0
L -572.0000, -893.0000, -12.0000,  -545.0000, -907.0000, -12.0000,  0, 0, 0
L -578.0000, -893.0000, -12.0000,  -572.0000, -893.0000, -12.0000,  0, 0, 0
L -581.0000, -892.0000, -12.0000,  -578.0000, -893.0000, -12.0000,  0, 0, 0
L -581.0000, -891.0000, -12.0000,  -581.0000, -892.0000, -12.0000,  0, 0, 0
L -578.0000, -890.0000, -12.0000,  -581.0000, -891.0000, -12.0000,  0, 0, 0
L -578.0000, -886.0000, -12.0000,  -578.0000, -890.0000, -12.0000,  0, 0, 0
L -581.0000, -885.0000, -12.0000,  -578.0000, -886.0000, -12.0000,  0, 0, 0
L -581.0000, -884.0000, -12.0000,  -581.0000, -885.0000, -12.0000,  0, 0, 0
L -579.0000, -884.0000, -12.0000,  -581.0000, -884.0000, -12.0000,  0, 0, 0
L -578.0000, -879.0000, -12.0000,  -579.0000, -884.0000, -12.0000,  0, 0, 0
L -596.0000, -878.0000, -12.0000,  -578.0000, -879.0000, -12.0000,  0, 0, 0
L -596.0000, -893.0000, -12.0000,  -596.0000, -878.0000, -12.0000,  0, 0, 0
L -602.0000, -893.0000, -12.0000,  -596.0000, -893.0000, -12.0000,  0, 0, 0
L -630.0000, -907.0000, -12.0000,  -602.0000, -893.0000, -12.0000,  0, 0, 0
L -684.0000, -907.0000, -12.0000,  -630.0000, -907.0000, -12.0000,  0, 0, 0
L -739.0000, -852.0000, -12.0000,  -684.0000, -907.0000, -12.0000,  0, 0, 0
L -739.0000, -798.0000, -12.0000,  -739.0000, -852.0000, -12.0000,  0, 0, 0
L -712.0000, -771.0000, -12.0000,  -739.0000, -798.0000, -12.0000,  0, 0, 0
L -630.0000, -771.0000, -12.0000,  -712.0000, -771.0000, -12.0000,  0, 0, 0
L -604.0000, -798.0000, -12.0000,  -630.0000, -771.0000, -12.0000,  0, 0, 0
L -604.0000, -827.0000, -11.0000,  -604.0000, -798.0000, -12.0000,  0, 0, 0
L -603.0000, -835.0000, -12.0000,  -604.0000, -827.0000, -11.0000,  0, 0, 0
L -597.0000, -854.0000, -12.0000,  -603.0000, -835.0000, -12.0000,  0, 0, 0
L -596.0000, -866.0000, -12.0000,  -597.0000, -854.0000, -12.0000,  0, 0, 0
L -596.0000, -870.0000, -12.0000,  -596.0000, -866.0000, -12.0000,  0, 0, 0
L -578.0000, -870.0000, -12.0000,  -596.0000, -870.0000, -12.0000,  0, 0, 0
L -579.0000, -864.0000, -12.0000,  -578.0000, -870.0000, -12.0000,  0, 0, 0
L -581.0000, -864.0000, -12.0000,  -579.0000, -864.0000, -12.0000,  0, 0, 0
L -581.0000, -863.0000, -12.0000,  -581.0000, -864.0000, -12.0000,  0, 0, 0
L -578.0000, -862.0000, -12.0000,  -581.0000, -863.0000, -12.0000,  0, 0, 0
L -578.0000, -858.0000, -12.0000,  -578.0000, -862.0000, -12.0000,  0, 0, 0
L -581.0000, -857.0000, -12.0000,  -578.0000, -858.0000, -12.0000,  0, 0, 0
L -581.0000, -856.0000, -12.0000,  -581.0000, -857.0000, -12.0000,  0, 0, 0
L -579.0000, -856.0000, -12.0000,  -581.0000, -856.0000, -12.0000,  0, 0, 0
L -578.0000, -855.0000, -12.0000,  -579.0000, -856.0000, -12.0000,  0, 0, 0
L -573.0000, -855.0000, -12.0000,  -578.0000, -855.0000, -12.0000,  0, 0, 0
L -558.0000, -841.0000, -12.0000,  -573.0000, -855.0000, -12.0000,  0, 0, 0
L -503.0000, -842.0000, -12.0000,  -558.0000, -841.0000, -12.0000,  0, 0, 0
L -492.0000, -854.0000, -12.0000,  -503.0000, -842.0000, -12.0000,  0, 0, 0
L -492.0000, -861.0000, -12.0000,  -492.0000, -854.0000, -12.0000,  0, 0, 0
L -493.0000, -860.0000, -12.0000,  -492.0000, -861.0000, -12.0000,  0, 0, 0
L -498.0000, -861.0000, -12.0000,  -493.0000, -860.0000, -12.0000,  0, 0, 0
L -500.0000, -865.0000, -12.0000,  -498.0000, -861.0000, -12.0000,  0, 0, 0
L -498.0000, -868.0000, -12.0000,  -500.0000, -865.0000, -12.0000,  0, 0, 0
L -493.0000, -870.0000, -12.0000,  -498.0000, -868.0000, -12.0000,  0, 0, 0
L -492.0000, -870.0000, -12.0000,  -493.0000, -870.0000, -12.0000,  0, 0, 0
L -492.0000, -879.0000, -12.0000,  -492.0000, -870.0000, -12.0000,  0, 0, 0
L -494.0000, -878.0000, -12.0000,  -492.0000, -879.0000, -12.0000,  0, 0, 0
L -497.0000, -879.0000, -12.0000,  -494.0000, -878.0000, -12.0000,  0, 0, 0
L -500.0000, -884.0000, -12.0000,  -497.0000, -879.0000, -12.0000,  0, 0, 0
L -495.0000, -888.0000, -12.0000,  -500.0000, -884.0000, -12.0000,  0, 0, 0
L -492.0000, -888.0000, -12.0000,  -495.0000, -888.0000, -12.0000,  0, 0, 0
L -492.0000, -894.0000, -12.0000,  -492.0000, -888.0000, -12.0000,  0, 0, 0
L -503.0000, -906.0000, -12.0000,  -492.0000, -894.0000, -12.0000,  0, 0, 0
L -516.0000, -907.0000, -119.0000,  -503.0000, -906.0000, -12.0000,  0, 0, 0
L -835.0000, -653.0000, -5.0000,  -843.0000, -653.0000, -5.0000,  255, 255, 0
L -795.0000, -653.0000, -4.0000,  -835.0000, -653.0000, -5.0000,  255, 255, 0
L -795.0000, -693.0000, -3.0000,  -795.0000, -653.0000, -4.0000,  255, 255, 0
L -843.0000, -693.0000, -2.0000,  -795.0000, -693.0000, -3.0000,  255, 255, 0
L -843.0000, -715.0000, -2.0000,  -843.0000, -693.0000, -2.0000,  255, 255, 0
L -864.0000, -715.0000, -2.0000,  -843.0000, -715.0000, -2.0000,  255, 255, 0
L -864.0000, -766.0000, -2.0000,  -864.0000, -715.0000, -2.0000,  255, 255, 0
L -843.0000, -766.0000, -2.0000,  -864.0000, -766.0000, -2.0000,  255, 255, 0
L -843.0000, -779.0000, -2.0000,  -843.0000, -766.0000, -2.0000,  255, 255, 0
L -857.0000, -779.0000, -2.0000,  -843.0000, -779.0000, -2.0000,  255, 255, 0
L -857.0000, -815.0000, -2.0000,  -857.0000, -779.0000, -2.0000,  255, 255, 0
L -821.0000, -815.0000, -2.0000,  -857.0000, -815.0000, -2.0000,  255, 255, 0
L -821.0000, -778.0000, -2.0000,  -821.0000, -815.0000, -2.0000,  255, 255, 0
L -835.0000, -778.0000, -2.0000,  -821.0000, -778.0000, -2.0000,  255, 255, 0
L -835.0000, -766.0000, -2.0000,  -835.0000, -778.0000, -2.0000,  255, 255, 0
L -814.0000, -766.0000, -2.0000,  -835.0000, -766.0000, -2.0000,  255, 255, 0
L -814.0000, -715.0000, -2.0000,  -814.0000, -766.0000, -2.0000,  255, 255, 0
L -835.0000, -715.0000, -2.0000,  -814.0000, -715.0000, -2.0000,  255, 255, 0
L -835.0000, -701.0000, -2.0000,  -835.0000, -715.0000, -2.0000,  255, 255, 0
L -787.0000, -701.0000, -3.0000,  -835.0000, -701.0000, -2.0000,  255, 255, 0
L -787.0000, -646.0000, -4.0000,  -787.0000, -701.0000, -3.0000,  255, 255, 0
L -843.0000, -646.0000, -5.0000,  -787.0000, -646.0000, -4.0000,  255, 255, 0
L -843.0000, -653.0000, -54.0000,  -843.0000, -646.0000, -5.0000,  255, 255, 0
L -826.0000, -695.0000, -5.0000,  -826.0000, -660.0000, -5.0000,  153, 153, 153
L -802.0000, -695.0000, -5.0000,  -826.0000, -695.0000, -5.0000,  153, 153, 153
L -802.0000, -660.0000, -5.0000,  -802.0000, -695.0000, -5.0000,  153, 153, 153
L -817.0000, -660.0000, -5.0000,  -802.0000, -660.0000, -5.0000,  153, 153, 153
L -811.0000, -660.0000, -5.0000,  -817.0000, -660.0000, -5.0000,  153, 153, 153
L -811.0000, -687.0000, -5.0000,  -811.0000, -660.0000, -5.0000,  153, 153, 153
L -817.0000, -687.0000, -5.0000,  -811.0000, -687.0000, -5.0000,  153, 153, 153
L -817.0000, -660.0000, -5.0000,  -817.0000, -687.0000, -5.0000,  153, 153, 153
L -826.0000, -660.0000, -54.0000,  -817.0000, -660.0000, -5.0000,  153, 153, 153
L -888.0000, -660.0000, -5.0000,  -852.0000, -660.0000, -5.0000,  153, 153, 153
L -888.0000, -695.0000, -5.0000,  -888.0000, -660.0000, -5.0000,  153, 153, 153
L -852.0000, -695.0000, -5.0000,  -888.0000, -695.0000, -5.0000,  153, 153, 153
L -852.0000, -680.0000, -5.0000,  -852.0000, -695.0000, -5.0000,  153, 153, 153
L -852.0000, -686.0000, -5.0000,  -852.0000, -680.0000, -5.0000,  153, 153, 153
L -880.0000, -686.0000, -5.0000,  -852.0000, -686.0000, -5.0000,  153, 153, 153
L -880.0000, -667.0000, -5.0000,  -880.0000, -686.0000, -5.0000,  153, 153, 153
L -873.0000, -667.0000, -5.0000,  -880.0000, -667.0000, -5.0000,  153, 153, 153
L -873.0000, -680.0000, -5.0000,  -873.0000, -667.0000, -5.0000,  153, 153, 153
L -852.0000, -680.0000, -5.0000,  -873.0000, -680.0000, -5.0000,  153, 153, 153
L -852.0000, -660.0000, -54.0000,  -852.0000, -680.0000, -5.0000,  153, 153, 153
L -861.0000, -737.0000, -5.0000,  -861.0000, -721.0000, -5.0000,  153, 153, 153
L -817.0000, -737.0000, -5.0000,  -861.0000, -737.0000, -5.0000,  153, 153, 153
L -817.0000, -721.0000, -5.0000,  -817.0000, -737.0000, -5.0000,  153, 153, 153
L -861.0000, -721.0000, -54.0000,  -817.0000, -721.0000, -5.0000,  153, 153, 153
L -776.0000, -707.0000, -6.0000,  -776.0000, -715.0000, -6.0000,  153, 153, 153
L -826.0000, -707.0000, -5.0000,  -776.0000, -707.0000, -6.0000,  153, 153, 153
L -827.0000, -708.0000, -5.0000,  -826.0000, -707.0000, -5.0000,  153, 153, 153
L -832.0000, -708.0000, -5.0000,  -827.0000, -708.0000, -5.0000,  153, 153, 153
L -832.0000, -660.0000, -5.0000,  -832.0000, -708.0000, -5.0000,  153, 153, 153
L -847.0000, -660.0000, -5.0000,  -832.0000, -660.0000, -5.0000,  153, 153, 153
L -847.0000, -708.0000, -5.0000,  -847.0000, -660.0000, -5.0000,  153, 153, 153
L -851.0000, -708.0000, -5.0000,  -847.0000, -708.0000, -5.0000,  153, 153, 153
L -852.0000, -707.0000, -5.0000,  -851.0000, -708.0000, -5.0000,  153, 153, 153
L -902.0000, -707.0000, -6.0000,  -852.0000, -707.0000, -5.0000,  153, 153, 153
L -902.0000, -715.0000, -6.0000,  -902.0000, -707.0000, -6.0000,  153, 153, 153
L -776.0000, -715.0000, -68.0000,  -902.0000, -715.0000, -6.0000,  153, 153, 153
L -880.0000, -791.0000, -7.0000,  -892.0000, -791.0000, -7.0000,  0, 0, 255
L -880.0000, -777.0000, -7.0000,  -880.0000, -791.0000, -7.0000,  0, 0, 255
L -884.0000, -777.0000, -7.0000,  -880.0000, -777.0000, -7.0000,  0, 0, 255
L -884.0000, -745.0000, -7.0000,  -884.0000, -777.0000, -7.0000,  0, 0, 255
L -888.0000, -745.0000, -7.0000,  -884.0000, -745.0000, -7.0000,  0, 0, 255
L -888.0000, -777.0000, -7.0000,  -888.0000, -745.0000, -7.0000,  0, 0, 255
L -892.0000, -777.0000, -7.0000,  -888.0000, -777.0000, -7.0000,  0, 0, 255
L -892.0000, -791.0000, -79.0000,  -892.0000, -777.0000, -7.0000,  0, 0, 255
L -785.0000, -791.0000, -7.0000,  -797.0000, -791.0000, -7.0000,  0, 0, 255
L -785.0000, -777.0000, -7.0000,  -785.0000, -791.0000, -7.0000,  0, 0, 255
L -789.0000, -777.0000, -7.0000,  -785.0000, -777.0000, -7.0000,  0, 0, 255
L -789.0000, -745.0000, -7.0000,  -789.0000, -777.0000, -7.0000,  0, 0, 255
L -793.0000, -745.0000, -7.0000,  -789.0000, -745.0000, -7.0000,  0, 0, 255
L -793.0000, -777.0000, -7.0000,  -793.0000, -745.0000, -7.0000,  0, 0, 255
L -797.0000, -777.0000, -7.0000,  -793.0000, -777.0000, -7.0000,  0, 0, 255
L -797.0000, -791.0000, -79.0000,  -797.0000, -777.0000, -7.0000,  0, 0, 255
L -807.0000, -801.0000, -8.0000,  -807.0000, -794.0000, -8.0000,  0, 255, 255
L -775.0000, -801.0000, -8.0000,  -807.0000, -801.0000, -8.0000,  0, 255, 255
L -775.0000, -721.0000, -6.0000,  -775.0000, -801.0000, -8.0000,  0, 255, 255
L -807.0000, -721.0000, -6.0000,  -775.0000, -721.0000, -6.0000,  0, 255, 255
L -809.0000, -723.0000, -6.0000,  -807.0000, -721.0000, -6.0000,  0, 255, 255
L -817.0000, -722.0000, -7.0000,  -809.0000, -723.0000, -6.0000,  0, 255, 255
L -817.0000, -721.0000, -7.0000,  -817.0000, -722.0000, -7.0000,  0, 255, 255
L -861.0000, -721.0000, -7.0000,  -817.0000, -721.0000, -7.0000,  0, 255, 255
L -862.0000, -723.0000, -7.0000,  -861.0000, -721.0000, -7.0000,  0, 255, 255
L -870.0000, -723.0000, -6.0000,  -862.0000, -723.0000, -7.0000,  0, 255, 255
L -871.0000, -721.0000, -6.0000,  -870.0000, -723.0000, -6.0000,  0, 255, 255
L -903.0000, -721.0000, -6.0000,  -871.0000, -721.0000, -6.0000,  0, 255, 255
L -903.0000, -801.0000, -8.0000,  -903.0000, -721.0000, -6.0000,  0, 255, 255
L -871.0000, -801.0000, -8.0000,  -903.0000, -801.0000, -8.0000,  0, 255, 255
L -871.0000, -787.0000, -8.0000,  -871.0000, -801.0000, -8.0000,  0, 255, 255
L -871.0000, -730.0000, -6.0000,  -871.0000, -787.0000, -8.0000,  0, 255, 255
L -861.0000, -731.0000, -7.0000,  -871.0000, -730.0000, -6.0000,  0, 255, 255
L -861.0000, -765.0000, -8.0000,  -861.0000, -731.0000, -7.0000,  0, 255, 255
L -817.0000, -765.0000, -8.0000,  -861.0000, -765.0000, -8.0000,  0, 255, 255
L -817.0000, -730.0000, -7.0000,  -817.0000, -765.0000, -8.0000,  0, 255, 255
L -807.0000, -731.0000, -6.0000,  -817.0000, -730.0000, -7.0000,  0, 255, 255
L -807.0000, -786.0000, -8.0000,  -807.0000, -731.0000, -6.0000,  0, 255, 255
L -807.0000, -794.0000, -80.0000,  -807.0000, -786.0000, -8.0000,  0, 255, 255
L 85.0000, -908.0000, 0.0000,  70.0000, -907.0000, 0.0000,  0, 255, 0
L 100.0000, -923.0000, 0.0000,  85.0000, -908.0000, 0.0000,  0, 255, 0
L 100.0000, -937.0000, 0.0000,  100.0000, -923.0000, 0.0000,  0, 255, 0
L 84.0000, -953.0000, 0.0000,  100.0000, -937.0000, 0.0000,  0, 255, 0
L 72.0000, -953.0000, 0.0000,  84.0000, -953.0000, 0.0000,  0, 255, 0
L 72.0000, -1314.0000, 0.0000,  72.0000, -953.0000, 0.0000,  0, 255, 0
L 322.0000, -1579.0000, 0.0000,  72.0000, -1314.0000, 0.0000,  0, 255, 0
L 572.0000, -1579.0000, 0.0000,  322.0000, -1579.0000, 0.0000,  0, 255, 0
L 698.0000, -1481.0000, 1.0000,  572.0000, -1579.0000, 0.0000,  0, 255, 0
L 879.0000, -1272.0000, 0.0000,  698.0000, -1481.0000, 1.0000,  0, 255, 0
L 879.0000, -1036.0000, 0.0000,  879.0000, -1272.0000, 0.0000,  0, 255, 0
L 817.0000, -967.0000, 0.0000,  879.0000, -1036.0000, 0.0000,  0, 255, 0
L 797.0000, -967.0000, 0.0000,  817.0000, -967.0000, 0.0000,  0, 255, 0
L 753.0000, -937.0000, 0.0000,  797.0000, -967.0000, 0.0000,  0, 255, 0
L 753.0000, -932.0000, 0.0000,  753.0000, -937.0000, 0.0000,  0, 255, 0
L 741.0000, -928.0000, 0.0000,  753.0000, -932.0000, 0.0000,  0, 255, 0
L 732.0000, -921.0000, 0.0000,  741.0000, -928.0000, 0.0000,  0, 255, 0
L 724.0000, -911.0000, 0.0000,  732.0000, -921.0000, 0.0000,  0, 255, 0
L 731.0000, -905.0000, 0.0000,  724.0000, -911.0000, 0.0000,  0, 255, 0
L 744.0000, -903.0000, 0.0000,  731.0000, -905.0000, 0.0000,  0, 255, 0
L 753.0000, -902.0000, 0.0000,  744.0000, -903.0000, 0.0000,  0, 255, 0
L 753.0000, -894.0000, 0.0000,  753.0000, -902.0000, 0.0000,  0, 255, 0
L 728.0000, -869.0000, 0.0000,  753.0000, -894.0000, 0.0000,  0, 255, 0
L 669.0000, -869.0000, 1.0000,  728.0000, -869.0000, 0.0000,  0, 255, 0
L 641.0000, -840.0000, 0.0000,  669.0000, -869.0000, 1.0000,  0, 255, 0
L 641.0000, -784.0000, 0.0000,  641.0000, -840.0000, 0.0000,  0, 255, 0
L 614.0000, -757.0000, 0.0000,  641.0000, -784.0000, 0.0000,  0, 255, 0
L 238.0000, -757.0000, 2.0000,  614.0000, -757.0000, 0.0000,  0, 255, 0
L 130.0000, -855.0000, 1.0000,  238.0000, -757.0000, 2.0000,  0, 255, 0
L 142.0000, -867.0000, 0.0000,  130.0000, -855.0000, 1.0000,  0, 255, 0
L 142.0000, -882.0000, 0.0000,  142.0000, -867.0000, 0.0000,  0, 255, 0
L 126.0000, -897.0000, 0.0000,  142.0000, -882.0000, 0.0000,  0, 255, 0
L 111.0000, -897.0000, 0.0000,  126.0000, -897.0000, 0.0000,  0, 255, 0
L 97.0000, -883.0000, 0.0000,  111.0000, -897.0000, 0.0000,  0, 255, 0
L 71.0000, -907.0000, 3.0000,  97.0000, -883.0000, 0.0000,  0, 255, 0
L -432.0000, -670.0000, -2.0000,  -461.0000, -655.0000, -2.0000,  102, 99, 0
L -376.0000, -725.0000, -1.0000,  -432.0000, -670.0000, -2.0000,  102, 99, 0
L -240.0000, -807.0000, 0.0000,  -376.0000, -725.0000, -1.0000,  102, 99, 0
L -240.0000, -806.0000, 0.0000,  -240.0000, -807.0000, 0.0000,  102, 99, 0
L -233.0000, -799.0000, 0.0000,  -240.0000, -806.0000, 0.0000,  102, 99, 0
L -217.0000, -801.0000, 0.0000,  -233.0000, -799.0000, 0.0000,  102, 99, 0
L -211.0000, -810.0000, 0.0000,  -217.0000, -801.0000, 0.0000,  102, 99, 0
L -215.0000, -822.0000, 0.0000,  -211.0000, -810.0000, 0.0000,  102, 99, 0
L -222.0000, -821.0000, 0.0000,  -215.0000, -822.0000, 0.0000,  102, 99, 0
L -224.0000, -834.0000, 0.0000,  -222.0000, -821.0000, 0.0000,  102, 99, 0
L -221.0000, -857.0000, 0.0000,  -224.0000, -834.0000, 0.0000,  102, 99, 0
L -188.0000, -870.0000, 0.0000,  -221.0000, -857.0000, 0.0000,  102, 99, 0
L -187.0000, -870.0000, 0.0000,  -188.0000, -870.0000, 0.0000,  102, 99, 0
L -141.0000, -856.0000, 0.0000,  -187.0000, -870.0000, 0.0000,  102, 99, 0
L -110.0000, -887.0000, 0.0000,  -141.0000, -856.0000, 0.0000,  102, 99, 0
L -87.0000, -885.0000, 0.0000,  -110.0000, -887.0000, 0.0000,  102, 99, 0
L -133.0000, -834.0000, 0.0000,  -87.0000, -885.0000, 0.0000,  102, 99, 0
L -174.0000, -849.0000, 0.0000,  -133.0000, -834.0000, 0.0000,  102, 99, 0
L -201.0000, -835.0000, 0.0000,  -174.0000, -849.0000, 0.0000,  102, 99, 0
L -184.0000, -810.0000, 0.0000,  -201.0000, -835.0000, 0.0000,  102, 99, 0
L -182.0000, -802.0000, 0.0000,  -184.0000, -810.0000, 0.0000,  102, 99, 0
L -153.0000, -808.0000, 0.0000,  -182.0000, -802.0000, 0.0000,  102, 99, 0
L -149.0000, -800.0000, 0.0000,  -153.0000, -808.0000, 0.0000,  102, 99, 0
L -136.0000, -799.0000, 0.0000,  -149.0000, -800.0000, 0.0000,  102, 99, 0
L -130.0000, -804.0000, 0.0000,  -136.0000, -799.0000, 0.0000,  102, 99, 0
L -129.0000, -808.0000, 0.0000,  -130.0000, -804.0000, 0.0000,  102, 99, 0
L -82.0000, -802.0000, 0.0000,  -129.0000, -808.0000, 0.0000,  102, 99, 0
L -64.0000, -828.0000, 0.0000,  -82.0000, -802.0000, 0.0000,  102, 99, 0
L -62.0000, -828.0000, 0.0000,  -64.0000, -828.0000, 0.0000,  102, 99, 0
L -54.0000, -831.0000, 1.0000,  -62.0000, -828.0000, 0.0000,  102, 99, 0
L -52.0000, -833.0000, 0.0000,  -54.0000, -831.0000, 1.0000,  102, 99, 0
L 5.0000, -898.0000, 0.0000,  -52.0000, -833.0000, 0.0000,  102, 99, 0
L 12.0000, -894.0000, 0.0000,  5.0000, -898.0000, 0.0000,  102, 99, 0
L 23.0000, -895.0000, 0.0000,  12.0000, -894.0000, 0.0000,  102, 99, 0
L 29.0000, -902.0000, 0.0000,  23.0000, -895.0000, 0.0000,  102, 99, 0
L 30.0000, -907.0000, 0.0000,  29.0000, -902.0000, 0.0000,  102, 99, 0
L 70.0000, -907.0000, 0.0000,  30.0000, -907.0000, 0.0000,  102, 99, 0
L 97.0000, -883.0000, 0.0000,  70.0000, -907.0000, 0.0000,  102, 99, 0
L 26.0000, -883.0000, 0.0000,  97.0000, -883.0000, 0.0000,  102, 99, 0
L -37.0000, -815.0000, 0.0000,  26.0000, -883.0000, 0.0000,  102, 99, 0
L -37.0000, -797.0000, 0.0000,  -37.0000, -815.0000, 0.0000,  102, 99, 0
L -48.0000, -774.0000, 0.0000,  -37.0000, -797.0000, 0.0000,  102, 99, 0
L -65.0000, -774.0000, 0.0000,  -48.0000, -774.0000, 0.0000,  102, 99, 0
L -78.0000, -777.0000, 0.0000,  -65.0000, -774.0000, 0.0000,  102, 99, 0
L -78.0000, -788.0000, 0.0000,  -78.0000, -777.0000, 0.0000,  102, 99, 0
L -82.0000, -791.0000, 0.0000,  -78.0000, -788.0000, 0.0000,  102, 99, 0
L -87.0000, -792.0000, 0.0000,  -82.0000, -791.0000, 0.0000,  102, 99, 0
L -92.0000, -790.0000, 0.0000,  -87.0000, -792.0000, 0.0000,  102, 99, 0
L -92.0000, -785.0000, 0.0000,  -92.0000, -790.0000, 0.0000,  102, 99, 0
L -140.0000, -780.0000, 0.0000,  -92.0000, -785.0000, 0.0000,  102, 99, 0
L -181.0000, -785.0000, 0.0000,  -140.0000, -780.0000, 0.0000,  102, 99, 0
L -184.0000, -771.0000, 0.0000,  -181.0000, -785.0000, 0.0000,  102, 99, 0
L -237.0000, -770.0000, 0.0000,  -184.0000, -771.0000, 0.0000,  102, 99, 0
L -350.0000, -728.0000, -1.0000,  -237.0000, -770.0000, 0.0000,  102, 99, 0
L -407.0000, -672.0000, -2.0000,  -350.0000, -728.0000, -1.0000,  102, 99, 0
L -448.0000, -604.0000, -2.0000,  -407.0000, -672.0000, -2.0000,  102, 99, 0
L -474.0000, -604.0000, -2.0000,  -448.0000, -604.0000, -2.0000,  102, 99, 0
L -487.0000, -616.0000, -2.0000,  -474.0000, -604.0000, -2.0000,  102, 99, 0
L -487.0000, -642.0000, -2.0000,  -487.0000, -616.0000, -2.0000,  102, 99, 0
L -474.0000, -655.0000, -2.0000,  -487.0000, -642.0000, -2.0000,  102, 99, 0
L -460.0000, -655.0000, -24.0000,  -474.0000, -655.0000, -2.0000,  102, 99, 0
L -782.0000, -825.0000, 0.0000,  -819.0000, -825.0000, 0.0000,  0, 0, 255
L -782.0000, -819.0000, 0.0000,  -782.0000, -825.0000, 0.0000,  0, 0, 255
L -819.0000, -819.0000, 0.0000,  -782.0000, -819.0000, 0.0000,  0, 0, 255
L -819.0000, -825.0000, 0.0000,  -819.0000, -819.0000, 0.0000,  0, 0, 255
L -832.0000, -825.0000, -7.0000,  -846.0000, -825.0000, -7.0000,  0, 0, 255
L -832.0000, -783.0000, -7.0000,  -832.0000, -825.0000, -7.0000,  0, 0, 255
L -846.0000, -783.0000, -7.0000,  -832.0000, -783.0000, -7.0000,  0, 0, 255
L -846.0000, -825.0000, -79.0000,  -846.0000, -783.0000, -7.0000,  0, 0, 255
L -895.0000, -819.0000, -7.0000,  -895.0000, -825.0000, -7.0000,  0, 0, 255
L -860.0000, -819.0000, -7.0000,  -895.0000, -819.0000, -7.0000,  0, 0, 255
L -860.0000, -825.0000, -7.0000,  -860.0000, -819.0000, -7.0000,  0, 0, 255
L -895.0000, -825.0000, -79.0000,  -860.0000, -825.0000, -7.0000,  0, 0, 255
L -771.0000, -813.0000, -8.0000,  -771.0000, -837.0000, -8.0000,  0, 0, 0
L -813.0000, -813.0000, -8.0000,  -771.0000, -813.0000, -8.0000,  0, 0, 0
L -813.0000, -771.0000, -8.0000,  -813.0000, -813.0000, -8.0000,  0, 0, 0
L -865.0000, -771.0000, -8.0000,  -813.0000, -771.0000, -8.0000,  0, 0, 0
L -865.0000, -812.0000, -8.0000,  -865.0000, -771.0000, -8.0000,  0, 0, 0
L -907.0000, -812.0000, -8.0000,  -865.0000, -812.0000, -8.0000,  0, 0, 0
L -907.0000, -837.0000, -8.0000,  -907.0000, -812.0000, -8.0000,  0, 0, 0
L -771.0000, -837.0000, -80.0000,  -907.0000, -837.0000, -8.0000,  0, 0, 0
L -911.0000, -947.0000, 0.0000,  -911.0000, -954.0000, 0.0000,  0, 0, 153
L -907.0000, -947.0000, 0.0000,  -911.0000, -947.0000, 0.0000,  0, 0, 153
L -907.0000, -954.0000, 0.0000,  -907.0000, -947.0000, 0.0000,  0, 0, 153
L -911.0000, -954.0000, 0.0000,  -907.0000, -954.0000, 0.0000,  0, 0, 153
L -931.0000, -940.0000, -6.0000,  -911.0000, -940.0000, -6.0000,  0, 255, 255
L -932.0000, -950.0000, -6.0000,  -931.0000, -940.0000, -6.0000,  0, 255, 255
L -933.0000, -950.0000, -6.0000,  -932.0000, -950.0000, -6.0000,  0, 255, 255
L -935.0000, -952.0000, -6.0000,  -933.0000, -950.0000, -6.0000,  0, 255, 255
L -935.0000, -954.0000, -6.0000,  -935.0000, -952.0000, -6.0000,  0, 255, 255
L -932.0000, -954.0000, -6.0000,  -935.0000, -954.0000, -6.0000,  0, 255, 255
L -931.0000, -958.0000, -6.0000,  -932.0000, -954.0000, -6.0000,  0, 255, 255
L -929.0000, -960.0000, -6.0000,  -931.0000, -958.0000, -6.0000,  0, 255, 255
L -911.0000, -960.0000, -6.0000,  -929.0000, -960.0000, -6.0000,  0, 255, 255
L -911.0000, -941.0000, -6.0000,  -911.0000, -960.0000, -6.0000,  0, 255, 255
L -911.0000, -940.0000, -66.0000,  -911.0000, -941.0000, -6.0000,  0, 255, 255
L -877.0000, -964.0000, 0.0000,  -885.0000, -964.0000, 0.0000,  0, 0, 153
L -877.0000, -961.0000, 0.0000,  -877.0000, -964.0000, 0.0000,  0, 0, 153
L -885.0000, -961.0000, 0.0000,  -877.0000, -961.0000, 0.0000,  0, 0, 153
L -885.0000, -964.0000, 0.0000,  -885.0000, -961.0000, 0.0000,  0, 0, 153
L -880.0000, -959.0000, -6.0000,  -888.0000, -960.0000, -6.0000,  0, 255, 255
L -868.0000, -959.0000, -6.0000,  -880.0000, -959.0000, -6.0000,  0, 255, 255
L -868.0000, -941.0000, -6.0000,  -868.0000, -959.0000, -6.0000,  0, 255, 255
L -870.0000, -939.0000, -6.0000,  -868.0000, -941.0000, -6.0000,  0, 255, 255
L -888.0000, -939.0000, -6.0000,  -870.0000, -939.0000, -6.0000,  0, 255, 255
L -889.0000, -954.0000, -6.0000,  -888.0000, -939.0000, -6.0000,  0, 255, 255
L -892.0000, -954.0000, -6.0000,  -889.0000, -954.0000, -6.0000,  0, 255, 255
L -892.0000, -958.0000, -6.0000,  -892.0000, -954.0000, -6.0000,  0, 255, 255
L -888.0000, -960.0000, -66.0000,  -892.0000, -958.0000, -6.0000,  0, 255, 255
L -877.0000, -979.0000, 0.0000,  -885.0000, -979.0000, 0.0000,  0, 0, 153
L -877.0000, -975.0000, 0.0000,  -877.0000, -979.0000, 0.0000,  0, 0, 153
L -885.0000, -975.0000, 0.0000,  -877.0000, -975.0000, 0.0000,  0, 0, 153
L -885.0000, -979.0000, 0.0000,  -885.0000, -975.0000, 0.0000,  0, 0, 153
L -892.0000, -979.0000, -6.0000,  -872.0000, -979.0000, -6.0000,  0, 255, 255
L -890.0000, -999.0000, -6.0000,  -892.0000, -979.0000, -6.0000,  0, 255, 255
L -887.0000, -1000.0000, -6.0000,  -890.0000, -999.0000, -6.0000,  0, 255, 255
L -886.0000, -1003.0000, -6.0000,  -887.0000, -1000.0000, -6.0000,  0, 255, 255
L -883.0000, -1003.0000, -6.0000,  -886.0000, -1003.0000, -6.0000,  0, 255, 255
L -881.0000, -999.0000, -6.0000,  -883.0000, -1003.0000, -6.0000,  0, 255, 255
L -872.0000, -999.0000, -6.0000,  -881.0000, -999.0000, -6.0000,  0, 255, 255
L -872.0000, -979.0000, -66.0000,  -872.0000, -999.0000, -6.0000,  0, 255, 255
L -859.0000, -979.0000, 0.0000,  -864.0000, -979.0000, 0.0000,  0, 0, 153
L -859.0000, -975.0000, 0.0000,  -859.0000, -979.0000, 0.0000,  0, 0, 153
L -864.0000, -975.0000, 0.0000,  -859.0000, -975.0000, 0.0000,  0, 0, 153
L -864.0000, -979.0000, 0.0000,  -864.0000, -975.0000, 0.0000,  0, 0, 153
L -866.0000, -999.0000, -6.0000,  -866.0000, -979.0000, -6.0000,  0, 255, 255
L -856.0000, -1000.0000, -6.0000,  -866.0000, -999.0000, -6.0000,  0, 255, 255
L -856.0000, -1003.0000, -6.0000,  -856.0000, -1000.0000, -6.0000,  0, 255, 255
L -852.0000, -1003.0000, -6.0000,  -856.0000, -1003.0000, -6.0000,  0, 255, 255
L -851.0000, -999.0000, -6.0000,  -852.0000, -1003.0000, -6.0000,  0, 255, 255
L -846.0000, -997.0000, -6.0000,  -851.0000, -999.0000, -6.0000,  0, 255, 255
L -846.0000, -979.0000, -6.0000,  -846.0000, -997.0000, -6.0000,  0, 255, 255
L -866.0000, -979.0000, -66.0000,  -846.0000, -979.0000, -6.0000,  0, 255, 255
L -808.0000, -925.0000, 0.0000,  -816.0000, -925.0000, 0.0000,  0, 255, 255
L -808.0000, -951.0000, 0.0000,  -808.0000, -925.0000, 0.0000,  0, 255, 255
L -816.0000, -951.0000, 0.0000,  -808.0000, -951.0000, 0.0000,  0, 255, 255
L -816.0000, -925.0000, 0.0000,  -816.0000, -951.0000, 0.0000,  0, 255, 255
L -846.0000, -925.0000, 0.0000,  -854.0000, -925.0000, 0.0000,  0, 255, 255
L -846.0000, -951.0000, 0.0000,  -846.0000, -925.0000, 0.0000,  0, 255, 255
L -854.0000, -951.0000, 0.0000,  -846.0000, -951.0000, 0.0000,  0, 255, 255
L -854.0000, -925.0000, 0.0000,  -854.0000, -951.0000, 0.0000,  0, 255, 255
L -788.0000, -959.0000, 0.0000,  -788.0000, -925.0000, 0.0000,  0, 255, 255
L -862.0000, -959.0000, 0.0000,  -788.0000, -959.0000, 0.0000,  0, 255, 255
L -862.0000, -933.0000, 0.0000,  -862.0000, -959.0000, 0.0000,  0, 255, 255
L -897.0000, -933.0000, 0.0000,  -862.0000, -933.0000, 0.0000,  0, 255, 255
L -897.0000, -965.0000, 0.0000,  -897.0000, -933.0000, 0.0000,  0, 255, 255
L -858.0000, -965.0000, 0.0000,  -897.0000, -965.0000, 0.0000,  0, 255, 255
L -858.0000, -974.0000, 0.0000,  -858.0000, -965.0000, 0.0000,  0, 255, 255
L -905.0000, -974.0000, 0.0000,  -858.0000, -974.0000, 0.0000,  0, 255, 255
L -905.0000, -925.0000, 0.0000,  -905.0000, -974.0000, 0.0000,  0, 255, 255
L -788.0000, -925.0000, 0.0000,  -905.0000, -925.0000, 0.0000,  0, 255, 255
L -743.0000, -928.0000, 0.0000,  -743.0000, -934.0000, 0.0000,  0, 0, 153
L -740.0000, -928.0000, 0.0000,  -743.0000, -928.0000, 0.0000,  0, 0, 153
L -740.0000, -934.0000, 0.0000,  -740.0000, -928.0000, 0.0000,  0, 0, 153
L -743.0000, -934.0000, 0.0000,  -740.0000, -934.0000, 0.0000,  0, 0, 153
L -751.0000, -974.0000, 0.0000,  -751.0000, -964.0000, 0.0000,  153, 153, 153
L -739.0000, -926.0000, 0.0000,  -731.0000, -926.0000, 0.0000,  153, 153, 153
L -739.0000, -964.0000, 0.0000,  -739.0000, -926.0000, 0.0000,  153, 153, 153
L -770.0000, -964.0000, 0.0000,  -739.0000, -964.0000, 0.0000,  153, 153, 153
L -770.0000, -974.0000, 0.0000,  -770.0000, -964.0000, 0.0000,  153, 153, 153
L -731.0000, -974.0000, 0.0000,  -731.0000, -926.0000, 0.0000,  255, 0, 255
L -779.0000, -974.0000, 0.0000,  -731.0000, -974.0000, 0.0000,  255, 0, 255
L -779.0000, -926.0000, 0.0000,  -779.0000, -974.0000, 0.0000,  255, 0, 255
L -731.0000, -926.0000, 0.0000,  -779.0000, -926.0000, 0.0000,  255, 0, 255
L -752.0000, -925.0000, 0.0000,  -759.0000, -925.0000, 0.0000,  0, 0, 153
L -752.0000, -922.0000, 0.0000,  -752.0000, -925.0000, 0.0000,  0, 0, 153
L -759.0000, -922.0000, 0.0000,  -752.0000, -922.0000, 0.0000,  0, 0, 153
L -759.0000, -925.0000, 0.0000,  -759.0000, -922.0000, 0.0000,  0, 0, 153
L -745.0000, -959.0000, 0.0000,  -745.0000, -926.0000, 0.0000,  0, 255, 255
L -777.0000, -959.0000, 0.0000,  -745.0000, -959.0000, 0.0000,  0, 255, 255
L -777.0000, -926.0000, 0.0000,  -777.0000, -959.0000, 0.0000,  0, 255, 255
L -745.0000, -926.0000, 0.0000,  -777.0000, -926.0000, 0.0000,  0, 255, 255
L -786.0000, -988.0000, 0.0000,  -786.0000, -996.0000, 0.0000,  0, 0, 153
L -782.0000, -988.0000, 0.0000,  -786.0000, -988.0000, 0.0000,  0, 0, 153
L -782.0000, -996.0000, 0.0000,  -782.0000, -988.0000, 0.0000,  0, 0, 153
L -786.0000, -996.0000, 0.0000,  -782.0000, -996.0000, 0.0000,  0, 0, 153
L -823.0000, -1014.0000, 0.0000,  -787.0000, -1014.0000, 0.0000,  0, 255, 255
L -823.0000, -976.0000, 0.0000,  -823.0000, -1014.0000, 0.0000,  0, 255, 255
L -787.0000, -976.0000, 0.0000,  -823.0000, -976.0000, 0.0000,  0, 255, 255
L -787.0000, -1014.0000, 0.0000,  -787.0000, -976.0000, 0.0000,  0, 255, 255
L -730.0000, -1003.0000, 0.0000,  -741.0000, -1003.0000, 0.0000,  0, 0, 153
L -730.0000, -999.0000, 0.0000,  -730.0000, -1003.0000, 0.0000,  0, 0, 153
L -741.0000, -999.0000, 0.0000,  -730.0000, -999.0000, 0.0000,  0, 0, 153
L -741.0000, -1003.0000, 0.0000,  -741.0000, -999.0000, 0.0000,  0, 0, 153
L -744.0000, -1004.0000, 0.0000,  -725.0000, -1004.0000, 0.0000,  0, 255, 255
L -744.0000, -1018.0000, 0.0000,  -744.0000, -1004.0000, 0.0000,  0, 255, 255
L -757.0000, -1018.0000, 0.0000,  -744.0000, -1018.0000, 0.0000,  0, 255, 255
L -757.0000, -1042.0000, 0.0000,  -757.0000, -1018.0000, 0.0000,  0, 255, 255
L -712.0000, -1042.0000, 0.0000,  -757.0000, -1042.0000, 0.0000,  0, 255, 255
L -712.0000, -1018.0000, 0.0000,  -712.0000, -1042.0000, 0.0000,  0, 255, 255
L -725.0000, -1018.0000, 0.0000,  -712.0000, -1018.0000, 0.0000,  0, 255, 255
L -725.0000, -1004.0000, 0.0000,  -725.0000, -1018.0000, 0.0000,  0, 255, 255
L -715.0000, -936.0000, -8.0000,  -689.0000, -936.0000, -8.0000,  0, 0, 0
L -715.0000, -981.0000, -8.0000,  -715.0000, -936.0000, -8.0000,  0, 0, 0
L -689.0000, -980.0000, -8.0000,  -715.0000, -981.0000, -8.0000,  0, 0, 0
L -714.0000, -1005.0000, -8.0000,  -689.0000, -980.0000, -8.0000,  0, 0, 0
L -718.0000, -1005.0000, -8.0000,  -714.0000, -1005.0000, -8.0000,  0, 0, 0
L -718.0000, -1000.0000, -8.0000,  -718.0000, -1005.0000, -8.0000,  0, 0, 0
L -719.0000, -998.0000, -8.0000,  -718.0000, -1000.0000, -8.0000,  0, 0, 0
L -722.0000, -993.0000, -7.0000,  -719.0000, -998.0000, -8.0000,  0, 0, 0
L -726.0000, -996.0000, -7.0000,  -722.0000, -993.0000, -7.0000,  0, 0, 0
L -726.0000, -998.0000, -7.0000,  -726.0000, -996.0000, -7.0000,  0, 0, 0
L -742.0000, -998.0000, -7.0000,  -726.0000, -998.0000, -7.0000,  0, 0, 0
L -744.0000, -993.0000, -7.0000,  -742.0000, -998.0000, -7.0000,  0, 0, 0
L -746.0000, -993.0000, -7.0000,  -744.0000, -993.0000, -7.0000,  0, 0, 0
L -748.0000, -994.0000, -7.0000,  -746.0000, -993.0000, -7.0000,  0, 0, 0
L -749.0000, -998.0000, -8.0000,  -748.0000, -994.0000, -7.0000,  0, 0, 0
L -750.0000, -1005.0000, -8.0000,  -749.0000, -998.0000, -8.0000,  0, 0, 0
L -774.0000, -1005.0000, -8.0000,  -750.0000, -1005.0000, -8.0000,  0, 0, 0
L -775.0000, -1000.0000, -7.0000,  -774.0000, -1005.0000, -8.0000,  0, 0, 0
L -778.0000, -998.0000, -7.0000,  -775.0000, -1000.0000, -7.0000,  0, 0, 0
L -781.0000, -998.0000, -7.0000,  -778.0000, -998.0000, -7.0000,  0, 0, 0
L -781.0000, -988.0000, -7.0000,  -781.0000, -998.0000, -7.0000,  0, 0, 0
L -779.0000, -988.0000, -7.0000,  -781.0000, -988.0000, -7.0000,  0, 0, 0
L -776.0000, -987.0000, -7.0000,  -779.0000, -988.0000, -7.0000,  0, 0, 0
L -774.0000, -984.0000, -8.0000,  -776.0000, -987.0000, -7.0000,  0, 0, 0
L -774.0000, -981.0000, -8.0000,  -774.0000, -984.0000, -8.0000,  0, 0, 0
L -725.0000, -980.0000, -8.0000,  -774.0000, -981.0000, -8.0000,  0, 0, 0
L -725.0000, -922.0000, -8.0000,  -725.0000, -980.0000, -8.0000,  0, 0, 0
L -740.0000, -920.0000, -8.0000,  -725.0000, -922.0000, -8.0000,  0, 0, 0
L -740.0000, -919.0000, -8.0000,  -740.0000, -920.0000, -8.0000,  0, 0, 0
L -742.0000, -916.0000, -7.0000,  -740.0000, -919.0000, -8.0000,  0, 0, 0
L -746.0000, -914.0000, -8.0000,  -742.0000, -916.0000, -7.0000,  0, 0, 0
L -750.0000, -921.0000, -7.0000,  -746.0000, -914.0000, -8.0000,  0, 0, 0
L -760.0000, -921.0000, -7.0000,  -750.0000, -921.0000, -7.0000,  0, 0, 0
L -765.0000, -914.0000, -8.0000,  -760.0000, -921.0000, -7.0000,  0, 0, 0
L -770.0000, -921.0000, -8.0000,  -765.0000, -914.0000, -8.0000,  0, 0, 0
L -781.0000, -921.0000, -8.0000,  -770.0000, -921.0000, -8.0000,  0, 0, 0
L -781.0000, -915.0000, -8.0000,  -781.0000, -921.0000, -8.0000,  0, 0, 0
L -811.0000, -914.0000, -8.0000,  -781.0000, -915.0000, -8.0000,  0, 0, 0
L -813.0000, -921.0000, -8.0000,  -811.0000, -914.0000, -8.0000,  0, 0, 0
L -852.0000, -921.0000, -8.0000,  -813.0000, -921.0000, -8.0000,  0, 0, 0
L -864.0000, -897.0000, -8.0000,  -852.0000, -921.0000, -8.0000,  0, 0, 0
L -823.0000, -896.0000, -8.0000,  -864.0000, -897.0000, -8.0000,  0, 0, 0
L -825.0000, -879.0000, -8.0000,  -823.0000, -896.0000, -8.0000,  0, 0, 0
L -880.0000, -879.0000, -8.0000,  -825.0000, -879.0000, -8.0000,  0, 0, 0
L -907.0000, -852.0000, -8.0000,  -880.0000, -879.0000, -8.0000,  0, 0, 0
L -907.0000, -843.0000, -8.0000,  -907.0000, -852.0000, -8.0000,  0, 0, 0
L -771.0000, -843.0000, -8.0000,  -907.0000, -843.0000, -8.0000,  0, 0, 0
L -771.0000, -852.0000, -8.0000,  -771.0000, -843.0000, -8.0000,  0, 0, 0
L -798.0000, -879.0000, -8.0000,  -771.0000, -852.0000, -8.0000,  0, 0, 0
L -812.0000, -879.0000, -8.0000,  -798.0000, -879.0000, -8.0000,  0, 0, 0
L -812.0000, -904.0000, -8.0000,  -812.0000, -879.0000, -8.0000,  0, 0, 0
L -782.0000, -904.0000, -8.0000,  -812.0000, -904.0000, -8.0000,  0, 0, 0
L -781.0000, -896.0000, -8.0000,  -782.0000, -904.0000, -8.0000,  0, 0, 0
L -768.0000, -883.0000, -7.0000,  -781.0000, -896.0000, -8.0000,  0, 0, 0
L -742.0000, -883.0000, -7.0000,  -768.0000, -883.0000, -7.0000,  0, 0, 0
L -689.0000, -936.0000, -80.0000,  -742.0000, -883.0000, -7.0000,  0, 0, 0
L -655.0000, -942.0000, 0.0000,  -655.0000, -949.0000, 0.0000,  0, 0, 255
L -658.0000, -942.0000, 0.0000,  -655.0000, -942.0000, 0.0000,  0, 0, 255
L -658.0000, -949.0000, 0.0000,  -658.0000, -942.0000, 0.0000,  0, 0, 255
L -655.0000, -949.0000, 0.0000,  -658.0000, -949.0000, 0.0000,  0, 0, 255
L -654.0000, -949.0000, -8.0000,  -654.0000, -941.0000, -8.0000,  255, 0, 255
L -613.0000, -949.0000, -6.0000,  -654.0000, -949.0000, -8.0000,  255, 0, 255
L -613.0000, -968.0000, -6.0000,  -613.0000, -949.0000, -6.0000,  255, 0, 255
L -622.0000, -968.0000, -6.0000,  -613.0000, -968.0000, -6.0000,  255, 0, 255
L -622.0000, -956.0000, -6.0000,  -622.0000, -968.0000, -6.0000,  255, 0, 255
L -655.0000, -956.0000, -6.0000,  -622.0000, -956.0000, -6.0000,  255, 0, 255
L -655.0000, -992.0000, -6.0000,  -655.0000, -956.0000, -6.0000,  255, 0, 255
L -620.0000, -992.0000, -6.0000,  -655.0000, -992.0000, -6.0000,  255, 0, 255
L -620.0000, -976.0000, -6.0000,  -620.0000, -992.0000, -6.0000,  255, 0, 255
L -620.0000, -983.0000, -6.0000,  -620.0000, -976.0000, -6.0000,  255, 0, 255
L -647.0000, -983.0000, -6.0000,  -620.0000, -983.0000, -6.0000,  255, 0, 255
L -647.0000, -964.0000, -6.0000,  -647.0000, -983.0000, -6.0000,  255, 0, 255
L -640.0000, -964.0000, -6.0000,  -647.0000, -964.0000, -6.0000,  255, 0, 255
L -640.0000, -976.0000, -6.0000,  -640.0000, -964.0000, -6.0000,  255, 0, 255
L -606.0000, -976.0000, -6.0000,  -640.0000, -976.0000, -6.0000,  255, 0, 255
L -606.0000, -941.0000, -6.0000,  -606.0000, -976.0000, -6.0000,  255, 0, 255
L -654.0000, -941.0000, -80.0000,  -606.0000, -941.0000, -6.0000,  255, 0, 255
L -669.0000, -967.0000, -8.0000,  -661.0000, -967.0000, -8.0000,  255, 0, 255
L -669.0000, -992.0000, -7.0000,  -669.0000, -967.0000, -8.0000,  255, 0, 255
L -675.0000, -992.0000, -7.0000,  -669.0000, -992.0000, -7.0000,  255, 0, 255
L -675.0000, -978.0000, -6.0000,  -675.0000, -992.0000, -7.0000,  255, 0, 255
L -675.0000, -940.0000, -6.0000,  -675.0000, -978.0000, -6.0000,  255, 0, 255
L -707.0000, -940.0000, -6.0000,  -675.0000, -940.0000, -6.0000,  255, 0, 255
L -707.0000, -972.0000, -6.0000,  -707.0000, -940.0000, -6.0000,  255, 0, 255
L -683.0000, -972.0000, -6.0000,  -707.0000, -972.0000, -6.0000,  255, 0, 255
L -683.0000, -978.0000, -6.0000,  -683.0000, -972.0000, -6.0000,  255, 0, 255
L -683.0000, -999.0000, -7.0000,  -683.0000, -978.0000, -6.0000,  255, 0, 255
L -661.0000, -999.0000, -7.0000,  -683.0000, -999.0000, -7.0000,  255, 0, 255
L -661.0000, -967.0000, -80.0000,  -661.0000, -999.0000, -7.0000,  255, 0, 255
L -629.0000, -969.0000, -8.0000,  -629.0000, -941.0000, -7.0000,  0, 0, 0
L -646.0000, -969.0000, -8.0000,  -629.0000, -969.0000, -8.0000,  0, 0, 0
L -646.0000, -954.0000, -8.0000,  -646.0000, -969.0000, -8.0000,  0, 0, 0
L -659.0000, -954.0000, -8.0000,  -646.0000, -954.0000, -8.0000,  0, 0, 0
L -659.0000, -941.0000, -8.0000,  -659.0000, -954.0000, -8.0000,  0, 0, 0
L -709.0000, -941.0000, -8.0000,  -659.0000, -941.0000, -8.0000,  0, 0, 0
L -709.0000, -975.0000, -8.0000,  -709.0000, -941.0000, -8.0000,  0, 0, 0
L -687.0000, -975.0000, -8.0000,  -709.0000, -975.0000, -8.0000,  0, 0, 0
L -687.0000, -947.0000, -8.0000,  -687.0000, -975.0000, -8.0000,  0, 0, 0
L -669.0000, -947.0000, -8.0000,  -687.0000, -947.0000, -8.0000,  0, 0, 0
L -669.0000, -962.0000, -8.0000,  -669.0000, -947.0000, -8.0000,  0, 0, 0
L -655.0000, -962.0000, -8.0000,  -669.0000, -962.0000, -8.0000,  0, 0, 0
L -655.0000, -975.0000, -8.0000,  -655.0000, -962.0000, -8.0000,  0, 0, 0
L -605.0000, -975.0000, -8.0000,  -655.0000, -975.0000, -8.0000,  0, 0, 0
L -605.0000, -941.0000, -8.0000,  -605.0000, -975.0000, -8.0000,  0, 0, 0
L -629.0000, -941.0000, -81.0000,  -605.0000, -941.0000, -8.0000,  0, 0, 0
L -548.0000, -950.0000, -7.0000,  -548.0000, -967.0000, -7.0000,  0, 0, 0
L -548.0000, -939.0000, -8.0000,  -548.0000, -950.0000, -7.0000,  0, 0, 0
L -574.0000, -925.0000, -8.0000,  -548.0000, -939.0000, -8.0000,  0, 0, 0
L -601.0000, -925.0000, -8.0000,  -574.0000, -925.0000, -8.0000,  0, 0, 0
L -613.0000, -932.0000, -8.0000,  -601.0000, -925.0000, -8.0000,  0, 0, 0
L -613.0000, -935.0000, -8.0000,  -613.0000, -932.0000, -8.0000,  0, 0, 0
L -600.0000, -935.0000, -8.0000,  -613.0000, -935.0000, -8.0000,  0, 0, 0
L -600.0000, -981.0000, -8.0000,  -600.0000, -935.0000, -8.0000,  0, 0, 0
L -613.0000, -981.0000, -8.0000,  -600.0000, -981.0000, -8.0000,  0, 0, 0
L -613.0000, -985.0000, -8.0000,  -613.0000, -981.0000, -8.0000,  0, 0, 0
L -601.0000, -991.0000, -8.0000,  -613.0000, -985.0000, -8.0000,  0, 0, 0
L -574.0000, -991.0000, -8.0000,  -601.0000, -991.0000, -8.0000,  0, 0, 0
L -548.0000, -978.0000, -8.0000,  -574.0000, -991.0000, -8.0000,  0, 0, 0
L -548.0000, -967.0000, -77.0000,  -548.0000, -978.0000, -8.0000,  0, 0, 0
