P 246.0000, 3787.0000, 0.0000,  255, 255, 255,  2,  Shadeweaver's_Thicket
P -1069.0000, 2132.0000, 0.0000,  255, 255, 255,  2,  Shadow_Haven
P 433.0000, -1566.0000, 0.0000,  255, 255, 255,  2,  Hollowshade_Moor
P -1068.0000, 25.0000, 0.0000,  255, 255, 255,  2,  Ramp
P -858.0000, 1567.0000, 0.0000,  255, 255, 255,  2,  Ramp
P 241.0000, 3721.0000, 0.0000,  255, 255, 255,  2,  Succor_Point
P -10.0470, 629.8570, -174.4320,  0, 240, 0,  3,  Owlbear_Camp
P 455.7150, -812.4960, 48.4040,  240, 0, 0,  3,  Small_Lake_Set-up
P 646.0850, 260.3100, -18.2060,  0, 0, 240,  3,  Safe_Tunnel
P 171.0140, 333.2370, -84.6470,  0, 240, 0,  3,  Dwarf_Miners
P -421.7600, 1995.8340, -31.9940,  240, 240, 0,  3,  Lake_Phlarg_Set-up
P -240.9360, 2479.2310, 132.3530,  240, 0, 0,  3,  Small_Phlarg_Camp_Set-up
P 811.7800, 2321.7070, 16.6480,  240, 0, 0,  3,  Phlarg_Camp_Set-up
P -599.8810, 940.7110, -250.3890,  240, 240, 0,  3,  Bridge_Camp
P -799.9170, 124.0350, -303.5770,  240, 0, 0,  3,  Base_2
P -992.3410, 1614.8330, -351.9840,  0, 0, 240,  3,  Base_1
