L -749.0000, 161.0000, 395.0000,  -737.0000, 215.0000, 395.0000,  190, 190, 190
L -737.0000, 215.0000, 395.0000,  -713.0000, 262.0000, 395.0000,  190, 190, 190
L -713.0000, 262.0000, 395.0000,  -698.0000, 329.0000, 395.0000,  190, 190, 190
L -698.0000, 329.0000, 395.0000,  -757.0000, 387.0000, 395.0000,  190, 190, 190
L -757.0000, 387.0000, 395.0000,  -804.0000, 391.0000, 395.0000,  190, 190, 190
L -804.0000, 391.0000, 395.0000,  -865.0000, 384.0000, 395.0000,  190, 190, 190
L -865.0000, 384.0000, 395.0000,  -913.0000, 393.0000, 395.0000,  190, 190, 190
L -913.0000, 393.0000, 395.0000,  -957.0000, 390.0000, 395.0000,  190, 190, 190
L -957.0000, 390.0000, 395.0000,  -1020.0000, 327.0000, 395.0000,  190, 190, 190
L -1020.0000, 327.0000, 395.0000,  -1006.0000, 265.0000, 395.0000,  190, 190, 190
L -1006.0000, 265.0000, 395.0000,  -983.0000, 218.0000, 395.0000,  190, 190, 190
L -983.0000, 218.0000, 395.0000,  -985.0000, 173.0000, 395.0000,  190, 190, 190
L -985.0000, 173.0000, 395.0000,  -971.0000, 130.0000, 395.0000,  190, 190, 190
L -971.0000, 130.0000, 395.0000,  -974.0000, 79.0000, 395.0000,  190, 190, 190
L -974.0000, 79.0000, 395.0000,  -972.0000, 26.0000, 395.0000,  190, 190, 190
L -972.0000, 26.0000, 395.0000,  -909.0000, -38.0000, 395.0000,  190, 190, 190
L -909.0000, -38.0000, 395.0000,  -831.0000, -56.0000, 395.0000,  190, 190, 190
L -831.0000, -56.0000, 395.0000,  -765.0000, -53.0000, 395.0000,  190, 190, 190
L -765.0000, -53.0000, 395.0000,  -703.0000, 7.0000, 395.0000,  190, 190, 190
L -703.0000, 7.0000, 395.0000,  -700.0000, 52.0000, 395.0000,  190, 190, 190
L -700.0000, 52.0000, 395.0000,  -731.0000, 108.0000, 395.0000,  190, 190, 190
L -731.0000, 108.0000, 395.0000,  -748.0000, 153.0000, 395.0000,  190, 190, 190
L -899.0000, -1036.0000, 493.0000,  -835.0000, -1036.0000, 493.0000,  190, 190, 190
L -835.0000, -1036.0000, 493.0000,  -808.0000, -1055.0000, 493.0000,  190, 190, 190
L -808.0000, -1055.0000, 493.0000,  -796.0000, -1067.0000, 493.0000,  190, 190, 190
L -796.0000, -1067.0000, 493.0000,  -780.0000, -1065.0000, 493.0000,  190, 190, 190
L -780.0000, -1065.0000, 493.0000,  -765.0000, -1061.0000, 493.0000,  190, 190, 190
L -765.0000, -1061.0000, 493.0000,  -753.0000, -1057.0000, 493.0000,  190, 190, 190
L -753.0000, -1057.0000, 493.0000,  -724.0000, -1028.0000, 493.0000,  190, 190, 190
L -724.0000, -1028.0000, 493.0000,  -720.0000, -1016.0000, 493.0000,  190, 190, 190
L -720.0000, -1016.0000, 493.0000,  -716.0000, -990.0000, 493.0000,  190, 190, 190
L -716.0000, -990.0000, 493.0000,  -689.0000, -963.0000, 493.0000,  190, 190, 190
L -689.0000, -963.0000, 493.0000,  -682.0000, -927.0000, 493.0000,  190, 190, 190
L -682.0000, -927.0000, 493.0000,  -667.0000, -901.0000, 493.0000,  190, 190, 190
L -667.0000, -901.0000, 493.0000,  -674.0000, -871.0000, 493.0000,  190, 190, 190
L -674.0000, -871.0000, 493.0000,  -666.0000, -832.0000, 493.0000,  190, 190, 190
L -666.0000, -832.0000, 493.0000,  -638.0000, -803.0000, 493.0000,  190, 190, 190
L -638.0000, -803.0000, 493.0000,  -609.0000, -726.0000, 493.0000,  190, 190, 190
L -609.0000, -726.0000, 493.0000,  -609.0000, -708.0000, 493.0000,  190, 190, 190
L -609.0000, -708.0000, 493.0000,  -598.0000, -685.0000, 493.0000,  190, 190, 190
L -598.0000, -685.0000, 493.0000,  -589.0000, -678.0000, 493.0000,  190, 190, 190
L -589.0000, -678.0000, 493.0000,  -565.0000, -675.0000, 493.0000,  190, 190, 190
L -565.0000, -675.0000, 493.0000,  -544.0000, -680.0000, 493.0000,  190, 190, 190
L -544.0000, -680.0000, 493.0000,  -526.0000, -681.0000, 493.0000,  190, 190, 190
L -526.0000, -681.0000, 493.0000,  -507.0000, -654.0000, 493.0000,  190, 190, 190
L -507.0000, -654.0000, 493.0000,  -472.0000, -651.0000, 493.0000,  190, 190, 190
L -472.0000, -651.0000, 493.0000,  -470.0000, -678.0000, 493.0000,  190, 190, 190
L -470.0000, -678.0000, 493.0000,  -472.0000, -690.0000, 493.0000,  190, 190, 190
L -472.0000, -690.0000, 493.0000,  -459.0000, -691.0000, 493.0000,  190, 190, 190
L -459.0000, -691.0000, 493.0000,  -461.0000, -654.0000, 493.0000,  190, 190, 190
L -461.0000, -654.0000, 493.0000,  -461.0000, -651.0000, 493.0000,  190, 190, 190
L -461.0000, -651.0000, 493.0000,  -437.0000, -653.0000, 493.0000,  190, 190, 190
L -437.0000, -653.0000, 493.0000,  -425.0000, -659.0000, 493.0000,  190, 190, 190
L -425.0000, -659.0000, 493.0000,  -407.0000, -669.0000, 493.0000,  190, 190, 190
L -407.0000, -669.0000, 493.0000,  -375.0000, -663.0000, 493.0000,  190, 190, 190
L -375.0000, -663.0000, 493.0000,  -344.0000, -666.0000, 493.0000,  190, 190, 190
L -344.0000, -666.0000, 493.0000,  -311.0000, -636.0000, 493.0000,  190, 190, 190
L -311.0000, -636.0000, 493.0000,  -314.0000, -613.0000, 493.0000,  190, 190, 190
L -314.0000, -613.0000, 493.0000,  -290.0000, -584.0000, 493.0000,  190, 190, 190
L -290.0000, -584.0000, 493.0000,  -288.0000, -560.0000, 493.0000,  190, 190, 190
L -288.0000, -560.0000, 493.0000,  -278.0000, -542.0000, 493.0000,  190, 190, 190
L -278.0000, -542.0000, 493.0000,  -266.0000, -534.0000, 493.0000,  190, 190, 190
L -266.0000, -534.0000, 493.0000,  -243.0000, -531.0000, 493.0000,  190, 190, 190
L -243.0000, -531.0000, 493.0000,  -218.0000, -538.0000, 493.0000,  190, 190, 190
L -218.0000, -538.0000, 493.0000,  -185.0000, -510.0000, 493.0000,  190, 190, 190
L -185.0000, -510.0000, 493.0000,  -165.0000, -507.0000, 493.0000,  190, 190, 190
L -165.0000, -507.0000, 493.0000,  -138.0000, -507.0000, 493.0000,  190, 190, 190
L -138.0000, -507.0000, 493.0000,  -109.0000, -504.0000, 493.0000,  190, 190, 190
L -109.0000, -504.0000, 493.0000,  -94.0000, -513.0000, 493.0000,  190, 190, 190
L -94.0000, -513.0000, 493.0000,  -96.0000, -556.0000, 493.0000,  190, 190, 190
L -96.0000, -556.0000, 493.0000,  -83.0000, -554.0000, 493.0000,  190, 190, 190
L -83.0000, -554.0000, 493.0000,  -85.0000, -520.0000, 493.0000,  190, 190, 190
L -85.0000, -520.0000, 493.0000,  -85.0000, -517.0000, 493.0000,  190, 190, 190
L -85.0000, -517.0000, 493.0000,  -46.0000, -514.0000, 493.0000,  190, 190, 190
L -46.0000, -514.0000, 493.0000,  -25.0000, -522.0000, 493.0000,  190, 190, 190
L -25.0000, -522.0000, 493.0000,  -5.0000, -532.0000, 493.0000,  190, 190, 190
L -5.0000, -532.0000, 493.0000,  26.0000, -525.0000, 493.0000,  190, 190, 190
L 26.0000, -525.0000, 493.0000,  52.0000, -530.0000, 493.0000,  190, 190, 190
L 52.0000, -530.0000, 493.0000,  62.0000, -542.0000, 493.0000,  190, 190, 190
L 62.0000, -542.0000, 493.0000,  70.0000, -560.0000, 493.0000,  190, 190, 190
L 70.0000, -560.0000, 493.0000,  65.0000, -575.0000, 493.0000,  190, 190, 190
L 65.0000, -575.0000, 493.0000,  70.0000, -597.0000, 493.0000,  190, 190, 190
L 70.0000, -597.0000, 493.0000,  59.0000, -618.0000, 493.0000,  190, 190, 190
L 59.0000, -618.0000, 493.0000,  42.0000, -627.0000, 493.0000,  190, 190, 190
L 42.0000, -627.0000, 493.0000,  21.0000, -628.0000, 493.0000,  190, 190, 190
L 21.0000, -628.0000, 493.0000,  -1.0000, -622.0000, 493.0000,  190, 190, 190
L -1.0000, -622.0000, 493.0000,  -27.0000, -631.0000, 493.0000,  190, 190, 190
L -27.0000, -631.0000, 493.0000,  -59.0000, -627.0000, 493.0000,  190, 190, 190
L -59.0000, -627.0000, 493.0000,  -85.0000, -627.0000, 493.0000,  190, 190, 190
L -85.0000, -627.0000, 493.0000,  -85.0000, -620.0000, 493.0000,  190, 190, 190
L -85.0000, -620.0000, 493.0000,  -83.0000, -591.0000, 493.0000,  190, 190, 190
L -83.0000, -591.0000, 493.0000,  -96.0000, -595.0000, 493.0000,  190, 190, 190
L -96.0000, -595.0000, 493.0000,  -94.0000, -624.0000, 493.0000,  190, 190, 190
L -94.0000, -624.0000, 493.0000,  -94.0000, -627.0000, 493.0000,  190, 190, 190
L -94.0000, -627.0000, 493.0000,  -117.0000, -627.0000, 493.0000,  190, 190, 190
L -117.0000, -627.0000, 493.0000,  -138.0000, -633.0000, 493.0000,  190, 190, 190
L -138.0000, -633.0000, 493.0000,  -177.0000, -639.0000, 493.0000,  190, 190, 190
L -177.0000, -639.0000, 493.0000,  -211.0000, -671.0000, 493.0000,  190, 190, 190
L -211.0000, -671.0000, 493.0000,  -222.0000, -690.0000, 493.0000,  190, 190, 190
L -222.0000, -690.0000, 493.0000,  -231.0000, -711.0000, 493.0000,  190, 190, 190
L -231.0000, -711.0000, 493.0000,  -224.0000, -743.0000, 493.0000,  190, 190, 190
L -224.0000, -743.0000, 493.0000,  -210.0000, -766.0000, 493.0000,  190, 190, 190
L -210.0000, -766.0000, 493.0000,  -182.0000, -794.0000, 493.0000,  190, 190, 190
L -182.0000, -794.0000, 493.0000,  -162.0000, -799.0000, 493.0000,  190, 190, 190
L -162.0000, -799.0000, 493.0000,  -142.0000, -803.0000, 493.0000,  190, 190, 190
L -142.0000, -803.0000, 493.0000,  -125.0000, -813.0000, 493.0000,  190, 190, 190
L -125.0000, -813.0000, 493.0000,  -94.0000, -810.0000, 493.0000,  190, 190, 190
L -94.0000, -810.0000, 493.0000,  -94.0000, -809.0000, 493.0000,  190, 190, 190
L -94.0000, -809.0000, 493.0000,  -94.0000, -822.0000, 493.0000,  190, 190, 190
L -94.0000, -822.0000, 493.0000,  -96.0000, -850.0000, 493.0000,  190, 190, 190
L -96.0000, -850.0000, 493.0000,  -83.0000, -847.0000, 493.0000,  190, 190, 190
L -83.0000, -847.0000, 493.0000,  -85.0000, -816.0000, 493.0000,  190, 190, 190
L -85.0000, -816.0000, 493.0000,  -85.0000, -810.0000, 493.0000,  190, 190, 190
L -85.0000, -810.0000, 493.0000,  -54.0000, -810.0000, 493.0000,  190, 190, 190
L -54.0000, -810.0000, 493.0000,  -38.0000, -807.0000, 493.0000,  190, 190, 190
L -38.0000, -807.0000, 493.0000,  -25.0000, -805.0000, 493.0000,  190, 190, 190
L -25.0000, -805.0000, 493.0000,  -16.0000, -808.0000, 493.0000,  190, 190, 190
L -16.0000, -808.0000, 493.0000,  -2.0000, -814.0000, 493.0000,  190, 190, 190
L -2.0000, -814.0000, 493.0000,  26.0000, -807.0000, 493.0000,  190, 190, 190
L 26.0000, -807.0000, 493.0000,  51.0000, -810.0000, 493.0000,  190, 190, 190
L 51.0000, -810.0000, 493.0000,  70.0000, -841.0000, 493.0000,  190, 190, 190
L 70.0000, -841.0000, 493.0000,  65.0000, -857.0000, 493.0000,  190, 190, 190
L 65.0000, -857.0000, 493.0000,  70.0000, -878.0000, 493.0000,  190, 190, 190
L 70.0000, -878.0000, 493.0000,  60.0000, -899.0000, 493.0000,  190, 190, 190
L 60.0000, -899.0000, 493.0000,  50.0000, -908.0000, 493.0000,  190, 190, 190
L 50.0000, -908.0000, 493.0000,  22.0000, -911.0000, 493.0000,  190, 190, 190
L 22.0000, -911.0000, 493.0000,  -1.0000, -904.0000, 493.0000,  190, 190, 190
L -1.0000, -904.0000, 493.0000,  -25.0000, -914.0000, 493.0000,  190, 190, 190
L -25.0000, -914.0000, 493.0000,  -54.0000, -917.0000, 493.0000,  190, 190, 190
L -54.0000, -917.0000, 493.0000,  -85.0000, -925.0000, 493.0000,  190, 190, 190
L -85.0000, -925.0000, 493.0000,  -85.0000, -914.0000, 493.0000,  190, 190, 190
L -85.0000, -914.0000, 493.0000,  -83.0000, -886.0000, 493.0000,  190, 190, 190
L -83.0000, -886.0000, 493.0000,  -96.0000, -885.0000, 493.0000,  190, 190, 190
L -96.0000, -885.0000, 493.0000,  -94.0000, -913.0000, 493.0000,  190, 190, 190
L -94.0000, -913.0000, 493.0000,  -94.0000, -924.0000, 493.0000,  190, 190, 190
L -94.0000, -924.0000, 493.0000,  -146.0000, -929.0000, 493.0000,  190, 190, 190
L -146.0000, -929.0000, 493.0000,  -159.0000, -929.0000, 493.0000,  190, 190, 190
L -159.0000, -929.0000, 493.0000,  -177.0000, -928.0000, 493.0000,  190, 190, 190
L -177.0000, -928.0000, 493.0000,  -193.0000, -920.0000, 493.0000,  190, 190, 190
L -193.0000, -920.0000, 493.0000,  -209.0000, -904.0000, 493.0000,  190, 190, 190
L -209.0000, -904.0000, 493.0000,  -228.0000, -897.0000, 493.0000,  190, 190, 190
L -228.0000, -897.0000, 493.0000,  -249.0000, -905.0000, 493.0000,  190, 190, 190
L -249.0000, -905.0000, 493.0000,  -271.0000, -901.0000, 493.0000,  190, 190, 190
L -271.0000, -901.0000, 493.0000,  -282.0000, -888.0000, 493.0000,  190, 190, 190
L -282.0000, -888.0000, 493.0000,  -290.0000, -868.0000, 493.0000,  190, 190, 190
L -290.0000, -868.0000, 493.0000,  -290.0000, -851.0000, 493.0000,  190, 190, 190
L -290.0000, -851.0000, 493.0000,  -313.0000, -824.0000, 493.0000,  190, 190, 190
L -313.0000, -824.0000, 493.0000,  -309.0000, -805.0000, 493.0000,  190, 190, 190
L -309.0000, -805.0000, 493.0000,  -341.0000, -770.0000, 493.0000,  190, 190, 190
L -341.0000, -770.0000, 493.0000,  -375.0000, -773.0000, 493.0000,  190, 190, 190
L -375.0000, -773.0000, 493.0000,  -405.0000, -769.0000, 493.0000,  190, 190, 190
L -405.0000, -769.0000, 493.0000,  -431.0000, -771.0000, 493.0000,  190, 190, 190
L -431.0000, -771.0000, 493.0000,  -453.0000, -765.0000, 493.0000,  190, 190, 190
L -453.0000, -765.0000, 493.0000,  -461.0000, -766.0000, 493.0000,  190, 190, 190
L -461.0000, -766.0000, 493.0000,  -461.0000, -739.0000, 493.0000,  190, 190, 190
L -461.0000, -739.0000, 493.0000,  -459.0000, -724.0000, 493.0000,  190, 190, 190
L -459.0000, -724.0000, 493.0000,  -472.0000, -728.0000, 493.0000,  190, 190, 190
L -472.0000, -728.0000, 493.0000,  -470.0000, -756.0000, 493.0000,  190, 190, 190
L -470.0000, -756.0000, 493.0000,  -470.0000, -772.0000, 493.0000,  190, 190, 190
L -470.0000, -772.0000, 493.0000,  -487.0000, -781.0000, 493.0000,  190, 190, 190
L -487.0000, -781.0000, 493.0000,  -517.0000, -786.0000, 493.0000,  190, 190, 190
L -517.0000, -786.0000, 493.0000,  -549.0000, -817.0000, 493.0000,  190, 190, 190
L -549.0000, -817.0000, 493.0000,  -561.0000, -837.0000, 493.0000,  190, 190, 190
L -561.0000, -837.0000, 493.0000,  -565.0000, -864.0000, 493.0000,  190, 190, 190
L -565.0000, -864.0000, 493.0000,  -572.0000, -878.0000, 493.0000,  190, 190, 190
L -572.0000, -878.0000, 493.0000,  -563.0000, -912.0000, 493.0000,  190, 190, 190
L -563.0000, -912.0000, 493.0000,  -574.0000, -946.0000, 493.0000,  190, 190, 190
L -574.0000, -946.0000, 493.0000,  -561.0000, -984.0000, 493.0000,  190, 190, 190
L -561.0000, -984.0000, 493.0000,  -561.0000, -1005.0000, 493.0000,  190, 190, 190
L -561.0000, -1005.0000, 493.0000,  -549.0000, -1027.0000, 493.0000,  190, 190, 190
L -549.0000, -1027.0000, 493.0000,  -517.0000, -1059.0000, 493.0000,  190, 190, 190
L -517.0000, -1059.0000, 493.0000,  -490.0000, -1046.0000, 493.0000,  190, 190, 190
L -490.0000, -1046.0000, 493.0000,  -470.0000, -1043.0000, 493.0000,  190, 190, 190
L -470.0000, -1043.0000, 493.0000,  -470.0000, -1061.0000, 493.0000,  190, 190, 190
L -470.0000, -1061.0000, 493.0000,  -472.0000, -1093.0000, 493.0000,  190, 190, 190
L -472.0000, -1093.0000, 493.0000,  -459.0000, -1088.0000, 493.0000,  190, 190, 190
L -459.0000, -1088.0000, 493.0000,  -461.0000, -1058.0000, 493.0000,  190, 190, 190
L -461.0000, -1058.0000, 493.0000,  -461.0000, -1043.0000, 493.0000,  190, 190, 190
L -461.0000, -1043.0000, 493.0000,  -448.0000, -1039.0000, 493.0000,  190, 190, 190
L -448.0000, -1039.0000, 493.0000,  -433.0000, -1035.0000, 493.0000,  190, 190, 190
L -433.0000, -1035.0000, 493.0000,  -420.0000, -1049.0000, 493.0000,  190, 190, 190
L -420.0000, -1049.0000, 493.0000,  -406.0000, -1065.0000, 493.0000,  190, 190, 190
L -406.0000, -1065.0000, 493.0000,  -377.0000, -1064.0000, 493.0000,  190, 190, 190
L -377.0000, -1064.0000, 493.0000,  -355.0000, -1067.0000, 493.0000,  190, 190, 190
L -355.0000, -1067.0000, 493.0000,  -331.0000, -1078.0000, 493.0000,  190, 190, 190
L -331.0000, -1078.0000, 493.0000,  -304.0000, -1073.0000, 493.0000,  190, 190, 190
L -304.0000, -1073.0000, 493.0000,  -274.0000, -1075.0000, 493.0000,  190, 190, 190
L -274.0000, -1075.0000, 493.0000,  -252.0000, -1081.0000, 493.0000,  190, 190, 190
L -252.0000, -1081.0000, 493.0000,  -225.0000, -1065.0000, 493.0000,  190, 190, 190
L -225.0000, -1065.0000, 493.0000,  -199.0000, -1055.0000, 493.0000,  190, 190, 190
L -199.0000, -1055.0000, 493.0000,  -183.0000, -1054.0000, 493.0000,  190, 190, 190
L -183.0000, -1054.0000, 493.0000,  -168.0000, -1063.0000, 493.0000,  190, 190, 190
L -168.0000, -1063.0000, 493.0000,  -138.0000, -1058.0000, 493.0000,  190, 190, 190
L -138.0000, -1058.0000, 493.0000,  -117.0000, -1042.0000, 493.0000,  190, 190, 190
L -117.0000, -1042.0000, 493.0000,  -94.0000, -1038.0000, 493.0000,  190, 190, 190
L -94.0000, -1038.0000, 493.0000,  -94.0000, -1079.0000, 493.0000,  190, 190, 190
L -94.0000, -1079.0000, 493.0000,  -96.0000, -1092.0000, 493.0000,  190, 190, 190
L -96.0000, -1092.0000, 493.0000,  -83.0000, -1091.0000, 493.0000,  190, 190, 190
L -83.0000, -1091.0000, 493.0000,  -85.0000, -1042.0000, 493.0000,  190, 190, 190
L -85.0000, -1042.0000, 493.0000,  -85.0000, -1038.0000, 493.0000,  190, 190, 190
L -85.0000, -1038.0000, 493.0000,  -54.0000, -1060.0000, 493.0000,  190, 190, 190
L -54.0000, -1060.0000, 493.0000,  -24.0000, -1073.0000, 493.0000,  190, 190, 190
L -24.0000, -1073.0000, 493.0000,  2.0000, -1063.0000, 493.0000,  190, 190, 190
L 2.0000, -1063.0000, 493.0000,  32.0000, -1066.0000, 493.0000,  190, 190, 190
L 32.0000, -1066.0000, 493.0000,  45.0000, -1086.0000, 493.0000,  190, 190, 190
L 45.0000, -1086.0000, 493.0000,  50.0000, -1097.0000, 493.0000,  190, 190, 190
L 50.0000, -1097.0000, 493.0000,  45.0000, -1114.0000, 493.0000,  190, 190, 190
L 45.0000, -1114.0000, 493.0000,  47.0000, -1139.0000, 493.0000,  190, 190, 190
L 47.0000, -1139.0000, 493.0000,  38.0000, -1157.0000, 493.0000,  190, 190, 190
L 38.0000, -1157.0000, 493.0000,  29.0000, -1163.0000, 493.0000,  190, 190, 190
L 29.0000, -1163.0000, 493.0000,  8.0000, -1166.0000, 493.0000,  190, 190, 190
L 8.0000, -1166.0000, 493.0000,  -23.0000, -1150.0000, 493.0000,  190, 190, 190
L -23.0000, -1150.0000, 493.0000,  -56.0000, -1154.0000, 493.0000,  190, 190, 190
L -56.0000, -1154.0000, 493.0000,  -85.0000, -1170.0000, 493.0000,  190, 190, 190
L -85.0000, -1170.0000, 493.0000,  -85.0000, -1155.0000, 493.0000,  190, 190, 190
L -85.0000, -1155.0000, 493.0000,  -83.0000, -1126.0000, 493.0000,  190, 190, 190
L -83.0000, -1126.0000, 493.0000,  -96.0000, -1130.0000, 493.0000,  190, 190, 190
L -96.0000, -1130.0000, 493.0000,  -94.0000, -1162.0000, 493.0000,  190, 190, 190
L -94.0000, -1162.0000, 493.0000,  -94.0000, -1170.0000, 493.0000,  190, 190, 190
L -94.0000, -1170.0000, 493.0000,  -108.0000, -1165.0000, 493.0000,  190, 190, 190
L -108.0000, -1165.0000, 493.0000,  -120.0000, -1153.0000, 493.0000,  190, 190, 190
L -120.0000, -1153.0000, 493.0000,  -150.0000, -1141.0000, 493.0000,  190, 190, 190
L -150.0000, -1141.0000, 493.0000,  -191.0000, -1144.0000, 493.0000,  190, 190, 190
L -191.0000, -1144.0000, 493.0000,  -212.0000, -1136.0000, 493.0000,  190, 190, 190
L -212.0000, -1136.0000, 493.0000,  -248.0000, -1142.0000, 493.0000,  190, 190, 190
L -248.0000, -1142.0000, 493.0000,  -272.0000, -1138.0000, 493.0000,  190, 190, 190
L -272.0000, -1138.0000, 493.0000,  -301.0000, -1142.0000, 493.0000,  190, 190, 190
L -301.0000, -1142.0000, 493.0000,  -325.0000, -1135.0000, 493.0000,  190, 190, 190
L -325.0000, -1135.0000, 493.0000,  -360.0000, -1163.0000, 493.0000,  190, 190, 190
L -360.0000, -1163.0000, 493.0000,  -379.0000, -1166.0000, 493.0000,  190, 190, 190
L -379.0000, -1166.0000, 493.0000,  -404.0000, -1166.0000, 493.0000,  190, 190, 190
L -404.0000, -1166.0000, 493.0000,  -430.0000, -1163.0000, 493.0000,  190, 190, 190
L -430.0000, -1163.0000, 493.0000,  -461.0000, -1170.0000, 493.0000,  190, 190, 190
L -461.0000, -1170.0000, 493.0000,  -461.0000, -1155.0000, 493.0000,  190, 190, 190
L -461.0000, -1155.0000, 493.0000,  -459.0000, -1125.0000, 493.0000,  190, 190, 190
L -459.0000, -1125.0000, 493.0000,  -472.0000, -1127.0000, 493.0000,  190, 190, 190
L -472.0000, -1127.0000, 493.0000,  -470.0000, -1159.0000, 493.0000,  190, 190, 190
L -470.0000, -1159.0000, 493.0000,  -470.0000, -1170.0000, 493.0000,  190, 190, 190
L -470.0000, -1170.0000, 493.0000,  -494.0000, -1165.0000, 493.0000,  190, 190, 190
L -494.0000, -1165.0000, 493.0000,  -513.0000, -1155.0000, 493.0000,  190, 190, 190
L -513.0000, -1155.0000, 493.0000,  -549.0000, -1187.0000, 493.0000,  190, 190, 190
L -549.0000, -1187.0000, 493.0000,  -558.0000, -1203.0000, 493.0000,  190, 190, 190
L -558.0000, -1203.0000, 493.0000,  -561.0000, -1233.0000, 493.0000,  190, 190, 190
L -561.0000, -1233.0000, 493.0000,  -573.0000, -1264.0000, 493.0000,  190, 190, 190
L -573.0000, -1264.0000, 493.0000,  -562.0000, -1298.0000, 493.0000,  190, 190, 190
L -562.0000, -1298.0000, 493.0000,  -572.0000, -1327.0000, 493.0000,  190, 190, 190
L -572.0000, -1327.0000, 493.0000,  -564.0000, -1351.0000, 493.0000,  190, 190, 190
L -564.0000, -1351.0000, 493.0000,  -561.0000, -1373.0000, 493.0000,  190, 190, 190
L -561.0000, -1373.0000, 493.0000,  -550.0000, -1395.0000, 493.0000,  190, 190, 190
L -550.0000, -1395.0000, 493.0000,  -519.0000, -1426.0000, 493.0000,  190, 190, 190
L -519.0000, -1426.0000, 493.0000,  -484.0000, -1434.0000, 493.0000,  190, 190, 190
L -484.0000, -1434.0000, 493.0000,  -470.0000, -1442.0000, 493.0000,  190, 190, 190
L -470.0000, -1442.0000, 493.0000,  -470.0000, -1458.0000, 493.0000,  190, 190, 190
L -470.0000, -1458.0000, 493.0000,  -472.0000, -1486.0000, 493.0000,  190, 190, 190
L -472.0000, -1486.0000, 493.0000,  -459.0000, -1484.0000, 493.0000,  190, 190, 190
L -459.0000, -1484.0000, 493.0000,  -461.0000, -1451.0000, 493.0000,  190, 190, 190
L -461.0000, -1451.0000, 493.0000,  -461.0000, -1446.0000, 493.0000,  190, 190, 190
L -461.0000, -1446.0000, 493.0000,  -429.0000, -1442.0000, 493.0000,  190, 190, 190
L -429.0000, -1442.0000, 493.0000,  -421.0000, -1443.0000, 493.0000,  190, 190, 190
L -421.0000, -1443.0000, 493.0000,  -409.0000, -1445.0000, 493.0000,  190, 190, 190
L -409.0000, -1445.0000, 493.0000,  -372.0000, -1441.0000, 493.0000,  190, 190, 190
L -372.0000, -1441.0000, 493.0000,  -347.0000, -1444.0000, 493.0000,  190, 190, 190
L -347.0000, -1444.0000, 493.0000,  -312.0000, -1415.0000, 493.0000,  190, 190, 190
L -312.0000, -1415.0000, 493.0000,  -314.0000, -1392.0000, 493.0000,  190, 190, 190
L -314.0000, -1392.0000, 493.0000,  -293.0000, -1367.0000, 493.0000,  190, 190, 190
L -293.0000, -1367.0000, 493.0000,  -290.0000, -1342.0000, 493.0000,  190, 190, 190
L -290.0000, -1342.0000, 493.0000,  -278.0000, -1319.0000, 493.0000,  190, 190, 190
L -278.0000, -1319.0000, 493.0000,  -263.0000, -1311.0000, 493.0000,  190, 190, 190
L -263.0000, -1311.0000, 493.0000,  -243.0000, -1309.0000, 493.0000,  190, 190, 190
L -243.0000, -1309.0000, 493.0000,  -220.0000, -1316.0000, 493.0000,  190, 190, 190
L -220.0000, -1316.0000, 493.0000,  -188.0000, -1289.0000, 493.0000,  190, 190, 190
L -188.0000, -1289.0000, 493.0000,  -165.0000, -1285.0000, 493.0000,  190, 190, 190
L -165.0000, -1285.0000, 493.0000,  -141.0000, -1285.0000, 493.0000,  190, 190, 190
L -141.0000, -1285.0000, 493.0000,  -118.0000, -1283.0000, 493.0000,  190, 190, 190
L -118.0000, -1283.0000, 493.0000,  -107.0000, -1284.0000, 493.0000,  190, 190, 190
L -107.0000, -1284.0000, 493.0000,  -94.0000, -1287.0000, 493.0000,  190, 190, 190
L -94.0000, -1287.0000, 493.0000,  -94.0000, -1310.0000, 493.0000,  190, 190, 190
L -94.0000, -1310.0000, 493.0000,  -96.0000, -1336.0000, 493.0000,  190, 190, 190
L -96.0000, -1336.0000, 493.0000,  -83.0000, -1337.0000, 493.0000,  190, 190, 190
L -83.0000, -1337.0000, 493.0000,  -85.0000, -1296.0000, 493.0000,  190, 190, 190
L -85.0000, -1296.0000, 493.0000,  -85.0000, -1290.0000, 493.0000,  190, 190, 190
L -85.0000, -1290.0000, 493.0000,  -57.0000, -1290.0000, 493.0000,  190, 190, 190
L -57.0000, -1290.0000, 493.0000,  -38.0000, -1296.0000, 493.0000,  190, 190, 190
L -38.0000, -1296.0000, 493.0000,  -24.0000, -1300.0000, 493.0000,  190, 190, 190
L -24.0000, -1300.0000, 493.0000,  -6.0000, -1309.0000, 493.0000,  190, 190, 190
L -6.0000, -1309.0000, 493.0000,  23.0000, -1303.0000, 493.0000,  190, 190, 190
L 23.0000, -1303.0000, 493.0000,  47.0000, -1306.0000, 493.0000,  190, 190, 190
L 47.0000, -1306.0000, 493.0000,  60.0000, -1316.0000, 493.0000,  190, 190, 190
L 60.0000, -1316.0000, 493.0000,  70.0000, -1337.0000, 493.0000,  190, 190, 190
L 70.0000, -1337.0000, 493.0000,  65.0000, -1352.0000, 493.0000,  190, 190, 190
L 65.0000, -1352.0000, 493.0000,  70.0000, -1374.0000, 493.0000,  190, 190, 190
L 70.0000, -1374.0000, 493.0000,  59.0000, -1396.0000, 493.0000,  190, 190, 190
L 59.0000, -1396.0000, 493.0000,  24.0000, -1407.0000, 493.0000,  190, 190, 190
L 24.0000, -1407.0000, 493.0000,  0.0000, -1400.0000, 493.0000,  190, 190, 190
L 0.0000, -1400.0000, 493.0000,  -27.0000, -1410.0000, 493.0000,  190, 190, 190
L -27.0000, -1410.0000, 493.0000,  -68.0000, -1414.0000, 493.0000,  190, 190, 190
L -68.0000, -1414.0000, 493.0000,  -85.0000, -1417.0000, 493.0000,  190, 190, 190
L -85.0000, -1417.0000, 493.0000,  -83.0000, -1372.0000, 493.0000,  190, 190, 190
L -83.0000, -1372.0000, 493.0000,  -96.0000, -1375.0000, 493.0000,  190, 190, 190
L -96.0000, -1375.0000, 493.0000,  -94.0000, -1405.0000, 493.0000,  190, 190, 190
L -94.0000, -1405.0000, 493.0000,  -94.0000, -1417.0000, 493.0000,  190, 190, 190
L -94.0000, -1417.0000, 493.0000,  -117.0000, -1410.0000, 493.0000,  190, 190, 190
L -117.0000, -1410.0000, 493.0000,  -172.0000, -1417.0000, 493.0000,  190, 190, 190
L -172.0000, -1417.0000, 493.0000,  -201.0000, -1440.0000, 493.0000,  190, 190, 190
L -201.0000, -1440.0000, 493.0000,  -217.0000, -1459.0000, 493.0000,  190, 190, 190
L -217.0000, -1459.0000, 493.0000,  -224.0000, -1472.0000, 493.0000,  190, 190, 190
L -224.0000, -1472.0000, 493.0000,  -224.0000, -1517.0000, 493.0000,  190, 190, 190
L -224.0000, -1517.0000, 493.0000,  -214.0000, -1539.0000, 493.0000,  190, 190, 190
L -214.0000, -1539.0000, 493.0000,  -181.0000, -1572.0000, 493.0000,  190, 190, 190
L -181.0000, -1572.0000, 493.0000,  -144.0000, -1579.0000, 493.0000,  190, 190, 190
L -144.0000, -1579.0000, 493.0000,  -120.0000, -1588.0000, 493.0000,  190, 190, 190
L -120.0000, -1588.0000, 493.0000,  -94.0000, -1587.0000, 493.0000,  190, 190, 190
L -94.0000, -1587.0000, 493.0000,  -94.0000, -1614.0000, 493.0000,  190, 190, 190
L -94.0000, -1614.0000, 493.0000,  -96.0000, -1627.0000, 493.0000,  190, 190, 190
L -96.0000, -1627.0000, 493.0000,  -83.0000, -1626.0000, 493.0000,  190, 190, 190
L -83.0000, -1626.0000, 493.0000,  -85.0000, -1587.0000, 493.0000,  190, 190, 190
L -85.0000, -1587.0000, 493.0000,  -61.0000, -1585.0000, 493.0000,  190, 190, 190
L -61.0000, -1585.0000, 493.0000,  -24.0000, -1573.0000, 493.0000,  190, 190, 190
L -24.0000, -1573.0000, 493.0000,  -6.0000, -1590.0000, 493.0000,  190, 190, 190
L -6.0000, -1590.0000, 493.0000,  24.0000, -1585.0000, 493.0000,  190, 190, 190
L 24.0000, -1585.0000, 493.0000,  52.0000, -1590.0000, 493.0000,  190, 190, 190
L 52.0000, -1590.0000, 493.0000,  59.0000, -1596.0000, 493.0000,  190, 190, 190
L 59.0000, -1596.0000, 493.0000,  70.0000, -1618.0000, 493.0000,  190, 190, 190
L 70.0000, -1618.0000, 493.0000,  65.0000, -1633.0000, 493.0000,  190, 190, 190
L 65.0000, -1633.0000, 493.0000,  70.0000, -1656.0000, 493.0000,  190, 190, 190
L 70.0000, -1656.0000, 493.0000,  59.0000, -1678.0000, 493.0000,  190, 190, 190
L 59.0000, -1678.0000, 493.0000,  46.0000, -1686.0000, 493.0000,  190, 190, 190
L 46.0000, -1686.0000, 493.0000,  23.0000, -1689.0000, 493.0000,  190, 190, 190
L 23.0000, -1689.0000, 493.0000,  0.0000, -1682.0000, 493.0000,  190, 190, 190
L 0.0000, -1682.0000, 493.0000,  -27.0000, -1692.0000, 493.0000,  190, 190, 190
L -27.0000, -1692.0000, 493.0000,  -63.0000, -1697.0000, 493.0000,  190, 190, 190
L -63.0000, -1697.0000, 493.0000,  -85.0000, -1703.0000, 493.0000,  190, 190, 190
L -85.0000, -1703.0000, 493.0000,  -85.0000, -1690.0000, 493.0000,  190, 190, 190
L -85.0000, -1690.0000, 493.0000,  -83.0000, -1662.0000, 493.0000,  190, 190, 190
L -83.0000, -1662.0000, 493.0000,  -96.0000, -1664.0000, 493.0000,  190, 190, 190
L -96.0000, -1664.0000, 493.0000,  -94.0000, -1698.0000, 493.0000,  190, 190, 190
L -94.0000, -1698.0000, 493.0000,  -94.0000, -1703.0000, 493.0000,  190, 190, 190
L -94.0000, -1703.0000, 493.0000,  -113.0000, -1704.0000, 493.0000,  190, 190, 190
L -113.0000, -1704.0000, 493.0000,  -136.0000, -1707.0000, 493.0000,  190, 190, 190
L -136.0000, -1707.0000, 493.0000,  -170.0000, -1707.0000, 493.0000,  190, 190, 190
L -170.0000, -1707.0000, 493.0000,  -185.0000, -1704.0000, 493.0000,  190, 190, 190
L -185.0000, -1704.0000, 493.0000,  -214.0000, -1677.0000, 493.0000,  190, 190, 190
L -214.0000, -1677.0000, 493.0000,  -242.0000, -1683.0000, 493.0000,  190, 190, 190
L -242.0000, -1683.0000, 493.0000,  -271.0000, -1679.0000, 493.0000,  190, 190, 190
L -271.0000, -1679.0000, 493.0000,  -281.0000, -1667.0000, 493.0000,  190, 190, 190
L -281.0000, -1667.0000, 493.0000,  -289.0000, -1651.0000, 493.0000,  190, 190, 190
L -289.0000, -1651.0000, 493.0000,  -290.0000, -1630.0000, 493.0000,  190, 190, 190
L -290.0000, -1630.0000, 493.0000,  -314.0000, -1600.0000, 493.0000,  190, 190, 190
L -314.0000, -1600.0000, 493.0000,  -311.0000, -1577.0000, 493.0000,  190, 190, 190
L -311.0000, -1577.0000, 493.0000,  -339.0000, -1550.0000, 493.0000,  190, 190, 190
L -339.0000, -1550.0000, 493.0000,  -369.0000, -1551.0000, 493.0000,  190, 190, 190
L -369.0000, -1551.0000, 493.0000,  -403.0000, -1543.0000, 493.0000,  190, 190, 190
L -403.0000, -1543.0000, 493.0000,  -431.0000, -1559.0000, 493.0000,  190, 190, 190
L -431.0000, -1559.0000, 493.0000,  -461.0000, -1563.0000, 493.0000,  190, 190, 190
L -461.0000, -1563.0000, 493.0000,  -461.0000, -1535.0000, 493.0000,  190, 190, 190
L -461.0000, -1535.0000, 493.0000,  -459.0000, -1524.0000, 493.0000,  190, 190, 190
L -459.0000, -1524.0000, 493.0000,  -472.0000, -1524.0000, 493.0000,  190, 190, 190
L -472.0000, -1524.0000, 493.0000,  -470.0000, -1556.0000, 493.0000,  190, 190, 190
L -470.0000, -1556.0000, 493.0000,  -470.0000, -1563.0000, 493.0000,  190, 190, 190
L -470.0000, -1563.0000, 493.0000,  -505.0000, -1560.0000, 493.0000,  190, 190, 190
L -505.0000, -1560.0000, 493.0000,  -533.0000, -1533.0000, 493.0000,  190, 190, 190
L -533.0000, -1533.0000, 493.0000,  -572.0000, -1538.0000, 493.0000,  190, 190, 190
L -572.0000, -1538.0000, 493.0000,  -592.0000, -1535.0000, 493.0000,  190, 190, 190
L -592.0000, -1535.0000, 493.0000,  -599.0000, -1526.0000, 493.0000,  190, 190, 190
L -599.0000, -1526.0000, 493.0000,  -609.0000, -1507.0000, 493.0000,  190, 190, 190
L -609.0000, -1507.0000, 493.0000,  -610.0000, -1486.0000, 493.0000,  190, 190, 190
L -610.0000, -1486.0000, 493.0000,  -635.0000, -1452.0000, 493.0000,  190, 190, 190
L -635.0000, -1452.0000, 493.0000,  -641.0000, -1433.0000, 493.0000,  190, 190, 190
L -641.0000, -1433.0000, 493.0000,  -671.0000, -1403.0000, 493.0000,  190, 190, 190
L -671.0000, -1403.0000, 493.0000,  -673.0000, -1370.0000, 493.0000,  190, 190, 190
L -673.0000, -1370.0000, 493.0000,  -679.0000, -1348.0000, 493.0000,  190, 190, 190
L -679.0000, -1348.0000, 493.0000,  -672.0000, -1322.0000, 493.0000,  190, 190, 190
L -672.0000, -1322.0000, 493.0000,  -688.0000, -1291.0000, 493.0000,  190, 190, 190
L -688.0000, -1291.0000, 493.0000,  -692.0000, -1264.0000, 493.0000,  190, 190, 190
L -692.0000, -1264.0000, 493.0000,  -722.0000, -1230.0000, 493.0000,  190, 190, 190
L -722.0000, -1230.0000, 493.0000,  -727.0000, -1196.0000, 493.0000,  190, 190, 190
L -727.0000, -1196.0000, 493.0000,  -755.0000, -1168.0000, 493.0000,  190, 190, 190
L -755.0000, -1168.0000, 493.0000,  -788.0000, -1169.0000, 493.0000,  190, 190, 190
L -788.0000, -1169.0000, 493.0000,  -828.0000, -1203.0000, 493.0000,  190, 190, 190
L -828.0000, -1203.0000, 493.0000,  -893.0000, -1203.0000, 493.0000,  190, 190, 190
L -893.0000, -1203.0000, 493.0000,  -902.0000, -1151.0000, 493.0000,  255, 0, 0
L -902.0000, -1151.0000, 493.0000,  -927.0000, -1112.0000, 493.0000,  255, 0, 0
L -927.0000, -1112.0000, 493.0000,  -905.0000, -1063.0000, 493.0000,  255, 0, 0
L -905.0000, -1063.0000, 493.0000,  -898.0000, -1036.0000, 493.0000,  255, 0, 0
L -269.0000, 1069.0000, -1.0000,  -203.0000, 1066.0000, -1.0000,  190, 190, 190
L -203.0000, 1066.0000, -1.0000,  -200.0000, 1015.0000, -1.0000,  190, 190, 190
L -200.0000, 1015.0000, -1.0000,  -179.0000, 979.0000, -1.0000,  190, 190, 190
L -179.0000, 979.0000, -1.0000,  -177.0000, 949.0000, -1.0000,  190, 190, 190
L -177.0000, 949.0000, -1.0000,  -153.0000, 928.0000, -1.0000,  190, 190, 190
L -153.0000, 928.0000, -1.0000,  -127.0000, 924.0000, -1.0000,  190, 190, 190
L -127.0000, 924.0000, -1.0000,  -91.0000, 888.0000, -1.0000,  190, 190, 190
L -91.0000, 888.0000, -1.0000,  -56.0000, 885.0000, -1.0000,  190, 190, 190
L -56.0000, 885.0000, -1.0000,  -32.0000, 890.0000, -1.0000,  190, 190, 190
L -32.0000, 890.0000, -1.0000,  -3.0000, 890.0000, -1.0000,  190, 190, 190
L -3.0000, 890.0000, -1.0000,  32.0000, 862.0000, -1.0000,  190, 190, 190
L 32.0000, 862.0000, -1.0000,  68.0000, 892.0000, -1.0000,  190, 190, 190
L 68.0000, 892.0000, -1.0000,  98.0000, 891.0000, -1.0000,  190, 190, 190
L 98.0000, 891.0000, -1.0000,  118.0000, 913.0000, -1.0000,  190, 190, 190
L 118.0000, 913.0000, -1.0000,  120.0000, 940.0000, -1.0000,  190, 190, 190
L 120.0000, 940.0000, -1.0000,  144.0000, 983.0000, -1.0000,  190, 190, 190
L 144.0000, 983.0000, -1.0000,  204.0000, 1003.0000, -1.0000,  190, 190, 190
L 204.0000, 1003.0000, -1.0000,  267.0000, 979.0000, -1.0000,  190, 190, 190
L 267.0000, 979.0000, -1.0000,  306.0000, 1002.0000, -1.0000,  190, 190, 190
L 306.0000, 1002.0000, -1.0000,  341.0000, 985.0000, -1.0000,  190, 190, 190
L 341.0000, 985.0000, -1.0000,  368.0000, 944.0000, -1.0000,  190, 190, 190
L 368.0000, 944.0000, -1.0000,  371.0000, 911.0000, -1.0000,  190, 190, 190
L 371.0000, 911.0000, -1.0000,  392.0000, 891.0000, -1.0000,  190, 190, 190
L 392.0000, 891.0000, -1.0000,  422.0000, 890.0000, -1.0000,  190, 190, 190
L 422.0000, 890.0000, -1.0000,  453.0000, 861.0000, -1.0000,  190, 190, 190
L 453.0000, 861.0000, -1.0000,  487.0000, 891.0000, -1.0000,  190, 190, 190
L 487.0000, 891.0000, -1.0000,  519.0000, 891.0000, -1.0000,  190, 190, 190
L 519.0000, 891.0000, -1.0000,  549.0000, 885.0000, -1.0000,  190, 190, 190
L 549.0000, 885.0000, -1.0000,  584.0000, 889.0000, -1.0000,  190, 190, 190
L 584.0000, 889.0000, -1.0000,  615.0000, 923.0000, -1.0000,  190, 190, 190
L 615.0000, 923.0000, -1.0000,  646.0000, 929.0000, -1.0000,  190, 190, 190
L 646.0000, 929.0000, -1.0000,  666.0000, 948.0000, -1.0000,  190, 190, 190
L 666.0000, 948.0000, -1.0000,  668.0000, 982.0000, -1.0000,  190, 190, 190
L 668.0000, 982.0000, -1.0000,  689.0000, 1016.0000, -1.0000,  190, 190, 190
L 689.0000, 1016.0000, -1.0000,  683.0000, 1043.0000, -1.0000,  190, 190, 190
L 683.0000, 1043.0000, -1.0000,  690.0000, 1065.0000, -1.0000,  190, 190, 190
L 690.0000, 1065.0000, -1.0000,  676.0000, 1093.0000, -1.0000,  190, 190, 190
L 676.0000, 1093.0000, -1.0000,  695.0000, 1124.0000, -1.0000,  190, 190, 190
L 695.0000, 1124.0000, -1.0000,  684.0000, 1152.0000, -1.0000,  190, 190, 190
L 684.0000, 1152.0000, -1.0000,  682.0000, 1192.0000, -1.0000,  190, 190, 190
L 682.0000, 1192.0000, -1.0000,  688.0000, 1217.0000, -1.0000,  190, 190, 190
L 688.0000, 1217.0000, -1.0000,  667.0000, 1254.0000, -1.0000,  190, 190, 190
L 667.0000, 1254.0000, -1.0000,  665.0000, 1288.0000, -1.0000,  190, 190, 190
L 665.0000, 1288.0000, -1.0000,  644.0000, 1307.0000, -1.0000,  190, 190, 190
L 644.0000, 1307.0000, -1.0000,  619.0000, 1310.0000, -1.0000,  190, 190, 190
L 619.0000, 1310.0000, -1.0000,  582.0000, 1346.0000, -1.0000,  190, 190, 190
L 582.0000, 1346.0000, -1.0000,  548.0000, 1349.0000, -1.0000,  190, 190, 190
L 548.0000, 1349.0000, -1.0000,  521.0000, 1344.0000, -1.0000,  190, 190, 190
L 521.0000, 1344.0000, -1.0000,  493.0000, 1344.0000, -1.0000,  190, 190, 190
L 493.0000, 1344.0000, -1.0000,  456.0000, 1373.0000, -1.0000,  190, 190, 190
L 456.0000, 1373.0000, -1.0000,  426.0000, 1347.0000, -1.0000,  190, 190, 190
L 426.0000, 1347.0000, -1.0000,  391.0000, 1343.0000, -1.0000,  190, 190, 190
L 391.0000, 1343.0000, -1.0000,  370.0000, 1321.0000, -1.0000,  190, 190, 190
L 370.0000, 1321.0000, -1.0000,  370.0000, 1293.0000, -1.0000,  190, 190, 190
L 370.0000, 1293.0000, -1.0000,  345.0000, 1252.0000, -1.0000,  190, 190, 190
L 345.0000, 1252.0000, -1.0000,  309.0000, 1234.0000, -1.0000,  190, 190, 190
L 309.0000, 1234.0000, -1.0000,  265.0000, 1256.0000, -1.0000,  190, 190, 190
L 265.0000, 1256.0000, -1.0000,  208.0000, 1232.0000, -1.0000,  190, 190, 190
L 208.0000, 1232.0000, -1.0000,  147.0000, 1250.0000, -1.0000,  190, 190, 190
L 147.0000, 1250.0000, -1.0000,  119.0000, 1292.0000, -1.0000,  190, 190, 190
L 119.0000, 1292.0000, -1.0000,  118.0000, 1324.0000, -1.0000,  190, 190, 190
L 118.0000, 1324.0000, -1.0000,  97.0000, 1344.0000, -1.0000,  190, 190, 190
L 97.0000, 1344.0000, -1.0000,  65.0000, 1345.0000, -1.0000,  190, 190, 190
L 65.0000, 1345.0000, -1.0000,  36.0000, 1373.0000, -1.0000,  190, 190, 190
L 36.0000, 1373.0000, -1.0000,  6.0000, 1348.0000, -1.0000,  190, 190, 190
L 6.0000, 1348.0000, -1.0000,  -29.0000, 1344.0000, -1.0000,  190, 190, 190
L -29.0000, 1344.0000, -1.0000,  -63.0000, 1350.0000, -1.0000,  190, 190, 190
L -63.0000, 1350.0000, -1.0000,  -90.0000, 1347.0000, -1.0000,  190, 190, 190
L -90.0000, 1347.0000, -1.0000,  -122.0000, 1313.0000, -1.0000,  190, 190, 190
L -122.0000, 1313.0000, -1.0000,  -154.0000, 1306.0000, -1.0000,  190, 190, 190
L -154.0000, 1306.0000, -1.0000,  -174.0000, 1285.0000, -1.0000,  190, 190, 190
L -174.0000, 1285.0000, -1.0000,  -178.0000, 1256.0000, -1.0000,  190, 190, 190
L -178.0000, 1256.0000, -1.0000,  -199.0000, 1217.0000, -1.0000,  190, 190, 190
L -199.0000, 1217.0000, -1.0000,  -192.0000, 1193.0000, -1.0000,  190, 190, 190
L -192.0000, 1193.0000, -1.0000,  -200.0000, 1173.0000, -1.0000,  190, 190, 190
L -200.0000, 1173.0000, -1.0000,  -267.0000, 1166.0000, -1.0000,  190, 190, 190
L -267.0000, 1166.0000, -1.0000,  -283.0000, 1151.0000, -1.0000,  190, 190, 190
L -283.0000, 1151.0000, -1.0000,  -284.0000, 1084.0000, -1.0000,  190, 190, 190
L -284.0000, 1084.0000, -1.0000,  -266.0000, 1069.0000, -1.0000,  190, 190, 190
L 276.0000, -34.0000, 3.0000,  276.0000, -73.0000, 3.0000,  0, 255, 0
L 276.0000, -73.0000, 3.0000,  423.0000, -73.0000, 3.0000,  0, 255, 0
L 423.0000, -73.0000, 3.0000,  423.0000, 73.0000, 3.0000,  0, 255, 0
L 423.0000, 73.0000, 3.0000,  276.0000, 73.0000, 3.0000,  0, 255, 0
L 276.0000, 73.0000, 3.0000,  276.0000, 34.0000, 3.0000,  0, 255, 0
L 276.0000, 34.0000, 3.0000,  258.0000, 34.0000, 3.0000,  0, 255, 0
L 258.0000, 34.0000, 3.0000,  258.0000, 186.0000, 3.0000,  0, 255, 0
L 258.0000, 186.0000, 3.0000,  373.0000, 186.0000, 3.0000,  0, 255, 0
L 373.0000, 186.0000, 3.0000,  373.0000, 304.0000, 3.0000,  0, 255, 0
L 373.0000, 304.0000, 3.0000,  304.0000, 373.0000, 3.0000,  0, 255, 0
L 304.0000, 373.0000, 3.0000,  186.0000, 373.0000, 3.0000,  0, 255, 0
L 186.0000, 373.0000, 3.0000,  185.0000, 258.0000, 3.0000,  0, 255, 0
L 185.0000, 258.0000, 3.0000,  -169.0000, 258.0000, 3.0000,  0, 255, 0
L -169.0000, 258.0000, 3.0000,  -180.0000, 253.0000, 3.0000,  0, 255, 0
L -180.0000, 253.0000, 3.0000,  -181.0000, 260.0000, 3.0000,  0, 255, 0
L -181.0000, 260.0000, 3.0000,  -176.0000, 265.0000, 3.0000,  0, 255, 0
L -176.0000, 265.0000, 3.0000,  -176.0000, 373.0000, 3.0000,  0, 255, 0
L -176.0000, 373.0000, 3.0000,  -294.0000, 373.0000, 3.0000,  0, 255, 0
L -294.0000, 373.0000, 3.0000,  -363.0000, 304.0000, 3.0000,  0, 255, 0
L -363.0000, 304.0000, 3.0000,  -363.0000, 186.0000, 3.0000,  0, 255, 0
L -363.0000, 186.0000, 3.0000,  -255.0000, 186.0000, 3.0000,  0, 255, 0
L -255.0000, 186.0000, 3.0000,  -249.0000, 191.0000, 3.0000,  0, 255, 0
L -249.0000, 191.0000, 3.0000,  -243.0000, 185.0000, 3.0000,  0, 255, 0
L -243.0000, 185.0000, 3.0000,  -248.0000, 179.0000, 3.0000,  0, 255, 0
L -248.0000, 179.0000, 3.0000,  -248.0000, 34.0000, 3.0000,  0, 255, 0
L -248.0000, 34.0000, 3.0000,  -266.0000, 34.0000, 3.0000,  0, 255, 0
L -266.0000, 34.0000, 3.0000,  -266.0000, 73.0000, 3.0000,  0, 255, 0
L -266.0000, 73.0000, 3.0000,  -413.0000, 73.0000, 3.0000,  0, 255, 0
L -413.0000, 73.0000, 3.0000,  -413.0000, -73.0000, 3.0000,  0, 255, 0
L -413.0000, -73.0000, 3.0000,  -266.0000, -73.0000, 3.0000,  0, 255, 0
L -266.0000, -73.0000, 3.0000,  -266.0000, -34.0000, 3.0000,  0, 255, 0
L -266.0000, -34.0000, 3.0000,  -248.0000, -34.0000, 3.0000,  0, 255, 0
L -248.0000, -34.0000, 3.0000,  -248.0000, -179.0000, 3.0000,  0, 255, 0
L -248.0000, -179.0000, 3.0000,  -262.0000, -181.0000, 3.0000,  0, 255, 0
L -262.0000, -181.0000, 3.0000,  -338.0000, -181.0000, 3.0000,  0, 255, 0
L -338.0000, -181.0000, 3.0000,  -343.0000, -186.0000, 3.0000,  0, 255, 0
L -343.0000, -186.0000, 3.0000,  -343.0000, -305.0000, 3.0000,  0, 255, 0
L -343.0000, -305.0000, 3.0000,  -341.0000, -318.0000, 3.0000,  0, 255, 0
L -341.0000, -318.0000, 3.0000,  -313.0000, -346.0000, 3.0000,  0, 255, 0
L -313.0000, -346.0000, 3.0000,  -300.0000, -348.0000, 3.0000,  0, 255, 0
L -300.0000, -348.0000, 3.0000,  -182.0000, -348.0000, 3.0000,  0, 255, 0
L -182.0000, -348.0000, 3.0000,  -176.0000, -343.0000, 3.0000,  0, 255, 0
L -176.0000, -343.0000, 3.0000,  -176.0000, -267.0000, 3.0000,  0, 255, 0
L -176.0000, -267.0000, 3.0000,  -184.0000, -258.0000, 3.0000,  0, 255, 0
L -184.0000, -258.0000, 3.0000,  -174.0000, -253.0000, 3.0000,  0, 255, 0
L -174.0000, -253.0000, 3.0000,  185.0000, -253.0000, 3.0000,  0, 255, 0
L 185.0000, -253.0000, 3.0000,  186.0000, -363.0000, 3.0000,  0, 255, 0
L 186.0000, -363.0000, 3.0000,  304.0000, -363.0000, 3.0000,  0, 255, 0
L 304.0000, -363.0000, 3.0000,  368.0000, -299.0000, 3.0000,  0, 255, 0
L 368.0000, -299.0000, 3.0000,  368.0000, -181.0000, 3.0000,  0, 255, 0
L 368.0000, -181.0000, 3.0000,  258.0000, -181.0000, 3.0000,  0, 255, 0
L 258.0000, -181.0000, 3.0000,  258.0000, -34.0000, 3.0000,  0, 255, 0
L 258.0000, -34.0000, 3.0000,  276.0000, -34.0000, 3.0000,  0, 255, 0
L 258.0000, -174.0000, 3.0000,  258.0000, -34.0000, 3.0000,  190, 190, 190
L 258.0000, -34.0000, 3.0000,  276.0000, -34.0000, 3.0000,  190, 190, 190
L 276.0000, -34.0000, 3.0000,  276.0000, -73.0000, 3.0000,  190, 190, 190
L 276.0000, -73.0000, 3.0000,  423.0000, -73.0000, 3.0000,  190, 190, 190
L 423.0000, -73.0000, 3.0000,  423.0000, 73.0000, 3.0000,  190, 190, 190
L 423.0000, 73.0000, 3.0000,  276.0000, 73.0000, 3.0000,  190, 190, 190
L 276.0000, 73.0000, 3.0000,  276.0000, 34.0000, 3.0000,  190, 190, 190
L 276.0000, 34.0000, 3.0000,  258.0000, 34.0000, 3.0000,  190, 190, 190
L 258.0000, 34.0000, 3.0000,  258.0000, 185.0000, 3.0000,  190, 190, 190
L 258.0000, 185.0000, 3.0000,  265.0000, 189.0000, 3.0000,  190, 190, 190
L 265.0000, 189.0000, 3.0000,  267.0000, 186.0000, 3.0000,  190, 190, 190
L 267.0000, 186.0000, 3.0000,  373.0000, 186.0000, 3.0000,  190, 190, 190
L 373.0000, 186.0000, 3.0000,  373.0000, 304.0000, 3.0000,  190, 190, 190
L 373.0000, 304.0000, 3.0000,  304.0000, 373.0000, 3.0000,  190, 190, 190
L 304.0000, 373.0000, 3.0000,  186.0000, 373.0000, 3.0000,  190, 190, 190
L 186.0000, 373.0000, 3.0000,  186.0000, 267.0000, 3.0000,  190, 190, 190
L 186.0000, 267.0000, 3.0000,  189.0000, 264.0000, 3.0000,  190, 190, 190
L 189.0000, 264.0000, 3.0000,  186.0000, 258.0000, 3.0000,  190, 190, 190
L 186.0000, 258.0000, 3.0000,  -174.0000, 258.0000, 3.0000,  190, 190, 190
L -174.0000, 258.0000, 3.0000,  -248.0000, 184.0000, 3.0000,  190, 190, 190
L -248.0000, 184.0000, 3.0000,  -248.0000, 126.0000, 3.0000,  190, 190, 190
L -248.0000, 126.0000, 3.0000,  -266.0000, 126.0000, 3.0000,  190, 190, 190
L -266.0000, 126.0000, 3.0000,  -266.0000, 228.0000, 3.0000,  190, 190, 190
L -266.0000, 228.0000, 3.0000,  -356.0000, 228.0000, 3.0000,  190, 190, 190
L -356.0000, 228.0000, 3.0000,  -448.0000, 136.0000, 3.0000,  190, 190, 190
L -448.0000, 136.0000, 3.0000,  -448.0000, -136.0000, 3.0000,  190, 190, 190
L -448.0000, -136.0000, 3.0000,  -356.0000, -228.0000, 3.0000,  190, 190, 190
L -356.0000, -228.0000, 3.0000,  -266.0000, -228.0000, 3.0000,  190, 190, 190
L -266.0000, -228.0000, 3.0000,  -266.0000, -126.0000, 3.0000,  190, 190, 190
L -266.0000, -126.0000, 3.0000,  -248.0000, -126.0000, 3.0000,  190, 190, 190
L -248.0000, -126.0000, 3.0000,  -248.0000, -179.0000, 3.0000,  190, 190, 190
L -248.0000, -179.0000, 3.0000,  -174.0000, -253.0000, 3.0000,  190, 190, 190
L -174.0000, -253.0000, 3.0000,  186.0000, -253.0000, 3.0000,  190, 190, 190
L 186.0000, -253.0000, 3.0000,  186.0000, -368.0000, 3.0000,  190, 190, 190
L 186.0000, -368.0000, 3.0000,  304.0000, -368.0000, 3.0000,  190, 190, 190
L 304.0000, -368.0000, 3.0000,  373.0000, -299.0000, 3.0000,  190, 190, 190
L 373.0000, -299.0000, 3.0000,  373.0000, -181.0000, 3.0000,  190, 190, 190
L 373.0000, -181.0000, 3.0000,  260.0000, -181.0000, 3.0000,  190, 190, 190
L 260.0000, -181.0000, 3.0000,  258.0000, -179.0000, 3.0000,  190, 190, 190
L 258.0000, -179.0000, 3.0000,  258.0000, -153.0000, 3.0000,  190, 190, 190
L -248.0000, -28.0000, 3.0000,  -248.0000, 28.0000, 3.0000,  190, 190, 190
L -248.0000, 28.0000, 3.0000,  -266.0000, 28.0000, 3.0000,  190, 190, 190
L -266.0000, 28.0000, 3.0000,  -266.0000, -28.0000, 3.0000,  190, 190, 190
L -266.0000, -28.0000, 3.0000,  -248.0000, -28.0000, 3.0000,  190, 190, 190
L -872.0000, -1104.0000, 353.0000,  -849.0000, -1057.0000, 353.0000,  190, 190, 190
L -849.0000, -1057.0000, 353.0000,  -834.0000, -997.0000, 353.0000,  190, 190, 190
L -834.0000, -997.0000, 353.0000,  -849.0000, -933.0000, 353.0000,  190, 190, 190
L -849.0000, -933.0000, 353.0000,  -871.0000, -887.0000, 353.0000,  190, 190, 190
L -871.0000, -887.0000, 353.0000,  -869.0000, -839.0000, 353.0000,  190, 190, 190
L -869.0000, -839.0000, 353.0000,  -879.0000, -784.0000, 353.0000,  190, 190, 190
L -879.0000, -784.0000, 353.0000,  -941.0000, -724.0000, 353.0000,  190, 190, 190
L -941.0000, -724.0000, 353.0000,  -996.0000, -715.0000, 353.0000,  190, 190, 190
L -996.0000, -715.0000, 353.0000,  -1041.0000, -718.0000, 353.0000,  190, 190, 190
L -1041.0000, -718.0000, 353.0000,  -1085.0000, -695.0000, 353.0000,  190, 190, 190
L -1085.0000, -695.0000, 353.0000,  -1148.0000, -679.0000, 353.0000,  190, 190, 190
L -1148.0000, -679.0000, 353.0000,  -1217.0000, -697.0000, 353.0000,  190, 190, 190
L -1217.0000, -697.0000, 353.0000,  -1260.0000, -717.0000, 353.0000,  190, 190, 190
L -1260.0000, -717.0000, 353.0000,  -1300.0000, -715.0000, 353.0000,  190, 190, 190
L -1300.0000, -715.0000, 353.0000,  -1359.0000, -723.0000, 353.0000,  190, 190, 190
L -1359.0000, -723.0000, 353.0000,  -1421.0000, -785.0000, 353.0000,  190, 190, 190
L -1421.0000, -785.0000, 353.0000,  -1430.0000, -840.0000, 353.0000,  190, 190, 190
L -1430.0000, -840.0000, 353.0000,  -1428.0000, -886.0000, 353.0000,  190, 190, 190
L -1428.0000, -886.0000, 353.0000,  -1451.0000, -930.0000, 353.0000,  190, 190, 190
L -1451.0000, -930.0000, 353.0000,  -1466.0000, -993.0000, 353.0000,  190, 190, 190
L -1466.0000, -993.0000, 353.0000,  -1486.0000, -1015.0000, 353.0000,  190, 190, 190
L -1486.0000, -1015.0000, 353.0000,  -1500.0000, -1011.0000, 353.0000,  190, 190, 190
L -1500.0000, -1011.0000, 353.0000,  -1490.0000, -1026.0000, 353.0000,  190, 190, 190
L -1490.0000, -1026.0000, 353.0000,  -1477.0000, -1026.0000, 353.0000,  190, 190, 190
L -1477.0000, -1026.0000, 353.0000,  -1469.0000, -1028.0000, 353.0000,  190, 190, 190
L -1469.0000, -1028.0000, 353.0000,  -1464.0000, -1028.0000, 353.0000,  190, 190, 190
L -1464.0000, -1028.0000, 353.0000,  -1456.0000, -1030.0000, 353.0000,  190, 190, 190
L -1456.0000, -1030.0000, 353.0000,  -1426.0000, -1055.0000, 353.0000,  190, 190, 190
L -872.0000, -1104.0000, 353.0000,  -849.0000, -1148.0000, 353.0000,  190, 190, 190
L -849.0000, -1148.0000, 353.0000,  -833.0000, -1216.0000, 353.0000,  190, 190, 190
L -833.0000, -1216.0000, 353.0000,  -849.0000, -1280.0000, 353.0000,  190, 190, 190
L -849.0000, -1280.0000, 353.0000,  -871.0000, -1328.0000, 353.0000,  190, 190, 190
L -871.0000, -1328.0000, 353.0000,  -869.0000, -1368.0000, 353.0000,  190, 190, 190
L -869.0000, -1368.0000, 353.0000,  -880.0000, -1427.0000, 353.0000,  190, 190, 190
L -880.0000, -1427.0000, 353.0000,  -939.0000, -1485.0000, 353.0000,  190, 190, 190
L -939.0000, -1485.0000, 353.0000,  -998.0000, -1495.0000, 353.0000,  190, 190, 190
L -998.0000, -1495.0000, 353.0000,  -1038.0000, -1493.0000, 353.0000,  190, 190, 190
L -1038.0000, -1493.0000, 353.0000,  -1085.0000, -1516.0000, 353.0000,  190, 190, 190
L -1085.0000, -1516.0000, 353.0000,  -1150.0000, -1531.0000, 353.0000,  190, 190, 190
L -1150.0000, -1531.0000, 353.0000,  -1212.0000, -1515.0000, 353.0000,  190, 190, 190
L -1212.0000, -1515.0000, 353.0000,  -1261.0000, -1492.0000, 353.0000,  190, 190, 190
L -1261.0000, -1492.0000, 353.0000,  -1306.0000, -1496.0000, 353.0000,  190, 190, 190
L -1306.0000, -1496.0000, 353.0000,  -1357.0000, -1487.0000, 353.0000,  190, 190, 190
L -1357.0000, -1487.0000, 353.0000,  -1421.0000, -1422.0000, 353.0000,  190, 190, 190
L -1421.0000, -1422.0000, 353.0000,  -1430.0000, -1369.0000, 353.0000,  190, 190, 190
L -1430.0000, -1369.0000, 353.0000,  -1428.0000, -1320.0000, 353.0000,  190, 190, 190
L -1428.0000, -1320.0000, 353.0000,  -1450.0000, -1279.0000, 353.0000,  190, 190, 190
L -1450.0000, -1279.0000, 353.0000,  -1466.0000, -1216.0000, 353.0000,  190, 190, 190
L -1466.0000, -1216.0000, 353.0000,  -1497.0000, -1199.0000, 353.0000,  190, 190, 190
L -1497.0000, -1199.0000, 353.0000,  -1482.0000, -1193.0000, 353.0000,  190, 190, 190
L -1482.0000, -1193.0000, 353.0000,  -1473.0000, -1194.0000, 353.0000,  190, 190, 190
L -1473.0000, -1194.0000, 353.0000,  -1464.0000, -1193.0000, 353.0000,  190, 190, 190
L -1464.0000, -1193.0000, 353.0000,  -1446.0000, -1183.0000, 353.0000,  190, 190, 190
L -1446.0000, -1183.0000, 353.0000,  -1432.0000, -1171.0000, 353.0000,  190, 190, 190
L -1432.0000, -1171.0000, 353.0000,  -1424.0000, -1163.0000, 353.0000,  190, 190, 190
L -1424.0000, -1163.0000, 353.0000,  -1424.0000, -1201.0000, 353.0000,  255, 0, 0
L -1424.0000, -1201.0000, 353.0000,  -1411.0000, -1233.0000, 353.0000,  255, 0, 0
L -1411.0000, -1233.0000, 353.0000,  -1412.0000, -1265.0000, 353.0000,  255, 0, 0
L -1412.0000, -1265.0000, 353.0000,  -1407.0000, -1297.0000, 353.0000,  255, 0, 0
L -1407.0000, -1297.0000, 353.0000,  -1390.0000, -1328.0000, 353.0000,  255, 0, 0
L -1390.0000, -1328.0000, 353.0000,  -1384.0000, -1364.0000, 353.0000,  255, 0, 0
L -1384.0000, -1364.0000, 353.0000,  -1388.0000, -1394.0000, 353.0000,  255, 0, 0
L -1388.0000, -1394.0000, 353.0000,  -1354.0000, -1428.0000, 353.0000,  255, 0, 0
L -1354.0000, -1428.0000, 353.0000,  -1326.0000, -1440.0000, 353.0000,  255, 0, 0
L -1326.0000, -1440.0000, 353.0000,  -1289.0000, -1440.0000, 353.0000,  255, 0, 0
L -1289.0000, -1440.0000, 353.0000,  -1221.0000, -1475.0000, 353.0000,  255, 0, 0
L -1221.0000, -1475.0000, 353.0000,  -1192.0000, -1480.0000, 353.0000,  255, 0, 0
L -1192.0000, -1480.0000, 353.0000,  -1156.0000, -1485.0000, 353.0000,  255, 0, 0
L -1156.0000, -1485.0000, 353.0000,  -1122.0000, -1481.0000, 353.0000,  255, 0, 0
L -1122.0000, -1481.0000, 353.0000,  -1081.0000, -1479.0000, 353.0000,  255, 0, 0
L -1081.0000, -1479.0000, 353.0000,  -1016.0000, -1446.0000, 353.0000,  255, 0, 0
L -1016.0000, -1446.0000, 353.0000,  -978.0000, -1446.0000, 353.0000,  255, 0, 0
L -978.0000, -1446.0000, 353.0000,  -947.0000, -1430.0000, 353.0000,  255, 0, 0
L -947.0000, -1430.0000, 353.0000,  -919.0000, -1400.0000, 353.0000,  255, 0, 0
L -919.0000, -1400.0000, 353.0000,  -914.0000, -1335.0000, 353.0000,  255, 0, 0
L -914.0000, -1335.0000, 353.0000,  -897.0000, -1298.0000, 353.0000,  255, 0, 0
L -897.0000, -1298.0000, 353.0000,  -891.0000, -1273.0000, 353.0000,  255, 0, 0
L -891.0000, -1273.0000, 353.0000,  -878.0000, -1224.0000, 353.0000,  255, 0, 0
L -878.0000, -1224.0000, 353.0000,  -878.0000, -1196.0000, 353.0000,  255, 0, 0
L -878.0000, -1196.0000, 353.0000,  -880.0000, -1158.0000, 353.0000,  255, 0, 0
L -880.0000, -1158.0000, 353.0000,  -903.0000, -1126.0000, 353.0000,  255, 0, 0
L -903.0000, -1126.0000, 353.0000,  -898.0000, -1095.0000, 353.0000,  255, 0, 0
L -898.0000, -1095.0000, 353.0000,  -878.0000, -1059.0000, 353.0000,  255, 0, 0
L -878.0000, -1059.0000, 353.0000,  -869.0000, -1013.0000, 353.0000,  255, 0, 0
L -869.0000, -1013.0000, 353.0000,  -885.0000, -985.0000, 353.0000,  255, 0, 0
L -885.0000, -985.0000, 353.0000,  -891.0000, -949.0000, 353.0000,  255, 0, 0
L -891.0000, -949.0000, 353.0000,  -885.0000, -917.0000, 353.0000,  255, 0, 0
L -885.0000, -917.0000, 353.0000,  -905.0000, -886.0000, 353.0000,  255, 0, 0
L -905.0000, -886.0000, 353.0000,  -901.0000, -849.0000, 353.0000,  255, 0, 0
L -901.0000, -849.0000, 353.0000,  -917.0000, -809.0000, 353.0000,  255, 0, 0
L -917.0000, -809.0000, 353.0000,  -951.0000, -776.0000, 353.0000,  255, 0, 0
L -951.0000, -776.0000, 353.0000,  -980.0000, -763.0000, 353.0000,  255, 0, 0
L -980.0000, -763.0000, 353.0000,  -1012.0000, -766.0000, 353.0000,  255, 0, 0
L -1012.0000, -766.0000, 353.0000,  -1084.0000, -728.0000, 353.0000,  255, 0, 0
L -1084.0000, -728.0000, 353.0000,  -1119.0000, -731.0000, 353.0000,  255, 0, 0
L -1119.0000, -731.0000, 353.0000,  -1155.0000, -722.0000, 353.0000,  255, 0, 0
L -1155.0000, -722.0000, 353.0000,  -1189.0000, -731.0000, 353.0000,  255, 0, 0
L -1189.0000, -731.0000, 353.0000,  -1219.0000, -731.0000, 353.0000,  255, 0, 0
L -1219.0000, -731.0000, 353.0000,  -1289.0000, -769.0000, 353.0000,  255, 0, 0
L -1289.0000, -769.0000, 353.0000,  -1323.0000, -767.0000, 353.0000,  255, 0, 0
L -1323.0000, -767.0000, 353.0000,  -1357.0000, -784.0000, 353.0000,  255, 0, 0
L -1357.0000, -784.0000, 353.0000,  -1387.0000, -815.0000, 353.0000,  255, 0, 0
L -1387.0000, -815.0000, 353.0000,  -1384.0000, -842.0000, 353.0000,  255, 0, 0
L -1384.0000, -842.0000, 353.0000,  -1390.0000, -880.0000, 353.0000,  255, 0, 0
L -1390.0000, -880.0000, 353.0000,  -1407.0000, -913.0000, 353.0000,  255, 0, 0
L -1407.0000, -913.0000, 353.0000,  -1413.0000, -950.0000, 353.0000,  255, 0, 0
L -1413.0000, -950.0000, 353.0000,  -1410.0000, -972.0000, 353.0000,  255, 0, 0
L -1410.0000, -972.0000, 353.0000,  -1418.0000, -1009.0000, 353.0000,  255, 0, 0
L -1418.0000, -1009.0000, 353.0000,  -1414.0000, -1041.0000, 353.0000,  255, 0, 0
L -1414.0000, -1041.0000, 353.0000,  -1419.0000, -1061.0000, 353.0000,  255, 0, 0
L -1419.0000, -1061.0000, 353.0000,  -1425.0000, -1057.0000, 353.0000,  255, 0, 0
L -1425.0000, -1057.0000, 353.0000,  -1352.0000, -1084.0000, 353.0000,  255, 0, 0
L -1352.0000, -1084.0000, 353.0000,  -1333.0000, -1043.0000, 353.0000,  255, 0, 0
L -1333.0000, -1043.0000, 353.0000,  -1327.0000, -1009.0000, 353.0000,  255, 0, 0
L -1327.0000, -1009.0000, 353.0000,  -1323.0000, -992.0000, 353.0000,  255, 0, 0
L -1323.0000, -992.0000, 353.0000,  -1332.0000, -960.0000, 353.0000,  255, 0, 0
L -1332.0000, -960.0000, 353.0000,  -1335.0000, -939.0000, 353.0000,  255, 0, 0
L -1335.0000, -939.0000, 353.0000,  -1333.0000, -915.0000, 353.0000,  255, 0, 0
L -1333.0000, -915.0000, 353.0000,  -1319.0000, -880.0000, 353.0000,  255, 0, 0
L -1319.0000, -880.0000, 353.0000,  -1286.0000, -857.0000, 353.0000,  255, 0, 0
L -1286.0000, -857.0000, 353.0000,  -1246.0000, -855.0000, 353.0000,  255, 0, 0
L -1246.0000, -855.0000, 353.0000,  -1184.0000, -830.0000, 353.0000,  255, 0, 0
L -1184.0000, -830.0000, 353.0000,  -1162.0000, -829.0000, 353.0000,  255, 0, 0
L -1162.0000, -829.0000, 353.0000,  -1136.0000, -824.0000, 353.0000,  255, 0, 0
L -1136.0000, -824.0000, 353.0000,  -1101.0000, -845.0000, 353.0000,  255, 0, 0
L -1101.0000, -845.0000, 353.0000,  -1074.0000, -850.0000, 353.0000,  255, 0, 0
L -1074.0000, -850.0000, 353.0000,  -1037.0000, -848.0000, 353.0000,  255, 0, 0
L -1037.0000, -848.0000, 353.0000,  -1011.0000, -885.0000, 353.0000,  255, 0, 0
L -1011.0000, -885.0000, 353.0000,  -1004.0000, -919.0000, 353.0000,  255, 0, 0
L -1004.0000, -919.0000, 353.0000,  -992.0000, -944.0000, 353.0000,  255, 0, 0
L -992.0000, -944.0000, 353.0000,  -995.0000, -974.0000, 353.0000,  255, 0, 0
L -995.0000, -974.0000, 353.0000,  -990.0000, -1027.0000, 353.0000,  255, 0, 0
L -990.0000, -1027.0000, 353.0000,  -1004.0000, -1090.0000, 353.0000,  255, 0, 0
L -1004.0000, -1090.0000, 353.0000,  -1019.0000, -1132.0000, 353.0000,  255, 0, 0
L -1019.0000, -1132.0000, 353.0000,  -1000.0000, -1157.0000, 353.0000,  255, 0, 0
L -1000.0000, -1157.0000, 353.0000,  -1000.0000, -1196.0000, 353.0000,  255, 0, 0
L -1000.0000, -1196.0000, 353.0000,  -985.0000, -1217.0000, 353.0000,  255, 0, 0
L -985.0000, -1217.0000, 353.0000,  -977.0000, -1241.0000, 353.0000,  255, 0, 0
L -977.0000, -1241.0000, 353.0000,  -993.0000, -1270.0000, 353.0000,  255, 0, 0
L -993.0000, -1270.0000, 353.0000,  -998.0000, -1293.0000, 353.0000,  255, 0, 0
L -998.0000, -1293.0000, 353.0000,  -1013.0000, -1324.0000, 353.0000,  255, 0, 0
L -1013.0000, -1324.0000, 353.0000,  -1047.0000, -1350.0000, 353.0000,  255, 0, 0
L -1047.0000, -1350.0000, 353.0000,  -1085.0000, -1348.0000, 353.0000,  255, 0, 0
L -1085.0000, -1348.0000, 353.0000,  -1145.0000, -1373.0000, 353.0000,  255, 0, 0
L -1145.0000, -1373.0000, 353.0000,  -1167.0000, -1373.0000, 353.0000,  255, 0, 0
L -1167.0000, -1373.0000, 353.0000,  -1195.0000, -1380.0000, 353.0000,  255, 0, 0
L -1195.0000, -1380.0000, 353.0000,  -1226.0000, -1362.0000, 353.0000,  255, 0, 0
L -1226.0000, -1362.0000, 353.0000,  -1258.0000, -1354.0000, 353.0000,  255, 0, 0
L -1258.0000, -1354.0000, 353.0000,  -1294.0000, -1357.0000, 353.0000,  255, 0, 0
L -1294.0000, -1357.0000, 353.0000,  -1321.0000, -1322.0000, 353.0000,  255, 0, 0
L -1321.0000, -1322.0000, 353.0000,  -1329.0000, -1286.0000, 353.0000,  255, 0, 0
L -1329.0000, -1286.0000, 353.0000,  -1341.0000, -1259.0000, 353.0000,  255, 0, 0
L -1341.0000, -1259.0000, 353.0000,  -1336.0000, -1227.0000, 353.0000,  255, 0, 0
L -1336.0000, -1227.0000, 353.0000,  -1341.0000, -1210.0000, 353.0000,  255, 0, 0
L -1341.0000, -1210.0000, 353.0000,  -1343.0000, -1180.0000, 353.0000,  255, 0, 0
L -1343.0000, -1180.0000, 353.0000,  -1340.0000, -1165.0000, 353.0000,  255, 0, 0
L -1340.0000, -1165.0000, 353.0000,  -1354.0000, -1134.0000, 353.0000,  255, 0, 0
L -1341.0000, -1130.0000, 371.0000,  -1360.0000, -1133.0000, 371.0000,  190, 190, 190
L -1360.0000, -1133.0000, 371.0000,  -1371.0000, -1144.0000, 371.0000,  190, 190, 190
L -1371.0000, -1144.0000, 371.0000,  -1383.0000, -1151.0000, 371.0000,  190, 190, 190
L -1383.0000, -1151.0000, 371.0000,  -1411.0000, -1155.0000, 371.0000,  190, 190, 190
L -1411.0000, -1155.0000, 371.0000,  -1418.0000, -1154.0000, 371.0000,  190, 190, 190
L -1418.0000, -1154.0000, 371.0000,  -1432.0000, -1166.0000, 371.0000,  190, 190, 190
L -1432.0000, -1166.0000, 371.0000,  -1446.0000, -1179.0000, 371.0000,  190, 190, 190
L -1446.0000, -1179.0000, 371.0000,  -1459.0000, -1188.0000, 371.0000,  190, 190, 190
L -1459.0000, -1188.0000, 371.0000,  -1477.0000, -1189.0000, 371.0000,  190, 190, 190
L -1477.0000, -1189.0000, 371.0000,  -1497.0000, -1193.0000, 371.0000,  190, 190, 190
L -1497.0000, -1193.0000, 371.0000,  -1510.0000, -1192.0000, 371.0000,  190, 190, 190
L -1510.0000, -1192.0000, 371.0000,  -1548.0000, -1185.0000, 371.0000,  190, 190, 190
L -1548.0000, -1185.0000, 371.0000,  -1611.0000, -1198.0000, 371.0000,  190, 190, 190
L -1611.0000, -1198.0000, 371.0000,  -1674.0000, -1136.0000, 371.0000,  190, 190, 190
L -1674.0000, -1136.0000, 371.0000,  -1663.0000, -1097.0000, 371.0000,  190, 190, 190
L -1663.0000, -1097.0000, 371.0000,  -1674.0000, -1073.0000, 371.0000,  190, 190, 190
L -1674.0000, -1073.0000, 371.0000,  -1613.0000, -1013.0000, 371.0000,  190, 190, 190
L -1613.0000, -1013.0000, 371.0000,  -1548.0000, -1024.0000, 371.0000,  190, 190, 190
L -1548.0000, -1024.0000, 371.0000,  -1510.0000, -1015.0000, 371.0000,  190, 190, 190
L -1510.0000, -1015.0000, 371.0000,  -1500.0000, -1018.0000, 371.0000,  190, 190, 190
L -1500.0000, -1018.0000, 371.0000,  -1489.0000, -1030.0000, 371.0000,  190, 190, 190
L -1489.0000, -1030.0000, 371.0000,  -1471.0000, -1032.0000, 371.0000,  190, 190, 190
L -1471.0000, -1032.0000, 371.0000,  -1446.0000, -1043.0000, 371.0000,  190, 190, 190
L -1446.0000, -1043.0000, 371.0000,  -1418.0000, -1066.0000, 371.0000,  190, 190, 190
L -1418.0000, -1066.0000, 371.0000,  -1407.0000, -1065.0000, 371.0000,  190, 190, 190
L -1407.0000, -1065.0000, 371.0000,  -1390.0000, -1068.0000, 371.0000,  190, 190, 190
L -1390.0000, -1068.0000, 371.0000,  -1380.0000, -1072.0000, 371.0000,  190, 190, 190
L -1380.0000, -1072.0000, 371.0000,  -1368.0000, -1081.0000, 371.0000,  190, 190, 190
L -1368.0000, -1081.0000, 371.0000,  -1362.0000, -1087.0000, 371.0000,  190, 190, 190
L -1362.0000, -1087.0000, 371.0000,  -1350.0000, -1090.0000, 371.0000,  190, 190, 190
L -1350.0000, -1090.0000, 371.0000,  -1340.0000, -1089.0000, 371.0000,  190, 190, 190
