L -1492.0000, -257.0000, 1136.0000,  -1345.0000, -324.0000, -625.0000,  139, 0, 0
L -1345.0000, -324.0000, -625.0000,  -1338.0000, -315.0000, -628.0000,  139, 0, 0
L -1338.0000, -315.0000, -628.0000,  -1338.0000, -261.0000, -628.0000,  139, 0, 0
L -1338.0000, -261.0000, -628.0000,  -1276.0000, -261.0000, -628.0000,  139, 0, 0
L -1276.0000, -261.0000, -628.0000,  -1276.0000, -314.0000, -628.0000,  139, 0, 0
L -1276.0000, -314.0000, -628.0000,  -1201.0000, -315.0000, -628.0000,  139, 0, 0
L -1201.0000, -315.0000, -628.0000,  -1201.0000, -261.0000, -628.0000,  139, 0, 0
L -1201.0000, -261.0000, -628.0000,  -1139.0000, -261.0000, -628.0000,  139, 0, 0
L -1139.0000, -261.0000, -628.0000,  -1139.0000, -313.0000, -628.0000,  139, 0, 0
L -1139.0000, -313.0000, -628.0000,  -1068.0000, -315.0000, -628.0000,  139, 0, 0
L -1068.0000, -315.0000, -628.0000,  -1068.0000, -261.0000, -628.0000,  139, 0, 0
L -1068.0000, -261.0000, -628.0000,  -1006.0000, -261.0000, -628.0000,  139, 0, 0
L -1006.0000, -261.0000, -628.0000,  -1006.0000, -315.0000, -628.0000,  139, 0, 0
L -1006.0000, -315.0000, -628.0000,  -920.0000, -315.0000, -628.0000,  139, 0, 0
L -920.0000, -315.0000, -628.0000,  -920.0000, -261.0000, -628.0000,  139, 0, 0
L -920.0000, -261.0000, -628.0000,  -859.0000, -261.0000, -628.0000,  139, 0, 0
L -859.0000, -261.0000, -628.0000,  -859.0000, -315.0000, -628.0000,  139, 0, 0
L -859.0000, -315.0000, -628.0000,  -783.0000, -315.0000, -628.0000,  139, 0, 0
L -783.0000, -315.0000, -628.0000,  -783.0000, -261.0000, -628.0000,  139, 0, 0
L -783.0000, -261.0000, -628.0000,  -723.0000, -261.0000, -628.0000,  139, 0, 0
L -723.0000, -261.0000, -628.0000,  -722.0000, -312.0000, -628.0000,  139, 0, 0
L -722.0000, -312.0000, -628.0000,  -650.0000, -315.0000, -628.0000,  139, 0, 0
L -650.0000, -315.0000, -628.0000,  -650.0000, -261.0000, -628.0000,  139, 0, 0
L -650.0000, -261.0000, -628.0000,  -589.0000, -261.0000, -452.0000,  139, 0, 0
L -589.0000, -261.0000, -452.0000,  -589.0000, -312.0000, -628.0000,  139, 0, 0
L -589.0000, -312.0000, -628.0000,  -513.0000, -315.0000, -628.0000,  139, 0, 0
L -513.0000, -315.0000, -628.0000,  -513.0000, -261.0000, -628.0000,  139, 0, 0
L -513.0000, -261.0000, -628.0000,  -452.0000, -261.0000, -628.0000,  139, 0, 0
L -452.0000, -261.0000, -628.0000,  -452.0000, -315.0000, -628.0000,  139, 0, 0
L -452.0000, -315.0000, -628.0000,  -376.0000, -315.0000, -628.0000,  139, 0, 0
L -376.0000, -315.0000, -628.0000,  -376.0000, -263.0000, -628.0000,  139, 0, 0
L -376.0000, -263.0000, -628.0000,  -315.0000, -261.0000, -628.0000,  139, 0, 0
L -315.0000, -261.0000, -628.0000,  -315.0000, -315.0000, -628.0000,  139, 0, 0
L -315.0000, -315.0000, -628.0000,  -243.0000, -314.0000, -628.0000,  139, 0, 0
L -243.0000, -314.0000, -628.0000,  -243.0000, -261.0000, -628.0000,  139, 0, 0
L -243.0000, -261.0000, -628.0000,  -182.0000, -261.0000, -628.0000,  139, 0, 0
L -182.0000, -261.0000, -628.0000,  -182.0000, -315.0000, -628.0000,  139, 0, 0
L -182.0000, -315.0000, -628.0000,  -173.0000, -324.0000, -628.0000,  139, 0, 0
L -173.0000, -324.0000, -628.0000,  -173.0000, -299.0000, -92.0000,  139, 0, 0
L -173.0000, -299.0000, -92.0000,  -86.0000, -299.0000, -174.0000,  139, 0, 0
L -86.0000, -299.0000, -174.0000,  -86.0000, -290.0000, -49.0000,  139, 0, 0
L -86.0000, -290.0000, -49.0000,  -68.0000, -230.0000, -50.0000,  139, 0, 0
L -68.0000, -230.0000, -50.0000,  -4.0000, -230.0000, -9.0000,  139, 0, 0
L -4.0000, -230.0000, -9.0000,  -4.0000, -222.0000, 6.0000,  139, 0, 0
L -4.0000, -222.0000, 6.0000,  -59.0000, -222.0000, 6.0000,  139, 0, 0
L -59.0000, -222.0000, 6.0000,  -63.0000, -216.0000, 6.0000,  139, 0, 0
L -63.0000, -216.0000, 6.0000,  -62.0000, -84.0000, 6.0000,  139, 0, 0
L -62.0000, -84.0000, 6.0000,  -63.0000, -75.0000, 6.0000,  139, 0, 0
L -63.0000, -75.0000, 6.0000,  -64.0000, -70.0000, -1.0000,  139, 0, 0
L -64.0000, -70.0000, -1.0000,  -71.0000, -70.0000, -1.0000,  139, 0, 0
L -71.0000, -70.0000, -1.0000,  -1125.0000, -70.0000, -1.0000,  190, 190, 190
L -1125.0000, -70.0000, -1.0000,  -1142.0000, 680.0000, 1.0000,  190, 190, 190
L -1142.0000, 680.0000, 1.0000,  -1131.0000, 680.0000, -179.0000,  190, 190, 190
L -1131.0000, 680.0000, -179.0000,  -1117.0000, 747.0000, -461.0000,  190, 190, 190
L -1117.0000, 747.0000, -461.0000,  -1117.0000, 757.0000, -58.0000,  190, 190, 190
L -1117.0000, 757.0000, -58.0000,  -1150.0000, 756.0000, 16.0000,  190, 190, 190
L -1150.0000, 756.0000, 16.0000,  -1149.0000, 748.0000, 8.0000,  190, 190, 190
L -1149.0000, 748.0000, 8.0000,  -1144.0000, 747.0000, 3.0000,  190, 190, 190
L -1144.0000, 747.0000, 3.0000,  -1144.0000, 702.0000, 2.0000,  190, 190, 190
L -1144.0000, 702.0000, 2.0000,  -1282.0000, 702.0000, 147.0000,  190, 190, 190
L -1282.0000, 702.0000, 147.0000,  -1285.0000, 747.0000, 174.0000,  190, 190, 190
L -1285.0000, 747.0000, 174.0000,  -1277.0000, 748.0000, 158.0000,  190, 190, 190
L -1277.0000, 748.0000, 158.0000,  -1277.0000, 756.0000, 167.0000,  190, 190, 190
L -1277.0000, 756.0000, 167.0000,  -1289.0000, 757.0000, 185.0000,  190, 190, 190
L -1289.0000, 757.0000, 185.0000,  -1289.0000, 754.0000, 186.0000,  190, 190, 190
L -1289.0000, 754.0000, 186.0000,  -1303.0000, 754.0000, 200.0000,  190, 190, 190
L -1303.0000, 754.0000, 200.0000,  -1316.0000, 756.0000, 213.0000,  190, 190, 190
L -1316.0000, 756.0000, 213.0000,  -1316.0000, 748.0000, 212.0000,  190, 190, 190
L -1316.0000, 748.0000, 212.0000,  -1310.0000, 747.0000, 206.0000,  190, 190, 190
L -1310.0000, 747.0000, 206.0000,  -1310.0000, 683.0000, 176.0000,  190, 190, 190
L -1310.0000, 683.0000, 176.0000,  -1309.0000, 681.0000, 175.0000,  190, 190, 190
L -1309.0000, 681.0000, 175.0000,  -1308.0000, 680.0000, 173.0000,  190, 190, 190
L -1308.0000, 680.0000, 173.0000,  -1212.0000, 680.0000, 74.0000,  190, 190, 190
L -1212.0000, 680.0000, 74.0000,  -1199.0000, -58.0000, 30.0000,  190, 190, 190
L -1199.0000, -58.0000, 30.0000,  -1554.0000, -70.0000, 752.0000,  190, 190, 190
L -1554.0000, -70.0000, 752.0000,  -1554.0000, 201.0000, 306.0000,  190, 190, 190
L -1554.0000, 201.0000, 306.0000,  -1523.0000, 214.0000, 306.0000,  190, 190, 190
L -1523.0000, 214.0000, 306.0000,  -1480.0000, 318.0000, 306.0000,  190, 190, 190
L -1480.0000, 318.0000, 306.0000,  -1523.0000, 422.0000, 306.0000,  190, 190, 190
L -1523.0000, 422.0000, 306.0000,  -1568.0000, 441.0000, 306.0000,  190, 190, 190
L -1568.0000, 441.0000, 306.0000,  -1469.0000, 556.0000, 306.0000,  190, 190, 190
L -1469.0000, 556.0000, 306.0000,  -1469.0000, 804.0000, 306.0000,  190, 190, 190
L -1469.0000, 804.0000, 306.0000,  -1395.0000, 804.0000, 306.0000,  190, 190, 190
L -1395.0000, 804.0000, 306.0000,  -1394.0000, 821.0000, 306.0000,  190, 190, 190
L -1394.0000, 821.0000, 306.0000,  -1394.0000, 955.0000, 306.0000,  190, 190, 190
L -1394.0000, 955.0000, 306.0000,  -1432.0000, 956.0000, 306.0000,  190, 190, 190
L -1432.0000, 956.0000, 306.0000,  -1434.0000, 976.0000, 306.0000,  190, 190, 190
L -1434.0000, 976.0000, 306.0000,  -1445.0000, 976.0000, 306.0000,  190, 190, 190
L -1445.0000, 976.0000, 306.0000,  -1445.0000, 961.0000, 306.0000,  190, 190, 190
L -1445.0000, 961.0000, 306.0000,  -1465.0000, 961.0000, 306.0000,  190, 190, 190
L -1465.0000, 961.0000, 306.0000,  -1464.0000, 936.0000, 306.0000,  190, 190, 190
L -1464.0000, 936.0000, 306.0000,  -1414.0000, 935.0000, 306.0000,  190, 190, 190
L -1414.0000, 935.0000, 306.0000,  -1414.0000, 825.0000, 378.0000,  190, 190, 190
L -1414.0000, 825.0000, 378.0000,  -1525.0000, 825.0000, 306.0000,  190, 190, 190
L -1525.0000, 825.0000, 306.0000,  -1525.0000, 935.0000, 306.0000,  190, 190, 190
L -1525.0000, 935.0000, 306.0000,  -1478.0000, 936.0000, 306.0000,  190, 190, 190
L -1478.0000, 936.0000, 306.0000,  -1478.0000, 961.0000, 306.0000,  190, 190, 190
L -1478.0000, 961.0000, 306.0000,  -1496.0000, 961.0000, 306.0000,  190, 190, 190
L -1496.0000, 961.0000, 306.0000,  -1496.0000, 976.0000, 306.0000,  190, 190, 190
L -1496.0000, 976.0000, 306.0000,  -1507.0000, 976.0000, 306.0000,  190, 190, 190
L -1507.0000, 976.0000, 306.0000,  -1507.0000, 958.0000, 306.0000,  190, 190, 190
L -1507.0000, 958.0000, 306.0000,  -1545.0000, 955.0000, 306.0000,  190, 190, 190
L -1545.0000, 955.0000, 306.0000,  -1545.0000, 916.0000, 306.0000,  190, 190, 190
L -1545.0000, 916.0000, 306.0000,  -1700.0000, 916.0000, 306.0000,  190, 190, 190
L -1700.0000, 916.0000, 306.0000,  -1701.0000, 978.0000, 306.0000,  190, 190, 190
L -1701.0000, 978.0000, 306.0000,  -1720.0000, 978.0000, 306.0000,  190, 190, 190
L -1720.0000, 978.0000, 306.0000,  -1720.0000, 898.0000, 306.0000,  190, 190, 190
L -1720.0000, 898.0000, 306.0000,  -1718.0000, 897.0000, 306.0000,  190, 190, 190
L -1718.0000, 897.0000, 306.0000,  -1545.0000, 897.0000, 306.0000,  190, 190, 190
L -1545.0000, 897.0000, 306.0000,  -1545.0000, 804.0000, 306.0000,  190, 190, 190
L -1545.0000, 804.0000, 306.0000,  -1492.0000, 804.0000, 306.0000,  190, 190, 190
L -1492.0000, 804.0000, 306.0000,  -1492.0000, 637.0000, 306.0000,  190, 190, 190
L -1492.0000, 637.0000, 306.0000,  -1653.0000, 634.0000, 306.0000,  190, 190, 190
L -1653.0000, 634.0000, 306.0000,  -1653.0000, 617.0000, 306.0000,  190, 190, 190
L -1653.0000, 617.0000, 306.0000,  -1492.0000, 617.0000, 306.0000,  190, 190, 190
L -1492.0000, 617.0000, 306.0000,  -1492.0000, 557.0000, 306.0000,  190, 190, 190
L -1492.0000, 557.0000, 306.0000,  -1587.0000, 448.0000, 306.0000,  190, 190, 190
L -1587.0000, 448.0000, 306.0000,  -1627.0000, 465.0000, 306.0000,  190, 190, 190
L -1627.0000, 465.0000, 306.0000,  -1667.0000, 449.0000, 306.0000,  190, 190, 190
L -1667.0000, 449.0000, 306.0000,  -1659.0000, 430.0000, 306.0000,  190, 190, 190
L -1659.0000, 430.0000, 306.0000,  -1627.0000, 443.0000, 306.0000,  190, 190, 190
L -1627.0000, 443.0000, 306.0000,  -1539.0000, 406.0000, 306.0000,  190, 190, 190
L -1539.0000, 406.0000, 306.0000,  -1502.0000, 318.0000, 306.0000,  190, 190, 190
L -1502.0000, 318.0000, 306.0000,  -1515.0000, 288.0000, 306.0000,  190, 190, 190
L -1515.0000, 288.0000, 306.0000,  -1539.0000, 229.0000, 306.0000,  190, 190, 190
L -1539.0000, 229.0000, 306.0000,  -1627.0000, 193.0000, 306.0000,  190, 190, 190
L -1627.0000, 193.0000, 306.0000,  -1714.0000, 229.0000, 306.0000,  190, 190, 190
L -1714.0000, 229.0000, 306.0000,  -1752.0000, 318.0000, 306.0000,  190, 190, 190
L -1752.0000, 318.0000, 306.0000,  -1716.0000, 406.0000, 306.0000,  190, 190, 190
L -1716.0000, 406.0000, 306.0000,  -1687.0000, 418.0000, 306.0000,  190, 190, 190
L -1687.0000, 418.0000, 306.0000,  -1693.0000, 438.0000, 306.0000,  190, 190, 190
L -1693.0000, 438.0000, 306.0000,  -1730.0000, 422.0000, 306.0000,  190, 190, 190
L -1730.0000, 422.0000, 306.0000,  -1748.0000, 382.0000, 306.0000,  190, 190, 190
L -1748.0000, 382.0000, 306.0000,  -1844.0000, 617.0000, 306.0000,  190, 190, 190
L -1844.0000, 617.0000, 306.0000,  -1675.0000, 617.0000, 306.0000,  190, 190, 190
L -1675.0000, 617.0000, 306.0000,  -1675.0000, 634.0000, 306.0000,  190, 190, 190
L -1675.0000, 634.0000, 306.0000,  -1851.0000, 634.0000, 306.0000,  190, 190, 190
L -1851.0000, 634.0000, 306.0000,  -1946.0000, 834.0000, 306.0000,  190, 190, 190
L -1946.0000, 834.0000, 306.0000,  -1832.0000, 898.0000, 306.0000,  190, 190, 190
L -1832.0000, 898.0000, 306.0000,  -1870.0000, 964.0000, 306.0000,  190, 190, 190
L -1870.0000, 964.0000, 306.0000,  -1845.0000, 986.0000, 306.0000,  190, 190, 190
L -1845.0000, 986.0000, 306.0000,  -1856.0000, 1003.0000, 306.0000,  190, 190, 190
L -1856.0000, 1003.0000, 306.0000,  -1886.0000, 988.0000, 306.0000,  190, 190, 190
L -1886.0000, 988.0000, 306.0000,  -1957.0000, 1106.0000, 306.0000,  190, 190, 190
L -1957.0000, 1106.0000, 306.0000,  -1968.0000, 1123.0000, 306.0000,  190, 190, 190
L -1968.0000, 1123.0000, 306.0000,  -1982.0000, 1111.0000, 306.0000,  190, 190, 190
L -1982.0000, 1111.0000, 306.0000,  -1857.0000, 903.0000, 306.0000,  190, 190, 190
L -1857.0000, 903.0000, 306.0000,  -1954.0000, 851.0000, 306.0000,  190, 190, 190
L -1954.0000, 851.0000, 306.0000,  -1991.0000, 929.0000, 306.0000,  190, 190, 190
L -1991.0000, 929.0000, 306.0000,  -2150.0000, 1179.0000, 306.0000,  190, 190, 190
L -2150.0000, 1179.0000, 306.0000,  -1972.0000, 1179.0000, 306.0000,  190, 190, 190
L -1972.0000, 1179.0000, 306.0000,  -1971.0000, 1181.0000, 306.0000,  190, 190, 190
L -1971.0000, 1181.0000, 306.0000,  -1971.0000, 1233.0000, 306.0000,  190, 190, 190
L -1971.0000, 1233.0000, 306.0000,  -1990.0000, 1233.0000, 306.0000,  190, 190, 190
L -1990.0000, 1233.0000, 306.0000,  -1990.0000, 1198.0000, 306.0000,  190, 190, 190
L -1990.0000, 1198.0000, 306.0000,  -2162.0000, 1198.0000, 306.0000,  190, 190, 190
L -2162.0000, 1198.0000, 306.0000,  -2173.0000, 1356.0000, 306.0000,  190, 190, 190
L -2173.0000, 1356.0000, 306.0000,  -1992.0000, 1357.0000, 306.0000,  190, 190, 190
L -1992.0000, 1357.0000, 306.0000,  -1990.0000, 1255.0000, 306.0000,  190, 190, 190
L -1990.0000, 1255.0000, 306.0000,  -1971.0000, 1255.0000, 306.0000,  190, 190, 190
L -1971.0000, 1255.0000, 306.0000,  -1971.0000, 1354.0000, 329.0000,  190, 190, 190
L -1971.0000, 1354.0000, 329.0000,  -1971.0000, 1357.0000, 609.0000,  190, 190, 190
L -1971.0000, 1357.0000, 609.0000,  -1887.0000, 1357.0000, 306.0000,  190, 190, 190
L -1887.0000, 1357.0000, 306.0000,  -1887.0000, 1380.0000, 306.0000,  190, 190, 190
L -1887.0000, 1380.0000, 306.0000,  -2177.0000, 1380.0000, 310.0000,  190, 190, 190
L -2177.0000, 1380.0000, 310.0000,  -2177.0000, 1510.0000, 306.0000,  190, 190, 190
L -2177.0000, 1510.0000, 306.0000,  -1873.0000, 1510.0000, 306.0000,  190, 190, 190
L -1873.0000, 1510.0000, 306.0000,  -1873.0000, 1533.0000, 306.0000,  190, 190, 190
L -1873.0000, 1533.0000, 306.0000,  -1930.0000, 1533.0000, 306.0000,  190, 190, 190
L -1930.0000, 1533.0000, 306.0000,  -1930.0000, 1645.0000, 317.0000,  190, 190, 190
L -1930.0000, 1645.0000, 317.0000,  -1808.0000, 1645.0000, 306.0000,  190, 190, 190
L -1808.0000, 1645.0000, 306.0000,  -1808.0000, 1533.0000, 306.0000,  190, 190, 190
L -1808.0000, 1533.0000, 306.0000,  -1852.0000, 1533.0000, 306.0000,  190, 190, 190
L -1852.0000, 1533.0000, 306.0000,  -1852.0000, 1510.0000, 306.0000,  190, 190, 190
L -1852.0000, 1510.0000, 306.0000,  -1808.0000, 1510.0000, 306.0000,  190, 190, 190
L -1808.0000, 1510.0000, 306.0000,  -1808.0000, 1465.0000, 306.0000,  190, 190, 190
L -1808.0000, 1465.0000, 306.0000,  -1785.0000, 1465.0000, 306.0000,  190, 190, 190
L -1785.0000, 1465.0000, 306.0000,  -1785.0000, 1645.0000, 306.0000,  190, 190, 190
L -1785.0000, 1645.0000, 306.0000,  -1720.0000, 1645.0000, 306.0000,  190, 190, 190
L -1720.0000, 1645.0000, 306.0000,  -1720.0000, 1484.0000, 306.0000,  190, 190, 190
L -1720.0000, 1484.0000, 306.0000,  -1719.0000, 1483.0000, 306.0000,  190, 190, 190
L -1719.0000, 1483.0000, 306.0000,  -1632.0000, 1483.0000, 306.0000,  190, 190, 190
L -1632.0000, 1483.0000, 306.0000,  -1633.0000, 1502.0000, 306.0000,  190, 190, 190
L -1633.0000, 1502.0000, 306.0000,  -1701.0000, 1502.0000, 306.0000,  190, 190, 190
L -1701.0000, 1502.0000, 306.0000,  -1701.0000, 1645.0000, 306.0000,  190, 190, 190
L -1701.0000, 1645.0000, 306.0000,  -1551.0000, 1645.0000, 306.0000,  190, 190, 190
L -1551.0000, 1645.0000, 306.0000,  -1551.0000, 1502.0000, 306.0000,  190, 190, 190
L -1551.0000, 1502.0000, 306.0000,  -1617.0000, 1502.0000, 306.0000,  190, 190, 190
L -1617.0000, 1502.0000, 306.0000,  -1616.0000, 1483.0000, 306.0000,  190, 190, 190
L -1616.0000, 1483.0000, 306.0000,  -1533.0000, 1483.0000, 306.0000,  190, 190, 190
L -1533.0000, 1483.0000, 306.0000,  -1532.0000, 1645.0000, 306.0000,  190, 190, 190
L -1532.0000, 1645.0000, 306.0000,  -1482.0000, 1645.0000, 306.0000,  190, 190, 190
L -1482.0000, 1645.0000, 306.0000,  -1482.0000, 1169.0000, 306.0000,  190, 190, 190
L -1482.0000, 1169.0000, 306.0000,  -1548.0000, 1169.0000, 306.0000,  190, 190, 190
L -1548.0000, 1169.0000, 306.0000,  -1549.0000, 1086.0000, 306.0000,  190, 190, 190
L -1549.0000, 1086.0000, 306.0000,  -1720.0000, 1085.0000, 306.0000,  190, 190, 190
L -1720.0000, 1085.0000, 306.0000,  -1720.0000, 1000.0000, 306.0000,  190, 190, 190
L -1720.0000, 1000.0000, 306.0000,  -1701.0000, 1000.0000, 306.0000,  190, 190, 190
L -1701.0000, 1000.0000, 306.0000,  -1701.0000, 1066.0000, 306.0000,  190, 190, 190
L -1701.0000, 1066.0000, 306.0000,  -1549.0000, 1067.0000, 306.0000,  190, 190, 190
L -1549.0000, 1067.0000, 306.0000,  -1549.0000, 1019.0000, 306.0000,  190, 190, 190
L -1549.0000, 1019.0000, 306.0000,  -1507.0000, 1017.0000, 306.0000,  190, 190, 190
L -1507.0000, 1017.0000, 306.0000,  -1507.0000, 998.0000, 306.0000,  190, 190, 190
L -1507.0000, 998.0000, 306.0000,  -1496.0000, 998.0000, 306.0000,  190, 190, 190
L -1496.0000, 998.0000, 306.0000,  -1496.0000, 1012.0000, 306.0000,  190, 190, 190
L -1496.0000, 1012.0000, 306.0000,  -1478.0000, 1013.0000, 306.0000,  190, 190, 190
L -1478.0000, 1013.0000, 306.0000,  -1478.0000, 1038.0000, 306.0000,  190, 190, 190
L -1478.0000, 1038.0000, 306.0000,  -1528.0000, 1038.0000, 306.0000,  190, 190, 190
L -1528.0000, 1038.0000, 306.0000,  -1528.0000, 1149.0000, 306.0000,  190, 190, 190
L -1528.0000, 1149.0000, 306.0000,  -1420.0000, 1149.0000, 306.0000,  190, 190, 190
L -1420.0000, 1149.0000, 306.0000,  -1417.0000, 1038.0000, 306.0000,  190, 190, 190
L -1417.0000, 1038.0000, 306.0000,  -1465.0000, 1037.0000, 306.0000,  190, 190, 190
L -1465.0000, 1037.0000, 306.0000,  -1464.0000, 1013.0000, 306.0000,  190, 190, 190
L -1464.0000, 1013.0000, 306.0000,  -1445.0000, 1012.0000, 306.0000,  190, 190, 190
L -1445.0000, 1012.0000, 306.0000,  -1445.0000, 998.0000, 306.0000,  190, 190, 190
L -1445.0000, 998.0000, 306.0000,  -1434.0000, 998.0000, 306.0000,  190, 190, 190
L -1434.0000, 998.0000, 306.0000,  -1434.0000, 1012.0000, 306.0000,  190, 190, 190
L -1434.0000, 1012.0000, 306.0000,  -1398.0000, 1018.0000, 306.0000,  190, 190, 190
L -1398.0000, 1018.0000, 306.0000,  -1397.0000, 1169.0000, 306.0000,  190, 190, 190
L -1397.0000, 1169.0000, 306.0000,  -1452.0000, 1169.0000, 306.0000,  190, 190, 190
L -1452.0000, 1169.0000, 306.0000,  -1459.0000, 1605.0000, 306.0000,  190, 190, 190
L -1459.0000, 1605.0000, 306.0000,  -1400.0000, 1605.0000, 30.0000,  190, 190, 190
L -1400.0000, 1605.0000, 30.0000,  -1398.0000, 1599.0000, 30.0000,  190, 190, 190
L -1398.0000, 1599.0000, 30.0000,  -1379.0000, 1552.0000, 30.0000,  190, 190, 190
L -1379.0000, 1552.0000, 30.0000,  -1373.0000, 1535.0000, 30.0000,  190, 190, 190
L -1373.0000, 1535.0000, 30.0000,  -1362.0000, 1509.0000, 43.0000,  190, 190, 190
L -1362.0000, 1509.0000, 43.0000,  -1342.0000, 1458.0000, 41.0000,  190, 190, 190
L -1342.0000, 1458.0000, 41.0000,  -1322.0000, 1406.0000, 31.0000,  190, 190, 190
L -1322.0000, 1406.0000, 31.0000,  -1303.0000, 1352.0000, 12.0000,  190, 190, 190
L -1303.0000, 1352.0000, 12.0000,  -1289.0000, 1297.0000, -1.0000,  190, 190, 190
L -1289.0000, 1297.0000, -1.0000,  -1282.0000, 1269.0000, -1.0000,  190, 190, 190
L -1282.0000, 1269.0000, -1.0000,  -1270.0000, 1226.0000, 12.0000,  190, 190, 190
L -1270.0000, 1226.0000, 12.0000,  -1256.0000, 1171.0000, 54.0000,  190, 190, 190
L -1256.0000, 1171.0000, 54.0000,  -1241.0000, 1116.0000, 73.0000,  190, 190, 190
L -1241.0000, 1116.0000, 73.0000,  -1234.0000, 1089.0000, 86.0000,  190, 190, 190
L -1234.0000, 1089.0000, 86.0000,  -1226.0000, 1035.0000, 88.0000,  190, 190, 190
L -1226.0000, 1035.0000, 88.0000,  -1225.0000, 1007.0000, 100.0000,  190, 190, 190
L -1225.0000, 1007.0000, 100.0000,  -1221.0000, 923.0000, 115.0000,  190, 190, 190
L -1221.0000, 923.0000, 115.0000,  -1220.0000, 895.0000, 113.0000,  190, 190, 190
L -1220.0000, 895.0000, 113.0000,  -1309.0000, 886.0000, 238.0000,  190, 190, 190
L -1309.0000, 886.0000, 238.0000,  -1310.0000, 837.0000, 226.0000,  190, 190, 190
L -1310.0000, 837.0000, 226.0000,  -1315.0000, 824.0000, 224.0000,  190, 190, 190
L -1315.0000, 824.0000, 224.0000,  -1316.0000, 816.0000, 217.0000,  190, 190, 190
L -1316.0000, 816.0000, 217.0000,  -1277.0000, 815.0000, 173.0000,  190, 190, 190
L -1277.0000, 815.0000, 173.0000,  -1277.0000, 823.0000, 173.0000,  190, 190, 190
L -1277.0000, 823.0000, 173.0000,  -1285.0000, 824.0000, 181.0000,  190, 190, 190
L -1285.0000, 824.0000, 181.0000,  -1285.0000, 867.0000, 205.0000,  190, 190, 190
L -1285.0000, 867.0000, 205.0000,  -1144.0000, 867.0000, 30.0000,  190, 190, 190
L -1144.0000, 867.0000, 30.0000,  -1144.0000, 829.0000, 30.0000,  190, 190, 190
L -1144.0000, 829.0000, 30.0000,  -1149.0000, 823.0000, 30.0000,  190, 190, 190
L -1149.0000, 823.0000, 30.0000,  -1150.0000, 816.0000, 30.0000,  190, 190, 190
L -1150.0000, 816.0000, 30.0000,  -1112.0000, 815.0000, -58.0000,  190, 190, 190
L -1112.0000, 815.0000, -58.0000,  -1112.0000, 824.0000, -570.0000,  190, 190, 190
L -1112.0000, 824.0000, -570.0000,  -1117.0000, 824.0000, -453.0000,  190, 190, 190
L -1117.0000, 824.0000, -453.0000,  -1117.0000, 862.0000, -454.0000,  190, 190, 190
L -1117.0000, 862.0000, -454.0000,  -1149.0000, 886.0000, 30.0000,  190, 190, 190
L -1149.0000, 886.0000, 30.0000,  -1379.0000, 1773.0000, -1.0000,  190, 190, 190
L -1379.0000, 1773.0000, -1.0000,  -1588.0000, 2010.0000, 59.0000,  190, 190, 190
L -1588.0000, 2010.0000, 59.0000,  -1751.0000, 2162.0000, 414.0000,  190, 190, 190
L -1751.0000, 2162.0000, 414.0000,  -1663.0000, 2278.0000, 1393.0000,  190, 190, 190
L -1663.0000, 2278.0000, 1393.0000,  -1609.0000, 2291.0000, 1397.0000,  190, 190, 190
L -1609.0000, 2291.0000, 1397.0000,  -1453.0000, 2329.0000, 1161.0000,  190, 190, 190
L -1453.0000, 2329.0000, 1161.0000,  -1234.0000, 2382.0000, 953.0000,  190, 190, 190
L -1234.0000, 2382.0000, 953.0000,  -950.0000, 2382.0000, 880.0000,  190, 190, 190
L -950.0000, 2382.0000, 880.0000,  -966.0000, 2308.0000, -1.0000,  190, 190, 190
L -966.0000, 2308.0000, -1.0000,  -818.0000, 2308.0000, -1.0000,  190, 190, 190
L -818.0000, 2308.0000, -1.0000,  -819.0000, 2364.0000, 61.0000,  190, 190, 190
L -819.0000, 2364.0000, 61.0000,  -786.0000, 2362.0000, 23.0000,  190, 190, 190
L -786.0000, 2362.0000, 23.0000,  -784.0000, 2393.0000, 160.0000,  190, 190, 190
L -784.0000, 2393.0000, 160.0000,  -775.0000, 2412.0000, 244.0000,  190, 190, 190
L -775.0000, 2412.0000, 244.0000,  -773.0000, 2416.0000, 265.0000,  190, 190, 190
L -773.0000, 2416.0000, 265.0000,  -759.0000, 2416.0000, 237.0000,  190, 190, 190
L -759.0000, 2416.0000, 237.0000,  -724.0000, 2417.0000, 163.0000,  190, 190, 190
L -724.0000, 2417.0000, 163.0000,  -720.0000, 2400.0000, 68.0000,  190, 190, 190
L -720.0000, 2400.0000, 68.0000,  -714.0000, 2391.0000, 41.0000,  190, 190, 190
L -714.0000, 2391.0000, 41.0000,  -710.0000, 2383.0000, 17.0000,  190, 190, 190
L -710.0000, 2383.0000, 17.0000,  -710.0000, 2363.0000, -1.0000,  190, 190, 190
L -710.0000, 2363.0000, -1.0000,  -659.0000, 2363.0000, -1.0000,  190, 190, 190
L -659.0000, 2363.0000, -1.0000,  -659.0000, 2365.0000, -1.0000,  190, 190, 190
L -659.0000, 2365.0000, -1.0000,  -653.0000, 2396.0000, -1.0000,  190, 190, 190
L -653.0000, 2396.0000, -1.0000,  -647.0000, 2417.0000, 27.0000,  190, 190, 190
L -647.0000, 2417.0000, 27.0000,  -599.0000, 2417.0000, -1.0000,  190, 190, 190
L -599.0000, 2417.0000, -1.0000,  -591.0000, 2396.0000, -1.0000,  190, 190, 190
L -591.0000, 2396.0000, -1.0000,  -583.0000, 2381.0000, -1.0000,  190, 190, 190
L -583.0000, 2381.0000, -1.0000,  -583.0000, 2365.0000, -1.0000,  190, 190, 190
L -583.0000, 2365.0000, -1.0000,  -577.0000, 2362.0000, -1.0000,  190, 190, 190
L -577.0000, 2362.0000, -1.0000,  -528.0000, 2364.0000, -1.0000,  190, 190, 190
L -528.0000, 2364.0000, -1.0000,  -531.0000, 2377.0000, -1.0000,  190, 190, 190
L -531.0000, 2377.0000, -1.0000,  -526.0000, 2393.0000, -1.0000,  190, 190, 190
L -526.0000, 2393.0000, -1.0000,  -519.0000, 2401.0000, -1.0000,  190, 190, 190
L -519.0000, 2401.0000, -1.0000,  -519.0000, 2417.0000, -1.0000,  190, 190, 190
L -519.0000, 2417.0000, -1.0000,  -470.0000, 2417.0000, -1.0000,  190, 190, 190
L -470.0000, 2417.0000, -1.0000,  -466.0000, 2410.0000, -1.0000,  190, 190, 190
L -466.0000, 2410.0000, -1.0000,  -462.0000, 2396.0000, -1.0000,  190, 190, 190
L -462.0000, 2396.0000, -1.0000,  -460.0000, 2392.0000, -1.0000,  190, 190, 190
L -460.0000, 2392.0000, -1.0000,  -453.0000, 2363.0000, -1.0000,  190, 190, 190
L -453.0000, 2363.0000, -1.0000,  -428.0000, 2362.0000, 5.0000,  190, 190, 190
L -428.0000, 2362.0000, 5.0000,  -427.0000, 2310.0000, -1.0000,  190, 190, 190
L -427.0000, 2310.0000, -1.0000,  -414.0000, 2309.0000, 0.0000,  190, 190, 190
L -414.0000, 2309.0000, 0.0000,  -372.0000, 2309.0000, 9.0000,  190, 190, 190
L -372.0000, 2309.0000, 9.0000,  -343.0000, 2308.0000, -1.0000,  190, 190, 190
L -343.0000, 2308.0000, -1.0000,  -295.0000, 2309.0000, 7.0000,  190, 190, 190
L -295.0000, 2309.0000, 7.0000,  -282.0000, 2309.0000, 27.0000,  190, 190, 190
L -282.0000, 2309.0000, 27.0000,  -281.0000, 2360.0000, 4.0000,  190, 190, 190
L -281.0000, 2360.0000, 4.0000,  -234.0000, 2363.0000, 48.0000,  190, 190, 190
L -234.0000, 2363.0000, 48.0000,  -231.0000, 2385.0000, -1.0000,  190, 190, 190
L -231.0000, 2385.0000, -1.0000,  -226.0000, 2393.0000, -1.0000,  190, 190, 190
L -226.0000, 2393.0000, -1.0000,  -221.0000, 2402.0000, -1.0000,  190, 190, 190
L -221.0000, 2402.0000, -1.0000,  -221.0000, 2410.0000, -1.0000,  190, 190, 190
L -221.0000, 2410.0000, -1.0000,  -168.0000, 2415.0000, -4.0000,  190, 190, 190
L -168.0000, 2415.0000, -4.0000,  -167.0000, 2399.0000, -2.0000,  190, 190, 190
L -167.0000, 2399.0000, -2.0000,  -156.0000, 2382.0000, -2.0000,  190, 190, 190
L -156.0000, 2382.0000, -2.0000,  -156.0000, 2376.0000, -2.0000,  190, 190, 190
L -156.0000, 2376.0000, -2.0000,  -154.0000, 2360.0000, -1.0000,  190, 190, 190
L -154.0000, 2360.0000, -1.0000,  -132.0000, 2361.0000, -2.0000,  190, 190, 190
L -132.0000, 2361.0000, -2.0000,  -126.0000, 2347.0000, -1.0000,  190, 190, 190
L -126.0000, 2347.0000, -1.0000,  -126.0000, 2047.0000, -1.0000,  190, 190, 190
L -126.0000, 2047.0000, -1.0000,  -124.0000, 2046.0000, -1.0000,  190, 190, 190
L -124.0000, 2046.0000, -1.0000,  -17.0000, 2046.0000, -1.0000,  190, 190, 190
L -17.0000, 2046.0000, -1.0000,  -16.0000, 1912.0000, -1.0000,  190, 190, 190
L -16.0000, 1912.0000, -1.0000,  131.0000, 1910.0000, -1.0000,  190, 190, 190
L 131.0000, 1910.0000, -1.0000,  131.0000, 2045.0000, -1.0000,  190, 190, 190
L 131.0000, 2045.0000, -1.0000,  178.0000, 2047.0000, -1.0000,  190, 190, 190
L 178.0000, 2047.0000, -1.0000,  178.0000, 2079.0000, 29.0000,  190, 190, 190
L 178.0000, 2079.0000, 29.0000,  178.0000, 2092.0000, 31.0000,  190, 190, 190
L 178.0000, 2092.0000, 31.0000,  97.0000, 2092.0000, 31.0000,  190, 190, 190
L 97.0000, 2092.0000, 31.0000,  97.0000, 2343.0000, 31.0000,  190, 190, 190
L 97.0000, 2343.0000, 31.0000,  90.0000, 2344.0000, 31.0000,  190, 190, 190
L 90.0000, 2344.0000, 31.0000,  -78.0000, 2343.0000, 31.0000,  190, 190, 190
L -78.0000, 2343.0000, 31.0000,  -78.0000, 2535.0000, 31.0000,  190, 190, 190
L -78.0000, 2535.0000, 31.0000,  -67.0000, 2548.0000, 31.0000,  190, 190, 190
L -67.0000, 2548.0000, 31.0000,  46.0000, 2607.0000, 31.0000,  190, 190, 190
L 46.0000, 2607.0000, 31.0000,  315.0000, 2608.0000, 31.0000,  190, 190, 190
L 315.0000, 2608.0000, 31.0000,  467.0000, 2546.0000, 31.0000,  190, 190, 190
L 467.0000, 2546.0000, 31.0000,  474.0000, 2532.0000, 31.0000,  190, 190, 190
L 474.0000, 2532.0000, 31.0000,  474.0000, 2345.0000, 31.0000,  190, 190, 190
L 474.0000, 2345.0000, 31.0000,  298.0000, 2344.0000, 31.0000,  190, 190, 190
L 298.0000, 2344.0000, 31.0000,  297.0000, 2092.0000, 31.0000,  190, 190, 190
L 297.0000, 2092.0000, 31.0000,  232.0000, 2092.0000, 31.0000,  190, 190, 190
L 232.0000, 2092.0000, 31.0000,  231.0000, 2086.0000, 31.0000,  190, 190, 190
L 231.0000, 2086.0000, 31.0000,  232.0000, 2047.0000, -1.0000,  190, 190, 190
L 232.0000, 2047.0000, -1.0000,  278.0000, 2047.0000, -1.0000,  190, 190, 190
L 278.0000, 2047.0000, -1.0000,  285.0000, 1910.0000, -1.0000,  190, 190, 190
L 285.0000, 1910.0000, -1.0000,  430.0000, 1913.0000, -1.0000,  190, 190, 190
L 430.0000, 1913.0000, -1.0000,  429.0000, 2047.0000, 29.0000,  190, 190, 190
L 429.0000, 2047.0000, 29.0000,  522.0000, 2048.0000, -1.0000,  190, 190, 190
L 522.0000, 2048.0000, -1.0000,  522.0000, 2358.0000, -1.0000,  190, 190, 190
L 522.0000, 2358.0000, -1.0000,  545.0000, 2360.0000, -1.0000,  190, 190, 190
L 545.0000, 2360.0000, -1.0000,  546.0000, 2382.0000, -1.0000,  190, 190, 190
L 546.0000, 2382.0000, -1.0000,  549.0000, 2388.0000, -1.0000,  190, 190, 190
L 549.0000, 2388.0000, -1.0000,  558.0000, 2400.0000, -2.0000,  190, 190, 190
L 558.0000, 2400.0000, -2.0000,  610.0000, 2415.0000, -1.0000,  190, 190, 190
L 610.0000, 2415.0000, -1.0000,  611.0000, 2399.0000, -1.0000,  190, 190, 190
L 611.0000, 2399.0000, -1.0000,  614.0000, 2394.0000, -1.0000,  190, 190, 190
L 614.0000, 2394.0000, -1.0000,  622.0000, 2383.0000, -1.0000,  190, 190, 190
L 622.0000, 2383.0000, -1.0000,  623.0000, 2381.0000, -1.0000,  190, 190, 190
L 623.0000, 2381.0000, -1.0000,  623.0000, 2362.0000, -1.0000,  190, 190, 190
L 623.0000, 2362.0000, -1.0000,  659.0000, 2362.0000, 33.0000,  190, 190, 190
L 659.0000, 2362.0000, 33.0000,  660.0000, 2308.0000, -1.0000,  190, 190, 190
L 660.0000, 2308.0000, -1.0000,  807.0000, 2308.0000, -1.0000,  190, 190, 190
L 807.0000, 2308.0000, -1.0000,  807.0000, 2361.0000, -1.0000,  190, 190, 190
L 807.0000, 2361.0000, -1.0000,  822.0000, 2363.0000, -1.0000,  190, 190, 190
L 822.0000, 2363.0000, -1.0000,  823.0000, 2386.0000, -1.0000,  190, 190, 190
L 823.0000, 2386.0000, -1.0000,  826.0000, 2390.0000, -1.0000,  190, 190, 190
L 826.0000, 2390.0000, -1.0000,  835.0000, 2414.0000, -1.0000,  190, 190, 190
L 835.0000, 2414.0000, -1.0000,  888.0000, 2417.0000, -1.0000,  190, 190, 190
L 888.0000, 2417.0000, -1.0000,  892.0000, 2394.0000, -1.0000,  190, 190, 190
L 892.0000, 2394.0000, -1.0000,  900.0000, 2380.0000, -1.0000,  190, 190, 190
L 900.0000, 2380.0000, -1.0000,  900.0000, 2364.0000, -1.0000,  190, 190, 190
L 900.0000, 2364.0000, -1.0000,  950.0000, 2362.0000, -1.0000,  190, 190, 190
L 950.0000, 2362.0000, -1.0000,  950.0000, 2381.0000, -1.0000,  190, 190, 190
L 950.0000, 2381.0000, -1.0000,  957.0000, 2397.0000, -1.0000,  190, 190, 190
L 957.0000, 2397.0000, -1.0000,  962.0000, 2416.0000, -1.0000,  190, 190, 190
L 962.0000, 2416.0000, -1.0000,  1015.0000, 2417.0000, -1.0000,  190, 190, 190
L 1015.0000, 2417.0000, -1.0000,  1017.0000, 2399.0000, -1.0000,  190, 190, 190
L 1017.0000, 2399.0000, -1.0000,  1018.0000, 2397.0000, -1.0000,  190, 190, 190
L 1018.0000, 2397.0000, -1.0000,  1027.0000, 2382.0000, -1.0000,  190, 190, 190
L 1027.0000, 2382.0000, -1.0000,  1027.0000, 2377.0000, -1.0000,  190, 190, 190
L 1027.0000, 2377.0000, -1.0000,  1030.0000, 2361.0000, -1.0000,  190, 190, 190
L 1030.0000, 2361.0000, -1.0000,  1079.0000, 2363.0000, -1.0000,  190, 190, 190
L 1079.0000, 2363.0000, -1.0000,  1079.0000, 2386.0000, -1.0000,  190, 190, 190
L 1079.0000, 2386.0000, -1.0000,  1081.0000, 2390.0000, -1.0000,  190, 190, 190
L 1081.0000, 2390.0000, -1.0000,  1090.0000, 2401.0000, -1.0000,  190, 190, 190
L 1090.0000, 2401.0000, -1.0000,  1091.0000, 2405.0000, -1.0000,  190, 190, 190
L 1091.0000, 2405.0000, -1.0000,  1144.0000, 2417.0000, -1.0000,  190, 190, 190
L 1144.0000, 2417.0000, -1.0000,  1144.0000, 2401.0000, -1.0000,  190, 190, 190
L 1144.0000, 2401.0000, -1.0000,  1149.0000, 2394.0000, -1.0000,  190, 190, 190
L 1149.0000, 2394.0000, -1.0000,  1156.0000, 2385.0000, -1.0000,  190, 190, 190
L 1156.0000, 2385.0000, -1.0000,  1156.0000, 2380.0000, -6.0000,  190, 190, 190
L 1156.0000, 2380.0000, -6.0000,  1156.0000, 2364.0000, -18.0000,  190, 190, 190
L 1156.0000, 2364.0000, -18.0000,  1195.0000, 2359.0000, -60.0000,  190, 190, 190
L 1195.0000, 2359.0000, -60.0000,  1199.0000, 2307.0000, -50.0000,  190, 190, 190
L 1199.0000, 2307.0000, -50.0000,  1342.0000, 2307.0000, -57.0000,  190, 190, 190
L 1342.0000, 2307.0000, -57.0000,  1351.0000, 2315.0000, -62.0000,  190, 190, 190
L 1351.0000, 2315.0000, -62.0000,  1350.0000, 2360.0000, -62.0000,  190, 190, 190
L 1350.0000, 2360.0000, -62.0000,  1355.0000, 2362.0000, -57.0000,  190, 190, 190
L 1355.0000, 2362.0000, -57.0000,  1356.0000, 2387.0000, -37.0000,  190, 190, 190
L 1356.0000, 2387.0000, -37.0000,  1366.0000, 2411.0000, -14.0000,  190, 190, 190
L 1366.0000, 2411.0000, -14.0000,  1366.0000, 2417.0000, -14.0000,  190, 190, 190
L 1366.0000, 2417.0000, -14.0000,  1416.0000, 2417.0000, -1.0000,  190, 190, 190
L 1416.0000, 2417.0000, -1.0000,  1421.0000, 2400.0000, -1.0000,  190, 190, 190
L 1421.0000, 2400.0000, -1.0000,  1421.0000, 2399.0000, -1.0000,  190, 190, 190
L 1421.0000, 2399.0000, -1.0000,  1424.0000, 2394.0000, -1.0000,  190, 190, 190
L 1424.0000, 2394.0000, -1.0000,  1431.0000, 2384.0000, -1.0000,  190, 190, 190
L 1431.0000, 2384.0000, -1.0000,  1431.0000, 2370.0000, -1.0000,  190, 190, 190
L 1431.0000, 2370.0000, -1.0000,  1433.0000, 2362.0000, -1.0000,  190, 190, 190
L 1433.0000, 2362.0000, -1.0000,  1482.0000, 2365.0000, -1.0000,  190, 190, 190
L 1482.0000, 2365.0000, -1.0000,  1482.0000, 2381.0000, -1.0000,  190, 190, 190
L 1482.0000, 2381.0000, -1.0000,  1486.0000, 2392.0000, -1.0000,  190, 190, 190
L 1486.0000, 2392.0000, -1.0000,  1488.0000, 2396.0000, -1.0000,  190, 190, 190
L 1488.0000, 2396.0000, -1.0000,  1494.0000, 2410.0000, 20.0000,  190, 190, 190
L 1494.0000, 2410.0000, 20.0000,  1494.0000, 2414.0000, 29.0000,  190, 190, 190
L 1494.0000, 2414.0000, 29.0000,  1542.0000, 2417.0000, 49.0000,  190, 190, 190
L 1542.0000, 2417.0000, 49.0000,  1550.0000, 2395.0000, -1.0000,  190, 190, 190
L 1550.0000, 2395.0000, -1.0000,  1552.0000, 2392.0000, -1.0000,  190, 190, 190
L 1552.0000, 2392.0000, -1.0000,  1559.0000, 2383.0000, -1.0000,  190, 190, 190
L 1559.0000, 2383.0000, -1.0000,  1559.0000, 2374.0000, -1.0000,  190, 190, 190
L 1559.0000, 2374.0000, -1.0000,  1564.0000, 2360.0000, -1.0000,  190, 190, 190
L 1564.0000, 2360.0000, -1.0000,  1580.0000, 2364.0000, 20.0000,  190, 190, 190
L 1580.0000, 2364.0000, 20.0000,  1597.0000, 2358.0000, -1.0000,  190, 190, 190
L 1597.0000, 2358.0000, -1.0000,  1601.0000, 2373.0000, 2.0000,  190, 190, 190
L 1601.0000, 2373.0000, 2.0000,  1609.0000, 2426.0000, 209.0000,  190, 190, 190
L 1609.0000, 2426.0000, 209.0000,  1652.0000, 2463.0000, 822.0000,  190, 190, 190
L 1652.0000, 2463.0000, 822.0000,  1700.0000, 2499.0000, 1534.0000,  190, 190, 190
L 1700.0000, 2499.0000, 1534.0000,  1756.0000, 2473.0000, 1362.0000,  190, 190, 190
L 1756.0000, 2473.0000, 1362.0000,  1834.0000, 2436.0000, 1094.0000,  190, 190, 190
L 1834.0000, 2436.0000, 1094.0000,  1860.0000, 2423.0000, 1016.0000,  190, 190, 190
L 1860.0000, 2423.0000, 1016.0000,  1911.0000, 2399.0000, 877.0000,  190, 190, 190
L 1911.0000, 2399.0000, 877.0000,  1938.0000, 2388.0000, 914.0000,  190, 190, 190
L 1938.0000, 2388.0000, 914.0000,  1931.0000, 2376.0000, 765.0000,  190, 190, 190
L 1931.0000, 2376.0000, 765.0000,  1902.0000, 2347.0000, 435.0000,  190, 190, 190
L 1902.0000, 2347.0000, 435.0000,  1882.0000, 2327.0000, 280.0000,  190, 190, 190
L 1882.0000, 2327.0000, 280.0000,  1822.0000, 2268.0000, 159.0000,  190, 190, 190
L 1822.0000, 2268.0000, 159.0000,  1802.0000, 2249.0000, 158.0000,  190, 190, 190
L 1802.0000, 2249.0000, 158.0000,  1781.0000, 2229.0000, 158.0000,  190, 190, 190
L 1781.0000, 2229.0000, 158.0000,  1723.0000, 2166.0000, 163.0000,  190, 190, 190
L 1723.0000, 2166.0000, 163.0000,  1647.0000, 2079.0000, 142.0000,  190, 190, 190
L 1647.0000, 2079.0000, 142.0000,  1628.0000, 2058.0000, 145.0000,  190, 190, 190
L 1628.0000, 2058.0000, 145.0000,  1608.0000, 2036.0000, 144.0000,  190, 190, 190
L 1608.0000, 2036.0000, 144.0000,  1570.0000, 1993.0000, 88.0000,  190, 190, 190
L 1570.0000, 1993.0000, 88.0000,  1551.0000, 1971.0000, 116.0000,  190, 190, 190
L 1551.0000, 1971.0000, 116.0000,  1525.0000, 1939.0000, 99.0000,  190, 190, 190
L 1525.0000, 1939.0000, 99.0000,  1323.0000, 1616.0000, 60.0000,  190, 190, 190
L 1323.0000, 1616.0000, 60.0000,  1312.0000, 1611.0000, 24.0000,  190, 190, 190
L 1312.0000, 1611.0000, 24.0000,  1256.0000, 1588.0000, -628.0000,  190, 190, 190
L 1256.0000, 1588.0000, -628.0000,  1251.0000, 1578.0000, -628.0000,  190, 190, 190
L 1251.0000, 1578.0000, -628.0000,  1247.0000, 1568.0000, 225.0000,  190, 190, 190
L 1247.0000, 1568.0000, 225.0000,  1271.0000, 1558.0000, 225.0000,  190, 190, 190
L 1271.0000, 1558.0000, 225.0000,  1275.0000, 1567.0000, 225.0000,  190, 190, 190
L 1275.0000, 1567.0000, 225.0000,  1327.0000, 1588.0000, 225.0000,  190, 190, 190
L 1327.0000, 1588.0000, 225.0000,  1379.0000, 1567.0000, 225.0000,  190, 190, 190
L 1379.0000, 1567.0000, 225.0000,  1401.0000, 1515.0000, 225.0000,  190, 190, 190
L 1401.0000, 1515.0000, 225.0000,  1398.0000, 1508.0000, 225.0000,  190, 190, 190
L 1398.0000, 1508.0000, 225.0000,  1423.0000, 1499.0000, 233.0000,  190, 190, 190
L 1423.0000, 1499.0000, 233.0000,  1430.0000, 1515.0000, 223.0000,  190, 190, 190
L 1430.0000, 1515.0000, 223.0000,  1395.0000, 1589.0000, 159.0000,  190, 190, 190
L 1395.0000, 1589.0000, 159.0000,  1422.0000, 1650.0000, 168.0000,  190, 190, 190
L 1422.0000, 1650.0000, 168.0000,  1433.0000, 1677.0000, 152.0000,  190, 190, 190
L 1433.0000, 1677.0000, 152.0000,  1591.0000, 1916.0000, 189.0000,  190, 190, 190
L 1591.0000, 1916.0000, 189.0000,  1661.0000, 1999.0000, 306.0000,  190, 190, 190
L 1661.0000, 1999.0000, 306.0000,  1750.0000, 2104.0000, 306.0000,  190, 190, 190
L 1750.0000, 2104.0000, 306.0000,  1768.0000, 2126.0000, 306.0000,  190, 190, 190
L 1768.0000, 2126.0000, 306.0000,  1804.0000, 2168.0000, 306.0000,  190, 190, 190
L 1804.0000, 2168.0000, 306.0000,  1842.0000, 2205.0000, 306.0000,  190, 190, 190
L 1842.0000, 2205.0000, 306.0000,  1861.0000, 2224.0000, 213.0000,  190, 190, 190
L 1861.0000, 2224.0000, 213.0000,  1880.0000, 2242.0000, 194.0000,  190, 190, 190
L 1880.0000, 2242.0000, 194.0000,  1938.0000, 2299.0000, 196.0000,  190, 190, 190
L 1938.0000, 2299.0000, 196.0000,  1974.0000, 2334.0000, 508.0000,  190, 190, 190
L 1974.0000, 2334.0000, 508.0000,  1992.0000, 2351.0000, 738.0000,  190, 190, 190
L 1992.0000, 2351.0000, 738.0000,  2020.0000, 2336.0000, 722.0000,  190, 190, 190
L 2020.0000, 2336.0000, 722.0000,  2035.0000, 2323.0000, 636.0000,  190, 190, 190
L 2035.0000, 2323.0000, 636.0000,  2054.0000, 2306.0000, 538.0000,  190, 190, 190
L 2054.0000, 2306.0000, 538.0000,  2073.0000, 2288.0000, 507.0000,  190, 190, 190
L 2073.0000, 2288.0000, 507.0000,  2122.0000, 2245.0000, 480.0000,  190, 190, 190
L 2122.0000, 2245.0000, 480.0000,  2144.0000, 2225.0000, 470.0000,  190, 190, 190
L 2144.0000, 2225.0000, 470.0000,  2183.0000, 2145.0000, 266.0000,  190, 190, 190
L 2183.0000, 2145.0000, 266.0000,  2214.0000, 2076.0000, 188.0000,  190, 190, 190
L 2214.0000, 2076.0000, 188.0000,  2239.0000, 2021.0000, 226.0000,  190, 190, 190
L 2239.0000, 2021.0000, 226.0000,  2251.0000, 1994.0000, 307.0000,  190, 190, 190
L 2251.0000, 1994.0000, 307.0000,  2264.0000, 1967.0000, 471.0000,  190, 190, 190
L 2264.0000, 1967.0000, 471.0000,  2276.0000, 1940.0000, 577.0000,  190, 190, 190
L 2276.0000, 1940.0000, 577.0000,  2288.0000, 1912.0000, 694.0000,  190, 190, 190
L 2288.0000, 1912.0000, 694.0000,  2282.0000, 1840.0000, 425.0000,  190, 190, 190
L 2282.0000, 1840.0000, 425.0000,  2274.0000, 1783.0000, 285.0000,  190, 190, 190
L 2274.0000, 1783.0000, 285.0000,  2267.0000, 1727.0000, 232.0000,  190, 190, 190
L 2267.0000, 1727.0000, 232.0000,  2257.0000, 1643.0000, 304.0000,  190, 190, 190
L 2257.0000, 1643.0000, 304.0000,  2250.0000, 1591.0000, 349.0000,  190, 190, 190
L 2250.0000, 1591.0000, 349.0000,  2207.0000, 1123.0000, 807.0000,  190, 190, 190
L 2207.0000, 1123.0000, 807.0000,  2192.0000, 1017.0000, 1055.0000,  190, 190, 190
L 2192.0000, 1017.0000, 1055.0000,  2145.0000, 869.0000, 448.0000,  190, 190, 190
L 2145.0000, 869.0000, 448.0000,  2137.0000, 844.0000, 362.0000,  190, 190, 190
L 2137.0000, 844.0000, 362.0000,  2097.0000, 718.0000, 261.0000,  190, 190, 190
L 2097.0000, 718.0000, 261.0000,  2054.0000, 651.0000, 1106.0000,  190, 190, 190
L 2054.0000, 651.0000, 1106.0000,  1957.0000, 549.0000, 1202.0000,  190, 190, 190
L 1957.0000, 549.0000, 1202.0000,  1881.0000, 468.0000, 1449.0000,  190, 190, 190
L 1881.0000, 468.0000, 1449.0000,  1837.0000, 422.0000, 1515.0000,  190, 190, 190
L 1837.0000, 422.0000, 1515.0000,  1794.0000, 374.0000, 1439.0000,  190, 190, 190
L 1794.0000, 374.0000, 1439.0000,  1739.0000, 311.0000, 1046.0000,  190, 190, 190
L 1739.0000, 311.0000, 1046.0000,  1693.0000, 259.0000, 946.0000,  190, 190, 190
L 1693.0000, 259.0000, 946.0000,  1569.0000, 79.0000, 1549.0000,  190, 190, 190
L 1569.0000, 79.0000, 1549.0000,  1556.0000, 47.0000, 1635.0000,  190, 190, 190
L 1556.0000, 47.0000, 1635.0000,  1533.0000, -6.0000, 1635.0000,  190, 190, 190
L 1533.0000, -6.0000, 1635.0000,  1506.0000, -70.0000, 1426.0000,  190, 190, 190
L 1506.0000, -70.0000, 1426.0000,  1420.0000, -70.0000, 455.0000,  190, 190, 190
L 1420.0000, -70.0000, 455.0000,  1241.0000, -70.0000, 113.0000,  190, 190, 190
L 1241.0000, -70.0000, 113.0000,  1244.0000, 173.0000, 447.0000,  190, 190, 190
L 1244.0000, 173.0000, 447.0000,  1251.0000, 580.0000, 292.0000,  190, 190, 190
L 1251.0000, 580.0000, 292.0000,  1260.0000, 895.0000, 305.0000,  190, 190, 190
L 1260.0000, 895.0000, 305.0000,  1261.0000, 924.0000, 220.0000,  190, 190, 190
L 1261.0000, 924.0000, 220.0000,  1269.0000, 1062.0000, 197.0000,  190, 190, 190
L 1269.0000, 1062.0000, 197.0000,  1284.0000, 1218.0000, 213.0000,  190, 190, 190
L 1284.0000, 1218.0000, 213.0000,  1296.0000, 1347.0000, 194.0000,  190, 190, 190
L 1296.0000, 1347.0000, 194.0000,  1301.0000, 1359.0000, 199.0000,  190, 190, 190
L 1301.0000, 1359.0000, 199.0000,  1323.0000, 1414.0000, 186.0000,  190, 190, 190
L 1323.0000, 1414.0000, 186.0000,  1352.0000, 1422.0000, 207.0000,  190, 190, 190
L 1352.0000, 1422.0000, 207.0000,  1383.0000, 1435.0000, 226.0000,  190, 190, 190
L 1383.0000, 1435.0000, 226.0000,  1399.0000, 1442.0000, 238.0000,  190, 190, 190
L 1399.0000, 1442.0000, 238.0000,  1404.0000, 1452.0000, 244.0000,  190, 190, 190
L 1404.0000, 1452.0000, 244.0000,  1409.0000, 1466.0000, 249.0000,  190, 190, 190
L 1409.0000, 1466.0000, 249.0000,  1385.0000, 1476.0000, 225.0000,  190, 190, 190
L 1385.0000, 1476.0000, 225.0000,  1379.0000, 1463.0000, 225.0000,  190, 190, 190
L 1379.0000, 1463.0000, 225.0000,  1327.0000, 1441.0000, 225.0000,  190, 190, 190
L 1327.0000, 1441.0000, 225.0000,  1275.0000, 1463.0000, 225.0000,  190, 190, 190
L 1275.0000, 1463.0000, 225.0000,  1254.0000, 1515.0000, 225.0000,  190, 190, 190
L 1254.0000, 1515.0000, 225.0000,  1258.0000, 1525.0000, 225.0000,  190, 190, 190
L 1258.0000, 1525.0000, 225.0000,  1235.0000, 1535.0000, 225.0000,  190, 190, 190
L 1235.0000, 1535.0000, 225.0000,  1230.0000, 1527.0000, -598.0000,  190, 190, 190
L 1230.0000, 1527.0000, -598.0000,  1226.0000, 1512.0000, -628.0000,  190, 190, 190
L 1226.0000, 1512.0000, -628.0000,  1229.0000, 1503.0000, -606.0000,  190, 190, 190
L 1229.0000, 1503.0000, -606.0000,  1246.0000, 1463.0000, -62.0000,  190, 190, 190
L 1246.0000, 1463.0000, -62.0000,  1242.0000, 1437.0000, 76.0000,  190, 190, 190
L 1242.0000, 1437.0000, 76.0000,  1226.0000, 1404.0000, 47.0000,  190, 190, 190
L 1226.0000, 1404.0000, 47.0000,  1213.0000, 1354.0000, -264.0000,  190, 190, 190
L 1213.0000, 1354.0000, -264.0000,  1208.0000, 1311.0000, 89.0000,  190, 190, 190
L 1208.0000, 1311.0000, 89.0000,  1205.0000, 1275.0000, 98.0000,  190, 190, 190
L 1205.0000, 1275.0000, 98.0000,  1199.0000, 1219.0000, 104.0000,  190, 190, 190
L 1199.0000, 1219.0000, 104.0000,  1197.0000, 1191.0000, 80.0000,  190, 190, 190
L 1197.0000, 1191.0000, 80.0000,  1191.0000, 1135.0000, -46.0000,  190, 190, 190
L 1191.0000, 1135.0000, -46.0000,  1183.0000, 1051.0000, 107.0000,  190, 190, 190
L 1183.0000, 1051.0000, 107.0000,  1178.0000, 996.0000, 101.0000,  190, 190, 190
L 1178.0000, 996.0000, 101.0000,  1178.0000, 807.0000, 164.0000,  190, 190, 190
L 1178.0000, 807.0000, 164.0000,  1178.0000, 510.0000, 227.0000,  190, 190, 190
L 1178.0000, 510.0000, 227.0000,  1178.0000, -70.0000, 82.0000,  190, 190, 190
L 1178.0000, -70.0000, 82.0000,  1012.0000, -70.0000, -1.0000,  190, 190, 190
L 1012.0000, -70.0000, -1.0000,  25.0000, -70.0000, -28.0000,  190, 190, 190
L 25.0000, -70.0000, -28.0000,  17.0000, -71.0000, -19.0000,  190, 190, 190
L 17.0000, -71.0000, -19.0000,  17.0000, -75.0000, 6.0000,  139, 0, 0
L 17.0000, -75.0000, 6.0000,  17.0000, -216.0000, 6.0000,  139, 0, 0
L 17.0000, -216.0000, 6.0000,  13.0000, -222.0000, 6.0000,  139, 0, 0
L 13.0000, -222.0000, 6.0000,  9.0000, -223.0000, 6.0000,  139, 0, 0
L 9.0000, -223.0000, 6.0000,  10.0000, -230.0000, -9.0000,  139, 0, 0
L 10.0000, -230.0000, -9.0000,  22.0000, -230.0000, -50.0000,  139, 0, 0
L 22.0000, -230.0000, -50.0000,  42.0000, -292.0000, -45.0000,  139, 0, 0
L 42.0000, -292.0000, -45.0000,  149.0000, -295.0000, -9.0000,  139, 0, 0
L 149.0000, -295.0000, -9.0000,  157.0000, -314.0000, -628.0000,  139, 0, 0
L 157.0000, -314.0000, -628.0000,  157.0000, -261.0000, -628.0000,  139, 0, 0
L 157.0000, -261.0000, -628.0000,  218.0000, -261.0000, -637.0000,  139, 0, 0
L 218.0000, -261.0000, -637.0000,  218.0000, -314.0000, -628.0000,  139, 0, 0
L 218.0000, -314.0000, -628.0000,  293.0000, -314.0000, -628.0000,  139, 0, 0
L 293.0000, -314.0000, -628.0000,  293.0000, -261.0000, -637.0000,  139, 0, 0
L 293.0000, -261.0000, -637.0000,  355.0000, -261.0000, -628.0000,  139, 0, 0
L 355.0000, -261.0000, -628.0000,  355.0000, -304.0000, -628.0000,  139, 0, 0
L 355.0000, -304.0000, -628.0000,  427.0000, -314.0000, -628.0000,  139, 0, 0
L 427.0000, -314.0000, -628.0000,  427.0000, -261.0000, -628.0000,  139, 0, 0
L 427.0000, -261.0000, -628.0000,  488.0000, -261.0000, -628.0000,  139, 0, 0
L 488.0000, -261.0000, -628.0000,  488.0000, -313.0000, -628.0000,  139, 0, 0
L 488.0000, -313.0000, -628.0000,  564.0000, -314.0000, -628.0000,  139, 0, 0
L 564.0000, -314.0000, -628.0000,  564.0000, -269.0000, -628.0000,  139, 0, 0
L 564.0000, -269.0000, -628.0000,  625.0000, -261.0000, -628.0000,  139, 0, 0
L 625.0000, -261.0000, -628.0000,  625.0000, -314.0000, -628.0000,  139, 0, 0
L 625.0000, -314.0000, -628.0000,  701.0000, -303.0000, -628.0000,  139, 0, 0
L 701.0000, -303.0000, -628.0000,  701.0000, -261.0000, -628.0000,  139, 0, 0
L 701.0000, -261.0000, -628.0000,  762.0000, -261.0000, -628.0000,  139, 0, 0
L 762.0000, -261.0000, -628.0000,  762.0000, -314.0000, -628.0000,  139, 0, 0
L 762.0000, -314.0000, -628.0000,  834.0000, -314.0000, -628.0000,  139, 0, 0
L 834.0000, -314.0000, -628.0000,  834.0000, -261.0000, -628.0000,  139, 0, 0
L 834.0000, -261.0000, -628.0000,  895.0000, -261.0000, -575.0000,  139, 0, 0
L 895.0000, -261.0000, -575.0000,  895.0000, -314.0000, -628.0000,  139, 0, 0
L 895.0000, -314.0000, -628.0000,  973.0000, -314.0000, -628.0000,  139, 0, 0
L 973.0000, -314.0000, -628.0000,  973.0000, -261.0000, -628.0000,  139, 0, 0
L 973.0000, -261.0000, -628.0000,  1034.0000, -261.0000, -628.0000,  139, 0, 0
L 1034.0000, -261.0000, -628.0000,  1034.0000, -314.0000, -628.0000,  139, 0, 0
L 1034.0000, -314.0000, -628.0000,  1110.0000, -314.0000, -628.0000,  139, 0, 0
L 1110.0000, -314.0000, -628.0000,  1110.0000, -261.0000, -628.0000,  139, 0, 0
L 1110.0000, -261.0000, -628.0000,  1171.0000, -261.0000, -628.0000,  139, 0, 0
L 1171.0000, -261.0000, -628.0000,  1171.0000, -314.0000, -628.0000,  139, 0, 0
L 1171.0000, -314.0000, -628.0000,  1243.0000, -314.0000, -628.0000,  139, 0, 0
L 1243.0000, -314.0000, -628.0000,  1243.0000, -261.0000, -628.0000,  139, 0, 0
L 1243.0000, -261.0000, -628.0000,  1304.0000, -261.0000, -500.0000,  139, 0, 0
L 1304.0000, -261.0000, -500.0000,  1304.0000, -314.0000, -628.0000,  139, 0, 0
L 1304.0000, -314.0000, -628.0000,  1460.0000, -257.0000, 1146.0000,  139, 0, 0
L 1460.0000, -257.0000, 1146.0000,  1438.0000, -336.0000, 1416.0000,  0, 255, 255
L 1438.0000, -336.0000, 1416.0000,  1426.0000, -446.0000, 1754.0000,  0, 255, 255
L 1426.0000, -446.0000, 1754.0000,  1431.0000, -476.0000, 1867.0000,  0, 255, 255
L 1431.0000, -476.0000, 1867.0000,  1441.0000, -537.0000, 2007.0000,  0, 255, 255
L 1441.0000, -537.0000, 2007.0000,  1446.0000, -567.0000, 2029.0000,  0, 255, 255
L 1446.0000, -567.0000, 2029.0000,  1436.0000, -768.0000, 1760.0000,  0, 255, 255
L 1436.0000, -768.0000, 1760.0000,  1422.0000, -881.0000, 1741.0000,  0, 255, 255
L 1422.0000, -881.0000, 1741.0000,  1396.0000, -993.0000, 1742.0000,  0, 255, 255
L 1396.0000, -993.0000, 1742.0000,  1377.0000, -1077.0000, 1908.0000,  0, 255, 255
L 1377.0000, -1077.0000, 1908.0000,  1349.0000, -1201.0000, 2014.0000,  0, 255, 255
L 1349.0000, -1201.0000, 2014.0000,  1340.0000, -1241.0000, 1979.0000,  0, 255, 255
L 1340.0000, -1241.0000, 1979.0000,  1329.0000, -1341.0000, 1742.0000,  0, 255, 255
L 1329.0000, -1341.0000, 1742.0000,  1334.0000, -1364.0000, 1722.0000,  0, 255, 255
L 1334.0000, -1364.0000, 1722.0000,  1341.0000, -1393.0000, 1672.0000,  0, 255, 255
L 1341.0000, -1393.0000, 1672.0000,  1354.0000, -1449.0000, 1523.0000,  0, 255, 255
L 1354.0000, -1449.0000, 1523.0000,  1360.0000, -1476.0000, 1466.0000,  0, 255, 255
L 1360.0000, -1476.0000, 1466.0000,  1367.0000, -1504.0000, 1396.0000,  0, 255, 255
L 1367.0000, -1504.0000, 1396.0000,  1386.0000, -1588.0000, 1245.0000,  0, 255, 255
L 1386.0000, -1588.0000, 1245.0000,  1403.0000, -1659.0000, 1302.0000,  0, 255, 255
L 1403.0000, -1659.0000, 1302.0000,  1405.0000, -1668.0000, 1317.0000,  0, 255, 255
L 1405.0000, -1668.0000, 1317.0000,  1412.0000, -1697.0000, 1326.0000,  0, 255, 255
L 1412.0000, -1697.0000, 1326.0000,  1418.0000, -1726.0000, 1301.0000,  0, 255, 255
L 1418.0000, -1726.0000, 1301.0000,  1432.0000, -1782.0000, 1384.0000,  0, 255, 255
L 1432.0000, -1782.0000, 1384.0000,  1470.0000, -1978.0000, 1500.0000,  0, 255, 255
L 1470.0000, -1978.0000, 1500.0000,  1473.0000, -2009.0000, 1450.0000,  0, 255, 255
L 1473.0000, -2009.0000, 1450.0000,  1477.0000, -2038.0000, 1454.0000,  0, 255, 255
L 1477.0000, -2038.0000, 1454.0000,  1483.0000, -2099.0000, 1378.0000,  0, 255, 255
L 1483.0000, -2099.0000, 1378.0000,  1487.0000, -2128.0000, 1407.0000,  0, 255, 255
L 1487.0000, -2128.0000, 1407.0000,  1490.0000, -2162.0000, 1471.0000,  0, 255, 255
L 1490.0000, -2162.0000, 1471.0000,  1488.0000, -2188.0000, 1517.0000,  0, 255, 255
L 1488.0000, -2188.0000, 1517.0000,  1486.0000, -2218.0000, 1620.0000,  0, 255, 255
L 1486.0000, -2218.0000, 1620.0000,  1472.0000, -2364.0000, 2505.0000,  0, 255, 255
L 1472.0000, -2364.0000, 2505.0000,  1465.0000, -2393.0000, 2604.0000,  0, 255, 255
L 1465.0000, -2393.0000, 2604.0000,  1447.0000, -2450.0000, 2846.0000,  0, 255, 255
L 1447.0000, -2450.0000, 2846.0000,  1436.0000, -2477.0000, 2878.0000,  0, 255, 255
L 1436.0000, -2477.0000, 2878.0000,  1421.0000, -2500.0000, 2819.0000,  0, 255, 255
L 1421.0000, -2500.0000, 2819.0000,  1383.0000, -2538.0000, 2662.0000,  0, 255, 255
L 1383.0000, -2538.0000, 2662.0000,  1362.0000, -2560.0000, 2663.0000,  0, 255, 255
L 1362.0000, -2560.0000, 2663.0000,  1319.0000, -2603.0000, 2783.0000,  0, 255, 255
L 1319.0000, -2603.0000, 2783.0000,  1276.0000, -2645.0000, 2935.0000,  0, 255, 255
L 1276.0000, -2645.0000, 2935.0000,  1228.0000, -2678.0000, 2992.0000,  0, 255, 255
L 1228.0000, -2678.0000, 2992.0000,  1174.0000, -2693.0000, 2802.0000,  0, 255, 255
L 1174.0000, -2693.0000, 2802.0000,  1114.0000, -2708.0000, 2670.0000,  0, 255, 255
L 1114.0000, -2708.0000, 2670.0000,  883.0000, -2746.0000, 3018.0000,  0, 255, 255
L 883.0000, -2746.0000, 3018.0000,  838.0000, -2743.0000, 2991.0000,  0, 255, 255
L 838.0000, -2743.0000, 2991.0000,  810.0000, -2741.0000, 3025.0000,  0, 255, 255
L 810.0000, -2741.0000, 3025.0000,  782.0000, -2739.0000, 3132.0000,  0, 255, 255
L 782.0000, -2739.0000, 3132.0000,  727.0000, -2735.0000, 3298.0000,  0, 255, 255
L 727.0000, -2735.0000, 3298.0000,  699.0000, -2733.0000, 3342.0000,  0, 255, 255
L 699.0000, -2733.0000, 3342.0000,  672.0000, -2731.0000, 3371.0000,  0, 255, 255
L 672.0000, -2731.0000, 3371.0000,  617.0000, -2728.0000, 3518.0000,  0, 255, 255
L 617.0000, -2728.0000, 3518.0000,  590.0000, -2726.0000, 3600.0000,  0, 255, 255
L 590.0000, -2726.0000, 3600.0000,  562.0000, -2724.0000, 3692.0000,  0, 255, 255
L 562.0000, -2724.0000, 3692.0000,  7.0000, -2783.0000, 4026.0000,  0, 255, 255
L 7.0000, -2783.0000, 4026.0000,  -71.0000, -2777.0000, 3353.0000,  0, 255, 255
L -71.0000, -2777.0000, 3353.0000,  -189.0000, -2792.0000, 3355.0000,  0, 255, 255
L -189.0000, -2792.0000, 3355.0000,  -243.0000, -2790.0000, 3286.0000,  0, 255, 255
L -243.0000, -2790.0000, 3286.0000,  -567.0000, -2757.0000, 2629.0000,  0, 255, 255
L -567.0000, -2757.0000, 2629.0000,  -621.0000, -2751.0000, 2790.0000,  0, 255, 255
L -621.0000, -2751.0000, 2790.0000,  -688.0000, -2725.0000, 2908.0000,  0, 255, 255
L -688.0000, -2725.0000, 2908.0000,  -709.0000, -2708.0000, 2740.0000,  0, 255, 255
L -709.0000, -2708.0000, 2740.0000,  -751.0000, -2676.0000, 2462.0000,  0, 255, 255
L -751.0000, -2676.0000, 2462.0000,  -835.0000, -2611.0000, 2224.0000,  0, 255, 255
L -835.0000, -2611.0000, 2224.0000,  -940.0000, -2529.0000, 2108.0000,  0, 255, 255
L -940.0000, -2529.0000, 2108.0000,  -1063.0000, -2310.0000, 2380.0000,  0, 255, 255
L -1063.0000, -2310.0000, 2380.0000,  -1108.0000, -2229.0000, 2629.0000,  0, 255, 255
L -1108.0000, -2229.0000, 2629.0000,  -1153.0000, -2149.0000, 2502.0000,  0, 255, 255
L -1153.0000, -2149.0000, 2502.0000,  -1166.0000, -2122.0000, 2394.0000,  0, 255, 255
L -1166.0000, -2122.0000, 2394.0000,  -1198.0000, -1988.0000, 1261.0000,  0, 255, 255
L -1198.0000, -1988.0000, 1261.0000,  -1224.0000, -1877.0000, 1327.0000,  0, 255, 255
L -1224.0000, -1877.0000, 1327.0000,  -1246.0000, -1769.0000, 2018.0000,  0, 255, 255
L -1246.0000, -1769.0000, 2018.0000,  -1241.0000, -1692.0000, 2150.0000,  0, 255, 255
L -1241.0000, -1692.0000, 2150.0000,  -1237.0000, -1632.0000, 2105.0000,  0, 255, 255
L -1237.0000, -1632.0000, 2105.0000,  -1235.0000, -1602.0000, 2132.0000,  0, 255, 255
L -1235.0000, -1602.0000, 2132.0000,  -1231.0000, -1543.0000, 2197.0000,  0, 255, 255
L -1231.0000, -1543.0000, 2197.0000,  -1228.0000, -1512.0000, 2158.0000,  0, 255, 255
L -1228.0000, -1512.0000, 2158.0000,  -1224.0000, -1453.0000, 2063.0000,  0, 255, 255
L -1224.0000, -1453.0000, 2063.0000,  -1220.0000, -1392.0000, 2014.0000,  0, 255, 255
L -1220.0000, -1392.0000, 2014.0000,  -1214.0000, -1302.0000, 1794.0000,  0, 255, 255
L -1214.0000, -1302.0000, 1794.0000,  -1214.0000, -1212.0000, 1742.0000,  0, 255, 255
L -1214.0000, -1212.0000, 1742.0000,  -1217.0000, -1181.0000, 1760.0000,  0, 255, 255
L -1217.0000, -1181.0000, 1760.0000,  -1229.0000, -1060.0000, 1774.0000,  0, 255, 255
L -1229.0000, -1060.0000, 1774.0000,  -1235.0000, -1000.0000, 1693.0000,  0, 255, 255
L -1235.0000, -1000.0000, 1693.0000,  -1244.0000, -909.0000, 1272.0000,  0, 255, 255
L -1244.0000, -909.0000, 1272.0000,  -1288.0000, -776.0000, 1357.0000,  0, 255, 255
L -1288.0000, -776.0000, 1357.0000,  -1308.0000, -670.0000, 1405.0000,  0, 255, 255
L -1308.0000, -670.0000, 1405.0000,  -1358.0000, -570.0000, 1652.0000,  0, 255, 255
L -1358.0000, -570.0000, 1652.0000,  -1389.0000, -526.0000, 1732.0000,  0, 255, 255
L -1389.0000, -526.0000, 1732.0000,  -1399.0000, -502.0000, 1653.0000,  0, 255, 255
L -1399.0000, -502.0000, 1653.0000,  -1447.0000, -381.0000, 1232.0000,  0, 255, 255
L -1447.0000, -381.0000, 1232.0000,  -1492.0000, -257.0000, 1136.0000,  0, 255, 255
L -76.0000, -419.0000, -77.0000,  -76.0000, -294.0000, -89.0000,  255, 255, 0
L 30.0000, -295.0000, -96.0000,  30.0000, -417.0000, -76.0000,  255, 255, 0
L 30.0000, -417.0000, -76.0000,  30.0000, -418.0000, -68.0000,  255, 255, 0
L 30.0000, -418.0000, -68.0000,  -76.0000, -418.0000, -78.0000,  255, 255, 0
L -954.0000, 754.0000, -80.0000,  -1111.0000, 754.0000, -591.0000,  255, 255, 0
L -954.0000, 754.0000, -81.0000,  -954.0000, 818.0000, -126.0000,  255, 255, 0
L -954.0000, 818.0000, -126.0000,  -1111.0000, 818.0000, -589.0000,  255, 255, 0
L 1479.0000, 1423.0000, 306.0000,  1485.0000, 1438.0000, 306.0000,  190, 190, 190
L 1485.0000, 1438.0000, 306.0000,  1496.0000, 1438.0000, 306.0000,  190, 190, 190
L 1496.0000, 1438.0000, 306.0000,  1491.0000, 1424.0000, 306.0000,  190, 190, 190
L 1491.0000, 1424.0000, 306.0000,  1510.0000, 1417.0000, 306.0000,  190, 190, 190
L 1510.0000, 1417.0000, 306.0000,  1501.0000, 1393.0000, 306.0000,  190, 190, 190
L 1501.0000, 1393.0000, 306.0000,  1457.0000, 1409.0000, 306.0000,  190, 190, 190
L 1457.0000, 1409.0000, 306.0000,  1419.0000, 1305.0000, 306.0000,  190, 190, 190
L 1419.0000, 1305.0000, 306.0000,  1520.0000, 1268.0000, 312.0000,  190, 190, 190
L 1520.0000, 1268.0000, 312.0000,  1557.0000, 1361.0000, 306.0000,  190, 190, 190
L 1557.0000, 1361.0000, 306.0000,  1514.0000, 1389.0000, 312.0000,  190, 190, 190
L 1514.0000, 1389.0000, 312.0000,  1522.0000, 1412.0000, 306.0000,  190, 190, 190
L 1522.0000, 1412.0000, 306.0000,  1540.0000, 1406.0000, 306.0000,  190, 190, 190
L 1540.0000, 1406.0000, 306.0000,  1545.0000, 1420.0000, 306.0000,  190, 190, 190
L 1545.0000, 1420.0000, 306.0000,  1553.0000, 1411.0000, 306.0000,  190, 190, 190
L 1553.0000, 1411.0000, 306.0000,  1552.0000, 1408.0000, 306.0000,  190, 190, 190
L 1552.0000, 1408.0000, 306.0000,  1587.0000, 1383.0000, 306.0000,  190, 190, 190
L 1587.0000, 1383.0000, 306.0000,  1570.0000, 1337.0000, 306.0000,  190, 190, 190
L 1570.0000, 1337.0000, 306.0000,  1616.0000, 1321.0000, 306.0000,  190, 190, 190
L 1616.0000, 1321.0000, 306.0000,  1639.0000, 1382.0000, 306.0000,  190, 190, 190
L 1639.0000, 1382.0000, 306.0000,  1660.0000, 1373.0000, 306.0000,  190, 190, 190
L 1660.0000, 1373.0000, 306.0000,  1638.0000, 1313.0000, 306.0000,  190, 190, 190
L 1638.0000, 1313.0000, 306.0000,  1714.0000, 1285.0000, 306.0000,  190, 190, 190
L 1714.0000, 1285.0000, 306.0000,  1736.0000, 1347.0000, 306.0000,  190, 190, 190
L 1736.0000, 1347.0000, 306.0000,  1753.0000, 1337.0000, 306.0000,  190, 190, 190
L 1753.0000, 1337.0000, 306.0000,  1725.0000, 1261.0000, 306.0000,  190, 190, 190
L 1725.0000, 1261.0000, 306.0000,  1571.0000, 1317.0000, 333.0000,  190, 190, 190
L 1571.0000, 1317.0000, 333.0000,  1561.0000, 1312.0000, 333.0000,  190, 190, 190
L 1561.0000, 1312.0000, 333.0000,  1540.0000, 1254.0000, 307.0000,  190, 190, 190
L 1540.0000, 1254.0000, 307.0000,  1542.0000, 1237.0000, 333.0000,  190, 190, 190
L 1542.0000, 1237.0000, 333.0000,  1623.0000, 1207.0000, 306.0000,  190, 190, 190
L 1623.0000, 1207.0000, 306.0000,  1596.0000, 1131.0000, 306.0000,  190, 190, 190
L 1596.0000, 1131.0000, 306.0000,  1578.0000, 1138.0000, 306.0000,  190, 190, 190
L 1578.0000, 1138.0000, 306.0000,  1597.0000, 1191.0000, 306.0000,  190, 190, 190
L 1597.0000, 1191.0000, 306.0000,  1466.0000, 1245.0000, 312.0000,  190, 190, 190
L 1466.0000, 1245.0000, 312.0000,  1414.0000, 1104.0000, 306.0000,  190, 190, 190
L 1414.0000, 1104.0000, 306.0000,  1548.0000, 1055.0000, 306.0000,  190, 190, 190
L 1548.0000, 1055.0000, 306.0000,  1570.0000, 1117.0000, 306.0000,  190, 190, 190
L 1570.0000, 1117.0000, 306.0000,  1588.0000, 1110.0000, 306.0000,  190, 190, 190
L 1588.0000, 1110.0000, 306.0000,  1576.0000, 1076.0000, 306.0000,  190, 190, 190
L 1576.0000, 1076.0000, 306.0000,  1630.0000, 1058.0000, 306.0000,  190, 190, 190
L 1630.0000, 1058.0000, 306.0000,  1623.0000, 1039.0000, 306.0000,  190, 190, 190
L 1623.0000, 1039.0000, 306.0000,  1569.0000, 1057.0000, 306.0000,  190, 190, 190
L 1569.0000, 1057.0000, 306.0000,  1559.0000, 1031.0000, 306.0000,  190, 190, 190
L 1559.0000, 1031.0000, 306.0000,  1408.0000, 1086.0000, 306.0000,  190, 190, 190
L 1408.0000, 1086.0000, 306.0000,  1310.0000, 816.0000, 386.0000,  190, 190, 190
L 1310.0000, 816.0000, 386.0000,  1595.0000, 713.0000, 306.0000,  190, 190, 190
L 1595.0000, 713.0000, 306.0000,  1657.0000, 882.0000, 306.0000,  190, 190, 190
L 1657.0000, 882.0000, 306.0000,  1678.0000, 874.0000, 306.0000,  190, 190, 190
L 1678.0000, 874.0000, 306.0000,  1663.0000, 832.0000, 306.0000,  190, 190, 190
L 1663.0000, 832.0000, 306.0000,  1703.0000, 817.0000, 306.0000,  190, 190, 190
L 1703.0000, 817.0000, 306.0000,  1695.0000, 796.0000, 306.0000,  190, 190, 190
L 1695.0000, 796.0000, 306.0000,  1655.0000, 810.0000, 306.0000,  190, 190, 190
L 1655.0000, 810.0000, 306.0000,  1617.0000, 705.0000, 306.0000,  190, 190, 190
L 1617.0000, 705.0000, 306.0000,  1731.0000, 663.0000, 306.0000,  190, 190, 190
L 1731.0000, 663.0000, 306.0000,  1770.0000, 769.0000, 306.0000,  190, 190, 190
L 1770.0000, 769.0000, 306.0000,  1716.0000, 788.0000, 306.0000,  190, 190, 190
L 1716.0000, 788.0000, 306.0000,  1724.0000, 810.0000, 306.0000,  190, 190, 190
L 1724.0000, 810.0000, 306.0000,  2010.0000, 706.0000, 306.0000,  190, 190, 190
L 2010.0000, 706.0000, 306.0000,  2054.0000, 828.0000, 306.0000,  190, 190, 190
L 2054.0000, 828.0000, 306.0000,  1782.0000, 927.0000, 306.0000,  190, 190, 190
L 1782.0000, 927.0000, 306.0000,  1790.0000, 948.0000, 306.0000,  190, 190, 190
L 1790.0000, 948.0000, 306.0000,  1868.0000, 920.0000, 306.0000,  190, 190, 190
L 1868.0000, 920.0000, 306.0000,  1903.0000, 1015.0000, 306.0000,  190, 190, 190
L 1903.0000, 1015.0000, 306.0000,  1921.0000, 1009.0000, 306.0000,  190, 190, 190
L 1921.0000, 1009.0000, 306.0000,  1886.0000, 913.0000, 306.0000,  190, 190, 190
L 1886.0000, 913.0000, 306.0000,  2062.0000, 849.0000, 306.0000,  190, 190, 190
L 2062.0000, 849.0000, 306.0000,  2108.0000, 977.0000, 306.0000,  190, 190, 190
L 2108.0000, 977.0000, 306.0000,  2102.0000, 1004.0000, 306.0000,  190, 190, 190
L 2102.0000, 1004.0000, 306.0000,  1940.0000, 1063.0000, 306.0000,  190, 190, 190
L 1940.0000, 1063.0000, 306.0000,  1928.0000, 1030.0000, 306.0000,  190, 190, 190
L 1928.0000, 1030.0000, 306.0000,  1910.0000, 1037.0000, 306.0000,  190, 190, 190
L 1910.0000, 1037.0000, 306.0000,  1928.0000, 1085.0000, 322.0000,  190, 190, 190
L 1928.0000, 1085.0000, 322.0000,  1976.0000, 1186.0000, 306.0000,  190, 190, 190
L 1976.0000, 1186.0000, 306.0000,  1994.0000, 1178.0000, 306.0000,  190, 190, 190
L 1994.0000, 1178.0000, 306.0000,  1948.0000, 1080.0000, 306.0000,  190, 190, 190
L 1948.0000, 1080.0000, 306.0000,  2097.0000, 1026.0000, 306.0000,  190, 190, 190
L 2097.0000, 1026.0000, 306.0000,  2050.0000, 1239.0000, 306.0000,  190, 190, 190
L 2050.0000, 1239.0000, 306.0000,  2018.0000, 1231.0000, 306.0000,  190, 190, 190
L 2018.0000, 1231.0000, 306.0000,  2003.0000, 1198.0000, 306.0000,  190, 190, 190
L 2003.0000, 1198.0000, 306.0000,  1986.0000, 1206.0000, 306.0000,  190, 190, 190
L 1986.0000, 1206.0000, 306.0000,  2007.0000, 1252.0000, 306.0000,  190, 190, 190
L 2007.0000, 1252.0000, 306.0000,  2045.0000, 1261.0000, 306.0000,  190, 190, 190
L 2045.0000, 1261.0000, 306.0000,  2033.0000, 1318.0000, 306.0000,  190, 190, 190
L 2033.0000, 1318.0000, 306.0000,  2010.0000, 1558.0000, 306.0000,  190, 190, 190
L 2010.0000, 1558.0000, 306.0000,  1914.0000, 1547.0000, 306.0000,  190, 190, 190
L 1914.0000, 1547.0000, 306.0000,  1939.0000, 1301.0000, 306.0000,  190, 190, 190
L 1939.0000, 1301.0000, 306.0000,  1880.0000, 1292.0000, 306.0000,  190, 190, 190
L 1880.0000, 1292.0000, 306.0000,  1877.0000, 1312.0000, 306.0000,  190, 190, 190
L 1877.0000, 1312.0000, 306.0000,  1919.0000, 1316.0000, 306.0000,  190, 190, 190
L 1919.0000, 1316.0000, 306.0000,  1893.0000, 1563.0000, 306.0000,  190, 190, 190
L 1893.0000, 1563.0000, 306.0000,  2008.0000, 1577.0000, 306.0000,  190, 190, 190
L 2008.0000, 1577.0000, 306.0000,  2003.0000, 1640.0000, 306.0000,  190, 190, 190
L 2003.0000, 1640.0000, 306.0000,  1838.0000, 1701.0000, 306.0000,  190, 190, 190
L 1838.0000, 1701.0000, 306.0000,  1843.0000, 1717.0000, 306.0000,  190, 190, 190
L 1843.0000, 1717.0000, 306.0000,  2002.0000, 1659.0000, 342.0000,  190, 190, 190
L 2002.0000, 1659.0000, 342.0000,  1992.0000, 1906.0000, 306.0000,  190, 190, 190
L 1992.0000, 1906.0000, 306.0000,  1929.0000, 1906.0000, 306.0000,  190, 190, 190
L 1929.0000, 1906.0000, 306.0000,  1929.0000, 1935.0000, 306.0000,  190, 190, 190
L 1929.0000, 1935.0000, 306.0000,  1993.0000, 1935.0000, 306.0000,  190, 190, 190
L 1993.0000, 1935.0000, 306.0000,  1993.0000, 2097.0000, 306.0000,  190, 190, 190
L 1993.0000, 2097.0000, 306.0000,  1831.0000, 2097.0000, 306.0000,  190, 190, 190
L 1831.0000, 2097.0000, 306.0000,  1831.0000, 1935.0000, 306.0000,  190, 190, 190
L 1831.0000, 1935.0000, 306.0000,  1900.0000, 1935.0000, 306.0000,  190, 190, 190
L 1900.0000, 1935.0000, 306.0000,  1900.0000, 1906.0000, 306.0000,  190, 190, 190
L 1900.0000, 1906.0000, 306.0000,  1819.0000, 1906.0000, 306.0000,  190, 190, 190
L 1819.0000, 1906.0000, 306.0000,  1692.0000, 1835.0000, 306.0000,  190, 190, 190
L 1692.0000, 1835.0000, 306.0000,  1671.0000, 1779.0000, 306.0000,  190, 190, 190
L 1671.0000, 1779.0000, 306.0000,  1822.0000, 1724.0000, 306.0000,  190, 190, 190
L 1822.0000, 1724.0000, 306.0000,  1817.0000, 1708.0000, 306.0000,  190, 190, 190
L 1817.0000, 1708.0000, 306.0000,  1665.0000, 1763.0000, 306.0000,  190, 190, 190
L 1665.0000, 1763.0000, 306.0000,  1607.0000, 1603.0000, 306.0000,  190, 190, 190
L 1607.0000, 1603.0000, 306.0000,  1655.0000, 1586.0000, 306.0000,  190, 190, 190
L 1655.0000, 1586.0000, 306.0000,  1656.0000, 1585.0000, 306.0000,  190, 190, 190
L 1656.0000, 1585.0000, 306.0000,  1625.0000, 1497.0000, 306.0000,  190, 190, 190
L 1625.0000, 1497.0000, 306.0000,  1789.0000, 1438.0000, 306.0000,  190, 190, 190
L 1789.0000, 1438.0000, 306.0000,  1762.0000, 1361.0000, 306.0000,  190, 190, 190
L 1762.0000, 1361.0000, 306.0000,  1744.0000, 1368.0000, 306.0000,  190, 190, 190
L 1744.0000, 1368.0000, 306.0000,  1765.0000, 1426.0000, 306.0000,  190, 190, 190
L 1765.0000, 1426.0000, 306.0000,  1689.0000, 1454.0000, 306.0000,  190, 190, 190
L 1689.0000, 1454.0000, 306.0000,  1668.0000, 1395.0000, 306.0000,  190, 190, 190
L 1668.0000, 1395.0000, 306.0000,  1647.0000, 1403.0000, 306.0000,  190, 190, 190
L 1647.0000, 1403.0000, 306.0000,  1669.0000, 1461.0000, 306.0000,  190, 190, 190
L 1669.0000, 1461.0000, 306.0000,  1622.0000, 1478.0000, 306.0000,  190, 190, 190
L 1622.0000, 1478.0000, 306.0000,  1620.0000, 1483.0000, 306.0000,  190, 190, 190
L 1620.0000, 1483.0000, 306.0000,  1605.0000, 1443.0000, 306.0000,  190, 190, 190
L 1605.0000, 1443.0000, 306.0000,  1569.0000, 1456.0000, 306.0000,  190, 190, 190
L 1569.0000, 1456.0000, 306.0000,  1562.0000, 1437.0000, 306.0000,  190, 190, 190
L 1562.0000, 1437.0000, 306.0000,  1552.0000, 1441.0000, 306.0000,  190, 190, 190
L 1552.0000, 1441.0000, 306.0000,  1557.0000, 1454.0000, 306.0000,  190, 190, 190
L 1557.0000, 1454.0000, 306.0000,  1541.0000, 1461.0000, 306.0000,  190, 190, 190
L 1541.0000, 1461.0000, 306.0000,  1550.0000, 1484.0000, 306.0000,  190, 190, 190
L 1550.0000, 1484.0000, 306.0000,  1593.0000, 1469.0000, 306.0000,  190, 190, 190
L 1593.0000, 1469.0000, 306.0000,  1631.0000, 1573.0000, 306.0000,  190, 190, 190
L 1631.0000, 1573.0000, 306.0000,  1527.0000, 1611.0000, 306.0000,  190, 190, 190
L 1527.0000, 1611.0000, 306.0000,  1489.0000, 1506.0000, 306.0000,  190, 190, 190
L 1489.0000, 1506.0000, 306.0000,  1536.0000, 1489.0000, 306.0000,  190, 190, 190
L 1536.0000, 1489.0000, 306.0000,  1527.0000, 1466.0000, 306.0000,  190, 190, 190
L 1527.0000, 1466.0000, 306.0000,  1509.0000, 1472.0000, 306.0000,  190, 190, 190
L 1509.0000, 1472.0000, 306.0000,  1504.0000, 1459.0000, 306.0000,  190, 190, 190
L 1504.0000, 1459.0000, 306.0000,  1494.0000, 1462.0000, 306.0000,  190, 190, 190
L 1494.0000, 1462.0000, 306.0000,  1501.0000, 1481.0000, 306.0000,  190, 190, 190
L 1501.0000, 1481.0000, 306.0000,  1464.0000, 1494.0000, 306.0000,  190, 190, 190
L 1464.0000, 1494.0000, 306.0000,  1464.0000, 1498.0000, 306.0000,  190, 190, 190
L 1464.0000, 1498.0000, 306.0000,  1514.0000, 1635.0000, 306.0000,  190, 190, 190
L 1514.0000, 1635.0000, 306.0000,  1514.0000, 1636.0000, 306.0000,  190, 190, 190
L 1514.0000, 1636.0000, 306.0000,  1586.0000, 1611.0000, 306.0000,  190, 190, 190
L 1586.0000, 1611.0000, 306.0000,  1670.0000, 1844.0000, 306.0000,  190, 190, 190
L 1670.0000, 1844.0000, 306.0000,  1803.0000, 1918.0000, 306.0000,  190, 190, 190
L 1803.0000, 1918.0000, 306.0000,  1803.0000, 2124.0000, 306.0000,  190, 190, 190
L 1803.0000, 2124.0000, 306.0000,  2021.0000, 2124.0000, 306.0000,  190, 190, 190
L 2021.0000, 2124.0000, 306.0000,  2021.0000, 1907.0000, 306.0000,  190, 190, 190
L 2021.0000, 1907.0000, 306.0000,  2012.0000, 1906.0000, 306.0000,  190, 190, 190
L 2012.0000, 1906.0000, 306.0000,  2026.0000, 1620.0000, 306.0000,  190, 190, 190
L 2026.0000, 1620.0000, 306.0000,  2048.0000, 1386.0000, 306.0000,  190, 190, 190
L 2048.0000, 1386.0000, 306.0000,  2053.0000, 1327.0000, 306.0000,  190, 190, 190
L 2053.0000, 1327.0000, 306.0000,  2129.0000, 975.0000, 306.0000,  190, 190, 190
L 2129.0000, 975.0000, 306.0000,  2022.0000, 677.0000, 339.0000,  190, 190, 190
L 2022.0000, 677.0000, 339.0000,  1791.0000, 761.0000, 306.0000,  190, 190, 190
L 1791.0000, 761.0000, 306.0000,  1746.0000, 635.0000, 306.0000,  190, 190, 190
L 1746.0000, 635.0000, 306.0000,  1281.0000, 803.0000, 306.0000,  190, 190, 190
L 1281.0000, 803.0000, 306.0000,  1451.0000, 1272.0000, 312.0000,  190, 190, 190
L 1451.0000, 1272.0000, 312.0000,  1394.0000, 1293.0000, 306.0000,  190, 190, 190
L 1394.0000, 1293.0000, 306.0000,  1445.0000, 1435.0000, 306.0000,  190, 190, 190
L 1445.0000, 1435.0000, 306.0000,  1479.0000, 1423.0000, 306.0000,  190, 190, 190
L 1124.0000, 1614.0000, -54.0000,  1207.0000, 1585.0000, -627.0000,  255, 255, 0
L 1125.0000, 1614.0000, -59.0000,  1112.0000, 1579.0000, -77.0000,  255, 255, 0
L 1112.0000, 1579.0000, -77.0000,  1193.0000, 1550.0000, -628.0000,  255, 255, 0
