P 298.0000, -296.0000, -39.4680,  0, 0, 0,  3,  Kurne_(GM_Necromancer)
P -130.9490, 144.5200, -52.2150,  0, 240, 0,  3,  to_South_Qeynos
P -96.7670, -638.0030, -38.2120,  0, 240, 0,  3,  to_North_Qeynos
P -160.0460, -859.7290, -52.2180,  0, 240, 0,  3,  to_North_Qeynos
P 48.4210, -997.8350, -38.2180,  0, 240, 0,  3,  to_North_Qeynos
P 304.1820, -214.9780, -38.2180,  0, 240, 0,  3,  to_North_Qeynos
P 412.9030, -345.6540, -38.2180,  0, 0, 0,  3,  Senst_(Spells)
P 426.4650, -347.9490, -38.2180,  0, 0, 0,  3,  Naes_(Spells)
P 436.7460, -339.9580, -38.2180,  0, 0, 0,  3,  Tessia_(Spells)
P 414.6780, -404.1840, -38.2180,  0, 0, 0,  3,  Jexun_(Spells)
P 419.2500, -417.2170, -38.2180,  0, 0, 0,  3,  Gehnon_(Spells)
P 423.5660, -416.5830, -38.2180,  0, 0, 0,  3,  Felia_(Weapons)
P 370.8590, -429.3850, -39.4680,  0, 0, 0,  3,  Zaen_(GM_Shadowknight)
P 63.3830, -229.5030, -56.8220,  0, 240, 0,  3,  to_South_Qeynos
P -10.0000, 160.0000, 0.0000,  0, 0, 0,  2,  15.Sharks
P -10.0000, 145.0000, 0.0000,  0, 0, 0,  2,  14.Smugglers
P -10.0000, 130.0000, 0.0000,  0, 0, 0,  2,  13.Thugs
P -10.0000, 115.0000, 0.0000,  0, 0, 0,  2,  12.Zombie
P -10.0000, 100.0000, 0.0000,  0, 0, 0,  2,  11.Injured_Brigand
P -10.0000, 85.0000, 0.0000,  0, 0, 0,  2,  10.Bertoxxulous_Shrine
P -10.0000, 70.0000, 0.0000,  0, 0, 0,  2,  9.Spectres
P -10.0000, 55.0000, 0.0000,  0, 0, 0,  2,  8.Undead_Knight
P -10.0000, 40.0000, 0.0000,  0, 0, 0,  2,  7.Mercenaries
P -10.0000, 25.0000, 0.0000,  0, 0, 0,  2,  6.Cubert
P -10.0000, 10.0000, 0.0000,  0, 0, 0,  2,  5.Frogloks
P -10.0000, -5.0000, 0.0000,  0, 0, 0,  2,  4.Exhausted_Guard
P -10.0000, -20.0000, 0.0000,  0, 0, 0,  2,  3.Sewer_Sentinels
P -10.0000, -35.0000, 0.0000,  0, 0, 0,  2,  2.Bloated_Alligator
P -10.0000, -50.0000, 0.0000,  0, 0, 0,  2,  1.Injured_Rat
P -65.0000, -660.0000, 0.0000,  0, 0, 0,  2,  15
P 55.0000, -847.0000, 0.0000,  0, 0, 0,  2,  14
P 122.0000, -752.0000, 0.0000,  0, 0, 0,  2,  14
P 195.0000, -375.0000, 0.0000,  0, 0, 0,  2,  14
P 155.0000, -500.0000, 0.0000,  0, 0, 0,  2,  13
P -330.0000, -340.0000, 0.0000,  0, 0, 0,  2,  12
P 186.0000, -106.0000, 0.0000,  0, 0, 0,  2,  11
P 320.0000, -355.0000, 0.0000,  0, 0, 0,  2,  10
P 220.0000, -445.0000, 0.0000,  0, 0, 0,  2,  9
P -150.0000, -665.0000, 0.0000,  0, 0, 0,  2,  8
P -345.0000, -465.0000, 0.0000,  0, 0, 0,  2,  7
P 85.0000, -180.0000, 0.0000,  0, 0, 0,  2,  6
P 30.0000, -100.0000, 0.0000,  0, 0, 0,  2,  5
P -140.0000, 45.0000, 0.0000,  0, 0, 0,  2,  4
P -200.0000, -275.0000, 0.0000,  0, 0, 0,  2,  3
P -230.0000, -650.0000, 0.0000,  0, 0, 0,  2,  2
