P 1869.0000, -962.0000, -9.4460,  0, 0, 0,  3,  Maldin_(Weapons)
P -52.0000, -31.0000, -6.9990,  0, 240, 0,  3,  to_Qeynos_Hills
P 15962.0000, -615.0000, -3.9365,  0, 240, 0,  3,  to_North_Karana
P 12837.0000, 1454.0000, 8.1719,  0, 0, 0,  3,  Spinner_(Smith)
P 2085.0000, -996.0000, -0.7111,  0, 0, 0,  3,  Tarnar_(Pottery)
P 1990.0000, -1038.0000, -2.9611,  0, 0, 0,  3,  Chrislin_(Baker)
P 4364.0000, -420.0000, 5.3304,  0, 0, 0,  3,  Alysa_(Tailor)
P 4224.0000, -478.0000, 5.2889,  0, 0, 0,  3,  Ollysa_(Weapons)
P 2485.0000, 4035.0000, -65.8597,  0, 0, 0,  3,  Analya_(Spells)
P 5542.0000, 2261.0000, -2.7481,  0, 0, 0,  3,  Cleet_(Brewer)
P 13781.9756, 626.0890, 242.8380,  240, 240, 240,  2,  Bandit_Ridge
P 11951.0791, 1021.5890, 335.1420,  240, 240, 240,  2,  Bandit_Ridge
P 10892.5967, -1247.4709, 206.0980,  0, 0, 0,  2,  Thurgen_Thunderhead
P 10904.2803, -1251.6810, 205.9210,  0, 0, 0,  2,  Maligar
P 10935.5820, -1248.3140, 206.0900,  0, 0, 0,  2,  Alzekar_Kerda
P 10940.8574, -1189.7531, 208.6600,  0, 0, 0,  2,  Nenika_Lightfoot
P 7054.8892, -885.8350, 53.7470,  240, 240, 240,  2,  Bandit_Group
P 6501.0210, -353.8940, 174.0550,  240, 240, 240,  2,  Bandit_Camp
P 2400.0000, 500.0000, 0.0000,  255, 255, 255,  2,  Guard_Tower
P 4225.0000, 760.0000, 0.0000,  255, 255, 255,  2,  Guard_Tower
P 9075.0000, 675.0000, 0.0000,  255, 255, 255,  2,  Ogre_Camp
P 10723.5264, 2742.1750, 29.9260,  240, 240, 240,  2,  Bandit_Pass
P 5446.0542, 318.6470, -6.8410,  240, 240, 240,  2,  Bandit_Farm
P 6058.2070, -375.3020, 8.5630,  240, 240, 240,  2,  Bandit_Post
P 2333.2749, -986.8130, -3.9370,  0, 0, 0,  2,  Lukas_Hergo
P 2326.4800, -1005.0120, -3.9320,  0, 0, 0,  2,  Larkin_Tolman
P 1825.6060, -853.3740, -25.9600,  0, 0, 0,  3,  Silna_Weaver_(Tailor_-_randomly_appears)
P 11129.2285, 3447.1709, -3.9370,  240, 240, 240,  2,  Bandit_Camp
P 15386.7646, 3451.6541, -3.9370,  0, 0, 0,  3,  Undead_Battlefield
P 13396.3721, 2992.5000, 33.6400,  0, 0, 0,  3,  Renux_Herkanor
P 9260.7969, 3720.9150, -3.9370,  0, 0, 0,  2,  Anderia
P 9287.3193, 3700.7310, -3.9370,  0, 0, 0,  2,  Rongol
P 7644.7979, 3745.6021, -1.4650,  0, 0, 0,  2,  Linaya_Sowlin
P 7697.3652, 3736.5310, -2.2520,  0, 0, 0,  2,  Minda
P 7667.0088, 3680.2849, -1.4640,  0, 0, 0,  2,  Tukk
P 11566.2773, -912.0680, 14.5460,  240, 240, 240,  2,  Bandit_Group
P 15169.2402, 4234.7280, -66.9900,  0, 0, 0,  3,  Ryshon_Hunsti
P 8794.1133, 1293.8110, 165.8860,  240, 240, 240,  2,  Cyclops_Totem
P 2223.0000, 4012.0000, -52.0752,  0, 0, 0,  3,  Sera_(Smith)
P 5838.0000, 2850.0000, -2.9825,  0, 0, 0,  3,  Henina_(Baker)
P 4419.0000, -318.0000, -2.2111,  0, 0, 0,  3,  Rislarn_(Merchant)
P 2341.0000, 4024.0000, -52.1234,  0, 0, 0,  3,  Misla_(Merchant)
P 2001.0000, 3682.0000, 20.4237,  0, 0, 0,  3,  Brenzl_(Fletcher)
P 13002.0000, 1515.0000, 13.3860,  0, 0, 0,  3,  Dunin_(Merchant)
