P 450.3208, 87.4346, 35.2526,  0, 0, 127,  3,  Temple_of_Life
P 692.0000, 155.0000, -14.3740,  0, 0, 0,  3,  Tonmerk_(GM_Cleric)
P -160.0000, -69.0000, -29.2490,  0, 0, 0,  3,  Pelshia_(Weapons)
P -168.0000, -63.0000, -29.2490,  0, 0, 0,  3,  Ghil_(Merchant)
P -149.0000, -31.0000, -27.2490,  0, 0, 0,  3,  Rogue_Guild
P -302.0000, -257.0000, 14.6260,  0, 0, 0,  3,  Shenro_(Merchant)
P 124.0000, 143.0000, 3.7510,  0, 0, 0,  3,  Spell_Merchants
P -393.0000, -290.0000, 0.6260,  0, 0, 0,  3,  _Sorast_(GM_Monk)
P 260.0000, 232.0000, 3.7510,  0, 0, 0,  3,  Nomsoe_(GM_Cleric)
P -235.0000, -6.0000, -0.3740,  0, 0, 0,  3,  Priest_of_Discord
P 115.0000, 127.0000, 3.7510,  0, 0, 0,  3,  Roesager_(GM_Paladin)
P -86.0000, -50.0000, 3.7510,  0, 0, 0,  3,  Rendallen_(Weapons)
P -212.0000, -24.0000, -0.3740,  0, 0, 0,  3,  Phin_(GM_Monk)
P 677.0000, 108.0000, -13.3740,  0, 0, 0,  3,  Filian_(GM_Paladin)
P -301.0000, -342.0000, 0.6260,  0, 0, 0,  3,  LuSun_(GM_Monk)
P -341.9560, -190.6448, -24.3456,  0, 240, 0,  3,  to_Qeynos_Catacombs
P 162.1703, -300.3462, -2.6932,  0, 240, 0,  3,  to_Qeynos_Catacombs
P 5.0000, 11.0000, 3.7510,  0, 0, 0,  3,  Nerissa_(Armorer)
P -313.0000, -257.0000, 14.6260,  0, 0, 0,  3,  Seta_(GM_Monk)
P -34.0000, -60.0000, 3.7510,  0, 0, 0,  3,  Svena_(Gems)
P -60.0000, -52.0000, 3.7510,  0, 0, 0,  3,  Ziska_(Jewelry)
P 677.0000, 58.0000, -13.3740,  0, 0, 0,  3,  Jahnda_(GM_Cleric)
P 603.0000, 132.0000, -13.3740,  0, 0, 0,  3,  Caulria_(GM_Cleric)
P 470.0000, 174.0000, 33.7510,  0, 0, 0,  3,  Astaed_(GM_Paladin)
P 748.0000, 131.0000, -13.3740,  0, 0, 0,  3,  Balhallia_(Spells)
P 676.0000, 205.0000, -13.3740,  0, 0, 0,  3,  Camlend_(GM_Paladin)
P 0.0000, -10.0000, 0.0000,  255, 255, 255,  2,  Succor_Point
P -19.0000, 63.0000, 3.7510,  0, 0, 0,  3,  Gerault_(Cobbler)
P 6.0000, 88.0000, 17.7510,  0, 0, 0,  3,  Roger_(Cobbler)
P -94.0000, -217.0000, 0.6260,  0, 0, 0,  3,  Tubal_(Merchant)
P -24.0000, 22.0000, 3.7510,  0, 0, 0,  3,  Connie_(Smith)
P -243.0000, -132.0000, 0.6260,  0, 0, 0,  3,  Sneed_(Merchant)
P -204.0000, -125.0000, 0.6260,  0, 0, 0,  3,  Tanlyn_(Merchant)
P 145.0000, 160.0000, 3.7510,  0, 0, 0,  3,  Tyokan_(Weapons)
P -398.2469, 21.4772, -0.9990,  0, 240, 0,  3,  to_South_Qeynos
P -105.0515, -173.8259, -38.2177,  0, 240, 0,  3,  to_Qeynos_Catacombs
P -342.8757, -133.7029, 3.7510,  0, 0, 0,  3,  Crow's_Bar
P 700.0000, 148.0000, -14.3740,  0, 0, 0,  3,  Suuspa_(GM_Paladin)
P 160.0000, 160.0000, 3.7510,  0, 0, 0,  3,  Berane_(Spells)
P 424.0000, 227.0000, 23.7510,  0, 0, 0,  3,  Davloran_(GM_Paladin)
P -59.7918, -1331.7235, 0.6260,  0, 240, 0,  3,  to_Qeynos_Hills
P -484.0000, -183.0000, 3.7510,  0, 240, 0,  3,  Knowledge_Portal
P -19.0187, 146.2837, -0.3740,  0, 240, 0,  3,  to_South_Qeynos
P -52.0000, -21.0000, 3.7510,  0, 0, 0,  3,  Dren_(Smith)
