P -372.0800, -63.1220, -0.9360,  0, 0, 240,  2,  False_Wall
P -343.1840, -11.3020, 86.2780,  240, 0, 0,  2,  Ghost
P -384.1140, -52.3500, 1.4010,  240, 0, 0,  2,  SullonCorruptMinion
P -532.0270, 121.2330, 191.2850,  240, 0, 0,  2,  SullonCorruptMinion
P -421.1390, -14.7590, 193.3160,  240, 0, 0,  2,  SullonCorruptMinion
P -190.8660, 57.0540, 383.7890,  240, 0, 0,  2,  SullonOrcArcher
P -190.9080, -42.0080, 383.7890,  240, 0, 0,  2,  SullonOrcArcher
P -239.2100, 17.2720, 288.9330,  240, 0, 0,  2,  Snowtail
P -237.0970, 5.2750, 383.7430,  240, 127, 0,  2,  Trap_Door
P -335.5390, 109.9650, -155.3950,  0, 0, 240,  2,  Portal?
