P 2358.0000, 1040.0000, 321.0000,  240, 0, 0,  3,  drakes
P -3956.0000, -1659.0000, 309.0000,  0, 240, 240,  3,  maiden's_grave
P 2889.0000, -3342.0000, 308.0000,  0, 240, 240,  3,  Deadbone_Reef
P -585.0000, -3800.0000, 310.0000,  0, 240, 240,  3,  Blacksail_Folly
P 4415.0000, -2515.0000, 477.0000,  0, 0, 240,  2,  Lake_Slikernx
P 3845.0000, -3364.0000, 463.0000,  0, 0, 240,  2,  Bay_of_Slikernx
P -2985.0000, 57.0000, 310.0000,  240, 0, 0,  3,  Murderous_Mal_(solo_tasks)
P -3034.0000, -142.0000, 307.0000,  240, 0, 0,  3,  Breal_the_Minstrel_(group_tasks)
P -3045.0000, -130.0000, 311.0000,  240, 0, 0,  3,  Scurv-acious_Bella_Straw_(group_tasks)
P -2971.0000, 60.0000, 306.0000,  240, 0, 0,  3,  Bilgewater_Bill_(solo_tasks)
P -1104.0000, 3781.0000, 505.0000,  240, 0, 0,  3,  Stormscape_Warder
P -31.0000, 3654.0000, 304.0000,  240, 0, 0,  3,  regrua_crabs
P -1746.0000, 4211.0000, 308.0000,  0, 240, 240,  3,  redfeather_island
P -3266.0000, -413.0000, 305.0000,  240, 0, 0,  3,  Gus_Longear_(group_task)
P -2630.0000, 990.0000, 311.0000,  240, 0, 0,  3,  Pirates
P -2873.0000, 807.0000, 307.0000,  240, 0, 0,  3,  Jardell's_Inn
P -3250.0000, -399.0000, 304.0000,  240, 0, 0,  3,  Darius_Blythe_(solo_tasks)
P -3082.0000, -195.0000, 305.0000,  240, 0, 0,  3,  Macon_Teach_(group_tasks)
P -2877.0000, 818.0000, 360.0000,  0, 0, 0,  3,  Locked_Door
P -2887.0000, 819.0000, 360.0000,  240, 0, 0,  3,  Jert_Scarmonger
P -2877.0000, 813.0000, 360.0000,  240, 0, 0,  3,  Karl_Scarmonger
P -3066.0000, -201.0000, 303.0000,  240, 0, 0,  3,  Logan_Grimm_(solo_tasks)
P -3420.0000, 1517.0000, 307.0000,  240, 0, 0,  3,  Pirate_Smythe_(solo_tasks)
P -3269.0000, 1655.0000, 309.0000,  240, 0, 0,  3,  johnny_the_black_crow_(solo_tasks)
P -3260.0000, 1679.0000, 311.0000,  240, 0, 0,  3,  Rickan_(solo_tasks)
P -1076.0000, 3892.0000, 502.0000,  240, 0, 0,  3,  king_peleke
P -611.0000, 3660.0000, 573.0000,  240, 0, 0,  3,  Stormscape_Crusader
P -602.0000, 3619.0000, 575.0000,  240, 0, 0,  3,  Stormscape_High_Priest
P -3450.0000, 1469.0000, 302.0000,  240, 0, 0,  3,  Captain_Pete_(solo_tasks)
P -3347.0000, 1571.0000, 305.0000,  240, 0, 0,  3,  Sid_Hacke_(booze)
P -3920.0000, 355.0000, 310.0000,  0, 240, 240,  3,  Jardel's_Hook
P -4690.0000, 810.0000, 372.0000,  240, 0, 0,  3,  Jelly_Bones_Bud
P -4653.0000, 734.0000, 371.0000,  240, 0, 0,  3,  pirates
P 3663.0000, -2938.0000, 310.0000,  240, 0, 0,  3,  Reefrunner
P -448.0000, -4660.0000, 334.0000,  240, 0, 0,  3,  locked_door
P -880.0000, 200.0000, 344.0000,  0, 240, 0,  3,  To_Katta_Castrum
P -1085.0000, -4594.0000, 307.0000,  240, 0, 0,  3,  Locked_Door
P -1465.0000, -4562.0000, 316.0000,  240, 0, 0,  3,  Pirates
P 2779.0000, 125.0000, 410.0000,  240, 0, 0,  3,  sunstone_flame_reaver
P 2771.0000, -44.0000, 335.0000,  240, 0, 0,  3,  Lutzan
P 3878.0000, 1650.0000, 200.0000,  240, 0, 0,  3,  Maleko
P 3445.0000, -198.0000, 400.0000,  240, 0, 0,  3,  goblins
P 4347.0000, -3319.0000, 309.0000,  240, 0, 0,  3,  undead_island
P 4152.0000, -3863.0000, 313.0000,  240, 0, 0,  3,  Garayy_Yuundu
P 2161.0000, 361.0000, 311.0000,  0, 240, 240,  3,  suncrest_island
P 4309.0000, -3129.0000, 313.0000,  240, 0, 0,  3,  Garayy_Gali
P 4228.0000, 224.0000, 312.0000,  240, 0, 0,  3,  Helushka
P 2910.0000, 3933.0000, 382.0000,  240, 0, 0,  3,  druid_ring
P 3313.0000, 4612.0000, 519.0000,  240, 0, 0,  3,  undead_tower
P 3203.0000, 4223.0000, 341.0000,  0, 240, 240,  3,  monkey_rock
