P -377.0910, -932.2980, -278.5030,  0, 0, 240,  2,  Goroth
P -543.1010, -943.2550, -278.5030,  0, 0, 240,  2,  Gyruth
P -661.9760, -989.7860, -278.5030,  0, 0, 240,  2,  Gkil_Zon
P -612.2410, -1093.5560, -278.5030,  0, 0, 240,  2,  Borso
P -569.6370, -1153.9720, -278.5030,  0, 0, 240,  2,  Rorin
P -194.0610, 614.8840, -278.5030,  0, 0, 240,  3,  Tenaro_the_Arcane_(Solo_Task)
P -221.3030, 483.4000, -278.5030,  240, 0, 0,  3,  Maru_the_Twelfth_Born
P -471.3530, 586.2590, -277.8840,  240, 0, 0,  3,  Kraglin_of_the_First_Circle
P -692.6390, 453.8100, -277.8840,  240, 0, 0,  3,  Vashlor_of_the_Second_Circle
P -752.0190, 201.3410, -277.8840,  240, 0, 0,  3,  Lowrin_of_the_Third_Circle
P 689.4160, -642.5240, -278.5030,  240, 0, 0,  3,  Nightshade
P 712.1710, -657.5470, -278.5030,  240, 0, 0,  3,  Porthio_the_Second_Born
P 759.2020, 110.2410, -278.5030,  240, 0, 0,  3,  Head_Servant_Hithorin
P -786.6450, -675.0500, 191.4970,  240, 0, 0,  3,  Shar`Drahn_(Upper_Level)
P 585.6610, -134.9340, 129.1680,  240, 0, 0,  3,  Ashenback_(Upper_Level)
P 279.9610, -502.7320, -277.2440,  0, 240, 0,  2,  Teleporter
P -842.9800, -617.9420, -275.0190,  0, 240, 0,  3,  Zone_In
P -453.4610, 121.0460, 95.4970,  240, 0, 0,  3,  Tsikut_(Upper_Level)
