P -296.5130, -1610.5840, 157.9400,  240, 0, 0,  3,  Balancer_Relik
P 540.0000, -1052.0000, 300.0000,  240, 0, 0,  3,  Elite_Aneuk_Mideryfiend
P -376.2110, 147.5040, 299.4250,  0, 0, 127,  3,  Res/Summ_Camp
P 228.2780, -230.0650, 298.0630,  240, 0, 0,  3,  Pyrilen_Researcher
P 1230.9189, -644.3990, 38.0630,  240, 0, 0,  3,  Companion_Prefect
P 184.0000, -557.0000, 119.0000,  240, 0, 0,  3,  Chailak
P 830.3680, -631.9600, -1.9370,  240, 0, 0,  3,  Ruiner_Isaka
P -1291.6720, -551.0970, -539.7130,  240, 0, 0,  3,  Girplan_Shardtender
P 12.0000, -81.0000, -238.0000,  0, 240, 0,  3,  to_Muramite_Proving_Grounds
P -386.0000, -439.0000, -266.0000,  0, 0, 0,  3,  Downstairs
P 405.0000, -376.0000, -228.0000,  0, 0, 0,  3,  Upstairs
P -496.0000, -568.0000, -478.0000,  0, 240, 240,  2,  Feratha
P 45.0000, 579.0000, -777.0000,  0, 240, 240,  2,  King_Gelaqua
P -1097.0000, -1070.0000, -541.0000,  0, 240, 240,  2,  Frostkeeper_Rybah
P -1152.0000, -1544.0000, -559.0000,  0, 240, 240,  2,  Shadowstalker
P -164.0000, -1591.0000, -599.0000,  0, 240, 240,  2,  Girplan_Stonesinger
P 1246.0000, -598.0000, 39.0000,  240, 0, 0,  2,  Taromani
P -290.0000, -1624.0000, 159.0000,  240, 0, 0,  2,  Pyrilen_Riftseeker
P -201.0000, 701.0000, 300.0000,  240, 0, 0,  2,  Queen_Pyrilonis
P 184.0000, -557.0000, 119.0000,  240, 0, 0,  2,  Named_Chimera
