L 882.0000, -384.0000, -7.0000,  870.0000, -384.0000, -6.0000,  0, 0, 0
L 890.0000, -385.0000, -9.0000,  882.0000, -384.0000, -7.0000,  0, 0, 0
L 897.0000, -378.0000, -5.0000,  890.0000, -385.0000, -9.0000,  0, 0, 0
L 910.0000, -379.0000, -15.0000,  897.0000, -378.0000, -5.0000,  0, 0, 0
L 913.0000, -353.0000, 3.0000,  910.0000, -379.0000, -15.0000,  0, 0, 0
L 895.0000, -353.0000, 6.0000,  913.0000, -353.0000, 3.0000,  0, 0, 0
L 896.0000, -330.0000, -2.0000,  895.0000, -353.0000, 6.0000,  0, 0, 0
L 911.0000, -329.0000, -10.0000,  896.0000, -330.0000, -2.0000,  0, 0, 0
L 911.0000, -303.0000, -10.0000,  911.0000, -329.0000, -10.0000,  0, 0, 0
L 896.0000, -302.0000, 0.0000,  911.0000, -303.0000, -10.0000,  0, 0, 0
L 895.0000, -273.0000, 4.0000,  896.0000, -302.0000, 1.0000,  0, 0, 0
L 909.0000, -273.0000, -9.0000,  895.0000, -273.0000, 4.0000,  0, 0, 0
L 907.0000, -246.0000, -11.0000,  909.0000, -273.0000, -9.0000,  0, 0, 0
L 900.0000, -246.0000, 0.0000,  907.0000, -246.0000, -11.0000,  0, 0, 0
L 904.0000, -221.0000, 5.0000,  900.0000, -246.0000, 0.0000,  0, 0, 0
L 920.0000, -208.0000, -16.0000,  904.0000, -221.0000, 5.0000,  0, 0, 0
L 918.0000, -166.0000, -7.0000,  920.0000, -208.0000, -16.0000,  0, 0, 0
L 868.0000, -388.0000, -12.0000,  890.0000, -384.0000, -7.0000,  0, 0, 0
L 838.0000, -387.0000, -12.0000,  868.0000, -388.0000, -12.0000,  0, 0, 0
L 839.0000, -376.0000, 1.0000,  838.0000, -387.0000, -12.0000,  0, 0, 0
L 793.0000, -378.0000, -1.0000,  839.0000, -376.0000, 1.0000,  0, 0, 0
L 793.0000, -396.0000, -16.0000,  793.0000, -378.0000, -1.0000,  0, 0, 0
L 751.0000, -395.0000, -17.0000,  793.0000, -396.0000, -16.0000,  0, 0, 0
L 751.0000, -379.0000, -17.0000,  751.0000, -395.0000, -17.0000,  0, 0, 0
L 722.0000, -356.0000, -17.0000,  751.0000, -379.0000, -17.0000,  0, 0, 0
L 712.0000, -356.0000, -17.0000,  722.0000, -356.0000, -17.0000,  0, 0, 0
L 711.0000, -413.0000, -17.0000,  712.0000, -356.0000, -17.0000,  0, 0, 0
L 644.0000, -413.0000, -17.0000,  711.0000, -413.0000, -17.0000,  0, 0, 0
L 643.0000, -356.0000, -17.0000,  644.0000, -413.0000, -17.0000,  0, 0, 0
L 633.0000, -356.0000, -17.0000,  643.0000, -356.0000, -17.0000,  0, 0, 0
L 604.0000, -379.0000, -17.0000,  633.0000, -356.0000, -17.0000,  0, 0, 0
L 604.0000, -386.0000, -17.0000,  604.0000, -379.0000, -17.0000,  0, 0, 0
L 562.0000, -390.0000, -17.0000,  604.0000, -386.0000, -17.0000,  0, 0, 0
L 547.0000, -381.0000, -13.0000,  562.0000, -390.0000, -17.0000,  0, 0, 0
L 538.0000, -393.0000, -15.0000,  547.0000, -381.0000, -13.0000,  0, 0, 0
L 528.0000, -381.0000, -13.0000,  538.0000, -393.0000, -15.0000,  0, 0, 0
L 506.0000, -382.0000, -4.0000,  528.0000, -381.0000, -13.0000,  0, 0, 0
L 504.0000, -371.0000, 0.0000,  506.0000, -382.0000, -4.0000,  0, 0, 0
L 496.0000, -376.0000, 0.0000,  504.0000, -371.0000, 1.0000,  0, 0, 0
L 448.0000, -407.0000, 1.0000,  496.0000, -376.0000, 0.0000,  0, 0, 0
L 447.0000, -423.0000, -11.0000,  448.0000, -407.0000, 1.0000,  0, 0, 0
L 421.0000, -420.0000, -6.0000,  447.0000, -423.0000, -11.0000,  0, 0, 0
L 419.0000, -413.0000, -1.0000,  421.0000, -420.0000, -6.0000,  0, 0, 0
L 398.0000, -411.0000, 4.0000,  419.0000, -413.0000, -1.0000,  0, 0, 0
L 374.0000, -400.0000, 0.0000,  398.0000, -411.0000, 4.0000,  0, 0, 0
L 329.0000, -377.0000, 0.0000,  374.0000, -400.0000, 1.0000,  0, 0, 0
L 329.0000, -406.0000, -10.0000,  329.0000, -377.0000, 0.0000,  0, 0, 0
L 319.0000, -401.0000, -15.0000,  329.0000, -406.0000, -10.0000,  0, 0, 0
L 306.0000, -398.0000, -17.0000,  319.0000, -401.0000, -15.0000,  0, 0, 0
L 275.0000, -392.0000, -17.0000,  306.0000, -398.0000, -17.0000,  0, 0, 0
L 275.0000, -388.0000, -17.0000,  275.0000, -392.0000, -17.0000,  0, 0, 0
L 228.0000, -388.0000, -26.0000,  275.0000, -388.0000, -17.0000,  0, 0, 0
L 228.0000, -394.0000, -26.0000,  228.0000, -388.0000, -26.0000,  0, 0, 0
L 221.0000, -393.0000, -27.0000,  228.0000, -394.0000, -26.0000,  0, 0, 0
L 221.0000, -348.0000, -24.0000,  221.0000, -393.0000, -27.0000,  0, 0, 0
L 177.0000, -348.0000, -27.0000,  221.0000, -348.0000, -24.0000,  0, 0, 0
L 174.0000, -306.0000, -21.0000,  177.0000, -348.0000, -27.0000,  0, 0, 0
L 174.0000, -294.0000, -20.0000,  174.0000, -306.0000, -21.0000,  0, 0, 0
L 189.0000, -276.0000, -14.0000,  174.0000, -294.0000, -20.0000,  0, 0, 0
L 182.0000, -243.0000, -21.0000,  189.0000, -276.0000, -14.0000,  0, 0, 0
L 191.0000, -228.0000, -14.0000,  182.0000, -243.0000, -21.0000,  0, 0, 0
L 175.0000, -212.0000, -21.0000,  191.0000, -228.0000, -14.0000,  0, 0, 0
L 191.0000, -196.0000, -26.0000,  175.0000, -212.0000, -21.0000,  0, 0, 0
L 220.0000, -201.0000, -18.0000,  191.0000, -196.0000, -26.0000,  0, 0, 0
L 888.0000, -5.0000, -13.0000,  899.0000, -20.0000, -16.0000,  0, 0, 0
L 864.0000, -3.0000, -3.0000,  888.0000, -5.0000, -13.0000,  0, 0, 0
L 854.0000, -18.0000, -2.0000,  864.0000, -3.0000, -3.0000,  0, 0, 0
L 851.0000, -32.0000, -7.0000,  854.0000, -18.0000, -2.0000,  0, 0, 0
L 850.0000, -47.0000, -10.0000,  851.0000, -32.0000, -7.0000,  0, 0, 0
L 888.0000, -48.0000, -13.0000,  850.0000, -47.0000, -10.0000,  0, 0, 0
L 898.0000, -31.0000, -16.0000,  888.0000, -48.0000, -13.0000,  0, 0, 0
L 794.0000, -97.0000, -16.0000,  791.0000, -111.0000, -16.0000,  0, 0, 0
L 780.0000, -74.0000, -16.0000,  794.0000, -97.0000, -16.0000,  0, 0, 0
L 750.0000, -81.0000, -14.0000,  780.0000, -74.0000, -16.0000,  0, 0, 0
L 745.0000, -105.0000, -10.0000,  750.0000, -81.0000, -14.0000,  0, 0, 0
L 772.0000, -128.0000, -16.0000,  745.0000, -105.0000, -10.0000,  0, 0, 0
L 791.0000, -110.0000, -16.0000,  772.0000, -128.0000, -16.0000,  0, 0, 0
L 793.0000, -93.0000, -16.0000,  791.0000, -110.0000, -16.0000,  0, 0, 0
L 938.0000, -124.0000, -16.0000,  907.0000, -125.0000, -15.0000,  0, 0, 0
L 945.0000, -110.0000, -11.0000,  938.0000, -124.0000, -16.0000,  0, 0, 0
L 945.0000, -97.0000, -9.0000,  945.0000, -110.0000, -11.0000,  0, 0, 0
L 938.0000, -81.0000, -16.0000,  945.0000, -97.0000, -9.0000,  0, 0, 0
L 911.0000, -79.0000, -15.0000,  938.0000, -81.0000, -16.0000,  0, 0, 0
L 902.0000, -86.0000, -16.0000,  911.0000, -79.0000, -15.0000,  0, 0, 0
L 898.0000, -108.0000, -14.0000,  902.0000, -86.0000, -16.0000,  0, 0, 0
L 908.0000, -127.0000, -14.0000,  898.0000, -108.0000, -14.0000,  0, 0, 0
L 868.0000, -190.0000, 0.0000,  917.0000, -170.0000, -10.0000,  0, 0, 0
L 792.0000, -180.0000, 4.0000,  868.0000, -190.0000, 0.0000,  0, 0, 0
L 760.0000, -159.0000, 0.0000,  792.0000, -180.0000, 4.0000,  0, 0, 0
L 733.0000, -158.0000, 3.0000,  760.0000, -159.0000, 1.0000,  0, 0, 0
L 713.0000, -96.0000, -11.0000,  733.0000, -158.0000, 3.0000,  0, 0, 0
L 672.0000, -93.0000, -16.0000,  713.0000, -96.0000, -11.0000,  0, 0, 0
L 657.0000, -99.0000, -12.0000,  672.0000, -93.0000, -16.0000,  0, 0, 0
L 659.0000, -114.0000, 1.0000,  657.0000, -99.0000, -12.0000,  0, 0, 0
L 630.0000, -111.0000, 0.0000,  659.0000, -114.0000, 1.0000,  0, 0, 0
L 630.0000, -92.0000, -15.0000,  630.0000, -111.0000, 0.0000,  0, 0, 0
L 588.0000, -94.0000, -16.0000,  630.0000, -92.0000, -15.0000,  0, 0, 0
L 588.0000, -127.0000, -16.0000,  588.0000, -94.0000, -16.0000,  0, 0, 0
L 550.0000, -126.0000, -16.0000,  588.0000, -127.0000, -16.0000,  0, 0, 0
L 546.0000, -189.0000, -16.0000,  550.0000, -126.0000, -16.0000,  0, 0, 0
L 511.0000, -228.0000, -16.0000,  546.0000, -189.0000, -16.0000,  0, 0, 0
L 465.0000, -228.0000, -16.0000,  511.0000, -228.0000, -16.0000,  0, 0, 0
L 465.0000, -195.0000, -16.0000,  465.0000, -228.0000, -16.0000,  0, 0, 0
L 422.0000, -191.0000, -4.0000,  465.0000, -195.0000, -16.0000,  0, 0, 0
L 423.0000, -214.0000, 0.0000,  422.0000, -191.0000, -4.0000,  0, 0, 0
L 341.0000, -213.0000, -3.0000,  423.0000, -214.0000, 1.0000,  0, 0, 0
L 340.0000, -195.0000, -23.0000,  341.0000, -213.0000, -3.0000,  0, 0, 0
L 315.0000, -199.0000, -22.0000,  340.0000, -195.0000, -23.0000,  0, 0, 0
L 315.0000, -204.0000, -17.0000,  315.0000, -199.0000, -22.0000,  0, 0, 0
L 300.0000, -202.0000, -16.0000,  315.0000, -204.0000, -17.0000,  0, 0, 0
L 301.0000, -198.0000, -22.0000,  300.0000, -202.0000, -16.0000,  0, 0, 0
L 272.0000, -198.0000, -21.0000,  301.0000, -198.0000, -22.0000,  0, 0, 0
L 273.0000, -202.0000, -17.0000,  272.0000, -198.0000, -21.0000,  0, 0, 0
L 247.0000, -200.0000, -19.0000,  273.0000, -202.0000, -17.0000,  0, 0, 0
L 246.0000, -196.0000, -22.0000,  247.0000, -200.0000, -19.0000,  0, 0, 0
L 219.0000, -195.0000, -22.0000,  246.0000, -196.0000, -22.0000,  0, 0, 0
L 220.0000, -202.0000, -17.0000,  219.0000, -195.0000, -22.0000,  0, 0, 0
L -406.0000, 60.0000, -37.0000,  -405.0000, 68.0000, -38.0000,  0, 0, 0
L -399.0000, 60.0000, -36.0000,  -406.0000, 60.0000, -37.0000,  0, 0, 0
L -399.0000, 12.0000, -27.0000,  -399.0000, 60.0000, -36.0000,  0, 0, 0
L -404.0000, 12.0000, -27.0000,  -399.0000, 12.0000, -27.0000,  0, 0, 0
L -408.0000, -21.0000, -27.0000,  -404.0000, 12.0000, -27.0000,  0, 0, 0
L -384.0000, -21.0000, -9.0000,  -408.0000, -21.0000, -27.0000,  0, 0, 0
L -385.0000, -77.0000, -18.0000,  -384.0000, -21.0000, -9.0000,  0, 0, 0
L -405.0000, -77.0000, -36.0000,  -385.0000, -77.0000, -18.0000,  0, 0, 0
L -404.0000, -120.0000, -37.0000,  -405.0000, -77.0000, -36.0000,  0, 0, 0
L -359.0000, -120.0000, -34.0000,  -404.0000, -120.0000, -37.0000,  0, 0, 0
L -359.0000, -164.0000, -37.0000,  -359.0000, -120.0000, -34.0000,  0, 0, 0
L -353.0000, -167.0000, -36.0000,  -359.0000, -164.0000, -37.0000,  0, 0, 0
L -353.0000, -159.0000, -36.0000,  -353.0000, -167.0000, -36.0000,  0, 0, 0
L -305.0000, -159.0000, -26.0000,  -353.0000, -159.0000, -36.0000,  0, 0, 0
L -305.0000, -164.0000, -26.0000,  -305.0000, -159.0000, -26.0000,  0, 0, 0
L -273.0000, -168.0000, -26.0000,  -305.0000, -164.0000, -26.0000,  0, 0, 0
L -273.0000, -144.0000, -7.0000,  -273.0000, -168.0000, -26.0000,  0, 0, 0
L -237.0000, -147.0000, -10.0000,  -273.0000, -144.0000, -7.0000,  0, 0, 0
L -237.0000, -167.0000, -26.0000,  -237.0000, -147.0000, -10.0000,  0, 0, 0
L -193.0000, -164.0000, -26.0000,  -237.0000, -167.0000, -26.0000,  0, 0, 0
L -150.0000, -121.0000, -26.0000,  -193.0000, -164.0000, -26.0000,  0, 0, 0
L -146.0000, -77.0000, -26.0000,  -150.0000, -121.0000, -26.0000,  0, 0, 0
L -156.0000, -77.0000, -23.0000,  -146.0000, -77.0000, -26.0000,  0, 0, 0
L -157.0000, -55.0000, -23.0000,  -156.0000, -77.0000, -23.0000,  0, 0, 0
L -157.0000, -26.0000, -22.0000,  -157.0000, -55.0000, -23.0000,  0, 0, 0
L -171.0000, -27.0000, -8.0000,  -157.0000, -26.0000, -22.0000,  0, 0, 0
L -169.0000, 4.0000, -9.0000,  -171.0000, -27.0000, -8.0000,  0, 0, 0
L -157.0000, 3.0000, -21.0000,  -169.0000, 4.0000, -9.0000,  0, 0, 0
L -158.0000, 31.0000, -20.0000,  -157.0000, 3.0000, -21.0000,  0, 0, 0
L -173.0000, 31.0000, -9.0000,  -158.0000, 31.0000, -20.0000,  0, 0, 0
L -178.0000, 33.0000, -7.0000,  -173.0000, 31.0000, -9.0000,  0, 0, 0
L -170.0000, 59.0000, -10.0000,  -178.0000, 33.0000, -7.0000,  0, 0, 0
L -151.0000, 58.0000, -23.0000,  -170.0000, 59.0000, -10.0000,  0, 0, 0
L -155.0000, 88.0000, -21.0000,  -151.0000, 58.0000, -23.0000,  0, 0, 0
L -180.0000, 90.0000, -6.0000,  -155.0000, 88.0000, -21.0000,  0, 0, 0
L -274.0000, 98.0000, -19.0000,  -180.0000, 90.0000, -6.0000,  0, 0, 0
L -275.0000, 115.0000, -20.0000,  -274.0000, 98.0000, -19.0000,  0, 0, 0
L -306.0000, 112.0000, -27.0000,  -275.0000, 115.0000, -20.0000,  0, 0, 0
L -306.0000, 108.0000, -27.0000,  -306.0000, 112.0000, -27.0000,  0, 0, 0
L -353.0000, 108.0000, -37.0000,  -306.0000, 108.0000, -27.0000,  0, 0, 0
L -353.0000, 114.0000, -37.0000,  -353.0000, 108.0000, -37.0000,  0, 0, 0
L -362.0000, 111.0000, -38.0000,  -353.0000, 114.0000, -37.0000,  0, 0, 0
L -405.0000, 68.0000, -38.0000,  -362.0000, 111.0000, -38.0000,  0, 0, 0
L -429.0000, 77.0000, -38.0000,  -462.0000, 113.0000, -38.0000,  0, 0, 0
L -428.0000, 69.0000, -38.0000,  -429.0000, 77.0000, -38.0000,  0, 0, 0
L -431.0000, 60.0000, -37.0000,  -428.0000, 69.0000, -38.0000,  0, 0, 0
L -434.0000, 60.0000, -36.0000,  -431.0000, 60.0000, -37.0000,  0, 0, 0
L -434.0000, 12.0000, -27.0000,  -434.0000, 60.0000, -36.0000,  0, 0, 0
L -431.0000, 12.0000, -27.0000,  -434.0000, 12.0000, -27.0000,  0, 0, 0
L -429.0000, -21.0000, -27.0000,  -431.0000, 12.0000, -27.0000,  0, 0, 0
L -452.0000, -21.0000, -8.0000,  -429.0000, -21.0000, -27.0000,  0, 0, 0
L -448.0000, -77.0000, -21.0000,  -452.0000, -21.0000, -8.0000,  0, 0, 0
L -429.0000, -77.0000, -36.0000,  -448.0000, -77.0000, -21.0000,  0, 0, 0
L -428.0000, -143.0000, -37.0000,  -429.0000, -77.0000, -36.0000,  0, 0, 0
L -453.0000, -168.0000, -37.0000,  -428.0000, -143.0000, -37.0000,  0, 0, 0
L -474.0000, -168.0000, -29.0000,  -453.0000, -168.0000, -37.0000,  0, 0, 0
L -518.0000, -167.0000, -37.0000,  -474.0000, -168.0000, -29.0000,  0, 0, 0
L -518.0000, -147.0000, -20.0000,  -518.0000, -167.0000, -37.0000,  0, 0, 0
L -560.0000, -147.0000, -20.0000,  -518.0000, -147.0000, -20.0000,  0, 0, 0
L -560.0000, -168.0000, -36.0000,  -560.0000, -147.0000, -20.0000,  0, 0, 0
L -602.0000, -166.0000, -37.0000,  -560.0000, -168.0000, -36.0000,  0, 0, 0
L -602.0000, -163.0000, -37.0000,  -602.0000, -166.0000, -37.0000,  0, 0, 0
L -695.0000, -163.0000, -26.0000,  -602.0000, -163.0000, -37.0000,  0, 0, 0
L -695.0000, -167.0000, -26.0000,  -695.0000, -163.0000, -26.0000,  0, 0, 0
L -729.0000, -169.0000, -26.0000,  -695.0000, -167.0000, -26.0000,  0, 0, 0
L -729.0000, -147.0000, -8.0000,  -729.0000, -169.0000, -26.0000,  0, 0, 0
L -758.0000, -149.0000, -10.0000,  -729.0000, -147.0000, -8.0000,  0, 0, 0
L -758.0000, -169.0000, -26.0000,  -758.0000, -149.0000, -10.0000,  0, 0, 0
L -801.0000, -167.0000, -17.0000,  -758.0000, -169.0000, -26.0000,  0, 0, 0
L -803.0000, -149.0000, -9.0000,  -801.0000, -167.0000, -17.0000,  0, 0, 0
L -831.0000, -130.0000, -8.0000,  -803.0000, -149.0000, -9.0000,  0, 0, 0
L -846.0000, -116.0000, -7.0000,  -831.0000, -130.0000, -8.0000,  0, 0, 0
L -909.0000, -113.0000, -8.0000,  -846.0000, -116.0000, -7.0000,  0, 0, 0
L -917.0000, -121.0000, -8.0000,  -909.0000, -113.0000, -8.0000,  0, 0, 0
L -930.0000, -144.0000, -5.0000,  -917.0000, -121.0000, -8.0000,  0, 0, 0
L -928.0000, -159.0000, -8.0000,  -930.0000, -144.0000, -5.0000,  0, 0, 0
L -924.0000, -174.0000, -13.0000,  -928.0000, -159.0000, -8.0000,  0, 0, 0
L -976.0000, -191.0000, -8.0000,  -924.0000, -174.0000, -13.0000,  0, 0, 0
L -989.0000, -217.0000, -7.0000,  -976.0000, -191.0000, -8.0000,  0, 0, 0
L -979.0000, -237.0000, -7.0000,  -989.0000, -217.0000, -7.0000,  0, 0, 0
L -977.0000, -259.0000, -9.0000,  -979.0000, -237.0000, -7.0000,  0, 0, 0
L -968.0000, -279.0000, -9.0000,  -977.0000, -259.0000, -9.0000,  0, 0, 0
L -951.0000, -297.0000, -7.0000,  -968.0000, -279.0000, -9.0000,  0, 0, 0
L -929.0000, -297.0000, -8.0000,  -951.0000, -297.0000, -7.0000,  0, 0, 0
L -910.0000, -302.0000, -9.0000,  -929.0000, -297.0000, -8.0000,  0, 0, 0
L -837.0000, -300.0000, -9.0000,  -910.0000, -302.0000, -9.0000,  0, 0, 0
L -825.0000, -291.0000, -8.0000,  -837.0000, -300.0000, -9.0000,  0, 0, 0
L -814.0000, -271.0000, -6.0000,  -825.0000, -291.0000, -8.0000,  0, 0, 0
L -805.0000, -244.0000, -3.0000,  -814.0000, -271.0000, -6.0000,  0, 0, 0
L -804.0000, -214.0000, -8.0000,  -805.0000, -244.0000, -3.0000,  0, 0, 0
L -796.0000, -197.0000, -5.0000,  -804.0000, -214.0000, -8.0000,  0, 0, 0
L -801.0000, -190.0000, -17.0000,  -796.0000, -197.0000, -5.0000,  0, 0, 0
L -758.0000, -191.0000, -25.0000,  -801.0000, -190.0000, -17.0000,  0, 0, 0
L -758.0000, -213.0000, -7.0000,  -758.0000, -191.0000, -25.0000,  0, 0, 0
L -729.0000, -209.0000, -11.0000,  -758.0000, -213.0000, -7.0000,  0, 0, 0
L -729.0000, -193.0000, -26.0000,  -729.0000, -209.0000, -11.0000,  0, 0, 0
L -695.0000, -194.0000, -26.0000,  -729.0000, -193.0000, -26.0000,  0, 0, 0
L -695.0000, -198.0000, -26.0000,  -695.0000, -194.0000, -26.0000,  0, 0, 0
L -602.0000, -198.0000, -37.0000,  -695.0000, -198.0000, -26.0000,  0, 0, 0
L -602.0000, -193.0000, -37.0000,  -602.0000, -198.0000, -37.0000,  0, 0, 0
L -560.0000, -191.0000, -37.0000,  -602.0000, -193.0000, -37.0000,  0, 0, 0
L -560.0000, -210.0000, -20.0000,  -560.0000, -191.0000, -37.0000,  0, 0, 0
L -518.0000, -211.0000, -20.0000,  -560.0000, -210.0000, -20.0000,  0, 0, 0
L -518.0000, -190.0000, -36.0000,  -518.0000, -211.0000, -20.0000,  0, 0, 0
L -462.0000, -189.0000, -37.0000,  -518.0000, -190.0000, -36.0000,  0, 0, 0
L -428.0000, -226.0000, -37.0000,  -462.0000, -189.0000, -37.0000,  0, 0, 0
L -428.0000, -234.0000, -37.0000,  -428.0000, -226.0000, -37.0000,  0, 0, 0
L -434.0000, -243.0000, -35.0000,  -428.0000, -234.0000, -37.0000,  0, 0, 0
L -434.0000, -290.0000, -26.0000,  -434.0000, -243.0000, -35.0000,  0, 0, 0
L -430.0000, -290.0000, -26.0000,  -434.0000, -290.0000, -26.0000,  0, 0, 0
L -428.0000, -325.0000, -26.0000,  -430.0000, -290.0000, -26.0000,  0, 0, 0
L -444.0000, -325.0000, -18.0000,  -428.0000, -325.0000, -26.0000,  0, 0, 0
L -442.0000, -353.0000, -19.0000,  -444.0000, -325.0000, -18.0000,  0, 0, 0
L -430.0000, -353.0000, -25.0000,  -442.0000, -353.0000, -19.0000,  0, 0, 0
L -432.0000, -394.0000, -10.0000,  -430.0000, -353.0000, -25.0000,  0, 0, 0
L -447.0000, -397.0000, -8.0000,  -432.0000, -394.0000, -10.0000,  0, 0, 0
L -467.0000, -428.0000, -8.0000,  -447.0000, -397.0000, -8.0000,  0, 0, 0
L -480.0000, -440.0000, -8.0000,  -467.0000, -428.0000, -8.0000,  0, 0, 0
L -485.0000, -500.0000, -8.0000,  -480.0000, -440.0000, -8.0000,  0, 0, 0
L -475.0000, -513.0000, -8.0000,  -485.0000, -500.0000, -8.0000,  0, 0, 0
L -445.0000, -525.0000, -8.0000,  -475.0000, -513.0000, -8.0000,  0, 0, 0
L -424.0000, -522.0000, -9.0000,  -445.0000, -525.0000, -8.0000,  0, 0, 0
L -409.0000, -567.0000, -9.0000,  -424.0000, -522.0000, -9.0000,  0, 0, 0
L -382.0000, -585.0000, -8.0000,  -409.0000, -567.0000, -9.0000,  0, 0, 0
L -360.0000, -576.0000, -3.0000,  -382.0000, -585.0000, -8.0000,  0, 0, 0
L -342.0000, -574.0000, -8.0000,  -360.0000, -576.0000, -3.0000,  0, 0, 0
L -315.0000, -563.0000, -9.0000,  -342.0000, -574.0000, -8.0000,  0, 0, 0
L -301.0000, -548.0000, -9.0000,  -315.0000, -563.0000, -9.0000,  0, 0, 0
L -300.0000, -525.0000, -8.0000,  -301.0000, -548.0000, -9.0000,  0, 0, 0
L -296.0000, -508.0000, -9.0000,  -300.0000, -525.0000, -8.0000,  0, 0, 0
L -294.0000, -433.0000, -4.0000,  -296.0000, -508.0000, -9.0000,  0, 0, 0
L -312.0000, -418.0000, -9.0000,  -294.0000, -433.0000, -4.0000,  0, 0, 0
L -327.0000, -409.0000, -6.0000,  -312.0000, -418.0000, -9.0000,  0, 0, 0
L -352.0000, -401.0000, -5.0000,  -327.0000, -409.0000, -6.0000,  0, 0, 0
L -378.0000, -400.0000, -5.0000,  -352.0000, -401.0000, -5.0000,  0, 0, 0
L -406.0000, -396.0000, -17.0000,  -378.0000, -400.0000, -5.0000,  0, 0, 0
L -407.0000, -353.0000, -26.0000,  -406.0000, -396.0000, -17.0000,  0, 0, 0
L -382.0000, -354.0000, -3.0000,  -407.0000, -353.0000, -26.0000,  0, 0, 0
L -388.0000, -325.0000, -11.0000,  -382.0000, -354.0000, -3.0000,  0, 0, 0
L -405.0000, -325.0000, -26.0000,  -388.0000, -325.0000, -11.0000,  0, 0, 0
L -403.0000, -290.0000, -26.0000,  -405.0000, -325.0000, -26.0000,  0, 0, 0
L -399.0000, -290.0000, -26.0000,  -403.0000, -290.0000, -26.0000,  0, 0, 0
L -399.0000, -243.0000, -36.0000,  -399.0000, -290.0000, -26.0000,  0, 0, 0
L -405.0000, -243.0000, -36.0000,  -399.0000, -243.0000, -36.0000,  0, 0, 0
L -404.0000, -235.0000, -37.0000,  -405.0000, -243.0000, -36.0000,  0, 0, 0
L -361.0000, -191.0000, -37.0000,  -404.0000, -235.0000, -37.0000,  0, 0, 0
L -353.0000, -194.0000, -35.0000,  -361.0000, -191.0000, -37.0000,  0, 0, 0
L -305.0000, -194.0000, -26.0000,  -353.0000, -194.0000, -35.0000,  0, 0, 0
L -305.0000, -191.0000, -26.0000,  -305.0000, -194.0000, -26.0000,  0, 0, 0
L -273.0000, -186.0000, -26.0000,  -305.0000, -191.0000, -26.0000,  0, 0, 0
L -273.0000, -210.0000, -9.0000,  -273.0000, -186.0000, -26.0000,  0, 0, 0
L -237.0000, -208.0000, -10.0000,  -273.0000, -210.0000, -9.0000,  0, 0, 0
L -237.0000, -188.0000, -26.0000,  -237.0000, -208.0000, -10.0000,  0, 0, 0
L -195.0000, -191.0000, -26.0000,  -237.0000, -188.0000, -26.0000,  0, 0, 0
L -195.0000, -236.0000, -26.0000,  -195.0000, -191.0000, -26.0000,  0, 0, 0
L -150.0000, -236.0000, -26.0000,  -195.0000, -236.0000, -26.0000,  0, 0, 0
L -144.0000, -249.0000, -26.0000,  -150.0000, -236.0000, -26.0000,  0, 0, 0
L -129.0000, -249.0000, -26.0000,  -144.0000, -249.0000, -26.0000,  0, 0, 0
L -123.0000, -233.0000, -26.0000,  -129.0000, -249.0000, -26.0000,  0, 0, 0
L -81.0000, -191.0000, -26.0000,  -123.0000, -233.0000, -26.0000,  0, 0, 0
L -36.0000, -187.0000, -26.0000,  -81.0000, -191.0000, -26.0000,  0, 0, 0
L -36.0000, -211.0000, -9.0000,  -36.0000, -187.0000, -26.0000,  0, 0, 0
L 10.0000, -209.0000, -8.0000,  -36.0000, -211.0000, -9.0000,  0, 0, 0
L 11.0000, -198.0000, -22.0000,  10.0000, -209.0000, -8.0000,  0, 0, 0
L 38.0000, -196.0000, -21.0000,  11.0000, -198.0000, -22.0000,  0, 0, 0
L 38.0000, -202.0000, -17.0000,  38.0000, -196.0000, -21.0000,  0, 0, 0
L 53.0000, -202.0000, -17.0000,  38.0000, -202.0000, -17.0000,  0, 0, 0
L 52.0000, -197.0000, -21.0000,  53.0000, -202.0000, -17.0000,  0, 0, 0
L 80.0000, -197.0000, -21.0000,  52.0000, -197.0000, -21.0000,  0, 0, 0
L 80.0000, -200.0000, -21.0000,  80.0000, -197.0000, -21.0000,  0, 0, 0
L 128.0000, -201.0000, -12.0000,  80.0000, -200.0000, -21.0000,  0, 0, 0
L 139.0000, -214.0000, -14.0000,  128.0000, -201.0000, -12.0000,  0, 0, 0
L 136.0000, -251.0000, -17.0000,  139.0000, -214.0000, -14.0000,  0, 0, 0
L 143.0000, -250.0000, -23.0000,  136.0000, -251.0000, -17.0000,  0, 0, 0
L 144.0000, -279.0000, -24.0000,  143.0000, -250.0000, -23.0000,  0, 0, 0
L 130.0000, -279.0000, -10.0000,  144.0000, -279.0000, -24.0000,  0, 0, 0
L 127.0000, -306.0000, -4.0000,  130.0000, -279.0000, -10.0000,  0, 0, 0
L 153.0000, -306.0000, -27.0000,  127.0000, -306.0000, -4.0000,  0, 0, 0
L 152.0000, -372.0000, -27.0000,  153.0000, -306.0000, -27.0000,  0, 0, 0
L 128.0000, -396.0000, -27.0000,  152.0000, -372.0000, -27.0000,  0, 0, 0
L 63.0000, -396.0000, -22.0000,  128.0000, -396.0000, -27.0000,  0, 0, 0
L 62.0000, -373.0000, -4.0000,  63.0000, -396.0000, -22.0000,  0, 0, 0
L 33.0000, -373.0000, -4.0000,  62.0000, -373.0000, -4.0000,  0, 0, 0
L 31.0000, -388.0000, -23.0000,  33.0000, -373.0000, -4.0000,  0, 0, 0
L 6.0000, -388.0000, -21.0000,  31.0000, -388.0000, -23.0000,  0, 0, 0
L -6.0000, -382.0000, -19.0000,  6.0000, -388.0000, -21.0000,  0, 0, 0
L -29.0000, -391.0000, -22.0000,  -6.0000, -382.0000, -19.0000,  0, 0, 0
L -54.0000, -389.0000, -22.0000,  -29.0000, -391.0000, -22.0000,  0, 0, 0
L -54.0000, -375.0000, -10.0000,  -54.0000, -389.0000, -22.0000,  0, 0, 0
L -81.0000, -367.0000, -8.0000,  -54.0000, -375.0000, -10.0000,  0, 0, 0
L -81.0000, -388.0000, -21.0000,  -81.0000, -367.0000, -8.0000,  0, 0, 0
L -109.0000, -388.0000, -21.0000,  -81.0000, -388.0000, -21.0000,  0, 0, 0
L -108.0000, -378.0000, -12.0000,  -109.0000, -388.0000, -21.0000,  0, 0, 0
L -129.0000, -378.0000, -18.0000,  -108.0000, -378.0000, -12.0000,  0, 0, 0
L -126.0000, -358.0000, -11.0000,  -129.0000, -378.0000, -18.0000,  0, 0, 0
L -146.0000, -355.0000, -22.0000,  -126.0000, -358.0000, -11.0000,  0, 0, 0
L -146.0000, -334.0000, -22.0000,  -146.0000, -355.0000, -22.0000,  0, 0, 0
L -153.0000, -314.0000, -4.0000,  -146.0000, -334.0000, -22.0000,  0, 0, 0
L -166.0000, -314.0000, -17.0000,  -153.0000, -314.0000, -4.0000,  0, 0, 0
L -184.0000, -335.0000, -23.0000,  -166.0000, -314.0000, -17.0000,  0, 0, 0
L -188.0000, -335.0000, -19.0000,  -184.0000, -335.0000, -23.0000,  0, 0, 0
L -185.0000, -357.0000, -23.0000,  -188.0000, -335.0000, -19.0000,  0, 0, 0
L -179.0000, -391.0000, -19.0000,  -185.0000, -357.0000, -23.0000,  0, 0, 0
L -163.0000, -406.0000, -23.0000,  -179.0000, -391.0000, -19.0000,  0, 0, 0
L -158.0000, -418.0000, -23.0000,  -163.0000, -406.0000, -23.0000,  0, 0, 0
L -126.0000, -431.0000, -18.0000,  -158.0000, -418.0000, -23.0000,  0, 0, 0
L -125.0000, -424.0000, -22.0000,  -126.0000, -431.0000, -18.0000,  0, 0, 0
L -99.0000, -428.0000, -22.0000,  -125.0000, -424.0000, -22.0000,  0, 0, 0
L -98.0000, -432.0000, -17.0000,  -99.0000, -428.0000, -22.0000,  0, 0, 0
L -78.0000, -430.0000, -20.0000,  -98.0000, -432.0000, -17.0000,  0, 0, 0
L -77.0000, -425.0000, -22.0000,  -78.0000, -430.0000, -20.0000,  0, 0, 0
L -50.0000, -426.0000, -22.0000,  -77.0000, -425.0000, -22.0000,  0, 0, 0
L -50.0000, -431.0000, -18.0000,  -50.0000, -426.0000, -22.0000,  0, 0, 0
L -6.0000, -431.0000, -17.0000,  -50.0000, -431.0000, -18.0000,  0, 0, 0
L -6.0000, -423.0000, -23.0000,  -6.0000, -431.0000, -17.0000,  0, 0, 0
L 21.0000, -423.0000, -24.0000,  -6.0000, -423.0000, -23.0000,  0, 0, 0
L 20.0000, -439.0000, -10.0000,  21.0000, -423.0000, -24.0000,  0, 0, 0
L 62.0000, -442.0000, -4.0000,  20.0000, -439.0000, -10.0000,  0, 0, 0
L 62.0000, -418.0000, -18.0000,  62.0000, -442.0000, -4.0000,  0, 0, 0
L 117.0000, -417.0000, -27.0000,  62.0000, -418.0000, -18.0000,  0, 0, 0
L 152.0000, -454.0000, -27.0000,  117.0000, -417.0000, -27.0000,  0, 0, 0
L 153.0000, -463.0000, -27.0000,  152.0000, -454.0000, -27.0000,  0, 0, 0
L 147.0000, -471.0000, -26.0000,  153.0000, -463.0000, -27.0000,  0, 0, 0
L 147.0000, -519.0000, -17.0000,  147.0000, -471.0000, -26.0000,  0, 0, 0
L 154.0000, -523.0000, -7.0000,  147.0000, -519.0000, -17.0000,  0, 0, 0
L 154.0000, -544.0000, -7.0000,  154.0000, -523.0000, -7.0000,  0, 0, 0
L 159.0000, -556.0000, -7.0000,  154.0000, -544.0000, -7.0000,  0, 0, 0
L 174.0000, -554.0000, -6.0000,  159.0000, -556.0000, -7.0000,  0, 0, 0
L 173.0000, -521.0000, -7.0000,  174.0000, -554.0000, -6.0000,  0, 0, 0
L 182.0000, -519.0000, -17.0000,  177.0000, -519.0000, -17.0000,  0, 0, 0
L 182.0000, -471.0000, -26.0000,  182.0000, -519.0000, -17.0000,  0, 0, 0
L 175.0000, -471.0000, -26.0000,  182.0000, -471.0000, -26.0000,  0, 0, 0
L 176.0000, -463.0000, -27.0000,  175.0000, -471.0000, -26.0000,  0, 0, 0
L 219.0000, -420.0000, -27.0000,  176.0000, -463.0000, -27.0000,  0, 0, 0
L 228.0000, -423.0000, -26.0000,  219.0000, -420.0000, -27.0000,  0, 0, 0
L 275.0000, -423.0000, -17.0000,  228.0000, -423.0000, -26.0000,  0, 0, 0
L 275.0000, -420.0000, -17.0000,  275.0000, -423.0000, -17.0000,  0, 0, 0
L 307.0000, -416.0000, -17.0000,  275.0000, -420.0000, -17.0000,  0, 0, 0
L 307.0000, -439.0000, 0.0000,  307.0000, -416.0000, -17.0000,  0, 0, 0
L 352.0000, -437.0000, -13.0000,  307.0000, -439.0000, 1.0000,  0, 0, 0
L 355.0000, -448.0000, -7.0000,  352.0000, -437.0000, -13.0000,  0, 0, 0
L 376.0000, -458.0000, -6.0000,  355.0000, -448.0000, -7.0000,  0, 0, 0
L 394.0000, -467.0000, -6.0000,  376.0000, -458.0000, -6.0000,  0, 0, 0
L 403.0000, -470.0000, -8.0000,  394.0000, -467.0000, -6.0000,  0, 0, 0
L 407.0000, -463.0000, -12.0000,  403.0000, -470.0000, -8.0000,  0, 0, 0
L 432.0000, -464.0000, -12.0000,  407.0000, -463.0000, -12.0000,  0, 0, 0
L 432.0000, -470.0000, -9.0000,  432.0000, -464.0000, -12.0000,  0, 0, 0
L 445.0000, -466.0000, -6.0000,  432.0000, -470.0000, -9.0000,  0, 0, 0
L 482.0000, -440.0000, -6.0000,  445.0000, -466.0000, -6.0000,  0, 0, 0
L 501.0000, -429.0000, 2.0000,  482.0000, -440.0000, -6.0000,  0, 0, 0
L 562.0000, -433.0000, 6.0000,  501.0000, -429.0000, 2.0000,  0, 0, 0
L 562.0000, -413.0000, -7.0000,  562.0000, -433.0000, 6.0000,  0, 0, 0
L 604.0000, -413.0000, -17.0000,  562.0000, -413.0000, -7.0000,  0, 0, 0
L 604.0000, -426.0000, -17.0000,  604.0000, -413.0000, -17.0000,  0, 0, 0
L 634.0000, -469.0000, -17.0000,  604.0000, -426.0000, -17.0000,  0, 0, 0
L 634.0000, -489.0000, -17.0000,  634.0000, -469.0000, -17.0000,  0, 0, 0
L 652.0000, -509.0000, -17.0000,  634.0000, -489.0000, -17.0000,  0, 0, 0
L 680.0000, -505.0000, -8.0000,  652.0000, -509.0000, -17.0000,  0, 0, 0
L 682.0000, -551.0000, -17.0000,  680.0000, -505.0000, -8.0000,  0, 0, 0
L 659.0000, -551.0000, 1.0000,  682.0000, -551.0000, -17.0000,  0, 0, 0
L 661.0000, -593.0000, 0.0000,  659.0000, -551.0000, 1.0000,  0, 0, 0
L 684.0000, -593.0000, -17.0000,  661.0000, -593.0000, 0.0000,  0, 0, 0
L 680.0000, -624.0000, -17.0000,  684.0000, -593.0000, -17.0000,  0, 0, 0
L 676.0000, -624.0000, -17.0000,  680.0000, -624.0000, -17.0000,  0, 0, 0
L 676.0000, -672.0000, -26.0000,  676.0000, -624.0000, -17.0000,  0, 0, 0
L 679.0000, -680.0000, -27.0000,  676.0000, -672.0000, -26.0000,  0, 0, 0
L 636.0000, -726.0000, -27.0000,  679.0000, -680.0000, -27.0000,  0, 0, 0
L 628.0000, -726.0000, -26.0000,  636.0000, -726.0000, -27.0000,  0, 0, 0
L 628.0000, -718.0000, -26.0000,  628.0000, -726.0000, -26.0000,  0, 0, 0
L 580.0000, -718.0000, -11.0000,  628.0000, -718.0000, -26.0000,  0, 0, 0
L 580.0000, -724.0000, -8.0000,  580.0000, -718.0000, -11.0000,  0, 0, 0
L 545.0000, -726.0000, -17.0000,  580.0000, -724.0000, -8.0000,  0, 0, 0
L 545.0000, -703.0000, 1.0000,  545.0000, -726.0000, -17.0000,  0, 0, 0
L 517.0000, -703.0000, 1.0000,  545.0000, -703.0000, 1.0000,  0, 0, 0
L 515.0000, -728.0000, -7.0000,  517.0000, -703.0000, 1.0000,  0, 0, 0
L 479.0000, -728.0000, -7.0000,  515.0000, -728.0000, -7.0000,  0, 0, 0
L 478.0000, -723.0000, 0.0000,  479.0000, -728.0000, -7.0000,  0, 0, 0
L 469.0000, -701.0000, 0.0000,  478.0000, -723.0000, 1.0000,  0, 0, 0
L 468.0000, -678.0000, 1.0000,  469.0000, -701.0000, 1.0000,  0, 0, 0
L 462.0000, -654.0000, 0.0000,  468.0000, -678.0000, 1.0000,  0, 0, 0
L 451.0000, -628.0000, 0.0000,  462.0000, -654.0000, 1.0000,  0, 0, 0
L 417.0000, -595.0000, 0.0000,  451.0000, -628.0000, 1.0000,  0, 0, 0
L 394.0000, -586.0000, 0.0000,  417.0000, -595.0000, 0.0000,  0, 0, 0
L 363.0000, -584.0000, 6.0000,  394.0000, -586.0000, 1.0000,  0, 0, 0
L 352.0000, -623.0000, -5.0000,  363.0000, -584.0000, 6.0000,  0, 0, 0
L 332.0000, -631.0000, -13.0000,  352.0000, -623.0000, -5.0000,  0, 0, 0
L 336.0000, -619.0000, 2.0000,  332.0000, -631.0000, -13.0000,  0, 0, 0
L 300.0000, -610.0000, 1.0000,  336.0000, -619.0000, 2.0000,  0, 0, 0
L 287.0000, -624.0000, 0.0000,  300.0000, -610.0000, 1.0000,  0, 0, 0
L 272.0000, -653.0000, 1.0000,  287.0000, -624.0000, 1.0000,  0, 0, 0
L 249.0000, -675.0000, 0.0000,  272.0000, -653.0000, 1.0000,  0, 0, 0
L 241.0000, -702.0000, 0.0000,  249.0000, -675.0000, 1.0000,  0, 0, 0
L 259.0000, -725.0000, -7.0000,  241.0000, -702.0000, 0.0000,  0, 0, 0
L 294.0000, -741.0000, -8.0000,  259.0000, -725.0000, -7.0000,  0, 0, 0
L 312.0000, -729.0000, -13.0000,  294.0000, -741.0000, -8.0000,  0, 0, 0
L 337.0000, -735.0000, -13.0000,  312.0000, -729.0000, -13.0000,  0, 0, 0
L 327.0000, -760.0000, 5.0000,  337.0000, -735.0000, -13.0000,  0, 0, 0
L 331.0000, -782.0000, 1.0000,  327.0000, -760.0000, 5.0000,  0, 0, 0
L 378.0000, -810.0000, 0.0000,  331.0000, -782.0000, 1.0000,  0, 0, 0
L 398.0000, -824.0000, 6.0000,  378.0000, -810.0000, 1.0000,  0, 0, 0
L 431.0000, -798.0000, 0.0000,  398.0000, -824.0000, 6.0000,  0, 0, 0
L 475.0000, -766.0000, 2.0000,  431.0000, -798.0000, 1.0000,  0, 0, 0
L 474.0000, -749.0000, -8.0000,  475.0000, -766.0000, 2.0000,  0, 0, 0
L 517.0000, -748.0000, -16.0000,  474.0000, -749.0000, -8.0000,  0, 0, 0
L 516.0000, -771.0000, 5.0000,  517.0000, -748.0000, -16.0000,  0, 0, 0
L 545.0000, -772.0000, 6.0000,  516.0000, -771.0000, 5.0000,  0, 0, 0
L 545.0000, -747.0000, -17.0000,  545.0000, -772.0000, 6.0000,  0, 0, 0
L 580.0000, -750.0000, -17.0000,  545.0000, -747.0000, -17.0000,  0, 0, 0
L 580.0000, -753.0000, -17.0000,  580.0000, -750.0000, -17.0000,  0, 0, 0
L 644.0000, -747.0000, -27.0000,  580.0000, -753.0000, -17.0000,  0, 0, 0
L 682.0000, -782.0000, -27.0000,  644.0000, -747.0000, -27.0000,  0, 0, 0
L 681.0000, -837.0000, -27.0000,  682.0000, -782.0000, -27.0000,  0, 0, 0
L 657.0000, -837.0000, -4.0000,  681.0000, -837.0000, -27.0000,  0, 0, 0
L 657.0000, -865.0000, -4.0000,  657.0000, -837.0000, -4.0000,  0, 0, 0
L 672.0000, -867.0000, -23.0000,  657.0000, -865.0000, -4.0000,  0, 0, 0
L 671.0000, -891.0000, -21.0000,  672.0000, -867.0000, -23.0000,  0, 0, 0
L 657.0000, -891.0000, -6.0000,  671.0000, -891.0000, -21.0000,  0, 0, 0
L 657.0000, -930.0000, -4.0000,  657.0000, -891.0000, -6.0000,  0, 0, 0
L 672.0000, -934.0000, -15.0000,  657.0000, -930.0000, -4.0000,  0, 0, 0
L 671.0000, -962.0000, -21.0000,  672.0000, -934.0000, -15.0000,  0, 0, 0
L 658.0000, -961.0000, -13.0000,  671.0000, -962.0000, -21.0000,  0, 0, 0
L 658.0000, -969.0000, -11.0000,  658.0000, -961.0000, -13.0000,  0, 0, 0
L 678.0000, -984.0000, -24.0000,  658.0000, -969.0000, -11.0000,  0, 0, 0
L 644.0000, -1005.0000, -23.0000,  678.0000, -984.0000, -24.0000,  0, 0, 0
L 632.0000, -992.0000, -21.0000,  644.0000, -1005.0000, -23.0000,  0, 0, 0
L 608.0000, -992.0000, -21.0000,  632.0000, -992.0000, -21.0000,  0, 0, 0
L 608.0000, -976.0000, -13.0000,  608.0000, -992.0000, -21.0000,  0, 0, 0
L 581.0000, -978.0000, -10.0000,  608.0000, -976.0000, -13.0000,  0, 0, 0
L 581.0000, -991.0000, -21.0000,  581.0000, -978.0000, -10.0000,  0, 0, 0
L 554.0000, -991.0000, -20.0000,  581.0000, -991.0000, -21.0000,  0, 0, 0
L 555.0000, -975.0000, -3.0000,  554.0000, -991.0000, -20.0000,  0, 0, 0
L 520.0000, -976.0000, -8.0000,  555.0000, -975.0000, -3.0000,  0, 0, 0
L 520.0000, -990.0000, -21.0000,  520.0000, -976.0000, -8.0000,  0, 0, 0
L 494.0000, -989.0000, -23.0000,  520.0000, -990.0000, -21.0000,  0, 0, 0
L 494.0000, -975.0000, -3.0000,  494.0000, -989.0000, -23.0000,  0, 0, 0
L 464.0000, -976.0000, -8.0000,  494.0000, -975.0000, -3.0000,  0, 0, 0
L 464.0000, -1000.0000, -26.0000,  464.0000, -976.0000, -8.0000,  0, 0, 0
L 421.0000, -999.0000, -18.0000,  464.0000, -1000.0000, -26.0000,  0, 0, 0
L 422.0000, -997.0000, -26.0000,  421.0000, -999.0000, -18.0000,  0, 0, 0
L 422.0000, -964.0000, -26.0000,  422.0000, -997.0000, -26.0000,  0, 0, 0
L 376.0000, -964.0000, -26.0000,  422.0000, -964.0000, -26.0000,  0, 0, 0
L 341.0000, -1004.0000, -26.0000,  376.0000, -964.0000, -26.0000,  0, 0, 0
L 340.0000, -1065.0000, -26.0000,  341.0000, -1004.0000, -26.0000,  0, 0, 0
L 299.0000, -1065.0000, -26.0000,  340.0000, -1065.0000, -26.0000,  0, 0, 0
L 299.0000, -1161.0000, -26.0000,  299.0000, -1065.0000, -26.0000,  0, 0, 0
L 374.0000, -1161.0000, -26.0000,  299.0000, -1161.0000, -26.0000,  0, 0, 0
L 374.0000, -1110.0000, -26.0000,  374.0000, -1161.0000, -26.0000,  0, 0, 0
L 422.0000, -1109.0000, -26.0000,  374.0000, -1110.0000, -26.0000,  0, 0, 0
L 422.0000, -1024.0000, -26.0000,  422.0000, -1109.0000, -26.0000,  0, 0, 0
L 464.0000, -1022.0000, -18.0000,  422.0000, -1024.0000, -26.0000,  0, 0, 0
L 464.0000, -1044.0000, -4.0000,  464.0000, -1022.0000, -18.0000,  0, 0, 0
L 507.0000, -1045.0000, -3.0000,  464.0000, -1044.0000, -4.0000,  0, 0, 0
L 506.0000, -1025.0000, -23.0000,  507.0000, -1045.0000, -3.0000,  0, 0, 0
L 533.0000, -1025.0000, -20.0000,  506.0000, -1025.0000, -23.0000,  0, 0, 0
L 533.0000, -1034.0000, -16.0000,  533.0000, -1025.0000, -20.0000,  0, 0, 0
L 578.0000, -1033.0000, -17.0000,  533.0000, -1034.0000, -16.0000,  0, 0, 0
L 578.0000, -1026.0000, -22.0000,  578.0000, -1033.0000, -17.0000,  0, 0, 0
L 605.0000, -1026.0000, -22.0000,  578.0000, -1026.0000, -22.0000,  0, 0, 0
L 605.0000, -1032.0000, -20.0000,  605.0000, -1026.0000, -22.0000,  0, 0, 0
L 625.0000, -1034.0000, -15.0000,  605.0000, -1032.0000, -20.0000,  0, 0, 0
L 624.0000, -1029.0000, -21.0000,  625.0000, -1034.0000, -15.0000,  0, 0, 0
L 653.0000, -1030.0000, -21.0000,  624.0000, -1029.0000, -21.0000,  0, 0, 0
L 653.0000, -1034.0000, -16.0000,  653.0000, -1030.0000, -21.0000,  0, 0, 0
L 682.0000, -1023.0000, -22.0000,  653.0000, -1034.0000, -16.0000,  0, 0, 0
L 692.0000, -1000.0000, -22.0000,  682.0000, -1023.0000, -22.0000,  0, 0, 0
L 703.0000, -987.0000, -22.0000,  692.0000, -1000.0000, -22.0000,  0, 0, 0
L 716.0000, -972.0000, -17.0000,  703.0000, -987.0000, -22.0000,  0, 0, 0
L 715.0000, -939.0000, -18.0000,  716.0000, -972.0000, -17.0000,  0, 0, 0
L 710.0000, -935.0000, -22.0000,  715.0000, -939.0000, -18.0000,  0, 0, 0
L 712.0000, -879.0000, -23.0000,  710.0000, -935.0000, -22.0000,  0, 0, 0
L 725.0000, -879.0000, -9.0000,  712.0000, -879.0000, -23.0000,  0, 0, 0
L 721.0000, -837.0000, -13.0000,  725.0000, -879.0000, -9.0000,  0, 0, 0
L 703.0000, -837.0000, -27.0000,  721.0000, -837.0000, -13.0000,  0, 0, 0
L 703.0000, -772.0000, -27.0000,  703.0000, -837.0000, -27.0000,  0, 0, 0
L 728.0000, -747.0000, -27.0000,  703.0000, -772.0000, -27.0000,  0, 0, 0
L 751.0000, -747.0000, -27.0000,  729.0000, -747.0000, -27.0000,  0, 0, 0
L 751.0000, -678.0000, -24.0000,  751.0000, -747.0000, -27.0000,  0, 0, 0
L 706.0000, -681.0000, -27.0000,  751.0000, -678.0000, -24.0000,  0, 0, 0
L 704.0000, -671.0000, -26.0000,  706.0000, -681.0000, -27.0000,  0, 0, 0
L 711.0000, -672.0000, -26.0000,  704.0000, -671.0000, -26.0000,  0, 0, 0
L 711.0000, -624.0000, -17.0000,  711.0000, -672.0000, -26.0000,  0, 0, 0
L 707.0000, -624.0000, -17.0000,  711.0000, -624.0000, -17.0000,  0, 0, 0
L 704.0000, -593.0000, -16.0000,  707.0000, -624.0000, -17.0000,  0, 0, 0
L 725.0000, -593.0000, 0.0000,  704.0000, -593.0000, -16.0000,  0, 0, 0
L 727.0000, -551.0000, 3.0000,  725.0000, -593.0000, 1.0000,  0, 0, 0
L 702.0000, -551.0000, -17.0000,  727.0000, -551.0000, 3.0000,  0, 0, 0
L 705.0000, -509.0000, -17.0000,  702.0000, -551.0000, -17.0000,  0, 0, 0
L 728.0000, -509.0000, -17.0000,  705.0000, -509.0000, -17.0000,  0, 0, 0
L 751.0000, -486.0000, -17.0000,  728.0000, -509.0000, -17.0000,  0, 0, 0
L 747.0000, -422.0000, -13.0000,  751.0000, -486.0000, -17.0000,  0, 0, 0
L 793.0000, -419.0000, -12.0000,  747.0000, -422.0000, -13.0000,  0, 0, 0
L 793.0000, -442.0000, 6.0000,  793.0000, -419.0000, -12.0000,  0, 0, 0
L 884.0000, -441.0000, 1.0000,  793.0000, -442.0000, 6.0000,  0, 0, 0
L 899.0000, -446.0000, 0.0000,  884.0000, -441.0000, 1.0000,  0, 0, 0
L 912.0000, -444.0000, -11.0000,  899.0000, -446.0000, 1.0000,  0, 0, 0
L 913.0000, -472.0000, -8.0000,  912.0000, -444.0000, -11.0000,  0, 0, 0
L 898.0000, -474.0000, 0.0000,  913.0000, -472.0000, -8.0000,  0, 0, 0
L 889.0000, -493.0000, 0.0000,  898.0000, -474.0000, 0.0000,  0, 0, 0
L 910.0000, -499.0000, -8.0000,  889.0000, -493.0000, 0.0000,  0, 0, 0
L 910.0000, -528.0000, -10.0000,  910.0000, -499.0000, -8.0000,  0, 0, 0
L 896.0000, -529.0000, 1.0000,  910.0000, -528.0000, -10.0000,  0, 0, 0
L 903.0000, -560.0000, -7.0000,  896.0000, -529.0000, 1.0000,  0, 0, 0
L 909.0000, -561.0000, -11.0000,  903.0000, -560.0000, -7.0000,  0, 0, 0
L 910.0000, -588.0000, -12.0000,  909.0000, -561.0000, -11.0000,  0, 0, 0
L 895.0000, -586.0000, 7.0000,  910.0000, -588.0000, -12.0000,  0, 0, 0
L 935.0000, -655.0000, 0.0000,  895.0000, -586.0000, 7.0000,  0, 0, 0
L 930.0000, -682.0000, 1.0000,  935.0000, -655.0000, 1.0000,  0, 0, 0
L 947.0000, -684.0000, -7.0000,  930.0000, -682.0000, 1.0000,  0, 0, 0
L 944.0000, -709.0000, -10.0000,  947.0000, -684.0000, -7.0000,  0, 0, 0
L 929.0000, -709.0000, 2.0000,  944.0000, -709.0000, -10.0000,  0, 0, 0
L 897.0000, -765.0000, 0.0000,  929.0000, -709.0000, 2.0000,  0, 0, 0
L 903.0000, -766.0000, -8.0000,  897.0000, -765.0000, 0.0000,  0, 0, 0
L 900.0000, -794.0000, -12.0000,  903.0000, -766.0000, -8.0000,  0, 0, 0
L 887.0000, -791.0000, 6.0000,  900.0000, -794.0000, -12.0000,  0, 0, 0
L 888.0000, -822.0000, 1.0000,  887.0000, -791.0000, 6.0000,  0, 0, 0
L 901.0000, -823.0000, -12.0000,  888.0000, -822.0000, 1.0000,  0, 0, 0
L 902.0000, -854.0000, -11.0000,  901.0000, -823.0000, -12.0000,  0, 0, 0
L 901.0000, -882.0000, -11.0000,  902.0000, -854.0000, -11.0000,  0, 0, 0
L 906.0000, -898.0000, -11.0000,  901.0000, -882.0000, -11.0000,  0, 0, 0
L 898.0000, -910.0000, -7.0000,  906.0000, -898.0000, -11.0000,  0, 0, 0
L 922.0000, -945.0000, -11.0000,  898.0000, -910.0000, -7.0000,  0, 0, 0
L 931.0000, -949.0000, -11.0000,  922.0000, -945.0000, -11.0000,  0, 0, 0
L 941.0000, -969.0000, -10.0000,  931.0000, -949.0000, -11.0000,  0, 0, 0
L 958.0000, -972.0000, -10.0000,  941.0000, -969.0000, -10.0000,  0, 0, 0
L 987.0000, -971.0000, -10.0000,  958.0000, -972.0000, -10.0000,  0, 0, 0
L 987.0000, -977.0000, -5.0000,  987.0000, -971.0000, -10.0000,  0, 0, 0
L 1007.0000, -976.0000, -8.0000,  987.0000, -977.0000, -5.0000,  0, 0, 0
L 1009.0000, -970.0000, -10.0000,  1007.0000, -976.0000, -8.0000,  0, 0, 0
L 1035.0000, -973.0000, -10.0000,  1009.0000, -970.0000, -10.0000,  0, 0, 0
L 1035.0000, -977.0000, -6.0000,  1035.0000, -973.0000, -10.0000,  0, 0, 0
L 1080.0000, -977.0000, -5.0000,  1035.0000, -977.0000, -6.0000,  0, 0, 0
L 1078.0000, -971.0000, -10.0000,  1080.0000, -977.0000, -5.0000,  0, 0, 0
L 1108.0000, -971.0000, -12.0000,  1078.0000, -971.0000, -10.0000,  0, 0, 0
L 1104.0000, -986.0000, 2.0000,  1108.0000, -971.0000, -12.0000,  0, 0, 0
L 1112.0000, -986.0000, 2.0000,  1104.0000, -986.0000, 2.0000,  0, 0, 0
L 1113.0000, -967.0000, -12.0000,  1112.0000, -986.0000, 2.0000,  0, 0, 0
L 1135.0000, -964.0000, -14.0000,  1113.0000, -967.0000, -12.0000,  0, 0, 0
L 1170.0000, -962.0000, -5.0000,  1135.0000, -964.0000, -14.0000,  0, 0, 0
L 1173.0000, -967.0000, 2.0000,  1170.0000, -962.0000, -5.0000,  0, 0, 0
L 1183.0000, -990.0000, 2.0000,  1173.0000, -967.0000, 2.0000,  0, 0, 0
L 1184.0000, -1014.0000, 2.0000,  1183.0000, -990.0000, 2.0000,  0, 0, 0
L 1201.0000, -1061.0000, 2.0000,  1184.0000, -1014.0000, 2.0000,  0, 0, 0
L 1212.0000, -1074.0000, 2.0000,  1201.0000, -1061.0000, 2.0000,  0, 0, 0
L 1243.0000, -1071.0000, -1.0000,  1212.0000, -1074.0000, 2.0000,  0, 0, 0
L 1266.0000, -1054.0000, -4.0000,  1243.0000, -1071.0000, -1.0000,  0, 0, 0
L 1284.0000, -1076.0000, 2.0000,  1266.0000, -1054.0000, -4.0000,  0, 0, 0
L 1305.0000, -1072.0000, 3.0000,  1284.0000, -1076.0000, 2.0000,  0, 0, 0
L 1331.0000, -1072.0000, 7.0000,  1305.0000, -1072.0000, 3.0000,  0, 0, 0
L 1341.0000, -1062.0000, 2.0000,  1331.0000, -1072.0000, 7.0000,  0, 0, 0
L 1355.0000, -1040.0000, 7.0000,  1341.0000, -1062.0000, 2.0000,  0, 0, 0
L 1350.0000, -1033.0000, -5.0000,  1355.0000, -1040.0000, 7.0000,  0, 0, 0
L 1377.0000, -1029.0000, -14.0000,  1350.0000, -1033.0000, -5.0000,  0, 0, 0
L 1379.0000, -1014.0000, -9.0000,  1377.0000, -1029.0000, -14.0000,  0, 0, 0
L 1352.0000, -1008.0000, -6.0000,  1379.0000, -1014.0000, -9.0000,  0, 0, 0
L 1372.0000, -974.0000, 7.0000,  1352.0000, -1008.0000, -6.0000,  0, 0, 0
L 1354.0000, -949.0000, 6.0000,  1372.0000, -974.0000, 7.0000,  0, 0, 0
L 1345.0000, -910.0000, -7.0000,  1354.0000, -949.0000, 6.0000,  0, 0, 0
L 1298.0000, -892.0000, -7.0000,  1345.0000, -910.0000, -7.0000,  0, 0, 0
L 1278.0000, -892.0000, -11.0000,  1298.0000, -892.0000, -7.0000,  0, 0, 0
L 1254.0000, -898.0000, -11.0000,  1278.0000, -892.0000, -11.0000,  0, 0, 0
L 1255.0000, -864.0000, 2.0000,  1254.0000, -898.0000, -11.0000,  0, 0, 0
L 1210.0000, -904.0000, 2.0000,  1255.0000, -864.0000, 2.0000,  0, 0, 0
L 1185.0000, -920.0000, 2.0000,  1210.0000, -904.0000, 2.0000,  0, 0, 0
L 1173.0000, -935.0000, 7.0000,  1185.0000, -920.0000, 2.0000,  0, 0, 0
L 1179.0000, -941.0000, -6.0000,  1173.0000, -935.0000, 7.0000,  0, 0, 0
L 1136.0000, -945.0000, -15.0000,  1179.0000, -941.0000, -6.0000,  0, 0, 0
L 1134.0000, -920.0000, 2.0000,  1136.0000, -945.0000, -15.0000,  0, 0, 0
L 1120.0000, -919.0000, 6.0000,  1134.0000, -920.0000, 2.0000,  0, 0, 0
L 1117.0000, -934.0000, -12.0000,  1120.0000, -919.0000, 6.0000,  0, 0, 0
L 1093.0000, -933.0000, -9.0000,  1117.0000, -934.0000, -12.0000,  0, 0, 0
L 1094.0000, -919.0000, 6.0000,  1093.0000, -933.0000, -9.0000,  0, 0, 0
L 1059.0000, -920.0000, 2.0000,  1094.0000, -919.0000, 6.0000,  0, 0, 0
L 1059.0000, -937.0000, -10.0000,  1059.0000, -920.0000, 2.0000,  0, 0, 0
L 1033.0000, -935.0000, -9.0000,  1059.0000, -937.0000, -10.0000,  0, 0, 0
L 1033.0000, -919.0000, 3.0000,  1033.0000, -935.0000, -9.0000,  0, 0, 0
L 1003.0000, -918.0000, 1.0000,  1033.0000, -919.0000, 3.0000,  0, 0, 0
L 1006.0000, -936.0000, -10.0000,  1003.0000, -918.0000, 1.0000,  0, 0, 0
L 980.0000, -936.0000, -10.0000,  1006.0000, -936.0000, -10.0000,  0, 0, 0
L 978.0000, -921.0000, 1.0000,  980.0000, -936.0000, -10.0000,  0, 0, 0
L 969.0000, -921.0000, 1.0000,  978.0000, -921.0000, 1.0000,  0, 0, 0
L 959.0000, -907.0000, 0.0000,  969.0000, -921.0000, 1.0000,  0, 0, 0
L 941.0000, -905.0000, -10.0000,  959.0000, -907.0000, 1.0000,  0, 0, 0
L 941.0000, -877.0000, -7.0000,  941.0000, -905.0000, -10.0000,  0, 0, 0
L 956.0000, -878.0000, 3.0000,  941.0000, -877.0000, -7.0000,  0, 0, 0
L 956.0000, -835.0000, 6.0000,  956.0000, -878.0000, 3.0000,  0, 0, 0
L 941.0000, -837.0000, -10.0000,  956.0000, -835.0000, 6.0000,  0, 0, 0
L 941.0000, -809.0000, -12.0000,  941.0000, -837.0000, -10.0000,  0, 0, 0
L 954.0000, -809.0000, 1.0000,  941.0000, -809.0000, -12.0000,  0, 0, 0
L 954.0000, -789.0000, 1.0000,  954.0000, -809.0000, 1.0000,  0, 0, 0
L 943.0000, -786.0000, -11.0000,  954.0000, -789.0000, 1.0000,  0, 0, 0
L 938.0000, -765.0000, -12.0000,  943.0000, -786.0000, -11.0000,  0, 0, 0
L 955.0000, -751.0000, -10.0000,  938.0000, -765.0000, -12.0000,  0, 0, 0
L 965.0000, -737.0000, -4.0000,  955.0000, -751.0000, -10.0000,  0, 0, 0
L 983.0000, -714.0000, -6.0000,  965.0000, -737.0000, -4.0000,  0, 0, 0
L 992.0000, -693.0000, -8.0000,  983.0000, -714.0000, -6.0000,  0, 0, 0
L 984.0000, -691.0000, -11.0000,  992.0000, -693.0000, -8.0000,  0, 0, 0
L 986.0000, -665.0000, -11.0000,  984.0000, -691.0000, -11.0000,  0, 0, 0
L 993.0000, -664.0000, -7.0000,  986.0000, -665.0000, -11.0000,  0, 0, 0
L 972.0000, -616.0000, -5.0000,  993.0000, -664.0000, -7.0000,  0, 0, 0
L 960.0000, -613.0000, -12.0000,  972.0000, -616.0000, -5.0000,  0, 0, 0
L 960.0000, -590.0000, 2.0000,  960.0000, -613.0000, -12.0000,  0, 0, 0
L 963.0000, -589.0000, 1.0000,  960.0000, -590.0000, 2.0000,  0, 0, 0
L 957.0000, -563.0000, -5.0000,  963.0000, -589.0000, 1.0000,  0, 0, 0
L 949.0000, -561.0000, -12.0000,  957.0000, -563.0000, -5.0000,  0, 0, 0
L 949.0000, -536.0000, -11.0000,  949.0000, -561.0000, -12.0000,  0, 0, 0
L 954.0000, -535.0000, -5.0000,  949.0000, -536.0000, -11.0000,  0, 0, 0
L 953.0000, -520.0000, -6.0000,  954.0000, -535.0000, -5.0000,  0, 0, 0
L 948.0000, -519.0000, -11.0000,  953.0000, -520.0000, -6.0000,  0, 0, 0
L 949.0000, -493.0000, -11.0000,  948.0000, -519.0000, -11.0000,  0, 0, 0
L 951.0000, -493.0000, -9.0000,  949.0000, -493.0000, -11.0000,  0, 0, 0
L 952.0000, -445.0000, -3.0000,  951.0000, -493.0000, -9.0000,  0, 0, 0
L 964.0000, -436.0000, -7.0000,  952.0000, -445.0000, -3.0000,  0, 0, 0
L 1004.0000, -436.0000, -7.0000,  964.0000, -436.0000, -7.0000,  0, 0, 0
L 1004.0000, -430.0000, -12.0000,  1004.0000, -436.0000, -7.0000,  0, 0, 0
L 1030.0000, -430.0000, -13.0000,  1004.0000, -430.0000, -12.0000,  0, 0, 0
L 1031.0000, -442.0000, 0.0000,  1030.0000, -430.0000, -13.0000,  0, 0, 0
L 1044.0000, -445.0000, 6.0000,  1031.0000, -442.0000, 1.0000,  0, 0, 0
L 1044.0000, -421.0000, -16.0000,  1044.0000, -445.0000, 6.0000,  0, 0, 0
L 1083.0000, -420.0000, -7.0000,  1044.0000, -421.0000, -16.0000,  0, 0, 0
L 1083.0000, -425.0000, 0.0000,  1083.0000, -420.0000, -7.0000,  0, 0, 0
L 1087.0000, -440.0000, 1.0000,  1083.0000, -425.0000, 0.0000,  0, 0, 0
L 1119.0000, -461.0000, 1.0000,  1087.0000, -440.0000, 1.0000,  0, 0, 0
L 1129.0000, -472.0000, 3.0000,  1119.0000, -461.0000, 1.0000,  0, 0, 0
L 1192.0000, -479.0000, 3.0000,  1129.0000, -472.0000, 3.0000,  0, 0, 0
L 1203.0000, -469.0000, 1.0000,  1192.0000, -479.0000, 3.0000,  0, 0, 0
L 1216.0000, -444.0000, 0.0000,  1203.0000, -469.0000, 1.0000,  0, 0, 0
L 1212.0000, -417.0000, 1.0000,  1216.0000, -444.0000, 1.0000,  0, 0, 0
L 1262.0000, -401.0000, 3.0000,  1212.0000, -417.0000, 1.0000,  0, 0, 0
L 1278.0000, -378.0000, 1.0000,  1262.0000, -401.0000, 3.0000,  0, 0, 0
L 1267.0000, -356.0000, 6.0000,  1278.0000, -378.0000, 1.0000,  0, 0, 0
L 1265.0000, -332.0000, 1.0000,  1267.0000, -356.0000, 6.0000,  0, 0, 0
L 1256.0000, -309.0000, 6.0000,  1265.0000, -332.0000, 1.0000,  0, 0, 0
L 1241.0000, -293.0000, 4.0000,  1256.0000, -309.0000, 6.0000,  0, 0, 0
L 1218.0000, -293.0000, 4.0000,  1241.0000, -293.0000, 4.0000,  0, 0, 0
L 1212.0000, -291.0000, 6.0000,  1218.0000, -293.0000, 4.0000,  0, 0, 0
L 1202.0000, -289.0000, 1.0000,  1212.0000, -291.0000, 6.0000,  0, 0, 0
L 1125.0000, -288.0000, 3.0000,  1202.0000, -289.0000, 1.0000,  0, 0, 0
L 1111.0000, -301.0000, 0.0000,  1125.0000, -288.0000, 3.0000,  0, 0, 0
L 1091.0000, -348.0000, 3.0000,  1111.0000, -301.0000, 1.0000,  0, 0, 0
L 1090.0000, -375.0000, 6.0000,  1091.0000, -348.0000, 3.0000,  0, 0, 0
L 1082.0000, -392.0000, 6.0000,  1090.0000, -375.0000, 6.0000,  0, 0, 0
L 1085.0000, -402.0000, -7.0000,  1082.0000, -392.0000, 6.0000,  0, 0, 0
L 1045.0000, -401.0000, -10.0000,  1085.0000, -402.0000, -7.0000,  0, 0, 0
L 1044.0000, -376.0000, 2.0000,  1044.0000, -400.0000, -9.0000,  0, 0, 0
L 981.0000, -379.0000, -2.0000,  1044.0000, -376.0000, 2.0000,  0, 0, 0
L 954.0000, -372.0000, -5.0000,  981.0000, -379.0000, -2.0000,  0, 0, 0
L 954.0000, -353.0000, -5.0000,  954.0000, -372.0000, -5.0000,  0, 0, 0
L 947.0000, -352.0000, -11.0000,  954.0000, -353.0000, -5.0000,  0, 0, 0
L 948.0000, -326.0000, -11.0000,  947.0000, -352.0000, -11.0000,  0, 0, 0
L 952.0000, -326.0000, -9.0000,  948.0000, -326.0000, -11.0000,  0, 0, 0
L 954.0000, -302.0000, -5.0000,  952.0000, -326.0000, -9.0000,  0, 0, 0
L 947.0000, -299.0000, -11.0000,  954.0000, -302.0000, -5.0000,  0, 0, 0
L 946.0000, -271.0000, -11.0000,  947.0000, -299.0000, -11.0000,  0, 0, 0
L 954.0000, -272.0000, -5.0000,  946.0000, -271.0000, -11.0000,  0, 0, 0
L 957.0000, -258.0000, -5.0000,  954.0000, -272.0000, -5.0000,  0, 0, 0
L 948.0000, -256.0000, -12.0000,  957.0000, -258.0000, -5.0000,  0, 0, 0
L 950.0000, -228.0000, -12.0000,  948.0000, -256.0000, -12.0000,  0, 0, 0
L 957.0000, -230.0000, -6.0000,  950.0000, -228.0000, -12.0000,  0, 0, 0
L 955.0000, -223.0000, -9.0000,  957.0000, -230.0000, -6.0000,  0, 0, 0
L 941.0000, -208.0000, -16.0000,  955.0000, -223.0000, -9.0000,  0, 0, 0
L 940.0000, -166.0000, -7.0000,  941.0000, -208.0000, -16.0000,  0, 0, 0
L 944.0000, -164.0000, -13.0000,  940.0000, -166.0000, -7.0000,  0, 0, 0
L 944.0000, -178.0000, 2.0000,  944.0000, -164.0000, -13.0000,  0, 0, 0
L 972.0000, -157.0000, -1.0000,  944.0000, -178.0000, 2.0000,  0, 0, 0
L 977.0000, -126.0000, -13.0000,  972.0000, -157.0000, -1.0000,  0, 0, 0
L 992.0000, -120.0000, -13.0000,  977.0000, -126.0000, -13.0000,  0, 0, 0
L 995.0000, -102.0000, -13.0000,  992.0000, -120.0000, -13.0000,  0, 0, 0
L 1016.0000, -104.0000, 3.0000,  995.0000, -102.0000, -13.0000,  0, 0, 0
L 1000.0000, -70.0000, 0.0000,  1016.0000, -104.0000, 3.0000,  0, 0, 0
L 998.0000, -51.0000, 0.0000,  1000.0000, -70.0000, 1.0000,  0, 0, 0
L 988.0000, -49.0000, 2.0000,  998.0000, -51.0000, 1.0000,  0, 0, 0
L 972.0000, -25.0000, 0.0000,  988.0000, -49.0000, 2.0000,  0, 0, 0
L 978.0000, -8.0000, -9.0000,  972.0000, -25.0000, 1.0000,  0, 0, 0
L 962.0000, -14.0000, 6.0000,  978.0000, -8.0000, -9.0000,  0, 0, 0
L 947.0000, 6.0000, 8.0000,  962.0000, -14.0000, 6.0000,  0, 0, 0
L 926.0000, 20.0000, 0.0000,  947.0000, 6.0000, 8.0000,  0, 0, 0
L 924.0000, 21.0000, 1.0000,  926.0000, 20.0000, 1.0000,  0, 0, 0
L 899.0000, 19.0000, 1.0000,  924.0000, 21.0000, 1.0000,  0, 0, 0
L 871.0000, 30.0000, 3.0000,  899.0000, 19.0000, 1.0000,  0, 0, 0
L 854.0000, 14.0000, -9.0000,  871.0000, 30.0000, 3.0000,  0, 0, 0
L 849.0000, 31.0000, -16.0000,  854.0000, 14.0000, -9.0000,  0, 0, 0
L 834.0000, 32.0000, -16.0000,  849.0000, 31.0000, -16.0000,  0, 0, 0
L 828.0000, 29.0000, 3.0000,  834.0000, 32.0000, -16.0000,  0, 0, 0
L 784.0000, 2.0000, 3.0000,  828.0000, 29.0000, 3.0000,  0, 0, 0
L 760.0000, 1.0000, 5.0000,  784.0000, 2.0000, 3.0000,  0, 0, 0
L 744.0000, -17.0000, 0.0000,  760.0000, 1.0000, 5.0000,  0, 0, 0
L 715.0000, -70.0000, -8.0000,  744.0000, -17.0000, 1.0000,  0, 0, 0
L 672.0000, -72.0000, -16.0000,  715.0000, -70.0000, -8.0000,  0, 0, 0
L 671.0000, -46.0000, 6.0000,  672.0000, -72.0000, -16.0000,  0, 0, 0
L 630.0000, -47.0000, 5.0000,  671.0000, -46.0000, 6.0000,  0, 0, 0
L 630.0000, -71.0000, -16.0000,  630.0000, -47.0000, 5.0000,  0, 0, 0
L 588.0000, -67.0000, -16.0000,  630.0000, -71.0000, -16.0000,  0, 0, 0
L 588.0000, -31.0000, -16.0000,  588.0000, -67.0000, -16.0000,  0, 0, 0
L 513.0000, -31.0000, -16.0000,  588.0000, -31.0000, -16.0000,  0, 0, 0
L 512.0000, -83.0000, -16.0000,  513.0000, -31.0000, -16.0000,  0, 0, 0
L 465.0000, -83.0000, -16.0000,  512.0000, -83.0000, -16.0000,  0, 0, 0
L 465.0000, -168.0000, -16.0000,  465.0000, -83.0000, -16.0000,  0, 0, 0
L 423.0000, -171.0000, -16.0000,  465.0000, -168.0000, -16.0000,  0, 0, 0
L 423.0000, -149.0000, 1.0000,  423.0000, -171.0000, -16.0000,  0, 0, 0
L 387.0000, -146.0000, 1.0000,  423.0000, -149.0000, 1.0000,  0, 0, 0
L 380.0000, -155.0000, -7.0000,  387.0000, -146.0000, 1.0000,  0, 0, 0
L 350.0000, -164.0000, -23.0000,  380.0000, -155.0000, -7.0000,  0, 0, 0
L 335.0000, -170.0000, -24.0000,  350.0000, -164.0000, -23.0000,  0, 0, 0
L 324.0000, -156.0000, -22.0000,  335.0000, -170.0000, -24.0000,  0, 0, 0
L 299.0000, -156.0000, -19.0000,  324.0000, -156.0000, -22.0000,  0, 0, 0
L 299.0000, -145.0000, -8.0000,  299.0000, -156.0000, -19.0000,  0, 0, 0
L 270.0000, -143.0000, -3.0000,  299.0000, -145.0000, -8.0000,  0, 0, 0
L 268.0000, -160.0000, -21.0000,  270.0000, -143.0000, -3.0000,  0, 0, 0
L 241.0000, -158.0000, -20.0000,  268.0000, -160.0000, -21.0000,  0, 0, 0
L 243.0000, -152.0000, -18.0000,  241.0000, -158.0000, -20.0000,  0, 0, 0
L 221.0000, -143.0000, -3.0000,  243.0000, -152.0000, -18.0000,  0, 0, 0
L 221.0000, -160.0000, -21.0000,  221.0000, -143.0000, -3.0000,  0, 0, 0
L 197.0000, -159.0000, -23.0000,  221.0000, -160.0000, -21.0000,  0, 0, 0
L 193.0000, -142.0000, -13.0000,  197.0000, -159.0000, -23.0000,  0, 0, 0
L 185.0000, -140.0000, -22.0000,  193.0000, -142.0000, -13.0000,  0, 0, 0
L 189.0000, -115.0000, -17.0000,  185.0000, -140.0000, -22.0000,  0, 0, 0
L 180.0000, -115.0000, -23.0000,  189.0000, -115.0000, -17.0000,  0, 0, 0
L 187.0000, -88.0000, -22.0000,  180.0000, -115.0000, -23.0000,  0, 0, 0
L 193.0000, -88.0000, -17.0000,  187.0000, -88.0000, -22.0000,  0, 0, 0
L 191.0000, -85.0000, -19.0000,  193.0000, -88.0000, -17.0000,  0, 0, 0
L 167.0000, -74.0000, -25.0000,  191.0000, -85.0000, -19.0000,  0, 0, 0
L 131.0000, -92.0000, -7.0000,  167.0000, -74.0000, -25.0000,  0, 0, 0
L 130.0000, -124.0000, -4.0000,  131.0000, -92.0000, -7.0000,  0, 0, 0
L 127.0000, -149.0000, -11.0000,  130.0000, -124.0000, -4.0000,  0, 0, 0
L 128.0000, -162.0000, -15.0000,  127.0000, -149.0000, -11.0000,  0, 0, 0
L 98.0000, -160.0000, -21.0000,  128.0000, -162.0000, -15.0000,  0, 0, 0
L 77.0000, -159.0000, -9.0000,  96.0000, -157.0000, -20.0000,  0, 0, 0
L 47.0000, -156.0000, -3.0000,  77.0000, -159.0000, -9.0000,  0, 0, 0
L 47.0000, -143.0000, -3.0000,  47.0000, -156.0000, -3.0000,  0, 0, 0
L 13.0000, -146.0000, -9.0000,  47.0000, -143.0000, -3.0000,  0, 0, 0
L 12.0000, -159.0000, -15.0000,  13.0000, -146.0000, -9.0000,  0, 0, 0
L -13.0000, -157.0000, -22.0000,  12.0000, -159.0000, -15.0000,  0, 0, 0
L -13.0000, -144.0000, -8.0000,  -13.0000, -157.0000, -22.0000,  0, 0, 0
L -36.0000, -146.0000, -9.0000,  -13.0000, -144.0000, -8.0000,  0, 0, 0
L -36.0000, -168.0000, -26.0000,  -36.0000, -146.0000, -9.0000,  0, 0, 0
L -78.0000, -164.0000, -26.0000,  -36.0000, -168.0000, -26.0000,  0, 0, 0
L -78.0000, -119.0000, -26.0000,  -78.0000, -164.0000, -26.0000,  0, 0, 0
L -123.0000, -119.0000, -26.0000,  -78.0000, -119.0000, -26.0000,  0, 0, 0
L -126.0000, -77.0000, -16.0000,  -123.0000, -119.0000, -26.0000,  0, 0, 0
L -105.0000, -77.0000, -2.0000,  -126.0000, -77.0000, -16.0000,  0, 0, 0
L -105.0000, -31.0000, -8.0000,  -105.0000, -77.0000, -2.0000,  0, 0, 0
L -123.0000, -28.0000, -16.0000,  -105.0000, -31.0000, -8.0000,  0, 0, 0
L -120.0000, -6.0000, -16.0000,  -123.0000, -28.0000, -16.0000,  0, 0, 0
L -117.0000, 9.0000, -9.0000,  -120.0000, -6.0000, -16.0000,  0, 0, 0
L -121.0000, 24.0000, -22.0000,  -117.0000, 9.0000, -9.0000,  0, 0, 0
L -118.0000, 39.0000, -21.0000,  -121.0000, 24.0000, -22.0000,  0, 0, 0
L -115.0000, 39.0000, -19.0000,  -118.0000, 39.0000, -21.0000,  0, 0, 0
L -113.0000, 79.0000, -16.0000,  -115.0000, 39.0000, -19.0000,  0, 0, 0
L -107.0000, 98.0000, -20.0000,  -113.0000, 79.0000, -16.0000,  0, 0, 0
L -68.0000, 96.0000, -16.0000,  -107.0000, 98.0000, -20.0000,  0, 0, 0
L -67.0000, 101.0000, -23.0000,  -68.0000, 96.0000, -16.0000,  0, 0, 0
L -36.0000, 102.0000, -24.0000,  -67.0000, 101.0000, -23.0000,  0, 0, 0
L -34.0000, 157.0000, -4.0000,  -34.0000, 87.0000, -4.0000,  0, 0, 0
L -50.0000, 152.0000, -10.0000,  -34.0000, 157.0000, -4.0000,  0, 0, 0
L -94.0000, 157.0000, -8.0000,  -50.0000, 152.0000, -10.0000,  0, 0, 0
L -113.0000, 159.0000, -17.0000,  -94.0000, 157.0000, -8.0000,  0, 0, 0
L -114.0000, 179.0000, -17.0000,  -113.0000, 159.0000, -17.0000,  0, 0, 0
L -120.0000, 179.0000, -22.0000,  -114.0000, 179.0000, -17.0000,  0, 0, 0
L -120.0000, 206.0000, -22.0000,  -120.0000, 179.0000, -22.0000,  0, 0, 0
L -115.0000, 207.0000, -20.0000,  -120.0000, 206.0000, -22.0000,  0, 0, 0
L -121.0000, 232.0000, -16.0000,  -115.0000, 207.0000, -20.0000,  0, 0, 0
L -119.0000, 259.0000, -22.0000,  -121.0000, 232.0000, -16.0000,  0, 0, 0
L -113.0000, 260.0000, -15.0000,  -119.0000, 259.0000, -22.0000,  0, 0, 0
L -110.0000, 275.0000, -16.0000,  -113.0000, 260.0000, -15.0000,  0, 0, 0
L -121.0000, 275.0000, -23.0000,  -110.0000, 275.0000, -16.0000,  0, 0, 0
L -119.0000, 302.0000, -23.0000,  -121.0000, 275.0000, -23.0000,  0, 0, 0
L -105.0000, 302.0000, -8.0000,  -119.0000, 302.0000, -23.0000,  0, 0, 0
L -103.0000, 325.0000, -3.0000,  -105.0000, 302.0000, -8.0000,  0, 0, 0
L -128.0000, 324.0000, -26.0000,  -103.0000, 325.0000, -3.0000,  0, 0, 0
L -123.0000, 364.0000, -23.0000,  -128.0000, 324.0000, -26.0000,  0, 0, 0
L -112.0000, 364.0000, -23.0000,  -123.0000, 364.0000, -23.0000,  0, 0, 0
L -106.0000, 370.0000, -23.0000,  -112.0000, 364.0000, -23.0000,  0, 0, 0
L -106.0000, 402.0000, -23.0000,  -106.0000, 370.0000, -23.0000,  0, 0, 0
L -112.0000, 407.0000, -23.0000,  -106.0000, 402.0000, -23.0000,  0, 0, 0
L -134.0000, 407.0000, -23.0000,  -112.0000, 407.0000, -23.0000,  0, 0, 0
L -136.0000, 440.0000, -21.0000,  -134.0000, 407.0000, -23.0000,  0, 0, 0
L -134.0000, 439.0000, -23.0000,  -136.0000, 440.0000, -21.0000,  0, 0, 0
L -134.0000, 417.0000, -7.0000,  -134.0000, 439.0000, -23.0000,  0, 0, 0
L -112.0000, 424.0000, -1.0000,  -134.0000, 417.0000, -7.0000,  0, 0, 0
L -106.0000, 446.0000, -15.0000,  -112.0000, 424.0000, -1.0000,  0, 0, 0
L -125.0000, 445.0000, -23.0000,  -106.0000, 446.0000, -15.0000,  0, 0, 0
L -125.0000, 448.0000, -22.0000,  -125.0000, 445.0000, -23.0000,  0, 0, 0
L -83.0000, 448.0000, -23.0000,  -125.0000, 448.0000, -22.0000,  0, 0, 0
L -83.0000, 446.0000, -23.0000,  -83.0000, 448.0000, -23.0000,  0, 0, 0
L -89.0000, 446.0000, -23.0000,  -83.0000, 446.0000, -23.0000,  0, 0, 0
L -89.0000, 444.0000, -23.0000,  -89.0000, 446.0000, -23.0000,  0, 0, 0
L -83.0000, 438.0000, -23.0000,  -89.0000, 444.0000, -23.0000,  0, 0, 0
L -29.0000, 438.0000, -23.0000,  -83.0000, 438.0000, -23.0000,  0, 0, 0
L -23.0000, 444.0000, -23.0000,  -29.0000, 438.0000, -23.0000,  0, 0, 0
L -23.0000, 489.0000, -23.0000,  -23.0000, 444.0000, -23.0000,  0, 0, 0
L -47.0000, 489.0000, -23.0000,  -23.0000, 489.0000, -23.0000,  0, 0, 0
L -48.0000, 494.0000, -23.0000,  -47.0000, 489.0000, -23.0000,  0, 0, 0
L -23.0000, 494.0000, -23.0000,  -48.0000, 494.0000, -23.0000,  0, 0, 0
L -23.0000, 547.0000, -23.0000,  -23.0000, 494.0000, -23.0000,  0, 0, 0
L -29.0000, 553.0000, -23.0000,  -23.0000, 547.0000, -23.0000,  0, 0, 0
L -83.0000, 553.0000, -23.0000,  -29.0000, 553.0000, -23.0000,  0, 0, 0
L -89.0000, 547.0000, -23.0000,  -83.0000, 553.0000, -23.0000,  0, 0, 0
L -88.0000, 540.0000, -20.0000,  -89.0000, 547.0000, -23.0000,  0, 0, 0
L -123.0000, 541.0000, -20.0000,  -88.0000, 540.0000, -20.0000,  0, 0, 0
L -123.0000, 543.0000, -21.0000,  -123.0000, 541.0000, -20.0000,  0, 0, 0
L -101.0000, 544.0000, -9.0000,  -123.0000, 543.0000, -21.0000,  0, 0, 0
L -100.0000, 550.0000, -8.0000,  -101.0000, 544.0000, -9.0000,  0, 0, 0
L -120.0000, 575.0000, -2.0000,  -100.0000, 550.0000, -8.0000,  0, 0, 0
L -144.0000, 573.0000, -10.0000,  -120.0000, 575.0000, -2.0000,  0, 0, 0
L -143.0000, 552.0000, -23.0000,  -144.0000, 573.0000, -10.0000,  0, 0, 0
L -147.0000, 550.0000, -21.0000,  -143.0000, 552.0000, -23.0000,  0, 0, 0
L -147.0000, 587.0000, -21.0000,  -147.0000, 550.0000, -21.0000,  0, 0, 0
L -145.0000, 589.0000, -22.0000,  -147.0000, 587.0000, -21.0000,  0, 0, 0
L -144.0000, 585.0000, -23.0000,  -145.0000, 589.0000, -22.0000,  0, 0, 0
L -135.0000, 585.0000, -23.0000,  -144.0000, 585.0000, -23.0000,  0, 0, 0
L -129.0000, 590.0000, -23.0000,  -135.0000, 585.0000, -23.0000,  0, 0, 0
L -129.0000, 630.0000, -23.0000,  -129.0000, 590.0000, -23.0000,  0, 0, 0
L -135.0000, 635.0000, -23.0000,  -129.0000, 630.0000, -23.0000,  0, 0, 0
L -170.0000, 635.0000, -23.0000,  -135.0000, 635.0000, -23.0000,  0, 0, 0
L -170.0000, 616.0000, -23.0000,  -170.0000, 635.0000, -23.0000,  0, 0, 0
L -174.0000, 617.0000, -23.0000,  -170.0000, 616.0000, -23.0000,  0, 0, 0
L -174.0000, 635.0000, -23.0000,  -174.0000, 617.0000, -23.0000,  0, 0, 0
L -226.0000, 635.0000, -23.0000,  -174.0000, 635.0000, -23.0000,  0, 0, 0
L -232.0000, 630.0000, -23.0000,  -226.0000, 635.0000, -23.0000,  0, 0, 0
L -232.0000, 590.0000, -23.0000,  -232.0000, 630.0000, -23.0000,  0, 0, 0
L -226.0000, 585.0000, -23.0000,  -232.0000, 590.0000, -23.0000,  0, 0, 0
L -219.0000, 586.0000, -20.0000,  -226.0000, 585.0000, -23.0000,  0, 0, 0
L -220.0000, 551.0000, -20.0000,  -219.0000, 586.0000, -20.0000,  0, 0, 0
L -223.0000, 553.0000, -23.0000,  -220.0000, 551.0000, -20.0000,  0, 0, 0
L -223.0000, 577.0000, -2.0000,  -223.0000, 553.0000, -23.0000,  0, 0, 0
L -244.0000, 577.0000, -1.0000,  -223.0000, 577.0000, -2.0000,  0, 0, 0
L -269.0000, 552.0000, -2.0000,  -244.0000, 577.0000, -1.0000,  0, 0, 0
L -269.0000, 488.0000, -2.0000,  -269.0000, 552.0000, -2.0000,  0, 0, 0
L -256.0000, 488.0000, -19.0000,  -269.0000, 488.0000, -2.0000,  0, 0, 0
L -254.0000, 461.0000, -20.0000,  -256.0000, 488.0000, -19.0000,  0, 0, 0
L -264.0000, 461.0000, -11.0000,  -254.0000, 461.0000, -20.0000,  0, 0, 0
L -267.0000, 439.0000, -7.0000,  -264.0000, 461.0000, -11.0000,  0, 0, 0
L -225.0000, 422.0000, -13.0000,  -267.0000, 439.0000, -7.0000,  0, 0, 0
L -226.0000, 441.0000, -23.0000,  -225.0000, 422.0000, -13.0000,  0, 0, 0
L -224.0000, 441.0000, -22.0000,  -226.0000, 441.0000, -23.0000,  0, 0, 0
L -225.0000, 407.0000, -23.0000,  -224.0000, 441.0000, -22.0000,  0, 0, 0
L -247.0000, 407.0000, -23.0000,  -225.0000, 407.0000, -23.0000,  0, 0, 0
L -253.0000, 402.0000, -23.0000,  -247.0000, 407.0000, -23.0000,  0, 0, 0
L -253.0000, 345.0000, -23.0000,  -253.0000, 402.0000, -23.0000,  0, 0, 0
L -247.0000, 339.0000, -23.0000,  -253.0000, 345.0000, -23.0000,  0, 0, 0
L -183.0000, 339.0000, -20.0000,  -247.0000, 339.0000, -23.0000,  0, 0, 0
L -171.0000, 347.0000, -20.0000,  -183.0000, 339.0000, -20.0000,  0, 0, 0
L -171.0000, 402.0000, -23.0000,  -171.0000, 347.0000, -20.0000,  0, 0, 0
L -177.0000, 407.0000, -23.0000,  -171.0000, 402.0000, -23.0000,  0, 0, 0
L -208.0000, 405.0000, -20.0000,  -177.0000, 407.0000, -23.0000,  0, 0, 0
L -207.0000, 440.0000, -20.0000,  -208.0000, 405.0000, -20.0000,  0, 0, 0
L -204.0000, 439.0000, -23.0000,  -207.0000, 440.0000, -20.0000,  0, 0, 0
L -204.0000, 414.0000, -2.0000,  -204.0000, 439.0000, -23.0000,  0, 0, 0
L -156.0000, 414.0000, -1.0000,  -204.0000, 414.0000, -2.0000,  0, 0, 0
L -155.0000, 425.0000, -17.0000,  -156.0000, 414.0000, -1.0000,  0, 0, 0
L -151.0000, 439.0000, -20.0000,  -155.0000, 425.0000, -17.0000,  0, 0, 0
L -151.0000, 406.0000, -20.0000,  -151.0000, 439.0000, -20.0000,  0, 0, 0
L -161.0000, 407.0000, -23.0000,  -151.0000, 406.0000, -20.0000,  0, 0, 0
L -167.0000, 402.0000, -23.0000,  -161.0000, 407.0000, -23.0000,  0, 0, 0
L -167.0000, 370.0000, -23.0000,  -167.0000, 402.0000, -23.0000,  0, 0, 0
L -161.0000, 364.0000, -23.0000,  -167.0000, 370.0000, -23.0000,  0, 0, 0
L -147.0000, 367.0000, -18.0000,  -161.0000, 364.0000, -23.0000,  0, 0, 0
L -145.0000, 324.0000, -26.0000,  -147.0000, 367.0000, -18.0000,  0, 0, 0
L -171.0000, 324.0000, -8.0000,  -145.0000, 324.0000, -26.0000,  0, 0, 0
L -172.0000, 285.0000, -3.0000,  -171.0000, 324.0000, -8.0000,  0, 0, 0
L -159.0000, 285.0000, -22.0000,  -172.0000, 285.0000, -3.0000,  0, 0, 0
L -159.0000, 259.0000, -20.0000,  -159.0000, 285.0000, -22.0000,  0, 0, 0
L -171.0000, 261.0000, -3.0000,  -159.0000, 259.0000, -20.0000,  0, 0, 0
L -174.0000, 229.0000, -8.0000,  -171.0000, 261.0000, -3.0000,  0, 0, 0
L -155.0000, 229.0000, -21.0000,  -174.0000, 229.0000, -8.0000,  0, 0, 0
L -157.0000, 203.0000, -20.0000,  -155.0000, 229.0000, -21.0000,  0, 0, 0
L -174.0000, 202.0000, -9.0000,  -157.0000, 203.0000, -20.0000,  0, 0, 0
L -172.0000, 181.0000, -3.0000,  -174.0000, 202.0000, -9.0000,  0, 0, 0
L -157.0000, 182.0000, -20.0000,  -172.0000, 181.0000, -3.0000,  0, 0, 0
L -159.0000, 155.0000, -23.0000,  -157.0000, 182.0000, -20.0000,  0, 0, 0
L -172.0000, 155.0000, -13.0000,  -159.0000, 155.0000, -23.0000,  0, 0, 0
L -200.0000, 147.0000, -15.0000,  -172.0000, 155.0000, -13.0000,  0, 0, 0
L -193.0000, 143.0000, -14.0000,  -200.0000, 147.0000, -15.0000,  0, 0, 0
L -227.0000, 145.0000, -23.0000,  -193.0000, 143.0000, -14.0000,  0, 0, 0
L -228.0000, 156.0000, -9.0000,  -227.0000, 145.0000, -23.0000,  0, 0, 0
L -274.0000, 160.0000, -4.0000,  -228.0000, 156.0000, -9.0000,  0, 0, 0
L -274.0000, 135.0000, -27.0000,  -274.0000, 160.0000, -4.0000,  0, 0, 0
L -306.0000, 139.0000, -27.0000,  -274.0000, 135.0000, -27.0000,  0, 0, 0
L -306.0000, 143.0000, -27.0000,  -306.0000, 139.0000, -27.0000,  0, 0, 0
L -353.0000, 143.0000, -37.0000,  -306.0000, 143.0000, -27.0000,  0, 0, 0
L -354.0000, 133.0000, -37.0000,  -353.0000, 143.0000, -37.0000,  0, 0, 0
L -360.0000, 132.0000, -38.0000,  -354.0000, 133.0000, -37.0000,  0, 0, 0
L -360.0000, 183.0000, -35.0000,  -360.0000, 132.0000, -38.0000,  0, 0, 0
L -404.0000, 183.0000, -38.0000,  -360.0000, 183.0000, -35.0000,  0, 0, 0
L -407.0000, 179.0000, -29.0000,  -404.0000, 183.0000, -38.0000,  0, 0, 0
L -409.0000, 225.0000, -38.0000,  -407.0000, 179.0000, -29.0000,  0, 0, 0
L -385.0000, 225.0000, -19.0000,  -409.0000, 225.0000, -38.0000,  0, 0, 0
L -387.0000, 267.0000, -21.0000,  -385.0000, 225.0000, -19.0000,  0, 0, 0
L -412.0000, 268.0000, -38.0000,  -387.0000, 267.0000, -21.0000,  0, 0, 0
L -314.0000, 753.0000, -39.0000,  -394.0000, 753.0000, -40.0000,  0, 0, 0
L -313.0000, 789.0000, -40.0000,  -314.0000, 753.0000, -39.0000,  0, 0, 0
L -301.0000, 790.0000, -44.0000,  -313.0000, 789.0000, -40.0000,  0, 0, 0
L -301.0000, 935.0000, -111.0000,  -301.0000, 790.0000, -44.0000,  0, 0, 0
L -313.0000, 936.0000, -106.0000,  -301.0000, 935.0000, -111.0000,  0, 0, 0
L -314.0000, 972.0000, -106.0000,  -313.0000, 936.0000, -106.0000,  0, 0, 0
L -395.0000, 971.0000, -106.0000,  -314.0000, 972.0000, -106.0000,  0, 0, 0
L -396.0000, 936.0000, -106.0000,  -395.0000, 971.0000, -106.0000,  0, 0, 0
L -405.0000, 935.0000, -110.0000,  -396.0000, 936.0000, -106.0000,  0, 0, 0
L -405.0000, 789.0000, -43.0000,  -405.0000, 935.0000, -110.0000,  0, 0, 0
L -396.0000, 789.0000, -40.0000,  -405.0000, 789.0000, -43.0000,  0, 0, 0
L -395.0000, 753.0000, -39.0000,  -396.0000, 789.0000, -40.0000,  0, 0, 0
L -716.0000, 829.0000, -40.0000,  -791.0000, 828.0000, -39.0000,  0, 0, 0
L -715.0000, 753.0000, -39.0000,  -716.0000, 829.0000, -40.0000,  0, 0, 0
L -791.0000, 753.0000, -39.0000,  -715.0000, 753.0000, -39.0000,  0, 0, 0
L -791.0000, 829.0000, -39.0000,  -791.0000, 753.0000, -39.0000,  0, 0, 0
L -715.0000, 1097.0000, 26.0000,  -790.0000, 1098.0000, 26.0000,  0, 0, 0
L -715.0000, 1062.0000, 26.0000,  -715.0000, 1097.0000, 26.0000,  0, 0, 0
L -703.0000, 1060.0000, 21.0000,  -715.0000, 1062.0000, 26.0000,  0, 0, 0
L -703.0000, 916.0000, -44.0000,  -703.0000, 1060.0000, 21.0000,  0, 0, 0
L -715.0000, 915.0000, -40.0000,  -703.0000, 916.0000, -44.0000,  0, 0, 0
L -716.0000, 878.0000, -40.0000,  -715.0000, 915.0000, -40.0000,  0, 0, 0
L -791.0000, 879.0000, -39.0000,  -716.0000, 878.0000, -40.0000,  0, 0, 0
L -792.0000, 915.0000, -40.0000,  -791.0000, 879.0000, -39.0000,  0, 0, 0
L -802.0000, 916.0000, -43.0000,  -792.0000, 915.0000, -40.0000,  0, 0, 0
L -802.0000, 1061.0000, 23.0000,  -802.0000, 916.0000, -43.0000,  0, 0, 0
L -792.0000, 1062.0000, 26.0000,  -802.0000, 1061.0000, 23.0000,  0, 0, 0
L -791.0000, 1098.0000, 26.0000,  -792.0000, 1062.0000, 26.0000,  0, 0, 0
L -412.0000, 301.0000, -38.0000,  -412.0000, 269.0000, -38.0000,  0, 0, 0
L -402.0000, 302.0000, -38.0000,  -412.0000, 301.0000, -38.0000,  0, 0, 0
L -402.0000, 395.0000, -48.0000,  -402.0000, 302.0000, -38.0000,  0, 0, 0
L -412.0000, 392.0000, -48.0000,  -402.0000, 395.0000, -48.0000,  0, 0, 0
L -411.0000, 446.0000, -48.0000,  -412.0000, 392.0000, -48.0000,  0, 0, 0
L -405.0000, 446.0000, -37.0000,  -411.0000, 446.0000, -48.0000,  0, 0, 0
L -388.0000, 455.0000, -30.0000,  -405.0000, 446.0000, -37.0000,  0, 0, 0
L -389.0000, 478.0000, -32.0000,  -388.0000, 455.0000, -30.0000,  0, 0, 0
L -406.0000, 479.0000, -45.0000,  -389.0000, 478.0000, -32.0000,  0, 0, 0
L -404.0000, 489.0000, -41.0000,  -406.0000, 479.0000, -45.0000,  0, 0, 0
L -396.0000, 493.0000, -40.0000,  -404.0000, 489.0000, -41.0000,  0, 0, 0
L -396.0000, 702.0000, -40.0000,  -396.0000, 493.0000, -40.0000,  0, 0, 0
L -264.0000, 703.0000, -40.0000,  -396.0000, 702.0000, -40.0000,  0, 0, 0
L -264.0000, 789.0000, -40.0000,  -264.0000, 703.0000, -40.0000,  0, 0, 0
L -274.0000, 790.0000, -44.0000,  -264.0000, 789.0000, -40.0000,  0, 0, 0
L -273.0000, 936.0000, -110.0000,  -274.0000, 790.0000, -44.0000,  0, 0, 0
L -264.0000, 936.0000, -106.0000,  -273.0000, 936.0000, -110.0000,  0, 0, 0
L -264.0000, 1022.0000, -106.0000,  -264.0000, 936.0000, -106.0000,  0, 0, 0
L -445.0000, 1022.0000, -106.0000,  -264.0000, 1022.0000, -106.0000,  0, 0, 0
L -445.0000, 936.0000, -106.0000,  -445.0000, 1022.0000, -106.0000,  0, 0, 0
L -433.0000, 934.0000, -111.0000,  -445.0000, 936.0000, -106.0000,  0, 0, 0
L -434.0000, 789.0000, -44.0000,  -433.0000, 934.0000, -111.0000,  0, 0, 0
L -445.0000, 789.0000, -40.0000,  -434.0000, 789.0000, -44.0000,  0, 0, 0
L -446.0000, 753.0000, -39.0000,  -445.0000, 789.0000, -40.0000,  0, 0, 0
L -527.0000, 753.0000, -39.0000,  -446.0000, 753.0000, -39.0000,  0, 0, 0
L -528.0000, 878.0000, -40.0000,  -527.0000, 753.0000, -39.0000,  0, 0, 0
L -665.0000, 879.0000, -39.0000,  -528.0000, 878.0000, -40.0000,  0, 0, 0
L -666.0000, 915.0000, -40.0000,  -665.0000, 879.0000, -39.0000,  0, 0, 0
L -676.0000, 916.0000, -44.0000,  -666.0000, 915.0000, -40.0000,  0, 0, 0
L -676.0000, 1060.0000, 21.0000,  -676.0000, 916.0000, -44.0000,  0, 0, 0
L -666.0000, 1062.0000, 26.0000,  -676.0000, 1060.0000, 21.0000,  0, 0, 0
L -665.0000, 1098.0000, 26.0000,  -666.0000, 1062.0000, 26.0000,  0, 0, 0
L -528.0000, 1098.0000, 26.0000,  -665.0000, 1098.0000, 26.0000,  0, 0, 0
L -527.0000, 1224.0000, 26.0000,  -528.0000, 1098.0000, 26.0000,  0, 0, 0
L -485.0000, 1224.0000, 26.0000,  -527.0000, 1224.0000, 26.0000,  0, 0, 0
L -483.0000, 1236.0000, 21.0000,  -485.0000, 1224.0000, 26.0000,  0, 0, 0
L -339.0000, 1236.0000, -44.0000,  -483.0000, 1236.0000, 21.0000,  0, 0, 0
L -338.0000, 1224.0000, -40.0000,  -339.0000, 1236.0000, -44.0000,  0, 0, 0
L -252.0000, 1224.0000, -40.0000,  -338.0000, 1224.0000, -40.0000,  0, 0, 0
L -252.0000, 1367.0000, -40.0000,  -252.0000, 1224.0000, -40.0000,  0, 0, 0
L -302.0000, 1367.0000, -40.0000,  -252.0000, 1367.0000, -40.0000,  0, 0, 0
L -302.0000, 1274.0000, -39.0000,  -302.0000, 1367.0000, -40.0000,  0, 0, 0
L -338.0000, 1274.0000, -40.0000,  -302.0000, 1274.0000, -39.0000,  0, 0, 0
L -340.0000, 1263.0000, -44.0000,  -338.0000, 1274.0000, -40.0000,  0, 0, 0
L -485.0000, 1264.0000, 23.0000,  -340.0000, 1263.0000, -44.0000,  0, 0, 0
L -485.0000, 1274.0000, 26.0000,  -485.0000, 1264.0000, 23.0000,  0, 0, 0
L -577.0000, 1274.0000, 26.0000,  -485.0000, 1274.0000, 26.0000,  0, 0, 0
L -578.0000, 1148.0000, 26.0000,  -577.0000, 1274.0000, 26.0000,  0, 0, 0
L -665.0000, 1148.0000, 26.0000,  -578.0000, 1148.0000, 26.0000,  0, 0, 0
L -666.0000, 1241.0000, 26.0000,  -665.0000, 1148.0000, 26.0000,  0, 0, 0
L -715.0000, 1241.0000, 26.0000,  -666.0000, 1241.0000, 26.0000,  0, 0, 0
L -717.0000, 1148.0000, 26.0000,  -715.0000, 1241.0000, 26.0000,  0, 0, 0
L -841.0000, 1148.0000, 26.0000,  -717.0000, 1148.0000, 26.0000,  0, 0, 0
L -841.0000, 1062.0000, 26.0000,  -841.0000, 1148.0000, 26.0000,  0, 0, 0
L -829.0000, 1059.0000, 21.0000,  -841.0000, 1062.0000, 26.0000,  0, 0, 0
L -830.0000, 915.0000, -44.0000,  -829.0000, 1059.0000, 21.0000,  0, 0, 0
L -841.0000, 915.0000, -40.0000,  -830.0000, 915.0000, -44.0000,  0, 0, 0
L -841.0000, 703.0000, -40.0000,  -841.0000, 915.0000, -40.0000,  0, 0, 0
L -666.0000, 703.0000, -40.0000,  -841.0000, 703.0000, -40.0000,  0, 0, 0
L -665.0000, 829.0000, -40.0000,  -666.0000, 703.0000, -40.0000,  0, 0, 0
L -577.0000, 828.0000, -40.0000,  -665.0000, 829.0000, -40.0000,  0, 0, 0
L -577.0000, 703.0000, -40.0000,  -577.0000, 828.0000, -40.0000,  0, 0, 0
L -443.0000, 703.0000, -41.0000,  -577.0000, 703.0000, -40.0000,  0, 0, 0
L -445.0000, 493.0000, -40.0000,  -443.0000, 703.0000, -41.0000,  0, 0, 0
L -437.0000, 493.0000, -43.0000,  -445.0000, 493.0000, -40.0000,  0, 0, 0
L -441.0000, 478.0000, -43.0000,  -437.0000, 493.0000, -43.0000,  0, 0, 0
L -454.0000, 478.0000, -29.0000,  -441.0000, 478.0000, -43.0000,  0, 0, 0
L -451.0000, 455.0000, -30.0000,  -454.0000, 478.0000, -29.0000,  0, 0, 0
L -427.0000, 458.0000, -48.0000,  -451.0000, 455.0000, -30.0000,  0, 0, 0
L -426.0000, 392.0000, -48.0000,  -427.0000, 458.0000, -48.0000,  0, 0, 0
L -437.0000, 395.0000, -48.0000,  -426.0000, 392.0000, -48.0000,  0, 0, 0
L -437.0000, 304.0000, -38.0000,  -437.0000, 395.0000, -48.0000,  0, 0, 0
L -428.0000, 309.0000, -38.0000,  -437.0000, 304.0000, -38.0000,  0, 0, 0
L -428.0000, 267.0000, -38.0000,  -428.0000, 309.0000, -38.0000,  0, 0, 0
L -454.0000, 267.0000, -15.0000,  -428.0000, 267.0000, -38.0000,  0, 0, 0
L -454.0000, 225.0000, -14.0000,  -454.0000, 267.0000, -15.0000,  0, 0, 0
L -426.0000, 224.0000, -38.0000,  -454.0000, 225.0000, -14.0000,  0, 0, 0
L -429.0000, 160.0000, -38.0000,  -426.0000, 224.0000, -38.0000,  0, 0, 0
L -455.0000, 135.0000, -38.0000,  -429.0000, 160.0000, -38.0000,  0, 0, 0
L -518.0000, 134.0000, -33.0000,  -455.0000, 135.0000, -38.0000,  0, 0, 0
L -519.0000, 159.0000, -15.0000,  -518.0000, 134.0000, -33.0000,  0, 0, 0
L -573.0000, 159.0000, -14.0000,  -519.0000, 159.0000, -15.0000,  0, 0, 0
L -573.0000, 144.0000, -32.0000,  -573.0000, 159.0000, -14.0000,  0, 0, 0
L -598.0000, 144.0000, -35.0000,  -573.0000, 144.0000, -32.0000,  0, 0, 0
L -597.0000, 162.0000, -22.0000,  -598.0000, 144.0000, -35.0000,  0, 0, 0
L -657.0000, 159.0000, -32.0000,  -597.0000, 162.0000, -22.0000,  0, 0, 0
L -657.0000, 143.0000, -49.0000,  -657.0000, 159.0000, -32.0000,  0, 0, 0
L -686.0000, 145.0000, -58.0000,  -657.0000, 143.0000, -49.0000,  0, 0, 0
L -684.0000, 159.0000, -44.0000,  -686.0000, 145.0000, -58.0000,  0, 0, 0
L -773.0000, 159.0000, -69.0000,  -684.0000, 159.0000, -44.0000,  0, 0, 0
L -771.0000, 142.0000, -86.0000,  -773.0000, 159.0000, -69.0000,  0, 0, 0
L -798.0000, 144.0000, -92.0000,  -771.0000, 142.0000, -86.0000,  0, 0, 0
L -799.0000, 160.0000, -84.0000,  -798.0000, 144.0000, -92.0000,  0, 0, 0
L -854.0000, 159.0000, -75.0000,  -799.0000, 160.0000, -84.0000,  0, 0, 0
L -852.0000, 133.0000, -97.0000,  -854.0000, 159.0000, -75.0000,  0, 0, 0
L -843.0000, 111.0000, -96.0000,  -852.0000, 133.0000, -97.0000,  0, 0, 0
L -824.0000, 108.0000, -95.0000,  -843.0000, 111.0000, -96.0000,  0, 0, 0
L -824.0000, 101.0000, -90.0000,  -824.0000, 108.0000, -95.0000,  0, 0, 0
L -756.0000, 100.0000, -76.0000,  -824.0000, 101.0000, -90.0000,  0, 0, 0
L -755.0000, 111.0000, -82.0000,  -756.0000, 100.0000, -76.0000,  0, 0, 0
L -728.0000, 109.0000, -79.0000,  -755.0000, 111.0000, -82.0000,  0, 0, 0
L -728.0000, 100.0000, -74.0000,  -728.0000, 109.0000, -79.0000,  0, 0, 0
L -636.0000, 100.0000, -35.0000,  -728.0000, 100.0000, -74.0000,  0, 0, 0
L -635.0000, 112.0000, -40.0000,  -636.0000, 100.0000, -35.0000,  0, 0, 0
L -609.0000, 111.0000, -39.0000,  -635.0000, 112.0000, -40.0000,  0, 0, 0
L -608.0000, 102.0000, -36.0000,  -609.0000, 111.0000, -39.0000,  0, 0, 0
L -574.0000, 98.0000, -27.0000,  -608.0000, 102.0000, -36.0000,  0, 0, 0
L -573.0000, 107.0000, -34.0000,  -574.0000, 98.0000, -27.0000,  0, 0, 0
L -547.0000, 105.0000, -34.0000,  -573.0000, 107.0000, -34.0000,  0, 0, 0
L -535.0000, 95.0000, -23.0000,  -547.0000, 105.0000, -34.0000,  0, 0, 0
L -526.0000, 113.0000, -35.0000,  -535.0000, 95.0000, -23.0000,  0, 0, 0
L -462.0000, 113.0000, -35.0000,  -526.0000, 113.0000, -35.0000,  0, 0, 0
