P -1461.0000, 1006.0000, -232.0000,  0, 0, 0,  1,  Guardian_Camp
P 1014.0000, 2195.0000, -180.0000,  0, 0, 0,  1,  Gor/Shak_Camp
P 2856.0000, 2398.0000, -218.0000,  0, 0, 0,  1,  Beastlord_GM
P 2709.0000, 2279.0000, -187.0000,  0, 0, 0,  1,  Rogue_GM
P 2944.0000, 2057.0000, -206.0000,  0, 0, 0,  1,  Kaza_Raj
P 2689.0000, 1590.0000, -218.0000,  0, 0, 0,  1,  Bard_GM
P -1796.0000, -1193.0000, -274.0000,  0, 0, 0,  1,  Soldier_camp
P 790.0000, 827.0000, 0.0000,  0, 0, 0,  2,  Brigand_Camp
P 2297.0000, 2005.0000, 0.0000,  0, 0, 0,  2,  Sentry_Kedra_Kai
P 2572.0000, 416.0000, 0.0000,  0, 0, 0,  2,  Elefan
P 2849.0000, 2600.0000, 0.0000,  0, 0, 0,  2,  Kojinn_Kaa
P 2986.0000, 2595.0000, 0.0000,  0, 0, 0,  2,  Priestess_Bast
P 2717.0000, 2526.0000, 0.0000,  0, 0, 0,  2,  Warrior_GM
P 2893.0000, 2214.0000, 0.0000,  0, 0, 0,  2,  Groo_McManus
P 2922.0000, 1697.0000, 0.0000,  0, 0, 0,  2,  Bank
P 2804.0000, 1630.0000, 0.0000,  0, 0, 0,  2,  Shaman_GM
P 2826.0000, 1425.0000, 0.0000,  0, 0, 0,  2,  Merchants
P 3570.0000, 2122.0000, 0.0000,  255, 255, 255,  2,  Succor_Point
P 466.0000, -2414.0000, 0.0000,  255, 255, 0,  2,  Paludal_Caverns
P 3592.0000, 2066.0000, 0.0000,  255, 255, 0,  2,  SharVal_City
P 2427.0000, 3008.0000, 0.0000,  0, 0, 0,  2,  PoK_Book
P -2143.0000, 1709.0000, 0.0000,  0, 0, 0,  2,  Loda_Kai_Embasy
P -985.0000, -950.0000, 0.0000,  0, 0, 0,  2,  Corpse_Camp
