L -1599.0000, 1031.0000, -748.0000,  -1593.0000, 1018.0000, -74.0000,  153, 153, 153
L -1593.0000, 1018.0000, -74.0000,  -1501.0000, 1017.0000, -74.0000,  153, 153, 153
L -1501.0000, 1017.0000, -74.0000,  -1482.0000, 979.0000, -74.0000,  153, 153, 153
L -1482.0000, 979.0000, -74.0000,  -1481.0000, 938.0000, -74.0000,  153, 153, 153
L -1481.0000, 938.0000, -74.0000,  -1370.0000, 937.0000, -74.0000,  153, 153, 153
L -1370.0000, 937.0000, -74.0000,  -1378.0000, 922.0000, -74.0000,  153, 153, 153
L -1378.0000, 922.0000, -74.0000,  -1356.0000, 905.0000, -74.0000,  153, 153, 153
L -1356.0000, 905.0000, -74.0000,  -1332.0000, 901.0000, -74.0000,  153, 153, 153
L -1332.0000, 901.0000, -74.0000,  -1332.0000, 840.0000, -77.0000,  153, 153, 153
L -1332.0000, 840.0000, -77.0000,  -1341.0000, 811.0000, -77.0000,  153, 153, 153
L -1341.0000, 811.0000, -77.0000,  -1365.0000, 810.0000, -77.0000,  153, 153, 153
L -1365.0000, 810.0000, -77.0000,  -1365.0000, 767.0000, -69.0000,  153, 153, 153
L -1365.0000, 767.0000, -69.0000,  -1359.0000, 746.0000, -64.0000,  153, 153, 153
L -1359.0000, 746.0000, -64.0000,  -1350.0000, 728.0000, -64.0000,  153, 153, 153
L -1350.0000, 728.0000, -64.0000,  -1346.0000, 708.0000, -64.0000,  153, 153, 153
L -1346.0000, 708.0000, -64.0000,  -1345.0000, 689.0000, -64.0000,  153, 153, 153
L -1345.0000, 689.0000, -64.0000,  -1313.0000, 687.0000, -64.0000,  153, 153, 153
L -1313.0000, 687.0000, -64.0000,  -1316.0000, 672.0000, -64.0000,  153, 153, 153
L -1316.0000, 672.0000, -64.0000,  -1337.0000, 622.0000, -55.0000,  153, 153, 153
L -1337.0000, 622.0000, -55.0000,  -1341.0000, 601.0000, -55.0000,  153, 153, 153
L -1341.0000, 601.0000, -55.0000,  -1362.0000, 578.0000, -55.0000,  153, 153, 153
L -1362.0000, 578.0000, -55.0000,  -1362.0000, 502.0000, -52.0000,  153, 153, 153
L -1362.0000, 502.0000, -52.0000,  -1356.0000, 482.0000, -52.0000,  153, 153, 153
L -1356.0000, 482.0000, -52.0000,  -1356.0000, 446.0000, -52.0000,  153, 153, 153
L -1356.0000, 446.0000, -52.0000,  -1361.0000, 405.0000, -52.0000,  153, 153, 153
L -1361.0000, 405.0000, -52.0000,  -1368.0000, 393.0000, -52.0000,  153, 153, 153
L -1368.0000, 393.0000, -52.0000,  -1381.0000, 395.0000, -52.0000,  153, 153, 153
L -1381.0000, 395.0000, -52.0000,  -1388.0000, 394.0000, -52.0000,  153, 153, 153
L -1388.0000, 394.0000, -52.0000,  -1396.0000, 391.0000, -52.0000,  153, 153, 153
L -1396.0000, 391.0000, -52.0000,  -1404.0000, 384.0000, -52.0000,  153, 153, 153
L -1404.0000, 384.0000, -52.0000,  -1429.0000, 384.0000, -52.0000,  153, 153, 153
L -1429.0000, 384.0000, -52.0000,  -1430.0000, 470.0000, -45.0000,  153, 153, 153
L -1430.0000, 470.0000, -45.0000,  -1454.0000, 471.0000, -44.0000,  153, 153, 153
L -1454.0000, 471.0000, -44.0000,  -1455.0000, 498.0000, -44.0000,  153, 153, 153
L -1632.0000, 1010.0000, -748.0000,  -1622.0000, 991.0000, -74.0000,  153, 153, 153
L -1622.0000, 991.0000, -74.0000,  -1530.0000, 990.0000, -74.0000,  153, 153, 153
L -1530.0000, 990.0000, -74.0000,  -1508.0000, 947.0000, -74.0000,  153, 153, 153
L -1508.0000, 947.0000, -74.0000,  -1510.0000, 936.0000, -74.0000,  153, 153, 153
L -1510.0000, 936.0000, -74.0000,  -1592.0000, 910.0000, -74.0000,  153, 153, 153
L -1592.0000, 910.0000, -74.0000,  -1648.0000, 909.0000, -74.0000,  153, 153, 153
L -1648.0000, 909.0000, -74.0000,  -1670.0000, 856.0000, -74.0000,  153, 153, 153
L -1670.0000, 856.0000, -74.0000,  -1690.0000, 831.0000, -69.0000,  153, 153, 153
L -1690.0000, 831.0000, -69.0000,  -1717.0000, 797.0000, -61.0000,  153, 153, 153
L -1717.0000, 797.0000, -61.0000,  -1728.0000, 743.0000, -61.0000,  153, 153, 153
L -1728.0000, 743.0000, -61.0000,  -1746.0000, 705.0000, -61.0000,  153, 153, 153
L -1746.0000, 705.0000, -61.0000,  -1748.0000, 690.0000, -57.0000,  153, 153, 153
L -1748.0000, 690.0000, -57.0000,  -1759.0000, 686.0000, -56.0000,  153, 153, 153
L -1759.0000, 686.0000, -56.0000,  -1799.0000, 685.0000, -56.0000,  153, 153, 153
L -1799.0000, 685.0000, -56.0000,  -1819.0000, 647.0000, -56.0000,  153, 153, 153
L -1819.0000, 647.0000, -56.0000,  -1819.0000, 610.0000, -56.0000,  153, 153, 153
L -1819.0000, 610.0000, -56.0000,  -1818.0000, 571.0000, -56.0000,  153, 153, 153
L -1818.0000, 571.0000, -56.0000,  -1815.0000, 570.0000, -56.0000,  153, 153, 153
L -1815.0000, 570.0000, -56.0000,  -1814.0000, 531.0000, -56.0000,  153, 153, 153
L -1814.0000, 531.0000, -56.0000,  -1809.0000, 520.0000, -56.0000,  153, 153, 153
L -1809.0000, 520.0000, -56.0000,  -1798.0000, 510.0000, -56.0000,  153, 153, 153
L -1798.0000, 510.0000, -56.0000,  -1796.0000, 484.0000, -56.0000,  153, 153, 153
L -1796.0000, 484.0000, -56.0000,  -1793.0000, 483.0000, -56.0000,  153, 153, 153
L -1793.0000, 483.0000, -56.0000,  -1793.0000, 456.0000, -56.0000,  153, 153, 153
L -1793.0000, 456.0000, -56.0000,  -1792.0000, 431.0000, -56.0000,  153, 153, 153
L -1792.0000, 431.0000, -56.0000,  -1731.0000, 430.0000, -56.0000,  153, 153, 153
L -1731.0000, 430.0000, -56.0000,  -1730.0000, 366.0000, -56.0000,  153, 153, 153
L -1730.0000, 366.0000, -56.0000,  -1703.0000, 366.0000, -56.0000,  153, 153, 153
L -1703.0000, 366.0000, -56.0000,  -1701.0000, 382.0000, -56.0000,  153, 153, 153
L -1701.0000, 382.0000, -56.0000,  -1661.0000, 382.0000, -56.0000,  153, 153, 153
L -1661.0000, 382.0000, -56.0000,  -1609.0000, 384.0000, -56.0000,  153, 153, 153
L -1609.0000, 384.0000, -56.0000,  -1607.0000, 321.0000, -56.0000,  153, 153, 153
L -1607.0000, 321.0000, -56.0000,  -1580.0000, 321.0000, -56.0000,  153, 153, 153
L -1580.0000, 321.0000, -56.0000,  -1575.0000, 300.0000, -56.0000,  153, 153, 153
L -1575.0000, 300.0000, -56.0000,  -1569.0000, 285.0000, -56.0000,  153, 153, 153
L -1569.0000, 285.0000, -56.0000,  -1570.0000, 258.0000, -56.0000,  153, 153, 153
L -1570.0000, 258.0000, -56.0000,  -1579.0000, 256.0000, -56.0000,  153, 153, 153
L -1579.0000, 256.0000, -56.0000,  -1583.0000, 262.0000, -56.0000,  153, 153, 153
L -1583.0000, 262.0000, -56.0000,  -1599.0000, 262.0000, -56.0000,  153, 153, 153
L -1599.0000, 262.0000, -56.0000,  -1598.0000, 257.0000, -56.0000,  153, 153, 153
L -1598.0000, 257.0000, -56.0000,  -1599.0000, 253.0000, -56.0000,  153, 153, 153
L -1599.0000, 253.0000, -56.0000,  -1602.0000, 254.0000, -56.0000,  153, 153, 153
L -1602.0000, 254.0000, -56.0000,  -1608.0000, 255.0000, -56.0000,  153, 153, 153
L -1608.0000, 255.0000, -56.0000,  -1606.0000, 140.0000, -56.0000,  153, 153, 153
L -1606.0000, 140.0000, -56.0000,  -1595.0000, 137.0000, -56.0000,  153, 153, 153
L -1595.0000, 137.0000, -56.0000,  -1589.0000, 134.0000, -56.0000,  153, 153, 153
L -1589.0000, 134.0000, -56.0000,  -1583.0000, 130.0000, -56.0000,  153, 153, 153
L -1583.0000, 130.0000, -56.0000,  -1579.0000, 128.0000, -56.0000,  153, 153, 153
L -1579.0000, 128.0000, -56.0000,  -1573.0000, 117.0000, -56.0000,  153, 153, 153
L -1573.0000, 117.0000, -56.0000,  -1561.0000, 116.0000, -56.0000,  153, 153, 153
L -1561.0000, 116.0000, -56.0000,  -1558.0000, 105.0000, -56.0000,  153, 153, 153
L -1558.0000, 105.0000, -56.0000,  -1576.0000, 64.0000, -56.0000,  153, 153, 153
L -1576.0000, 64.0000, -56.0000,  -1587.0000, 19.0000, -56.0000,  153, 153, 153
L -1587.0000, 19.0000, -56.0000,  -1588.0000, -50.0000, -55.0000,  153, 153, 153
L -1588.0000, -50.0000, -55.0000,  -1777.0000, -51.0000, -55.0000,  153, 153, 153
L -1777.0000, -51.0000, -55.0000,  -1778.0000, -247.0000, -55.0000,  153, 153, 153
L -1778.0000, -247.0000, -55.0000,  -1399.0000, -249.0000, -55.0000,  153, 153, 153
L -1399.0000, -249.0000, -55.0000,  -1398.0000, -298.0000, -55.0000,  153, 153, 153
L -1398.0000, -298.0000, -55.0000,  -1338.0000, -300.0000, -55.0000,  153, 153, 153
L -1338.0000, -300.0000, -55.0000,  -1338.0000, -396.0000, -55.0000,  153, 153, 153
L -1338.0000, -396.0000, -55.0000,  -1332.0000, -397.0000, -55.0000,  153, 153, 153
L -1332.0000, -397.0000, -55.0000,  -1332.0000, -401.0000, -55.0000,  153, 153, 153
L -1332.0000, -401.0000, -55.0000,  -1376.0000, -402.0000, -55.0000,  153, 153, 153
L -1376.0000, -402.0000, -55.0000,  -1376.0000, -447.0000, -55.0000,  153, 153, 153
L -1376.0000, -447.0000, -55.0000,  -1381.0000, -447.0000, -55.0000,  153, 153, 153
L -1381.0000, -447.0000, -55.0000,  -1382.0000, -402.0000, -55.0000,  153, 153, 153
L -1382.0000, -402.0000, -55.0000,  -1426.0000, -402.0000, -55.0000,  153, 153, 153
L -1426.0000, -402.0000, -55.0000,  -1426.0000, -468.0000, -55.0000,  153, 153, 153
L -1426.0000, -468.0000, -55.0000,  -1382.0000, -468.0000, -55.0000,  153, 153, 153
L -1382.0000, -468.0000, -55.0000,  -1381.0000, -458.0000, -55.0000,  153, 153, 153
L -1381.0000, -458.0000, -55.0000,  -1377.0000, -459.0000, -55.0000,  153, 153, 153
L -1377.0000, -459.0000, -55.0000,  -1376.0000, -468.0000, -55.0000,  153, 153, 153
L -1376.0000, -468.0000, -55.0000,  -1312.0000, -468.0000, -50.0000,  153, 153, 153
L -1312.0000, -468.0000, -50.0000,  -1313.0000, -402.0000, -55.0000,  153, 153, 153
L -1313.0000, -402.0000, -55.0000,  -1322.0000, -401.0000, -55.0000,  153, 153, 153
L -1322.0000, -401.0000, -55.0000,  -1321.0000, -396.0000, -55.0000,  153, 153, 153
L -1321.0000, -396.0000, -55.0000,  -1183.0000, -396.0000, -55.0000,  153, 153, 153
L -1183.0000, -396.0000, -55.0000,  -1183.0000, -325.0000, -55.0000,  153, 153, 153
L -1183.0000, -325.0000, -55.0000,  -1152.0000, -324.0000, -55.0000,  153, 153, 153
L -1152.0000, -324.0000, -55.0000,  -1152.0000, -310.0000, -55.0000,  153, 153, 153
L -1152.0000, -310.0000, -55.0000,  -1120.0000, -271.0000, -55.0000,  153, 153, 153
L -1120.0000, -271.0000, -55.0000,  -1072.0000, -271.0000, -51.0000,  153, 153, 153
L -1072.0000, -271.0000, -51.0000,  -1072.0000, -223.0000, -55.0000,  153, 153, 153
L -1072.0000, -223.0000, -55.0000,  -1074.0000, -222.0000, -55.0000,  153, 153, 153
L -1074.0000, -222.0000, -55.0000,  -1073.0000, -215.0000, -55.0000,  153, 153, 153
L -1073.0000, -215.0000, -55.0000,  -1072.0000, -214.0000, -55.0000,  153, 153, 153
L -1072.0000, -214.0000, -55.0000,  -1070.0000, -164.0000, -55.0000,  153, 153, 153
L -1070.0000, -164.0000, -55.0000,  -999.0000, -165.0000, -55.0000,  153, 153, 153
L -999.0000, -165.0000, -55.0000,  -998.0000, -228.0000, -55.0000,  153, 153, 153
L -998.0000, -228.0000, -55.0000,  -945.0000, -227.0000, -55.0000,  153, 153, 153
L -945.0000, -227.0000, -55.0000,  -944.0000, -217.0000, -55.0000,  153, 153, 153
L -944.0000, -217.0000, -55.0000,  -905.0000, -217.0000, -55.0000,  153, 153, 153
L -905.0000, -217.0000, -55.0000,  -915.0000, -211.0000, -55.0000,  153, 153, 153
L -915.0000, -211.0000, -55.0000,  -919.0000, -204.0000, -55.0000,  153, 153, 153
L -907.0000, -180.0000, -558.0000,  -895.0000, -179.0000, -55.0000,  153, 153, 153
L -895.0000, -179.0000, -55.0000,  -887.0000, -183.0000, -55.0000,  153, 153, 153
L -887.0000, -183.0000, -55.0000,  -880.0000, -198.0000, -55.0000,  153, 153, 153
L -880.0000, -198.0000, -55.0000,  -885.0000, -210.0000, -55.0000,  153, 153, 153
L -885.0000, -210.0000, -55.0000,  -896.0000, -217.0000, -55.0000,  153, 153, 153
L -896.0000, -217.0000, -55.0000,  -872.0000, -217.0000, -55.0000,  153, 153, 153
L -872.0000, -217.0000, -55.0000,  -872.0000, -151.0000, -55.0000,  153, 153, 153
L -872.0000, -151.0000, -55.0000,  -846.0000, -71.0000, -50.0000,  153, 153, 153
L -846.0000, -71.0000, -50.0000,  -772.0000, -71.0000, -44.0000,  153, 153, 153
L -772.0000, -71.0000, -44.0000,  -771.0000, -217.0000, -64.0000,  153, 153, 153
L -771.0000, -217.0000, -64.0000,  -749.0000, -218.0000, -64.0000,  153, 153, 153
L -749.0000, -218.0000, -64.0000,  -749.0000, -290.0000, -100.0000,  153, 153, 153
L -749.0000, -290.0000, -100.0000,  -808.0000, -291.0000, -100.0000,  153, 153, 153
L -662.0000, -305.0000, -1008.0000,  -662.0000, -291.0000, -100.0000,  153, 153, 153
L -662.0000, -291.0000, -100.0000,  -720.0000, -291.0000, -100.0000,  153, 153, 153
L -720.0000, -291.0000, -100.0000,  -721.0000, -218.0000, -64.0000,  153, 153, 153
L -721.0000, -218.0000, -64.0000,  -692.0000, -217.0000, -64.0000,  153, 153, 153
L -692.0000, -217.0000, -64.0000,  -691.0000, -99.0000, -64.0000,  153, 153, 153
L -691.0000, -99.0000, -64.0000,  -649.0000, -99.0000, -44.0000,  153, 153, 153
L -689.0000, -216.0000, -448.0000,  -669.0000, -217.0000, -44.0000,  153, 153, 153
L -669.0000, -217.0000, -44.0000,  -669.0000, -162.0000, -44.0000,  153, 153, 153
L -669.0000, -162.0000, -44.0000,  -677.0000, -161.0000, -44.0000,  153, 153, 153
L -677.0000, -161.0000, -44.0000,  -677.0000, -113.0000, -44.0000,  153, 153, 153
L -677.0000, -113.0000, -44.0000,  -656.0000, -114.0000, -44.0000,  153, 153, 153
L -656.0000, -114.0000, -44.0000,  -657.0000, -119.0000, -44.0000,  153, 153, 153
L -657.0000, -119.0000, -44.0000,  -670.0000, -120.0000, -44.0000,  153, 153, 153
L -670.0000, -120.0000, -44.0000,  -670.0000, -154.0000, -44.0000,  153, 153, 153
L -670.0000, -154.0000, -44.0000,  -627.0000, -154.0000, -44.0000,  153, 153, 153
L -627.0000, -154.0000, -44.0000,  -627.0000, -120.0000, -43.0000,  153, 153, 153
L -627.0000, -120.0000, -43.0000,  -645.0000, -119.0000, -44.0000,  153, 153, 153
L -645.0000, -119.0000, -44.0000,  -645.0000, -113.0000, -44.0000,  153, 153, 153
L -645.0000, -113.0000, -44.0000,  -622.0000, -112.0000, -44.0000,  153, 153, 153
L -622.0000, -112.0000, -44.0000,  -620.0000, -98.0000, -43.0000,  153, 153, 153
L -620.0000, -98.0000, -43.0000,  -593.0000, -100.0000, -28.0000,  153, 153, 153
L -591.0000, -80.0000, -289.0000,  -621.0000, -81.0000, -44.0000,  153, 153, 153
L -621.0000, -81.0000, -44.0000,  -622.0000, -28.0000, -41.0000,  153, 153, 153
L -622.0000, -28.0000, -41.0000,  -678.0000, -26.0000, -44.0000,  153, 153, 153
L -678.0000, -26.0000, -44.0000,  -679.0000, -48.0000, -44.0000,  153, 153, 153
L -679.0000, -48.0000, -44.0000,  -773.0000, -48.0000, -44.0000,  153, 153, 153
L -773.0000, -48.0000, -44.0000,  -774.0000, -51.0000, -44.0000,  153, 153, 153
L -774.0000, -51.0000, -44.0000,  -835.0000, -51.0000, -44.0000,  153, 153, 153
L -835.0000, -51.0000, -44.0000,  -837.0000, -39.0000, -55.0000,  153, 153, 153
L -837.0000, -39.0000, -55.0000,  -906.0000, -39.0000, -55.0000,  153, 153, 153
L -906.0000, -39.0000, -55.0000,  -906.0000, -49.0000, -55.0000,  153, 153, 153
L -906.0000, -49.0000, -55.0000,  -918.0000, -51.0000, -55.0000,  153, 153, 153
L -918.0000, -51.0000, -55.0000,  -919.0000, -71.0000, -55.0000,  153, 153, 153
L -919.0000, -71.0000, -55.0000,  -1004.0000, -111.0000, -55.0000,  153, 153, 153
L -1004.0000, -111.0000, -55.0000,  -1004.0000, -117.0000, -55.0000,  153, 153, 153
L -1004.0000, -117.0000, -55.0000,  -1005.0000, -118.0000, -55.0000,  153, 153, 153
L -1005.0000, -118.0000, -55.0000,  -1005.0000, -138.0000, -55.0000,  153, 153, 153
L -1005.0000, -138.0000, -55.0000,  -1011.0000, -144.0000, -55.0000,  153, 153, 153
L -1011.0000, -144.0000, -55.0000,  -1063.0000, -143.0000, -55.0000,  153, 153, 153
L -1063.0000, -143.0000, -55.0000,  -1064.0000, -112.0000, -55.0000,  153, 153, 153
L -1064.0000, -112.0000, -55.0000,  -1078.0000, -112.0000, -55.0000,  153, 153, 153
L -1078.0000, -112.0000, -55.0000,  -1071.0000, -118.0000, -55.0000,  153, 153, 153
L -1071.0000, -118.0000, -55.0000,  -1071.0000, -129.0000, -55.0000,  153, 153, 153
L -1071.0000, -129.0000, -55.0000,  -1079.0000, -139.0000, -55.0000,  153, 153, 153
L -1079.0000, -139.0000, -55.0000,  -1086.0000, -139.0000, -55.0000,  153, 153, 153
L -1086.0000, -139.0000, -55.0000,  -1094.0000, -136.0000, -55.0000,  153, 153, 153
L -1099.0000, -125.0000, -558.0000,  -1097.0000, -116.0000, -55.0000,  153, 153, 153
L -1097.0000, -116.0000, -55.0000,  -1092.0000, -112.0000, -55.0000,  153, 153, 153
L -1092.0000, -112.0000, -55.0000,  -1115.0000, -111.0000, -55.0000,  153, 153, 153
L -1115.0000, -111.0000, -55.0000,  -1151.0000, -52.0000, -55.0000,  153, 153, 153
L -1151.0000, -52.0000, -55.0000,  -1551.0000, -52.0000, -55.0000,  153, 153, 153
L -1551.0000, -52.0000, -55.0000,  -1552.0000, 15.0000, -56.0000,  153, 153, 153
L -1552.0000, 15.0000, -56.0000,  -1532.0000, 59.0000, -56.0000,  153, 153, 153
L -1532.0000, 59.0000, -56.0000,  -1531.0000, 116.0000, -56.0000,  153, 153, 153
L -1531.0000, 116.0000, -56.0000,  -1487.0000, 135.0000, -56.0000,  153, 153, 153
L -1487.0000, 135.0000, -56.0000,  -1487.0000, 189.0000, -55.0000,  153, 153, 153
L -1487.0000, 189.0000, -55.0000,  -1476.0000, 217.0000, -45.0000,  153, 153, 153
L -1476.0000, 217.0000, -45.0000,  -1483.0000, 233.0000, -39.0000,  153, 153, 153
L -1483.0000, 233.0000, -39.0000,  -1485.0000, 243.0000, -36.0000,  153, 153, 153
L -1485.0000, 243.0000, -36.0000,  -1485.0000, 262.0000, -35.0000,  153, 153, 153
L -1485.0000, 262.0000, -35.0000,  -1552.0000, 264.0000, -33.0000,  153, 153, 153
L -1552.0000, 264.0000, -33.0000,  -1551.0000, 280.0000, -33.0000,  153, 153, 153
L -1551.0000, 280.0000, -33.0000,  -1530.0000, 282.0000, -33.0000,  153, 153, 153
L -1530.0000, 282.0000, -33.0000,  -1529.0000, 284.0000, -33.0000,  153, 153, 153
L -1529.0000, 284.0000, -33.0000,  -1522.0000, 289.0000, -33.0000,  153, 153, 153
L -1522.0000, 289.0000, -33.0000,  -1522.0000, 293.0000, -33.0000,  153, 153, 153
L -1522.0000, 293.0000, -33.0000,  -1525.0000, 298.0000, -33.0000,  153, 153, 153
L -1525.0000, 298.0000, -33.0000,  -1527.0000, 309.0000, -33.0000,  153, 153, 153
L -1527.0000, 309.0000, -33.0000,  -1521.0000, 322.0000, -33.0000,  153, 153, 153
L -1521.0000, 322.0000, -33.0000,  -1511.0000, 324.0000, -33.0000,  153, 153, 153
L -1511.0000, 324.0000, -33.0000,  -1506.0000, 314.0000, -33.0000,  153, 153, 153
L -1506.0000, 314.0000, -33.0000,  -1502.0000, 305.0000, -33.0000,  153, 153, 153
L -1502.0000, 305.0000, -33.0000,  -1501.0000, 301.0000, -33.0000,  153, 153, 153
L -1501.0000, 301.0000, -33.0000,  -1479.0000, 301.0000, -33.0000,  153, 153, 153
L -1479.0000, 301.0000, -33.0000,  -1478.0000, 328.0000, -33.0000,  153, 153, 153
L -1478.0000, 328.0000, -33.0000,  -1433.0000, 329.0000, -27.0000,  153, 153, 153
L -1433.0000, 329.0000, -27.0000,  -1432.0000, 383.0000, -33.0000,  153, 153, 153
L -1432.0000, 383.0000, -33.0000,  -1432.0000, 462.0000, -33.0000,  153, 153, 153
L -1432.0000, 462.0000, -33.0000,  -1431.0000, 469.0000, -33.0000,  153, 153, 153
L -1470.0000, 469.0000, -338.0000,  -1468.0000, 509.0000, -44.0000,  153, 153, 153
L -1468.0000, 509.0000, -44.0000,  -1452.0000, 536.0000, -44.0000,  153, 153, 153
L -1452.0000, 536.0000, -44.0000,  -1410.0000, 537.0000, -50.0000,  153, 153, 153
L -1410.0000, 537.0000, -50.0000,  -1410.0000, 544.0000, -53.0000,  153, 153, 153
L -1410.0000, 544.0000, -53.0000,  -1464.0000, 544.0000, -50.0000,  153, 153, 153
L -1464.0000, 544.0000, -50.0000,  -1481.0000, 509.0000, -49.0000,  153, 153, 153
L -1481.0000, 509.0000, -49.0000,  -1492.0000, 469.0000, -41.0000,  153, 153, 153
L -1492.0000, 469.0000, -41.0000,  -1490.0000, 434.0000, -33.0000,  153, 153, 153
L -1490.0000, 434.0000, -33.0000,  -1490.0000, 370.0000, -33.0000,  153, 153, 153
L -1378.0000, 789.0000, -778.0000,  -1370.0000, 769.0000, -69.0000,  153, 153, 153
L -1370.0000, 769.0000, -69.0000,  -1373.0000, 749.0000, -64.0000,  153, 153, 153
L -1373.0000, 749.0000, -64.0000,  -1364.0000, 730.0000, -64.0000,  153, 153, 153
L -1364.0000, 730.0000, -64.0000,  -1358.0000, 709.0000, -64.0000,  153, 153, 153
L -1358.0000, 709.0000, -64.0000,  -1360.0000, 687.0000, -64.0000,  153, 153, 153
L -1360.0000, 687.0000, -64.0000,  -1449.0000, 687.0000, -59.0000,  153, 153, 153
L -1449.0000, 687.0000, -59.0000,  -1449.0000, 631.0000, -53.0000,  153, 153, 153
L -1449.0000, 631.0000, -53.0000,  -1420.0000, 630.0000, -53.0000,  153, 153, 153
L -1420.0000, 630.0000, -53.0000,  -1421.0000, 577.0000, -50.0000,  153, 153, 153
L -1421.0000, 577.0000, -50.0000,  -1479.0000, 575.0000, -50.0000,  153, 153, 153
L -1479.0000, 575.0000, -50.0000,  -1479.0000, 549.0000, -49.0000,  153, 153, 153
L -1479.0000, 549.0000, -49.0000,  -1500.0000, 508.0000, -49.0000,  153, 153, 153
L -1500.0000, 508.0000, -49.0000,  -1508.0000, 475.0000, -43.0000,  153, 153, 153
L -1508.0000, 475.0000, -43.0000,  -1509.0000, 451.0000, -38.0000,  153, 153, 153
L -1509.0000, 451.0000, -38.0000,  -1509.0000, 394.0000, -33.0000,  153, 153, 153
L -1509.0000, 394.0000, -33.0000,  -1508.0000, 365.0000, -33.0000,  153, 153, 153
L -1508.0000, 365.0000, -33.0000,  -1534.0000, 348.0000, -33.0000,  153, 153, 153
L -1534.0000, 348.0000, -33.0000,  -1535.0000, 298.0000, -33.0000,  153, 153, 153
L -1535.0000, 298.0000, -33.0000,  -1563.0000, 297.0000, -33.0000,  153, 153, 153
L -1563.0000, 297.0000, -33.0000,  -1568.0000, 289.0000, -33.0000,  153, 153, 153
L -1568.0000, 289.0000, -33.0000,  -1569.0000, 263.0000, -33.0000,  153, 153, 153
L -1569.0000, 263.0000, -33.0000,  -1608.0000, 262.0000, -33.0000,  153, 153, 153
L -1608.0000, 262.0000, -33.0000,  -1608.0000, 245.0000, -33.0000,  153, 153, 153
L -1608.0000, 245.0000, -33.0000,  -1608.0000, 163.0000, -56.0000,  153, 153, 153
L -1608.0000, 163.0000, -56.0000,  -1606.0000, 140.0000, -56.0000,  153, 153, 153
L -1606.0000, 140.0000, -56.0000,  -1586.0000, 133.0000, -56.0000,  153, 153, 153
L -1586.0000, 133.0000, -56.0000,  -1579.0000, 128.0000, -56.0000,  153, 153, 153
L -1579.0000, 128.0000, -56.0000,  -1574.0000, 117.0000, -56.0000,  153, 153, 153
L -1551.0000, 263.0000, -568.0000,  -1552.0000, 284.0000, -56.0000,  153, 153, 153
L -1552.0000, 284.0000, -56.0000,  -1557.0000, 297.0000, -56.0000,  153, 153, 153
L -1557.0000, 297.0000, -56.0000,  -1562.0000, 323.0000, -56.0000,  153, 153, 153
L -1562.0000, 323.0000, -56.0000,  -1574.0000, 337.0000, -56.0000,  153, 153, 153
L -1574.0000, 337.0000, -56.0000,  -1591.0000, 346.0000, -56.0000,  153, 153, 153
L -1591.0000, 346.0000, -56.0000,  -1562.0000, 346.0000, -56.0000,  153, 153, 153
L -1562.0000, 346.0000, -56.0000,  -1561.0000, 460.0000, -56.0000,  153, 153, 153
L -1561.0000, 460.0000, -56.0000,  -1542.0000, 479.0000, -56.0000,  153, 153, 153
L -1542.0000, 479.0000, -56.0000,  -1541.0000, 570.0000, -56.0000,  153, 153, 153
L -1541.0000, 570.0000, -56.0000,  -1528.0000, 570.0000, -51.0000,  153, 153, 153
L -1528.0000, 570.0000, -51.0000,  -1527.0000, 513.0000, -50.0000,  153, 153, 153
L -1527.0000, 513.0000, -50.0000,  -1498.0000, 546.0000, -57.0000,  153, 153, 153
L -1498.0000, 546.0000, -57.0000,  -1487.0000, 548.0000, -55.0000,  153, 153, 153
L -1487.0000, 548.0000, -55.0000,  -1487.0000, 572.0000, -55.0000,  153, 153, 153
L -1487.0000, 572.0000, -55.0000,  -1498.0000, 573.0000, -59.0000,  153, 153, 153
L -1498.0000, 573.0000, -59.0000,  -1497.0000, 664.0000, -59.0000,  153, 153, 153
L -1497.0000, 664.0000, -59.0000,  -1489.0000, 668.0000, -59.0000,  153, 153, 153
L -1489.0000, 668.0000, -59.0000,  -1489.0000, 709.0000, -59.0000,  153, 153, 153
L -1489.0000, 709.0000, -59.0000,  -1531.0000, 710.0000, -59.0000,  153, 153, 153
L -1531.0000, 710.0000, -59.0000,  -1532.0000, 695.0000, -59.0000,  153, 153, 153
L -1532.0000, 695.0000, -59.0000,  -1561.0000, 695.0000, -61.0000,  153, 153, 153
L -1561.0000, 695.0000, -61.0000,  -1561.0000, 840.0000, -71.0000,  153, 153, 153
L -1561.0000, 840.0000, -71.0000,  -1545.0000, 859.0000, -74.0000,  153, 153, 153
L -1545.0000, 859.0000, -74.0000,  -1530.0000, 858.0000, -75.0000,  153, 153, 153
L -1530.0000, 858.0000, -75.0000,  -1519.0000, 852.0000, -75.0000,  153, 153, 153
L -1519.0000, 852.0000, -75.0000,  -1511.0000, 842.0000, -77.0000,  153, 153, 153
L -1511.0000, 842.0000, -77.0000,  -1508.0000, 833.0000, -77.0000,  153, 153, 153
L -1508.0000, 833.0000, -77.0000,  -1442.0000, 814.0000, -77.0000,  153, 153, 153
L -1442.0000, 814.0000, -77.0000,  -1379.0000, 810.0000, -77.0000,  153, 153, 153
L -1379.0000, 810.0000, -77.0000,  -1378.0000, 789.0000, -77.0000,  153, 153, 153
L -1661.0000, 656.0000, -568.0000,  -1720.0000, 627.0000, -56.0000,  153, 153, 153
L -1720.0000, 627.0000, -56.0000,  -1750.0000, 571.0000, -56.0000,  153, 153, 153
L -1750.0000, 571.0000, -56.0000,  -1750.0000, 541.0000, -56.0000,  153, 153, 153
L -1750.0000, 541.0000, -56.0000,  -1720.0000, 487.0000, -56.0000,  153, 153, 153
L -1720.0000, 487.0000, -56.0000,  -1662.0000, 457.0000, -56.0000,  153, 153, 153
L -1639.0000, 458.0000, -568.0000,  -1579.0000, 488.0000, -56.0000,  153, 153, 153
L -1579.0000, 488.0000, -56.0000,  -1550.0000, 541.0000, -56.0000,  153, 153, 153
L -1550.0000, 541.0000, -56.0000,  -1550.0000, 574.0000, -56.0000,  153, 153, 153
L -1550.0000, 574.0000, -56.0000,  -1579.0000, 626.0000, -56.0000,  153, 153, 153
L -1579.0000, 626.0000, -56.0000,  -1638.0000, 656.0000, -56.0000,  153, 153, 153
L -1760.0000, -110.0000, -558.0000,  -1380.0000, -110.0000, -55.0000,  0, 0, 255
L -1380.0000, -110.0000, -55.0000,  -1380.0000, -230.0000, -55.0000,  0, 0, 255
L -1380.0000, -230.0000, -55.0000,  -1759.0000, -230.0000, -55.0000,  0, 0, 255
L -1759.0000, -230.0000, -55.0000,  -1759.0000, -110.0000, -55.0000,  0, 0, 255
L -1760.0000, -160.0000, -558.0000,  -1590.0000, -160.0000, -57.0000,  153, 153, 153
L -1590.0000, -160.0000, -57.0000,  -1590.0000, -150.0000, -58.0000,  153, 153, 153
L -1590.0000, -150.0000, -58.0000,  -1579.0000, -150.0000, -57.0000,  153, 153, 153
L -1579.0000, -150.0000, -57.0000,  -1579.0000, -110.0000, -55.0000,  153, 153, 153
L -1561.0000, -110.0000, -558.0000,  -1560.0000, -150.0000, -57.0000,  153, 153, 153
L -1560.0000, -150.0000, -57.0000,  -1550.0000, -150.0000, -59.0000,  153, 153, 153
L -1550.0000, -150.0000, -59.0000,  -1550.0000, -160.0000, -58.0000,  153, 153, 153
L -1550.0000, -160.0000, -58.0000,  -1492.0000, -158.0000, -66.0000,  153, 153, 153
L -1492.0000, -158.0000, -66.0000,  -1491.0000, -154.0000, -68.0000,  153, 153, 153
L -1491.0000, -154.0000, -68.0000,  -1459.0000, -154.0000, -69.0000,  153, 153, 153
L -1459.0000, -154.0000, -69.0000,  -1460.0000, -187.0000, -70.0000,  153, 153, 153
L -1460.0000, -187.0000, -70.0000,  -1492.0000, -185.0000, -70.0000,  153, 153, 153
L -1492.0000, -185.0000, -70.0000,  -1492.0000, -182.0000, -67.0000,  153, 153, 153
L -1492.0000, -182.0000, -67.0000,  -1548.0000, -182.0000, -65.0000,  153, 153, 153
L -1548.0000, -182.0000, -65.0000,  -1549.0000, -191.0000, -70.0000,  153, 153, 153
L -1549.0000, -191.0000, -70.0000,  -1558.0000, -192.0000, -64.0000,  153, 153, 153
L -1558.0000, -192.0000, -64.0000,  -1558.0000, -228.0000, -65.0000,  153, 153, 153
L -1580.0000, -230.0000, -558.0000,  -1578.0000, -189.0000, -58.0000,  153, 153, 153
L -1578.0000, -189.0000, -58.0000,  -1589.0000, -190.0000, -58.0000,  153, 153, 153
L -1589.0000, -190.0000, -58.0000,  -1589.0000, -180.0000, -58.0000,  153, 153, 153
L -1589.0000, -180.0000, -58.0000,  -1757.0000, -180.0000, -57.0000,  153, 153, 153
L -1352.0000, -252.0000, -558.0000,  -1371.0000, -251.0000, -55.0000,  153, 153, 153
L -1371.0000, -251.0000, -55.0000,  -1371.0000, -130.0000, -55.0000,  153, 153, 153
L -1371.0000, -130.0000, -55.0000,  -1352.0000, -128.0000, -55.0000,  153, 153, 153
L -1352.0000, -128.0000, -55.0000,  -1350.0000, -118.0000, -55.0000,  153, 153, 153
L -1350.0000, -118.0000, -55.0000,  -1342.0000, -118.0000, -55.0000,  153, 153, 153
L -1342.0000, -118.0000, -55.0000,  -1341.0000, -99.0000, -55.0000,  153, 153, 153
L -1341.0000, -99.0000, -55.0000,  -1179.0000, -99.0000, -55.0000,  153, 153, 153
L -1179.0000, -99.0000, -55.0000,  -1178.0000, -118.0000, -55.0000,  153, 153, 153
L -1178.0000, -118.0000, -55.0000,  -1169.0000, -119.0000, -55.0000,  153, 153, 153
L -1169.0000, -119.0000, -55.0000,  -1168.0000, -128.0000, -55.0000,  153, 153, 153
L -1168.0000, -128.0000, -55.0000,  -1149.0000, -129.0000, -55.0000,  153, 153, 153
L -1149.0000, -129.0000, -55.0000,  -1149.0000, -182.0000, -55.0000,  153, 153, 153
L -1149.0000, -182.0000, -55.0000,  -1161.0000, -181.0000, -55.0000,  153, 153, 153
L -1161.0000, -181.0000, -55.0000,  -1162.0000, -142.0000, -55.0000,  153, 153, 153
L -1162.0000, -142.0000, -55.0000,  -1181.0000, -141.0000, -55.0000,  153, 153, 153
L -1181.0000, -141.0000, -55.0000,  -1182.0000, -132.0000, -55.0000,  153, 153, 153
L -1182.0000, -132.0000, -55.0000,  -1192.0000, -130.0000, -55.0000,  153, 153, 153
L -1192.0000, -130.0000, -55.0000,  -1192.0000, -112.0000, -55.0000,  153, 153, 153
L -1192.0000, -112.0000, -55.0000,  -1328.0000, -112.0000, -55.0000,  153, 153, 153
L -1328.0000, -112.0000, -55.0000,  -1329.0000, -131.0000, -55.0000,  153, 153, 153
L -1329.0000, -131.0000, -55.0000,  -1338.0000, -132.0000, -55.0000,  153, 153, 153
L -1338.0000, -132.0000, -55.0000,  -1340.0000, -141.0000, -55.0000,  153, 153, 153
L -1340.0000, -141.0000, -55.0000,  -1358.0000, -142.0000, -55.0000,  153, 153, 153
L -1358.0000, -142.0000, -55.0000,  -1358.0000, -238.0000, -55.0000,  153, 153, 153
L -1358.0000, -238.0000, -55.0000,  -1339.0000, -239.0000, -55.0000,  153, 153, 153
L -1339.0000, -239.0000, -55.0000,  -1338.0000, -248.0000, -55.0000,  153, 153, 153
L -1338.0000, -248.0000, -55.0000,  -1329.0000, -249.0000, -55.0000,  153, 153, 153
L -1329.0000, -249.0000, -55.0000,  -1328.0000, -268.0000, -55.0000,  153, 153, 153
L -1328.0000, -268.0000, -55.0000,  -1192.0000, -268.0000, -55.0000,  153, 153, 153
L -1192.0000, -268.0000, -55.0000,  -1191.0000, -249.0000, -55.0000,  153, 153, 153
L -1191.0000, -249.0000, -55.0000,  -1182.0000, -248.0000, -55.0000,  153, 153, 153
L -1182.0000, -248.0000, -55.0000,  -1181.0000, -239.0000, -55.0000,  153, 153, 153
L -1181.0000, -239.0000, -55.0000,  -1162.0000, -238.0000, -55.0000,  153, 153, 153
L -1162.0000, -238.0000, -55.0000,  -1161.0000, -199.0000, -55.0000,  153, 153, 153
L -1161.0000, -199.0000, -55.0000,  -1149.0000, -199.0000, -55.0000,  153, 153, 153
L -1149.0000, -199.0000, -55.0000,  -1149.0000, -251.0000, -55.0000,  153, 153, 153
L -1149.0000, -251.0000, -55.0000,  -1168.0000, -252.0000, -55.0000,  153, 153, 153
L -1168.0000, -252.0000, -55.0000,  -1169.0000, -261.0000, -55.0000,  153, 153, 153
L -1169.0000, -261.0000, -55.0000,  -1178.0000, -262.0000, -55.0000,  153, 153, 153
L -1178.0000, -262.0000, -55.0000,  -1179.0000, -281.0000, -55.0000,  153, 153, 153
L -1179.0000, -281.0000, -55.0000,  -1341.0000, -281.0000, -55.0000,  153, 153, 153
L -1341.0000, -281.0000, -55.0000,  -1342.0000, -262.0000, -55.0000,  153, 153, 153
L -1342.0000, -262.0000, -55.0000,  -1352.0000, -260.0000, -55.0000,  153, 153, 153
L -1352.0000, -260.0000, -55.0000,  -1352.0000, -252.0000, -55.0000,  153, 153, 153
L -1262.0000, -374.0000, -558.0000,  -1321.0000, -373.0000, -55.0000,  153, 153, 153
L -1321.0000, -373.0000, -55.0000,  -1321.0000, -329.0000, -55.0000,  153, 153, 153
L -1321.0000, -329.0000, -55.0000,  -1197.0000, -329.0000, -55.0000,  153, 153, 153
L -1197.0000, -329.0000, -55.0000,  -1197.0000, -384.0000, -55.0000,  153, 153, 153
L -1197.0000, -384.0000, -55.0000,  -1261.0000, -384.0000, -55.0000,  153, 153, 153
L -1261.0000, -384.0000, -55.0000,  -1262.0000, -373.0000, -55.0000,  153, 153, 153
L -808.0000, -291.0000, -1008.0000,  -808.0000, -300.0000, -100.0000,  153, 153, 153
L -781.0000, -319.0000, -1008.0000,  -689.0000, -319.0000, -100.0000,  153, 153, 153
L 91.0000, -818.0000, -908.0000,  116.0000, -819.0000, -90.0000,  153, 153, 153
L 116.0000, -819.0000, -90.0000,  116.0000, -837.0000, -87.0000,  153, 153, 153
L 116.0000, -837.0000, -87.0000,  83.0000, -838.0000, -87.0000,  153, 153, 153
L 83.0000, -838.0000, -87.0000,  63.0000, -861.0000, -87.0000,  153, 153, 153
L 63.0000, -861.0000, -87.0000,  33.0000, -862.0000, -87.0000,  153, 153, 153
L 33.0000, -862.0000, -87.0000,  -1.0000, -897.0000, -87.0000,  153, 153, 153
L -1.0000, -897.0000, -87.0000,  -2.0000, -1011.0000, -87.0000,  153, 153, 153
L -2.0000, -1011.0000, -87.0000,  -32.0000, -1010.0000, -75.0000,  153, 153, 153
L -32.0000, -1010.0000, -75.0000,  -32.0000, -1002.0000, -75.0000,  153, 153, 153
L -32.0000, -1002.0000, -75.0000,  -40.0000, -1001.0000, -75.0000,  153, 153, 153
L -40.0000, -1001.0000, -75.0000,  -41.0000, -975.0000, -61.0000,  153, 153, 153
L -41.0000, -975.0000, -61.0000,  -26.0000, -975.0000, -61.0000,  153, 153, 153
L -26.0000, -975.0000, -61.0000,  -26.0000, -1001.0000, -46.0000,  153, 153, 153
L -26.0000, -1001.0000, -46.0000,  -26.0000, -1065.0000, -59.0000,  153, 153, 153
L -26.0000, -1065.0000, -59.0000,  -41.0000, -1065.0000, -61.0000,  153, 153, 153
L -41.0000, -1065.0000, -61.0000,  -41.0000, -1039.0000, -75.0000,  153, 153, 153
L -41.0000, -1039.0000, -75.0000,  -32.0000, -1038.0000, -75.0000,  153, 153, 153
L -32.0000, -1038.0000, -75.0000,  -31.0000, -1029.0000, -75.0000,  153, 153, 153
L -31.0000, -1029.0000, -75.0000,  -2.0000, -1029.0000, -87.0000,  153, 153, 153
L -2.0000, -1029.0000, -87.0000,  -1.0000, -1089.0000, -87.0000,  153, 153, 153
L -1.0000, -1089.0000, -87.0000,  51.0000, -1142.0000, -87.0000,  153, 153, 153
L 51.0000, -1142.0000, -87.0000,  115.0000, -1143.0000, -87.0000,  153, 153, 153
L 115.0000, -1143.0000, -87.0000,  115.0000, -1219.0000, -87.0000,  153, 153, 153
L 115.0000, -1219.0000, -87.0000,  51.0000, -1220.0000, -92.0000,  153, 153, 153
L 51.0000, -1220.0000, -92.0000,  11.0000, -1292.0000, -92.0000,  153, 153, 153
L 11.0000, -1292.0000, -92.0000,  10.0000, -1335.0000, -98.0000,  153, 153, 153
L 10.0000, -1335.0000, -98.0000,  -30.0000, -1335.0000, -98.0000,  153, 153, 153
L -30.0000, -1335.0000, -98.0000,  -31.0000, -1315.0000, -98.0000,  153, 153, 153
L -31.0000, -1315.0000, -98.0000,  -33.0000, -1314.0000, -98.0000,  153, 153, 153
L -33.0000, -1314.0000, -98.0000,  -34.0000, -1312.0000, -98.0000,  153, 153, 153
L -34.0000, -1312.0000, -98.0000,  -92.0000, -1312.0000, -98.0000,  153, 153, 153
L -92.0000, -1312.0000, -98.0000,  -93.0000, -1314.0000, -98.0000,  153, 153, 153
L -93.0000, -1314.0000, -98.0000,  -95.0000, -1315.0000, -98.0000,  153, 153, 153
L -95.0000, -1315.0000, -98.0000,  -97.0000, -1339.0000, -98.0000,  153, 153, 153
L -97.0000, -1339.0000, -98.0000,  -103.0000, -1340.0000, -98.0000,  153, 153, 153
L -103.0000, -1340.0000, -98.0000,  -103.0000, -1316.0000, -98.0000,  153, 153, 153
L -103.0000, -1316.0000, -98.0000,  -126.0000, -1316.0000, -98.0000,  153, 153, 153
L -126.0000, -1316.0000, -98.0000,  -126.0000, -1372.0000, -98.0000,  153, 153, 153
L -126.0000, -1372.0000, -98.0000,  -103.0000, -1372.0000, -98.0000,  153, 153, 153
L -103.0000, -1372.0000, -98.0000,  -102.0000, -1350.0000, -98.0000,  153, 153, 153
L -102.0000, -1350.0000, -98.0000,  -96.0000, -1350.0000, -98.0000,  153, 153, 153
L -96.0000, -1350.0000, -98.0000,  -95.0000, -1373.0000, -98.0000,  153, 153, 153
L -95.0000, -1373.0000, -98.0000,  -93.0000, -1374.0000, -98.0000,  153, 153, 153
L -93.0000, -1374.0000, -98.0000,  -92.0000, -1376.0000, -98.0000,  153, 153, 153
L -92.0000, -1376.0000, -98.0000,  -72.0000, -1377.0000, -98.0000,  153, 153, 153
L -72.0000, -1377.0000, -98.0000,  -72.0000, -1439.0000, -98.0000,  153, 153, 153
L -72.0000, -1439.0000, -98.0000,  -95.0000, -1440.0000, -98.0000,  153, 153, 153
L -95.0000, -1440.0000, -98.0000,  -95.0000, -1496.0000, -98.0000,  153, 153, 153
L -95.0000, -1496.0000, -98.0000,  -55.0000, -1496.0000, -98.0000,  153, 153, 153
L -55.0000, -1496.0000, -98.0000,  -54.0000, -1377.0000, -98.0000,  153, 153, 153
L -54.0000, -1377.0000, -98.0000,  -34.0000, -1376.0000, -98.0000,  153, 153, 153
L -34.0000, -1376.0000, -98.0000,  -33.0000, -1374.0000, -98.0000,  153, 153, 153
L -33.0000, -1374.0000, -98.0000,  -31.0000, -1373.0000, -98.0000,  153, 153, 153
L -31.0000, -1373.0000, -98.0000,  -30.0000, -1353.0000, -98.0000,  153, 153, 153
L -30.0000, -1353.0000, -98.0000,  10.0000, -1353.0000, -98.0000,  153, 153, 153
L 10.0000, -1353.0000, -98.0000,  11.0000, -1508.0000, -98.0000,  153, 153, 153
L 11.0000, -1508.0000, -98.0000,  233.0000, -1508.0000, -98.0000,  153, 153, 153
L 233.0000, -1508.0000, -98.0000,  234.0000, -1353.0000, -98.0000,  153, 153, 153
L 234.0000, -1353.0000, -98.0000,  279.0000, -1353.0000, -98.0000,  153, 153, 153
L 279.0000, -1353.0000, -98.0000,  280.0000, -1376.0000, -98.0000,  153, 153, 153
L 280.0000, -1376.0000, -98.0000,  344.0000, -1376.0000, -98.0000,  153, 153, 153
L 344.0000, -1376.0000, -98.0000,  344.0000, -1312.0000, -98.0000,  153, 153, 153
L 344.0000, -1312.0000, -98.0000,  280.0000, -1312.0000, -98.0000,  153, 153, 153
L 280.0000, -1312.0000, -98.0000,  279.0000, -1335.0000, -98.0000,  153, 153, 153
L 279.0000, -1335.0000, -98.0000,  234.0000, -1335.0000, -98.0000,  153, 153, 153
L 234.0000, -1335.0000, -98.0000,  233.0000, -1292.0000, -92.0000,  153, 153, 153
L 233.0000, -1292.0000, -92.0000,  197.0000, -1220.0000, -92.0000,  153, 153, 153
L 197.0000, -1220.0000, -92.0000,  139.0000, -1219.0000, -87.0000,  153, 153, 153
L 139.0000, -1219.0000, -87.0000,  139.0000, -1143.0000, -87.0000,  153, 153, 153
L 139.0000, -1143.0000, -87.0000,  197.0000, -1142.0000, -87.0000,  153, 153, 153
L 197.0000, -1142.0000, -87.0000,  250.0000, -1089.0000, -87.0000,  153, 153, 153
L 250.0000, -1089.0000, -87.0000,  251.0000, -1029.0000, -87.0000,  153, 153, 153
L 251.0000, -1029.0000, -87.0000,  280.0000, -1029.0000, -75.0000,  153, 153, 153
L 280.0000, -1029.0000, -75.0000,  281.0000, -1038.0000, -75.0000,  153, 153, 153
L 281.0000, -1038.0000, -75.0000,  290.0000, -1039.0000, -75.0000,  153, 153, 153
L 290.0000, -1039.0000, -75.0000,  290.0000, -1065.0000, -61.0000,  153, 153, 153
L 290.0000, -1065.0000, -61.0000,  275.0000, -1065.0000, -59.0000,  153, 153, 153
L 275.0000, -1065.0000, -59.0000,  275.0000, -975.0000, -61.0000,  153, 153, 153
L 275.0000, -975.0000, -61.0000,  290.0000, -975.0000, -61.0000,  153, 153, 153
L 290.0000, -975.0000, -61.0000,  290.0000, -1001.0000, -75.0000,  153, 153, 153
L 290.0000, -1001.0000, -75.0000,  281.0000, -1002.0000, -75.0000,  153, 153, 153
L 281.0000, -1002.0000, -75.0000,  280.0000, -1011.0000, -75.0000,  153, 153, 153
L 280.0000, -1011.0000, -75.0000,  251.0000, -1010.0000, -87.0000,  153, 153, 153
L 251.0000, -1010.0000, -87.0000,  250.0000, -901.0000, -87.0000,  153, 153, 153
L 250.0000, -901.0000, -87.0000,  221.0000, -862.0000, -87.0000,  153, 153, 153
L 221.0000, -862.0000, -87.0000,  191.0000, -861.0000, -87.0000,  153, 153, 153
L 191.0000, -861.0000, -87.0000,  171.0000, -838.0000, -87.0000,  153, 153, 153
L 171.0000, -838.0000, -87.0000,  138.0000, -837.0000, -87.0000,  153, 153, 153
L 138.0000, -837.0000, -87.0000,  138.0000, -819.0000, -90.0000,  153, 153, 153
L 138.0000, -819.0000, -90.0000,  167.0000, -818.0000, -90.0000,  153, 153, 153
L 167.0000, -818.0000, -90.0000,  167.0000, -768.0000, -89.0000,  153, 153, 153
L 167.0000, -768.0000, -89.0000,  151.0000, -755.0000, -83.0000,  153, 153, 153
L 151.0000, -755.0000, -83.0000,  140.0000, -753.0000, -80.0000,  153, 153, 153
L 140.0000, -753.0000, -80.0000,  141.0000, -727.0000, -76.0000,  153, 153, 153
L 141.0000, -727.0000, -76.0000,  134.0000, -726.0000, -79.0000,  153, 153, 153
L 134.0000, -726.0000, -79.0000,  132.0000, -682.0000, -76.0000,  153, 153, 153
L 132.0000, -682.0000, -76.0000,  116.0000, -650.0000, -67.0000,  153, 153, 153
L 116.0000, -650.0000, -67.0000,  111.0000, -631.0000, -58.0000,  153, 153, 153
L 111.0000, -631.0000, -58.0000,  111.0000, -588.0000, -52.0000,  153, 153, 153
L 111.0000, -588.0000, -52.0000,  101.0000, -533.0000, -41.0000,  153, 153, 153
L 101.0000, -533.0000, -41.0000,  99.0000, -507.0000, -42.0000,  153, 153, 153
L 99.0000, -507.0000, -42.0000,  103.0000, -477.0000, -41.0000,  153, 153, 153
L 103.0000, -477.0000, -41.0000,  111.0000, -448.0000, -35.0000,  153, 153, 153
L 111.0000, -448.0000, -35.0000,  112.0000, -432.0000, -29.0000,  153, 153, 153
L 112.0000, -432.0000, -29.0000,  111.0000, -415.0000, -29.0000,  153, 153, 153
L 111.0000, -415.0000, -29.0000,  125.0000, -411.0000, -28.0000,  153, 153, 153
L 125.0000, -411.0000, -28.0000,  127.0000, -285.0000, -28.0000,  153, 153, 153
L 127.0000, -285.0000, -28.0000,  175.0000, -287.0000, -28.0000,  153, 153, 153
L 175.0000, -287.0000, -28.0000,  175.0000, -315.0000, -28.0000,  153, 153, 153
L 175.0000, -315.0000, -28.0000,  176.0000, -316.0000, -28.0000,  153, 153, 153
L 176.0000, -316.0000, -28.0000,  175.0000, -321.0000, -28.0000,  153, 153, 153
L 175.0000, -321.0000, -28.0000,  173.0000, -323.0000, -28.0000,  153, 153, 153
L 173.0000, -323.0000, -28.0000,  169.0000, -323.0000, -28.0000,  153, 153, 153
L 169.0000, -323.0000, -28.0000,  169.0000, -355.0000, -27.0000,  153, 153, 153
L 169.0000, -355.0000, -27.0000,  174.0000, -356.0000, -28.0000,  153, 153, 153
L 174.0000, -356.0000, -28.0000,  175.0000, -411.0000, -28.0000,  153, 153, 153
L 175.0000, -411.0000, -28.0000,  367.0000, -411.0000, -59.0000,  153, 153, 153
L 367.0000, -411.0000, -59.0000,  367.0000, -393.0000, -59.0000,  153, 153, 153
L 367.0000, -393.0000, -59.0000,  377.0000, -384.0000, -59.0000,  153, 153, 153
L 377.0000, -384.0000, -59.0000,  368.0000, -384.0000, -59.0000,  153, 153, 153
L 368.0000, -384.0000, -59.0000,  363.0000, -378.0000, -59.0000,  153, 153, 153
L 363.0000, -370.0000, -598.0000,  372.0000, -362.0000, -59.0000,  153, 153, 153
L 372.0000, -362.0000, -59.0000,  382.0000, -365.0000, -59.0000,  153, 153, 153
L 382.0000, -365.0000, -59.0000,  385.0000, -373.0000, -59.0000,  153, 153, 153
L 385.0000, -373.0000, -59.0000,  383.0000, -379.0000, -59.0000,  153, 153, 153
L 383.0000, -379.0000, -59.0000,  438.0000, -333.0000, -59.0000,  153, 153, 153
L 438.0000, -333.0000, -59.0000,  333.0000, -332.0000, -58.0000,  153, 153, 153
L 333.0000, -332.0000, -58.0000,  334.0000, -322.0000, -61.0000,  153, 153, 153
L 334.0000, -322.0000, -61.0000,  355.0000, -321.0000, -61.0000,  153, 153, 153
L 355.0000, -321.0000, -61.0000,  355.0000, -289.0000, -61.0000,  153, 153, 153
L 355.0000, -289.0000, -61.0000,  295.0000, -289.0000, -60.0000,  153, 153, 153
L 295.0000, -289.0000, -60.0000,  295.0000, -320.0000, -61.0000,  153, 153, 153
L 295.0000, -320.0000, -61.0000,  324.0000, -322.0000, -61.0000,  153, 153, 153
L 324.0000, -322.0000, -61.0000,  323.0000, -333.0000, -58.0000,  153, 153, 153
L 323.0000, -333.0000, -58.0000,  295.0000, -333.0000, -58.0000,  153, 153, 153
L 295.0000, -333.0000, -58.0000,  294.0000, -348.0000, -58.0000,  153, 153, 153
L 294.0000, -348.0000, -58.0000,  262.0000, -348.0000, -58.0000,  153, 153, 153
L 262.0000, -348.0000, -58.0000,  261.0000, -339.0000, -62.0000,  153, 153, 153
L 261.0000, -339.0000, -62.0000,  287.0000, -337.0000, -62.0000,  153, 153, 153
L 287.0000, -337.0000, -62.0000,  287.0000, -289.0000, -62.0000,  153, 153, 153
L 287.0000, -289.0000, -62.0000,  199.0000, -289.0000, -62.0000,  153, 153, 153
L 199.0000, -289.0000, -62.0000,  199.0000, -337.0000, -62.0000,  153, 153, 153
L 199.0000, -337.0000, -62.0000,  248.0000, -338.0000, -62.0000,  153, 153, 153
L 248.0000, -338.0000, -62.0000,  248.0000, -348.0000, -58.0000,  153, 153, 153
L 248.0000, -348.0000, -58.0000,  192.0000, -348.0000, -58.0000,  153, 153, 153
L 192.0000, -348.0000, -58.0000,  193.0000, -287.0000, -28.0000,  153, 153, 153
L 177.0000, -287.0000, -288.0000,  179.0000, -361.0000, -58.0000,  153, 153, 153
L 179.0000, -361.0000, -58.0000,  226.0000, -362.0000, -58.0000,  153, 153, 153
L 226.0000, -362.0000, -58.0000,  225.0000, -368.0000, -58.0000,  153, 153, 153
L 225.0000, -368.0000, -58.0000,  183.0000, -369.0000, -58.0000,  153, 153, 153
L 183.0000, -369.0000, -58.0000,  183.0000, -397.0000, -58.0000,  153, 153, 153
L 183.0000, -397.0000, -58.0000,  267.0000, -397.0000, -58.0000,  153, 153, 153
L 267.0000, -397.0000, -58.0000,  267.0000, -371.0000, -58.0000,  153, 153, 153
L 267.0000, -371.0000, -58.0000,  231.0000, -368.0000, -58.0000,  153, 153, 153
L 231.0000, -368.0000, -58.0000,  231.0000, -361.0000, -58.0000,  153, 153, 153
L 231.0000, -361.0000, -58.0000,  318.0000, -362.0000, -59.0000,  153, 153, 153
L 318.0000, -362.0000, -59.0000,  319.0000, -403.0000, -57.0000,  153, 153, 153
L 319.0000, -403.0000, -57.0000,  320.0000, -395.0000, -59.0000,  153, 153, 153
L 320.0000, -395.0000, -59.0000,  328.0000, -392.0000, -59.0000,  153, 153, 153
L 328.0000, -392.0000, -59.0000,  333.0000, -392.0000, -59.0000,  153, 153, 153
L 340.0000, -397.0000, -598.0000,  341.0000, -405.0000, -59.0000,  153, 153, 153
L 341.0000, -405.0000, -59.0000,  339.0000, -411.0000, -59.0000,  153, 153, 153
L 339.0000, -411.0000, -59.0000,  367.0000, -411.0000, -59.0000,  153, 153, 153
L 367.0000, -411.0000, -59.0000,  441.0000, -330.0000, -29.0000,  153, 153, 153
L 441.0000, -330.0000, -29.0000,  512.0000, -270.0000, -26.0000,  153, 153, 153
L 512.0000, -270.0000, -26.0000,  531.0000, -269.0000, -26.0000,  153, 153, 153
L 531.0000, -269.0000, -26.0000,  531.0000, 286.0000, -26.0000,  153, 153, 153
L 531.0000, 286.0000, -26.0000,  353.0000, 480.0000, -26.0000,  153, 153, 153
L 353.0000, 480.0000, -26.0000,  199.0000, 480.0000, -28.0000,  153, 153, 153
L 199.0000, 480.0000, -28.0000,  198.0000, 346.0000, -26.0000,  153, 153, 153
L 198.0000, 346.0000, -26.0000,  124.0000, 347.0000, -26.0000,  153, 153, 153
L 124.0000, 347.0000, -26.0000,  122.0000, 226.0000, -26.0000,  153, 153, 153
L 122.0000, 226.0000, -26.0000,  -150.0000, 224.0000, -26.0000,  153, 153, 153
L -150.0000, 224.0000, -26.0000,  -148.0000, 324.0000, -26.0000,  153, 153, 153
L -148.0000, 324.0000, -26.0000,  -168.0000, 325.0000, -26.0000,  153, 153, 153
L -168.0000, 325.0000, -26.0000,  -167.0000, 387.0000, -26.0000,  153, 153, 153
L -167.0000, 387.0000, -26.0000,  -148.0000, 388.0000, -26.0000,  153, 153, 153
L -148.0000, 388.0000, -26.0000,  -148.0000, 486.0000, -26.0000,  153, 153, 153
L -140.0000, 488.0000, -248.0000,  -140.0000, 812.0000, -24.0000,  153, 153, 153
L -232.0000, 812.0000, -248.0000,  -232.0000, 488.0000, -24.0000,  153, 153, 153
L -297.0000, 1079.0000, -288.0000,  -296.0000, 1075.0000, -28.0000,  153, 153, 153
L -296.0000, 1075.0000, -28.0000,  -260.0000, 1073.0000, -28.0000,  153, 153, 153
L -260.0000, 1073.0000, -28.0000,  -207.0000, 1060.0000, -28.0000,  153, 153, 153
L -207.0000, 1060.0000, -28.0000,  -153.0000, 913.0000, -28.0000,  153, 153, 153
L -153.0000, 913.0000, -28.0000,  -150.0000, 813.0000, -29.0000,  153, 153, 153
L -150.0000, 813.0000, -29.0000,  -222.0000, 813.0000, -29.0000,  153, 153, 153
L -222.0000, 813.0000, -29.0000,  -222.0000, 903.0000, -28.0000,  153, 153, 153
L -222.0000, 903.0000, -28.0000,  -246.0000, 1002.0000, -28.0000,  153, 153, 153
L -246.0000, 1002.0000, -28.0000,  -375.0000, 1003.0000, -28.0000,  153, 153, 153
L -375.0000, 1003.0000, -28.0000,  -375.0000, 1077.0000, -28.0000,  153, 153, 153
L -225.0000, 487.0000, -293.0000,  -224.0000, 388.0000, -26.0000,  153, 153, 153
L -224.0000, 388.0000, -26.0000,  -205.0000, 387.0000, -26.0000,  153, 153, 153
L -205.0000, 387.0000, -26.0000,  -205.0000, 325.0000, -26.0000,  153, 153, 153
L -205.0000, 325.0000, -26.0000,  -224.0000, 324.0000, -26.0000,  153, 153, 153
L -224.0000, 324.0000, -26.0000,  -224.0000, 249.0000, -26.0000,  153, 153, 153
L -224.0000, 249.0000, -26.0000,  -223.0000, 247.0000, -26.0000,  153, 153, 153
L -223.0000, 247.0000, -26.0000,  -222.0000, 244.0000, -27.0000,  153, 153, 153
L -222.0000, 244.0000, -27.0000,  -376.0000, 246.0000, -23.0000,  153, 153, 153
L -376.0000, 246.0000, -23.0000,  -375.0000, 267.0000, -23.0000,  153, 153, 153
L -375.0000, 267.0000, -23.0000,  -248.0000, 268.0000, 23.0000,  153, 153, 153
L -248.0000, 268.0000, 23.0000,  -246.0000, 331.0000, 23.0000,  153, 153, 153
L -246.0000, 331.0000, 23.0000,  -244.0000, 332.0000, 23.0000,  153, 153, 153
L -244.0000, 332.0000, 23.0000,  -243.0000, 333.0000, 23.0000,  153, 153, 153
L -243.0000, 333.0000, 23.0000,  -229.0000, 333.0000, 23.0000,  153, 153, 153
L -229.0000, 333.0000, 23.0000,  -228.0000, 332.0000, 23.0000,  153, 153, 153
L -228.0000, 332.0000, 23.0000,  -144.0000, 332.0000, 23.0000,  153, 153, 153
L -144.0000, 332.0000, 23.0000,  -143.0000, 333.0000, 23.0000,  153, 153, 153
L -143.0000, 333.0000, 23.0000,  -130.0000, 334.0000, 23.0000,  153, 153, 153
L -130.0000, 334.0000, 23.0000,  -128.0000, 332.0000, 23.0000,  153, 153, 153
L -128.0000, 332.0000, 23.0000,  -126.0000, 331.0000, 23.0000,  153, 153, 153
L -126.0000, 331.0000, 23.0000,  -124.0000, 232.0000, 0.0000,  153, 153, 153
L -124.0000, 232.0000, 0.0000,  27.0000, 232.0000, -36.0000,  153, 153, 153
L 27.0000, 232.0000, -36.0000,  28.0000, 339.0000, -29.0000,  153, 153, 153
L 28.0000, 339.0000, -29.0000,  33.0000, 341.0000, -27.0000,  153, 153, 153
L 33.0000, 341.0000, -27.0000,  35.0000, 241.0000, -25.0000,  153, 153, 153
L 35.0000, 241.0000, -25.0000,  104.0000, 241.0000, -25.0000,  153, 153, 153
L 104.0000, 241.0000, -25.0000,  106.0000, 362.0000, -27.0000,  153, 153, 153
L 106.0000, 362.0000, -27.0000,  180.0000, 362.0000, -26.0000,  153, 153, 153
L 180.0000, 362.0000, -26.0000,  181.0000, 479.0000, -28.0000,  153, 153, 153
L 181.0000, 479.0000, -28.0000,  50.0000, 480.0000, -28.0000,  153, 153, 153
L 50.0000, 480.0000, -28.0000,  35.0000, 465.0000, -28.0000,  153, 153, 153
L 35.0000, 465.0000, -28.0000,  34.0000, 356.0000, -28.0000,  153, 153, 153
L 34.0000, 356.0000, -28.0000,  28.0000, 357.0000, -29.0000,  153, 153, 153
L 28.0000, 357.0000, -29.0000,  27.0000, 464.0000, -36.0000,  153, 153, 153
L 27.0000, 464.0000, -36.0000,  -120.0000, 464.0000, -33.0000,  153, 153, 153
L -120.0000, 464.0000, -33.0000,  -124.0000, 460.0000, -36.0000,  153, 153, 153
L -124.0000, 460.0000, -36.0000,  -124.0000, 388.0000, -36.0000,  153, 153, 153
L -124.0000, 388.0000, -36.0000,  -120.0000, 384.0000, -34.0000,  153, 153, 153
L -120.0000, 384.0000, -34.0000,  -90.0000, 384.0000, -34.0000,  153, 153, 153
L -90.0000, 384.0000, -34.0000,  -84.0000, 387.0000, -36.0000,  153, 153, 153
L -84.0000, 387.0000, -36.0000,  -80.0000, 280.0000, -36.0000,  153, 153, 153
L -80.0000, 280.0000, -36.0000,  -76.0000, 276.0000, -36.0000,  153, 153, 153
L -76.0000, 276.0000, -36.0000,  -33.0000, 275.0000, -36.0000,  153, 153, 153
L -33.0000, 275.0000, -36.0000,  -33.0000, 269.0000, -36.0000,  153, 153, 153
L -33.0000, 269.0000, -36.0000,  -87.0000, 273.0000, -6.0000,  153, 153, 153
L -248.0000, 268.0000, -238.0000,  -248.0000, 464.0000, -23.0000,  153, 153, 153
L -248.0000, 464.0000, -23.0000,  -404.0000, 464.0000, -23.0000,  153, 153, 153
L -404.0000, 464.0000, -23.0000,  -404.0000, 371.0000, -23.0000,  153, 153, 153
L -404.0000, 371.0000, -23.0000,  -308.0000, 371.0000, -23.0000,  153, 153, 153
L -308.0000, 371.0000, -23.0000,  -307.0000, 338.0000, -23.0000,  153, 153, 153
L -307.0000, 338.0000, -23.0000,  -332.0000, 337.0000, -23.0000,  153, 153, 153
L -332.0000, 337.0000, -23.0000,  -333.0000, 308.0000, -23.0000,  153, 153, 153
L -333.0000, 308.0000, -23.0000,  -364.0000, 308.0000, -23.0000,  153, 153, 153
L -364.0000, 308.0000, -23.0000,  -364.0000, 312.0000, -23.0000,  153, 153, 153
L -364.0000, 312.0000, -23.0000,  -339.0000, 314.0000, -23.0000,  153, 153, 153
L -339.0000, 314.0000, -23.0000,  -338.0000, 343.0000, -23.0000,  153, 153, 153
L -338.0000, 343.0000, -23.0000,  -313.0000, 344.0000, -15.0000,  153, 153, 153
L -313.0000, 344.0000, -15.0000,  -313.0000, 364.0000, -14.0000,  153, 153, 153
L -313.0000, 364.0000, -14.0000,  -404.0000, 364.0000, -23.0000,  153, 153, 153
L -404.0000, 364.0000, -23.0000,  -404.0000, 314.0000, -23.0000,  153, 153, 153
L -404.0000, 314.0000, -23.0000,  -376.0000, 313.0000, -23.0000,  153, 153, 153
L -376.0000, 313.0000, -23.0000,  -376.0000, 308.0000, -23.0000,  153, 153, 153
L -376.0000, 308.0000, -23.0000,  -404.0000, 307.0000, -23.0000,  153, 153, 153
L -404.0000, 307.0000, -23.0000,  -404.0000, 268.0000, -23.0000,  153, 153, 153
L -404.0000, 268.0000, -23.0000,  -386.0000, 266.0000, -23.0000,  153, 153, 153
L -386.0000, 266.0000, -23.0000,  -387.0000, 245.0000, -23.0000,  153, 153, 153
L -387.0000, 245.0000, -23.0000,  -424.0000, 244.0000, -25.0000,  153, 153, 153
L -424.0000, 244.0000, -25.0000,  -425.0000, 200.0000, -25.0000,  153, 153, 153
L -425.0000, 200.0000, -25.0000,  -504.0000, 149.0000, -26.0000,  153, 153, 153
L -504.0000, 149.0000, -26.0000,  -505.0000, 68.0000, -26.0000,  153, 153, 153
L -505.0000, 68.0000, -26.0000,  -559.0000, 19.0000, -29.0000,  153, 153, 153
L -559.0000, 19.0000, -29.0000,  -619.0000, 18.0000, -28.0000,  153, 153, 153
L -619.0000, 18.0000, -28.0000,  -619.0000, -25.0000, -28.0000,  153, 153, 153
L -620.0000, -113.0000, -288.0000,  -619.0000, -217.0000, -28.0000,  153, 153, 153
L -619.0000, -217.0000, -28.0000,  -505.0000, -218.0000, -26.0000,  153, 153, 153
L -505.0000, -218.0000, -26.0000,  -504.0000, -271.0000, -26.0000,  153, 153, 153
L -504.0000, -271.0000, -26.0000,  -454.0000, -271.0000, -28.0000,  153, 153, 153
L -454.0000, -271.0000, -28.0000,  -459.0000, -259.0000, -28.0000,  153, 153, 153
L -459.0000, -259.0000, -28.0000,  -456.0000, -254.0000, -28.0000,  153, 153, 153
L -456.0000, -254.0000, -28.0000,  -440.0000, -253.0000, -28.0000,  153, 153, 153
L -440.0000, -253.0000, -28.0000,  -427.0000, -257.0000, -28.0000,  153, 153, 153
L -427.0000, -257.0000, -28.0000,  -418.0000, -265.0000, -28.0000,  153, 153, 153
L -418.0000, -265.0000, -28.0000,  -417.0000, -271.0000, -28.0000,  153, 153, 153
L -417.0000, -271.0000, -28.0000,  -359.0000, -271.0000, -28.0000,  153, 153, 153
L -359.0000, -271.0000, -28.0000,  -359.0000, -263.0000, -28.0000,  153, 153, 153
L -359.0000, -263.0000, -28.0000,  -354.0000, -261.0000, -28.0000,  153, 153, 153
L -354.0000, -261.0000, -28.0000,  -343.0000, -263.0000, -28.0000,  153, 153, 153
L -343.0000, -263.0000, -28.0000,  -338.0000, -267.0000, -28.0000,  153, 153, 153
L -338.0000, -267.0000, -28.0000,  -335.0000, -271.0000, -28.0000,  153, 153, 153
L -335.0000, -271.0000, -28.0000,  -194.0000, -274.0000, -28.0000,  153, 153, 153
L -194.0000, -274.0000, -28.0000,  -182.0000, -290.0000, -30.0000,  153, 153, 153
L -182.0000, -290.0000, -30.0000,  -175.0000, -290.0000, -30.0000,  153, 153, 153
L -175.0000, -290.0000, -30.0000,  -170.0000, -293.0000, -30.0000,  153, 153, 153
L -170.0000, -293.0000, -30.0000,  -172.0000, -304.0000, -30.0000,  153, 153, 153
L -172.0000, -304.0000, -30.0000,  -159.0000, -321.0000, -30.0000,  153, 153, 153
L -159.0000, -321.0000, -30.0000,  -156.0000, -314.0000, -30.0000,  153, 153, 153
L -156.0000, -314.0000, -30.0000,  -151.0000, -310.0000, -30.0000,  153, 153, 153
L -138.0000, -308.0000, -308.0000,  -131.0000, -313.0000, -30.0000,  153, 153, 153
L -131.0000, -313.0000, -30.0000,  -128.0000, -320.0000, -30.0000,  153, 153, 153
L -128.0000, -320.0000, -30.0000,  -132.0000, -332.0000, -30.0000,  153, 153, 153
L -132.0000, -332.0000, -30.0000,  -150.0000, -333.0000, -30.0000,  153, 153, 153
L -150.0000, -333.0000, -30.0000,  -93.0000, -411.0000, -28.0000,  153, 153, 153
L -93.0000, -411.0000, -28.0000,  -76.0000, -411.0000, -28.0000,  153, 153, 153
L -76.0000, -411.0000, -28.0000,  -76.0000, -392.0000, -28.0000,  153, 153, 153
L -76.0000, -392.0000, -28.0000,  -24.0000, -391.0000, -28.0000,  153, 153, 153
L -24.0000, -391.0000, -28.0000,  -23.0000, -384.0000, -28.0000,  153, 153, 153
L -23.0000, -384.0000, -28.0000,  24.0000, -384.0000, -28.0000,  153, 153, 153
L 24.0000, -384.0000, -28.0000,  25.0000, -411.0000, -28.0000,  153, 153, 153
L 25.0000, -411.0000, -28.0000,  31.0000, -411.0000, -28.0000,  153, 153, 153
L 31.0000, -411.0000, -28.0000,  32.0000, -384.0000, -28.0000,  153, 153, 153
L 32.0000, -384.0000, -28.0000,  90.0000, -384.0000, -28.0000,  153, 153, 153
L 90.0000, -384.0000, -28.0000,  91.0000, -411.0000, -28.0000,  153, 153, 153
L 91.0000, -411.0000, -28.0000,  94.0000, -412.0000, -28.0000,  153, 153, 153
L 94.0000, -412.0000, -28.0000,  94.0000, -429.0000, -29.0000,  153, 153, 153
L 94.0000, -429.0000, -29.0000,  94.0000, -445.0000, -34.0000,  153, 153, 153
L 94.0000, -445.0000, -34.0000,  88.0000, -470.0000, -40.0000,  153, 153, 153
L 88.0000, -470.0000, -40.0000,  83.0000, -498.0000, -42.0000,  153, 153, 153
L 83.0000, -498.0000, -42.0000,  82.0000, -526.0000, -41.0000,  153, 153, 153
L 82.0000, -526.0000, -41.0000,  87.0000, -552.0000, -44.0000,  153, 153, 153
L 87.0000, -552.0000, -44.0000,  95.0000, -586.0000, -52.0000,  153, 153, 153
L 95.0000, -586.0000, -52.0000,  95.0000, -632.0000, -58.0000,  153, 153, 153
L 95.0000, -632.0000, -58.0000,  98.0000, -647.0000, -65.0000,  153, 153, 153
L 98.0000, -647.0000, -65.0000,  114.0000, -679.0000, -76.0000,  153, 153, 153
L 114.0000, -679.0000, -76.0000,  117.0000, -700.0000, -78.0000,  153, 153, 153
L 117.0000, -700.0000, -78.0000,  117.0000, -725.0000, -78.0000,  153, 153, 153
L 117.0000, -725.0000, -78.0000,  115.0000, -753.0000, -82.0000,  153, 153, 153
L 115.0000, -753.0000, -82.0000,  103.0000, -755.0000, -83.0000,  153, 153, 153
L 103.0000, -755.0000, -83.0000,  91.0000, -768.0000, -89.0000,  153, 153, 153
L 91.0000, -768.0000, -89.0000,  91.0000, -818.0000, -90.0000,  153, 153, 153
L 91.0000, -351.0000, -288.0000,  90.0000, -374.0000, -28.0000,  153, 153, 153
L 90.0000, -374.0000, -28.0000,  -68.0000, -375.0000, -28.0000,  153, 153, 153
L -68.0000, -375.0000, -28.0000,  -67.0000, -332.0000, -23.0000,  153, 153, 153
L -67.0000, -332.0000, -23.0000,  -19.0000, -332.0000, -27.0000,  153, 153, 153
L -19.0000, -332.0000, -27.0000,  -18.0000, -335.0000, -26.0000,  153, 153, 153
L -18.0000, -335.0000, -26.0000,  -20.0000, -337.0000, -26.0000,  153, 153, 153
L -20.0000, -337.0000, -26.0000,  -20.0000, -369.0000, -26.0000,  153, 153, 153
L -20.0000, -369.0000, -26.0000,  9.0000, -369.0000, -21.0000,  153, 153, 153
L 9.0000, -369.0000, -21.0000,  9.0000, -337.0000, -26.0000,  153, 153, 153
L 9.0000, -337.0000, -26.0000,  -7.0000, -336.0000, -26.0000,  153, 153, 153
L -7.0000, -336.0000, -26.0000,  -7.0000, -332.0000, -27.0000,  153, 153, 153
L -7.0000, -332.0000, -27.0000,  13.0000, -332.0000, -28.0000,  153, 153, 153
L 13.0000, -332.0000, -28.0000,  13.0000, -320.0000, -28.0000,  153, 153, 153
L 13.0000, -320.0000, -28.0000,  56.0000, -319.0000, -28.0000,  153, 153, 153
L 56.0000, -319.0000, -28.0000,  58.0000, -331.0000, -28.0000,  153, 153, 153
L 58.0000, -331.0000, -28.0000,  90.0000, -332.0000, -28.0000,  153, 153, 153
L 90.0000, -332.0000, -28.0000,  91.0000, -337.0000, -28.0000,  153, 153, 153
L 91.0000, -337.0000, -28.0000,  110.0000, -337.0000, -28.0000,  153, 153, 153
L 110.0000, -337.0000, -28.0000,  110.0000, -351.0000, -28.0000,  153, 153, 153
L 110.0000, -351.0000, -28.0000,  91.0000, -351.0000, -28.0000,  153, 153, 153
L 88.0000, -232.0000, -288.0000,  194.0000, -232.0000, -26.0000,  153, 153, 153
L 194.0000, -232.0000, -26.0000,  194.0000, -274.0000, -28.0000,  153, 153, 153
L 194.0000, -274.0000, -28.0000,  88.0000, -274.0000, -28.0000,  153, 153, 153
L 88.0000, -274.0000, -28.0000,  88.0000, -232.0000, -28.0000,  153, 153, 153
L 180.0000, -198.0000, -288.0000,  88.0000, -198.0000, -28.0000,  153, 153, 153
L 88.0000, -198.0000, -28.0000,  88.0000, -110.0000, -28.0000,  153, 153, 153
L 88.0000, -110.0000, -28.0000,  181.0000, -111.0000, -28.0000,  153, 153, 153
L 181.0000, -111.0000, -28.0000,  180.0000, -198.0000, -28.0000,  153, 153, 153
L 212.0000, -162.0000, -288.0000,  212.0000, 47.0000, -20.0000,  153, 153, 153
L 212.0000, 47.0000, -20.0000,  222.0000, 47.0000, -20.0000,  153, 153, 153
L 222.0000, 47.0000, -20.0000,  223.0000, 26.0000, -20.0000,  153, 153, 153
L 223.0000, 26.0000, -20.0000,  226.0000, 21.0000, -20.0000,  153, 153, 153
L 226.0000, 21.0000, -20.0000,  226.0000, 11.0000, -20.0000,  153, 153, 153
L 226.0000, 11.0000, -20.0000,  223.0000, 5.0000, -20.0000,  153, 153, 153
L 223.0000, 5.0000, -20.0000,  223.0000, -34.0000, -20.0000,  153, 153, 153
L 223.0000, -34.0000, -20.0000,  333.0000, -34.0000, -20.0000,  153, 153, 153
L 333.0000, -34.0000, -20.0000,  334.0000, 27.0000, -20.0000,  153, 153, 153
L 334.0000, 27.0000, -20.0000,  427.0000, 28.0000, -20.0000,  153, 153, 153
L 427.0000, 28.0000, -20.0000,  427.0000, 46.0000, -20.0000,  153, 153, 153
L 427.0000, 46.0000, -20.0000,  424.0000, 51.0000, -20.0000,  153, 153, 153
L 424.0000, 51.0000, -20.0000,  424.0000, 61.0000, -20.0000,  153, 153, 153
L 424.0000, 61.0000, -20.0000,  427.0000, 66.0000, -20.0000,  153, 153, 153
L 427.0000, 66.0000, -20.0000,  427.0000, 84.0000, -20.0000,  153, 153, 153
L 427.0000, 84.0000, -20.0000,  411.0000, 86.0000, -20.0000,  153, 153, 153
L 411.0000, 86.0000, -20.0000,  411.0000, 100.0000, -20.0000,  153, 153, 153
L 411.0000, 100.0000, -20.0000,  373.0000, 100.0000, -20.0000,  153, 153, 153
L 373.0000, 100.0000, -20.0000,  368.0000, 97.0000, -20.0000,  153, 153, 153
L 368.0000, 97.0000, -20.0000,  356.0000, 98.0000, -20.0000,  153, 153, 153
L 356.0000, 98.0000, -20.0000,  353.0000, 100.0000, -20.0000,  153, 153, 153
L 353.0000, 100.0000, -20.0000,  316.0000, 101.0000, -20.0000,  153, 153, 153
L 316.0000, 101.0000, -20.0000,  316.0000, 106.0000, -20.0000,  153, 153, 153
L 316.0000, 106.0000, -20.0000,  417.0000, 108.0000, -20.0000,  153, 153, 153
L 417.0000, 108.0000, -20.0000,  419.0000, 92.0000, -20.0000,  153, 153, 153
L 419.0000, 92.0000, -20.0000,  434.0000, 91.0000, -20.0000,  153, 153, 153
L 434.0000, 91.0000, -20.0000,  435.0000, 6.0000, -20.0000,  153, 153, 153
L 435.0000, 6.0000, -20.0000,  341.0000, 4.0000, -20.0000,  153, 153, 153
L 341.0000, 4.0000, -20.0000,  340.0000, -41.0000, -20.0000,  153, 153, 153
L 340.0000, -41.0000, -20.0000,  223.0000, -42.0000, -20.0000,  153, 153, 153
L 223.0000, -42.0000, -20.0000,  223.0000, -52.0000, -20.0000,  153, 153, 153
L 223.0000, -52.0000, -20.0000,  227.0000, -59.0000, -20.0000,  153, 153, 153
L 227.0000, -59.0000, -20.0000,  227.0000, -67.0000, -20.0000,  153, 153, 153
L 227.0000, -67.0000, -20.0000,  223.0000, -74.0000, -20.0000,  153, 153, 153
L 223.0000, -74.0000, -20.0000,  223.0000, -131.0000, -20.0000,  153, 153, 153
L 223.0000, -131.0000, -20.0000,  227.0000, -137.0000, -20.0000,  153, 153, 153
L 227.0000, -137.0000, -20.0000,  227.0000, -144.0000, -20.0000,  153, 153, 153
L 227.0000, -144.0000, -20.0000,  223.0000, -151.0000, -20.0000,  153, 153, 153
L 223.0000, -151.0000, -20.0000,  367.0000, -151.0000, 19.0000,  153, 153, 153
L 367.0000, -151.0000, 19.0000,  368.0000, -56.0000, 19.0000,  153, 153, 153
L 368.0000, -56.0000, 19.0000,  451.0000, -55.0000, 19.0000,  153, 153, 153
L 451.0000, -55.0000, 19.0000,  451.0000, -39.0000, 19.0000,  153, 153, 153
L 451.0000, -39.0000, 19.0000,  369.0000, -39.0000, 19.0000,  153, 153, 153
L 369.0000, -39.0000, 19.0000,  367.0000, 104.0000, 19.0000,  153, 153, 153
L 367.0000, 104.0000, 19.0000,  223.0000, 104.0000, 19.0000,  153, 153, 153
L 223.0000, 104.0000, 19.0000,  223.0000, -123.0000, 19.0000,  153, 153, 153
L 223.0000, -123.0000, 19.0000,  243.0000, -123.0000, 19.0000,  153, 153, 153
L 243.0000, -123.0000, 19.0000,  245.0000, 88.0000, 19.0000,  153, 153, 153
L 245.0000, 88.0000, 19.0000,  346.0000, 87.0000, 19.0000,  153, 153, 153
L 346.0000, 87.0000, 19.0000,  346.0000, -130.0000, 19.0000,  153, 153, 153
L 346.0000, -130.0000, 19.0000,  253.0000, -131.0000, -20.0000,  153, 153, 153
L 253.0000, -131.0000, -20.0000,  252.0000, -124.0000, -20.0000,  153, 153, 153
L 252.0000, -124.0000, -20.0000,  411.0000, -123.0000, -20.0000,  153, 153, 153
L 411.0000, -123.0000, -20.0000,  411.0000, -93.0000, -20.0000,  153, 153, 153
L 411.0000, -93.0000, -20.0000,  407.0000, -87.0000, -20.0000,  153, 153, 153
L 407.0000, -87.0000, -20.0000,  407.0000, -79.0000, -20.0000,  153, 153, 153
L 407.0000, -79.0000, -20.0000,  411.0000, -73.0000, -20.0000,  153, 153, 153
L 411.0000, -73.0000, -20.0000,  412.0000, -32.0000, -20.0000,  153, 153, 153
L 412.0000, -32.0000, -20.0000,  451.0000, -31.0000, -20.0000,  153, 153, 153
L 451.0000, -31.0000, -20.0000,  451.0000, 124.0000, -20.0000,  153, 153, 153
L 451.0000, 124.0000, -20.0000,  267.0000, 124.0000, -20.0000,  153, 153, 153
L 267.0000, 124.0000, -20.0000,  267.0000, 108.0000, -20.0000,  153, 153, 153
L 267.0000, 108.0000, -20.0000,  295.0000, 106.0000, -20.0000,  153, 153, 153
L 295.0000, 106.0000, -20.0000,  293.0000, 101.0000, -20.0000,  153, 153, 153
L 293.0000, 101.0000, -20.0000,  253.0000, 100.0000, -20.0000,  153, 153, 153
L 253.0000, 100.0000, -20.0000,  248.0000, 97.0000, -20.0000,  153, 153, 153
L 248.0000, 97.0000, -20.0000,  238.0000, 97.0000, -20.0000,  153, 153, 153
L 238.0000, 97.0000, -20.0000,  233.0000, 100.0000, -20.0000,  153, 153, 153
L 233.0000, 100.0000, -20.0000,  223.0000, 100.0000, -20.0000,  153, 153, 153
L 223.0000, 100.0000, -20.0000,  223.0000, 86.0000, -20.0000,  153, 153, 153
L 223.0000, 86.0000, -20.0000,  213.0000, 84.0000, -20.0000,  153, 153, 153
L 213.0000, 84.0000, -20.0000,  212.0000, 135.0000, -19.0000,  153, 153, 153
L 212.0000, 135.0000, -19.0000,  462.0000, 135.0000, -26.0000,  153, 153, 153
L 462.0000, 135.0000, -26.0000,  462.0000, -162.0000, -24.0000,  153, 153, 153
L 462.0000, -162.0000, -24.0000,  211.0000, -162.0000, -28.0000,  153, 153, 153
L 7.0000, 92.0000, -288.0000,  7.0000, 40.0000, -28.0000,  153, 153, 153
L 7.0000, 40.0000, -28.0000,  10.0000, 35.0000, -28.0000,  153, 153, 153
L 10.0000, 35.0000, -28.0000,  6.0000, 30.0000, -28.0000,  153, 153, 153
L 6.0000, 30.0000, -28.0000,  0.0000, 32.0000, -28.0000,  153, 153, 153
L 0.0000, 32.0000, -28.0000,  -39.0000, 32.0000, -28.0000,  153, 153, 153
L -39.0000, 32.0000, -28.0000,  -45.0000, 33.0000, -28.0000,  153, 153, 153
L -45.0000, 33.0000, -28.0000,  -44.0000, 36.0000, -27.0000,  153, 153, 153
L -44.0000, 36.0000, -27.0000,  -44.0000, 39.0000, -25.0000,  153, 153, 153
L -44.0000, 39.0000, -25.0000,  -54.0000, 39.0000, -25.0000,  153, 153, 153
L -54.0000, 39.0000, -25.0000,  -54.0000, 36.0000, -27.0000,  153, 153, 153
L -54.0000, 36.0000, -27.0000,  -53.0000, 33.0000, -28.0000,  153, 153, 153
L -53.0000, 33.0000, -28.0000,  -55.0000, 31.0000, -28.0000,  153, 153, 153
L -55.0000, 31.0000, -28.0000,  -59.0000, 32.0000, -28.0000,  153, 153, 153
L -59.0000, 32.0000, -28.0000,  -69.0000, 32.0000, -28.0000,  153, 153, 153
L -69.0000, 32.0000, -28.0000,  -74.0000, 29.0000, -28.0000,  153, 153, 153
L -74.0000, 29.0000, -28.0000,  -77.0000, 30.0000, -28.0000,  153, 153, 153
L -77.0000, 30.0000, -28.0000,  -79.0000, 32.0000, -28.0000,  153, 153, 153
L -79.0000, 32.0000, -28.0000,  -92.0000, 32.0000, -28.0000,  153, 153, 153
L -92.0000, 32.0000, -28.0000,  -92.0000, 35.0000, -27.0000,  153, 153, 153
L -92.0000, 35.0000, -27.0000,  -92.0000, 36.0000, -27.0000,  153, 153, 153
L -92.0000, 36.0000, -27.0000,  -92.0000, 39.0000, -25.0000,  153, 153, 153
L -92.0000, 39.0000, -25.0000,  -102.0000, 39.0000, -25.0000,  153, 153, 153
L -102.0000, 39.0000, -25.0000,  -102.0000, 36.0000, -27.0000,  153, 153, 153
L -102.0000, 36.0000, -27.0000,  -102.0000, 32.0000, -28.0000,  153, 153, 153
L -102.0000, 32.0000, -28.0000,  -103.0000, 31.0000, -28.0000,  153, 153, 153
L -103.0000, 31.0000, -28.0000,  -107.0000, 32.0000, -28.0000,  153, 153, 153
L -107.0000, 32.0000, -28.0000,  -144.0000, 32.0000, -28.0000,  153, 153, 153
L -144.0000, 32.0000, -28.0000,  -145.0000, 31.0000, -28.0000,  153, 153, 153
L -145.0000, 31.0000, -28.0000,  -150.0000, 30.0000, -28.0000,  153, 153, 153
L -150.0000, 30.0000, -28.0000,  -154.0000, 32.0000, -28.0000,  153, 153, 153
L -154.0000, 32.0000, -28.0000,  -195.0000, 32.0000, -28.0000,  153, 153, 153
L -195.0000, 32.0000, -28.0000,  -198.0000, 30.0000, -28.0000,  153, 153, 153
L -198.0000, 30.0000, -28.0000,  -201.0000, 33.0000, -28.0000,  153, 153, 153
L -201.0000, 33.0000, -28.0000,  -200.0000, 36.0000, -27.0000,  153, 153, 153
L -200.0000, 36.0000, -27.0000,  -200.0000, 39.0000, -25.0000,  153, 153, 153
L -200.0000, 39.0000, -25.0000,  -210.0000, 39.0000, -25.0000,  153, 153, 153
L -210.0000, 39.0000, -25.0000,  -210.0000, 36.0000, -27.0000,  153, 153, 153
L -210.0000, 36.0000, -27.0000,  -210.0000, 35.0000, -27.0000,  153, 153, 153
L -210.0000, 35.0000, -27.0000,  -210.0000, 31.0000, -28.0000,  153, 153, 153
L -210.0000, 31.0000, -28.0000,  -213.0000, 30.0000, -28.0000,  153, 153, 153
L -213.0000, 30.0000, -28.0000,  -215.0000, 32.0000, -28.0000,  153, 153, 153
L -215.0000, 32.0000, -28.0000,  -240.0000, 32.0000, -28.0000,  153, 153, 153
L -240.0000, 32.0000, -28.0000,  -243.0000, 30.0000, -28.0000,  153, 153, 153
L -243.0000, 30.0000, -28.0000,  -249.0000, 31.0000, -28.0000,  153, 153, 153
L -249.0000, 31.0000, -28.0000,  -250.0000, 36.0000, -28.0000,  153, 153, 153
L -250.0000, 36.0000, -28.0000,  -248.0000, 40.0000, -28.0000,  153, 153, 153
L -248.0000, 40.0000, -28.0000,  -248.0000, 112.0000, -28.0000,  153, 153, 153
L -248.0000, 112.0000, -28.0000,  -250.0000, 116.0000, -28.0000,  153, 153, 153
L -250.0000, 116.0000, -28.0000,  -250.0000, 120.0000, -28.0000,  153, 153, 153
L -250.0000, 120.0000, -28.0000,  -243.0000, 122.0000, -28.0000,  153, 153, 153
L -243.0000, 122.0000, -28.0000,  -240.0000, 120.0000, -28.0000,  153, 153, 153
L -240.0000, 120.0000, -28.0000,  -154.0000, 120.0000, -28.0000,  153, 153, 153
L -154.0000, 120.0000, -28.0000,  -152.0000, 122.0000, -28.0000,  153, 153, 153
L -152.0000, 122.0000, -28.0000,  -149.0000, 123.0000, -28.0000,  153, 153, 153
L -149.0000, 123.0000, -28.0000,  -145.0000, 121.0000, -28.0000,  153, 153, 153
L -145.0000, 121.0000, -28.0000,  -144.0000, 120.0000, -28.0000,  153, 153, 153
L -144.0000, 120.0000, -28.0000,  -79.0000, 120.0000, -28.0000,  153, 153, 153
L -79.0000, 120.0000, -28.0000,  -78.0000, 121.0000, -28.0000,  153, 153, 153
L -78.0000, 121.0000, -28.0000,  -71.0000, 122.0000, -28.0000,  153, 153, 153
L -71.0000, 122.0000, -28.0000,  -68.0000, 118.0000, -28.0000,  153, 153, 153
L -68.0000, 118.0000, -28.0000,  -69.0000, 114.0000, -28.0000,  153, 153, 153
L -69.0000, 114.0000, -28.0000,  -72.0000, 112.0000, -28.0000,  153, 153, 153
L -72.0000, 112.0000, -28.0000,  -72.0000, 99.0000, -28.0000,  153, 153, 153
L -72.0000, 99.0000, -28.0000,  -25.0000, 99.0000, -28.0000,  153, 153, 153
L -25.0000, 99.0000, -28.0000,  -23.0000, 103.0000, -28.0000,  153, 153, 153
L -23.0000, 103.0000, -28.0000,  -16.0000, 102.0000, -28.0000,  153, 153, 153
L -16.0000, 102.0000, -28.0000,  -15.0000, 99.0000, -28.0000,  153, 153, 153
L -15.0000, 99.0000, -28.0000,  0.0000, 99.0000, -28.0000,  153, 153, 153
L 0.0000, 99.0000, -28.0000,  0.0000, 100.0000, -28.0000,  153, 153, 153
L 0.0000, 100.0000, -28.0000,  3.0000, 102.0000, -28.0000,  153, 153, 153
L 3.0000, 102.0000, -28.0000,  9.0000, 101.0000, -28.0000,  153, 153, 153
L 9.0000, 101.0000, -28.0000,  11.0000, 97.0000, -28.0000,  153, 153, 153
L -418.0000, -213.0000, -288.0000,  -421.0000, -215.0000, -28.0000,  153, 153, 153
L -421.0000, -215.0000, -28.0000,  -424.0000, -215.0000, -28.0000,  153, 153, 153
L -424.0000, -215.0000, -28.0000,  -426.0000, -212.0000, -28.0000,  153, 153, 153
L -426.0000, -212.0000, -28.0000,  -424.0000, -207.0000, -28.0000,  153, 153, 153
L -424.0000, -207.0000, -28.0000,  -424.0000, -117.0000, -28.0000,  153, 153, 153
L -424.0000, -117.0000, -28.0000,  -426.0000, -112.0000, -28.0000,  153, 153, 153
L -426.0000, -112.0000, -28.0000,  -421.0000, -109.0000, -28.0000,  153, 153, 153
L -421.0000, -109.0000, -28.0000,  -418.0000, -111.0000, -28.0000,  153, 153, 153
L -418.0000, -111.0000, -28.0000,  -278.0000, -111.0000, -28.0000,  153, 153, 153
L -278.0000, -111.0000, -28.0000,  -277.0000, -110.0000, -28.0000,  153, 153, 153
L -277.0000, -110.0000, -28.0000,  -273.0000, -109.0000, -28.0000,  153, 153, 153
L -273.0000, -109.0000, -28.0000,  -270.0000, -111.0000, -28.0000,  153, 153, 153
L -270.0000, -111.0000, -28.0000,  -272.0000, -117.0000, -28.0000,  153, 153, 153
L -272.0000, -117.0000, -28.0000,  -272.0000, -207.0000, -28.0000,  153, 153, 153
L -272.0000, -207.0000, -28.0000,  -270.0000, -210.0000, -28.0000,  153, 153, 153
L -270.0000, -210.0000, -28.0000,  -271.0000, -214.0000, -28.0000,  153, 153, 153
L -271.0000, -214.0000, -28.0000,  -278.0000, -213.0000, -28.0000,  153, 153, 153
L -278.0000, -213.0000, -28.0000,  -418.0000, -213.0000, -28.0000,  153, 153, 153
L -196.0000, -207.0000, -288.0000,  -196.0000, -117.0000, -28.0000,  153, 153, 153
L -196.0000, -117.0000, -28.0000,  -199.0000, -113.0000, -28.0000,  153, 153, 153
L -199.0000, -113.0000, -28.0000,  -195.0000, -109.0000, -28.0000,  153, 153, 153
L -195.0000, -109.0000, -28.0000,  -190.0000, -111.0000, -28.0000,  153, 153, 153
L -190.0000, -111.0000, -28.0000,  -50.0000, -111.0000, -28.0000,  153, 153, 153
L -50.0000, -111.0000, -28.0000,  -46.0000, -108.0000, -28.0000,  153, 153, 153
L -46.0000, -108.0000, -28.0000,  -42.0000, -111.0000, -28.0000,  153, 153, 153
L -42.0000, -111.0000, -28.0000,  -42.0000, -112.0000, -28.0000,  153, 153, 153
L -42.0000, -112.0000, -28.0000,  -44.0000, -117.0000, -28.0000,  153, 153, 153
L -44.0000, -117.0000, -28.0000,  -44.0000, -187.0000, -28.0000,  153, 153, 153
L -44.0000, -187.0000, -28.0000,  -50.0000, -187.0000, -26.0000,  153, 153, 153
L -50.0000, -187.0000, -26.0000,  -54.0000, -184.0000, -26.0000,  153, 153, 153
L -54.0000, -184.0000, -26.0000,  -52.0000, -119.0000, -26.0000,  153, 153, 153
L -52.0000, -119.0000, -26.0000,  -108.0000, -119.0000, -20.0000,  153, 153, 153
L -108.0000, -119.0000, -20.0000,  -108.0000, -205.0000, -26.0000,  153, 153, 153
L -108.0000, -205.0000, -26.0000,  -104.0000, -205.0000, -26.0000,  153, 153, 153
L -104.0000, -205.0000, -26.0000,  -101.0000, -203.0000, -26.0000,  153, 153, 153
L -101.0000, -203.0000, -26.0000,  -99.0000, -205.0000, -26.0000,  153, 153, 153
L -99.0000, -205.0000, -26.0000,  -97.0000, -212.0000, -28.0000,  153, 153, 153
L -97.0000, -212.0000, -28.0000,  -102.0000, -214.0000, -28.0000,  153, 153, 153
L -102.0000, -214.0000, -28.0000,  -103.0000, -213.0000, -28.0000,  153, 153, 153
L -103.0000, -213.0000, -28.0000,  -190.0000, -213.0000, -28.0000,  153, 153, 153
L -190.0000, -213.0000, -28.0000,  -192.0000, -215.0000, -28.0000,  153, 153, 153
L -192.0000, -215.0000, -28.0000,  -195.0000, -215.0000, -28.0000,  153, 153, 153
L -195.0000, -215.0000, -28.0000,  -199.0000, -209.0000, -28.0000,  153, 153, 153
L -199.0000, -209.0000, -28.0000,  -196.0000, -207.0000, -28.0000,  153, 153, 153
L -44.0000, -207.0000, -288.0000,  -42.0000, -210.0000, -28.0000,  153, 153, 153
L -42.0000, -210.0000, -28.0000,  -42.0000, -213.0000, -28.0000,  153, 153, 153
L -42.0000, -213.0000, -28.0000,  -50.0000, -216.0000, -28.0000,  153, 153, 153
L -50.0000, -216.0000, -28.0000,  -50.0000, -213.0000, -28.0000,  153, 153, 153
L -50.0000, -213.0000, -28.0000,  -83.0000, -213.0000, -28.0000,  153, 153, 153
L -83.0000, -213.0000, -28.0000,  -84.0000, -214.0000, -28.0000,  153, 153, 153
L -84.0000, -214.0000, -28.0000,  -87.0000, -214.0000, -28.0000,  153, 153, 153
L -87.0000, -214.0000, -28.0000,  -88.0000, -210.0000, -27.0000,  153, 153, 153
L -88.0000, -210.0000, -27.0000,  -88.0000, -206.0000, -26.0000,  153, 153, 153
L -88.0000, -206.0000, -26.0000,  -84.0000, -203.0000, -26.0000,  153, 153, 153
L -84.0000, -203.0000, -26.0000,  -82.0000, -205.0000, -26.0000,  153, 153, 153
L -82.0000, -205.0000, -26.0000,  -52.0000, -205.0000, -26.0000,  153, 153, 153
L -52.0000, -205.0000, -26.0000,  -52.0000, -203.0000, -26.0000,  153, 153, 153
L -52.0000, -203.0000, -26.0000,  -53.0000, -203.0000, -26.0000,  153, 153, 153
L -53.0000, -203.0000, -26.0000,  -51.0000, -197.0000, -26.0000,  153, 153, 153
L -51.0000, -197.0000, -26.0000,  -46.0000, -197.0000, -28.0000,  153, 153, 153
L -46.0000, -197.0000, -28.0000,  -43.0000, -198.0000, -28.0000,  153, 153, 153
L -43.0000, -198.0000, -28.0000,  -42.0000, -200.0000, -28.0000,  153, 153, 153
L -42.0000, -200.0000, -28.0000,  -44.0000, -202.0000, -28.0000,  153, 153, 153
L -44.0000, -202.0000, -28.0000,  -44.0000, -207.0000, -28.0000,  153, 153, 153
L -20.0000, -258.0000, -288.0000,  -20.0000, -118.0000, -28.0000,  153, 153, 153
L -20.0000, -118.0000, -28.0000,  -22.0000, -116.0000, -28.0000,  153, 153, 153
L -22.0000, -116.0000, -28.0000,  -22.0000, -112.0000, -28.0000,  153, 153, 153
L -22.0000, -112.0000, -28.0000,  -18.0000, -109.0000, -28.0000,  153, 153, 153
L -18.0000, -109.0000, -28.0000,  -14.0000, -112.0000, -28.0000,  153, 153, 153
L -14.0000, -112.0000, -28.0000,  55.0000, -112.0000, -28.0000,  153, 153, 153
L 55.0000, -112.0000, -28.0000,  57.0000, -110.0000, -28.0000,  153, 153, 153
L 57.0000, -110.0000, -28.0000,  59.0000, -109.0000, -28.0000,  153, 153, 153
L 59.0000, -109.0000, -28.0000,  62.0000, -111.0000, -28.0000,  153, 153, 153
L 62.0000, -111.0000, -28.0000,  64.0000, -114.0000, -28.0000,  153, 153, 153
L 64.0000, -114.0000, -28.0000,  61.0000, -118.0000, -28.0000,  153, 153, 153
L 61.0000, -118.0000, -28.0000,  61.0000, -190.0000, -28.0000,  153, 153, 153
L 61.0000, -190.0000, -28.0000,  63.0000, -193.0000, -28.0000,  153, 153, 153
L 63.0000, -193.0000, -28.0000,  61.0000, -198.0000, -28.0000,  153, 153, 153
L 61.0000, -198.0000, -28.0000,  61.0000, -209.0000, -28.0000,  153, 153, 153
L 61.0000, -209.0000, -28.0000,  64.0000, -210.0000, -28.0000,  153, 153, 153
L 64.0000, -210.0000, -28.0000,  61.0000, -217.0000, -28.0000,  153, 153, 153
L 61.0000, -217.0000, -28.0000,  61.0000, -258.0000, -28.0000,  153, 153, 153
L 61.0000, -258.0000, -28.0000,  63.0000, -261.0000, -28.0000,  153, 153, 153
L 63.0000, -261.0000, -28.0000,  61.0000, -266.0000, -28.0000,  153, 153, 153
L 61.0000, -266.0000, -28.0000,  55.0000, -264.0000, -28.0000,  153, 153, 153
L 55.0000, -264.0000, -28.0000,  -14.0000, -264.0000, -28.0000,  153, 153, 153
L -14.0000, -264.0000, -28.0000,  -18.0000, -267.0000, -28.0000,  153, 153, 153
L -18.0000, -267.0000, -28.0000,  -22.0000, -260.0000, -28.0000,  153, 153, 153
L -22.0000, -260.0000, -28.0000,  -20.0000, -258.0000, -28.0000,  153, 153, 153
L -183.0000, -85.0000, -288.0000,  -184.0000, -62.0000, -28.0000,  153, 153, 153
L -184.0000, -62.0000, -28.0000,  -246.0000, -62.0000, -28.0000,  153, 153, 153
L -246.0000, -62.0000, -28.0000,  -246.0000, 8.0000, -28.0000,  153, 153, 153
L -246.0000, 8.0000, -28.0000,  -46.0000, 8.0000, -28.0000,  153, 153, 153
L -46.0000, 8.0000, -28.0000,  -46.0000, -87.0000, -28.0000,  153, 153, 153
L -46.0000, -87.0000, -28.0000,  -183.0000, -85.0000, -28.0000,  153, 153, 153
L 338.0000, 252.0000, -266.0000,  338.0000, 185.0000, -26.0000,  153, 153, 153
L 338.0000, 185.0000, -26.0000,  252.0000, 185.0000, -26.0000,  153, 153, 153
L 252.0000, 185.0000, -26.0000,  252.0000, 252.0000, -26.0000,  153, 153, 153
L 252.0000, 252.0000, -26.0000,  338.0000, 252.0000, -26.0000,  153, 153, 153
L -1602.0000, -254.0000, -558.0000,  -1602.0000, -308.0000, -55.0000,  153, 153, 153
L -1602.0000, -308.0000, -55.0000,  -1730.0000, -308.0000, -55.0000,  153, 153, 153
L -1730.0000, -308.0000, -55.0000,  -1732.0000, -336.0000, -55.0000,  153, 153, 153
L -1732.0000, -336.0000, -55.0000,  -1747.0000, -374.0000, -55.0000,  153, 153, 153
L -1747.0000, -374.0000, -55.0000,  -1789.0000, -375.0000, -55.0000,  153, 153, 153
L -1806.0000, -376.0000, -558.0000,  -1806.0000, -338.0000, -55.0000,  153, 153, 153
L -1806.0000, -338.0000, -55.0000,  -1769.0000, -338.0000, -55.0000,  153, 153, 153
L -1769.0000, -338.0000, -55.0000,  -1766.0000, -298.0000, -55.0000,  153, 153, 153
L -1766.0000, -298.0000, -55.0000,  -1693.0000, -297.0000, -55.0000,  153, 153, 153
L -1693.0000, -297.0000, -55.0000,  -1692.0000, -272.0000, -55.0000,  153, 153, 153
L -1692.0000, -272.0000, -55.0000,  -1676.0000, -272.0000, -55.0000,  153, 153, 153
L -1676.0000, -272.0000, -55.0000,  -1676.0000, -291.0000, -55.0000,  153, 153, 153
L -1676.0000, -291.0000, -55.0000,  -1681.0000, -293.0000, -55.0000,  153, 153, 153
L -1681.0000, -293.0000, -55.0000,  -1680.0000, -297.0000, -55.0000,  153, 153, 153
L -1680.0000, -297.0000, -55.0000,  -1670.0000, -297.0000, -55.0000,  153, 153, 153
L -1670.0000, -297.0000, -55.0000,  -1671.0000, -265.0000, -55.0000,  153, 153, 153
L -1671.0000, -265.0000, -55.0000,  -1699.0000, -265.0000, -55.0000,  153, 153, 153
L -1699.0000, -265.0000, -55.0000,  -1700.0000, -290.0000, -55.0000,  153, 153, 153
L -1700.0000, -290.0000, -55.0000,  -1716.0000, -290.0000, -55.0000,  153, 153, 153
L -1716.0000, -290.0000, -55.0000,  -1716.0000, -271.0000, -55.0000,  153, 153, 153
L -1716.0000, -271.0000, -55.0000,  -1711.0000, -270.0000, -55.0000,  153, 153, 153
L -1711.0000, -270.0000, -55.0000,  -1712.0000, -265.0000, -55.0000,  153, 153, 153
L -1712.0000, -265.0000, -55.0000,  -1728.0000, -264.0000, -55.0000,  153, 153, 153
L -1728.0000, -264.0000, -55.0000,  -1728.0000, -254.0000, -55.0000,  153, 153, 153
L -1728.0000, -254.0000, -55.0000,  -1660.0000, -254.0000, -55.0000,  153, 153, 153
L -1660.0000, -254.0000, -55.0000,  -1659.0000, -297.0000, -55.0000,  153, 153, 153
L -1659.0000, -297.0000, -55.0000,  -1655.0000, -297.0000, -55.0000,  153, 153, 153
L -1655.0000, -297.0000, -55.0000,  -1654.0000, -254.0000, -49.0000,  153, 153, 153
L -1695.0000, -308.0000, -558.0000,  -1695.0000, -298.0000, -55.0000,  255, 0, 0
L -1729.0000, -298.0000, -558.0000,  -1729.0000, -308.0000, -55.0000,  255, 0, 0
