P -149.0000, 368.0000, 564.0000,  240, 0, 0,  2,  Portal_3
P 723.0000, -75.0000, 730.0000,  240, 0, 0,  2,  Portal_3_Landing
P 663.0000, -682.0000, -72.0000,  240, 0, 0,  2,  Portal_1
P 639.0000, -68.0000, 735.0000,  240, 0, 0,  2,  Portal_4
P 539.0000, -615.0000, -70.0000,  240, 0, 0,  2,  Portal_4_Landing
P -190.0000, -555.0000, 291.0000,  0, 0, 240,  2,  Lirzzha
P -215.0000, 430.0000, 515.0000,  0, 0, 240,  2,  Mordezh
P -231.0000, -649.0000, 385.0000,  240, 0, 0,  2,  Portal_1_Landing
P -222.0000, -563.0000, 390.0000,  240, 0, 0,  2,  Portal_2
P -229.0000, 376.0000, 557.0000,  240, 0, 0,  2,  Portal_2_Landing
