P -1716.1239, -84.6523, -0.7192,  0, 127, 0,  1,  a_lucid_beggar
P 1922.2556, -998.1609, 9.7269,  0, 127, 0,  1,  a_wounded_kobold
P 1947.2649, -1070.0044, 4.4963,  0, 240, 0,  1,  To_Main_part
P -1636.3810, -8.1395, 1.2092,  0, 240, 0,  1,  To_Main_Part
P -1832.1692, 24.9497, -0.7192,  0, 240, 0,  1,  Farm
P -427.6941, -7.5718, -28.5823,  0, 240, 0,  1,  To_Farm
P 44.4620, -233.8290, -83.9413,  0, 240, 0,  1,  To_Giant_Fort
P 0.3964, -219.3937, -14.8819,  0, 240, 0,  1,  Morell's_Castle
P 43.2508, -14.0721, -26.9899,  240, 0, 0,  1,  Sage_Jarith_(Quest)
P 12.3033, 155.2223, -3.2729,  240, 0, 0,  1,  Towerguard_Raena_(raid)
P -273.3218, 422.2560, -27.6589,  240, 0, 0,  1,  Seamus_Greendream_(Quest)
P -192.7685, 43.6520, -28.5824,  240, 0, 0,  1,  Sgt_Ghomar_(Quest)
P 71.4627, 161.6558, -4.9654,  240, 0, 0,  1,  salvonius_(quest)
P 59.4822, 158.9143, -4.9653,  240, 0, 0,  1,  Buck_Witherspoon_(Quest)
P -516.6661, 332.4684, -27.0729,  0, 127, 0,  1,  Shard_of_Storms
P -60.6358, 353.7211, -26.5855,  0, 127, 0,  1,  Deathshattering_Bow
P -172.1879, 375.4998, -27.7345,  0, 127, 0,  1,  Savage_Shield
P -139.6881, 282.7107, -27.7984,  0, 127, 0,  1,  Leather_Sack_of_Gold
P -310.2178, 418.3873, -27.7984,  0, 127, 0,  1,  Leather_Sack_of_Gold
P -258.6133, 360.3100, -27.7984,  0, 127, 0,  1,  Leather_sack_of_Gold
P -182.7740, 289.8149, -27.7984,  0, 127, 0,  1,  Leather_Sack_of_Gold
P -258.8687, 209.2921, -27.7984,  0, 127, 0,  1,  leather_sack_of_gold
P -259.2724, 215.7272, -27.4051,  0, 127, 0,  1,  Nightmarish_Shield
P -183.9194, 294.3206, -26.5911,  0, 127, 0,  1,  elixir_of_dreams
P -133.9253, -55.2222, -25.4771,  240, 0, 0,  1,  Twereus_Ulithain
P -76.3951, 83.7773, -1.2625,  0, 127, 0,  1,  Seager_the_Locksmith
P -20.7331, 451.6619, 37.1935,  0, 127, 0,  1,  Dennen_Marol
P 290.7683, -14.3112, -26.3667,  0, 127, 0,  1,  Cort_Landerson
P 393.3206, 10.8005, -26.3144,  0, 127, 0,  1,  Royal_Courtyard
P -304.7928, 144.6531, -27.7551,  0, 127, 0,  1,  Romen_Steelforge
P -348.8553, 416.9477, -27.6590,  0, 127, 0,  1,  Leather_Sack_of_Gold
P -353.4364, 263.3762, -27.6590,  0, 127, 0,  1,  leather_bag_of_gold
P -261.3597, 258.4693, -27.3262,  0, 127, 0,  1,  Sword_of_Cloudy_Dominion
P -340.8121, -672.1499, 20.1115,  0, 127, 0,  1,  Salvonius_Treasure
P -246.0916, -667.1945, -20.8360,  0, 127, 0,  1,  ladder
P -185.8234, -322.4560, -20.8363,  0, 127, 0,  1,  Karen_D'ven
P -691.3423, -456.1763, 20.1116,  0, 127, 0,  1,  trapdoor
P -670.2851, -526.6134, -20.8360,  0, 127, 0,  1,  Mara_o'Rane
P -629.1058, -602.8914, 20.1114,  0, 127, 0,  1,  invisible_wall
P -0.3707, 692.8873, 92.9940,  0, 0, 127,  1,  Blocked_Door_?
P -449.7331, -447.2090, 20.1114,  0, 127, 0,  1,  trapdoor
P 279.9500, 208.2800, 152.6212,  0, 127, 0,  1,  a_fake_princess
P 610.5380, -178.9740, 152.0429,  0, 127, 0,  1,  A_deluded_prince
P 2.2385, 682.4606, 90.2303,  0, 127, 0,  1,  Morell's_Comander
P -1639.1648, 148.5314, -0.7192,  0, 127, 0,  1,  Fareth
P 0.0000, 0.0000, 0.0000,  0, 0, 0,  1,  å„ﬂw›fâr
