L -783.0000, 2096.0000, -21.0000,  -790.0000, 2087.0000, -21.0000,  153, 153, 153
L -785.0000, 2108.0000, -20.0000,  -783.0000, 2096.0000, -21.0000,  153, 153, 153
L -795.0000, 2115.0000, -21.0000,  -785.0000, 2108.0000, -20.0000,  153, 153, 153
L -807.0000, 2114.0000, -21.0000,  -795.0000, 2115.0000, -21.0000,  153, 153, 153
L -814.0000, 2104.0000, -21.0000,  -807.0000, 2114.0000, -21.0000,  153, 153, 153
L -812.0000, 2092.0000, -21.0000,  -814.0000, 2104.0000, -21.0000,  153, 153, 153
L -803.0000, 2085.0000, -217.0000,  -812.0000, 2092.0000, -21.0000,  153, 153, 153
L -780.0000, 2049.0000, -22.0000,  -786.0000, 2059.0000, -22.0000,  153, 153, 153
L -783.0000, 2037.0000, -23.0000,  -780.0000, 2049.0000, -22.0000,  153, 153, 153
L -794.0000, 2031.0000, -23.0000,  -783.0000, 2037.0000, -23.0000,  153, 153, 153
L -805.0000, 2034.0000, -23.0000,  -794.0000, 2031.0000, -23.0000,  153, 153, 153
L -812.0000, 2044.0000, -22.0000,  -805.0000, 2034.0000, -23.0000,  153, 153, 153
L -809.0000, 2056.0000, -22.0000,  -812.0000, 2044.0000, -22.0000,  153, 153, 153
L -799.0000, 2062.0000, -221.0000,  -809.0000, 2056.0000, -22.0000,  153, 153, 153
L -1394.0000, -1205.0000, 14.0000,  -1396.0000, -1204.0000, 14.0000,  153, 153, 153
L -1400.0000, -1217.0000, 13.0000,  -1394.0000, -1205.0000, 14.0000,  153, 153, 153
L -1412.0000, -1211.0000, 11.0000,  -1400.0000, -1217.0000, 13.0000,  153, 153, 153
L -1406.0000, -1199.0000, 12.0000,  -1412.0000, -1211.0000, 11.0000,  153, 153, 153
L -1404.0000, -1200.0000, 130.0000,  -1406.0000, -1199.0000, 12.0000,  153, 153, 153
L -1334.0000, 155.0000, -23.0000,  -1333.0000, 158.0000, -23.0000,  153, 153, 153
L -1346.0000, 158.0000, -23.0000,  -1334.0000, 155.0000, -23.0000,  153, 153, 153
L -1344.0000, 170.0000, -23.0000,  -1346.0000, 158.0000, -23.0000,  153, 153, 153
L -1331.0000, 168.0000, -23.0000,  -1344.0000, 170.0000, -23.0000,  153, 153, 153
L -1332.0000, 165.0000, -233.0000,  -1331.0000, 168.0000, -23.0000,  153, 153, 153
L -1317.0000, 124.0000, -23.0000,  -1319.0000, 125.0000, -23.0000,  153, 153, 153
L -1323.0000, 113.0000, -23.0000,  -1317.0000, 124.0000, -23.0000,  153, 153, 153
L -1334.0000, 118.0000, -23.0000,  -1323.0000, 113.0000, -23.0000,  153, 153, 153
L -1329.0000, 130.0000, -23.0000,  -1334.0000, 118.0000, -23.0000,  153, 153, 153
L -1326.0000, 129.0000, -233.0000,  -1329.0000, 130.0000, -23.0000,  153, 153, 153
L -530.0000, -216.0000, -22.0000,  -508.0000, -181.0000, -23.0000,  153, 153, 153
L -499.0000, -233.0000, -22.0000,  -530.0000, -216.0000, -22.0000,  153, 153, 153
L -477.0000, -198.0000, -231.0000,  -499.0000, -233.0000, -22.0000,  153, 153, 153
L -500.0000, -49.0000, -24.0000,  -474.0000, -85.0000, -23.0000,  153, 153, 153
L -529.0000, -77.0000, -23.0000,  -500.0000, -49.0000, -24.0000,  153, 153, 153
L -497.0000, -107.0000, -233.0000,  -529.0000, -77.0000, -23.0000,  153, 153, 153
L -526.0000, -96.0000, -23.0000,  -485.0000, -113.0000, -23.0000,  153, 153, 153
L -539.0000, -128.0000, -23.0000,  -526.0000, -96.0000, -23.0000,  153, 153, 153
L -496.0000, -145.0000, -233.0000,  -539.0000, -128.0000, -23.0000,  153, 153, 153
L -460.0000, -199.0000, -23.0000,  -463.0000, -154.0000, -23.0000,  153, 153, 153
L -424.0000, -197.0000, -23.0000,  -460.0000, -199.0000, -23.0000,  153, 153, 153
L -430.0000, -153.0000, -216.0000,  -424.0000, -197.0000, -23.0000,  153, 153, 153
L 694.0000, -70.0000, -25.0000,  695.0000, -73.0000, -24.0000,  153, 153, 153
L 704.0000, -61.0000, -26.0000,  694.0000, -70.0000, -25.0000,  153, 153, 153
L 712.0000, -71.0000, -24.0000,  704.0000, -61.0000, -26.0000,  153, 153, 153
L 702.0000, -80.0000, -23.0000,  712.0000, -71.0000, -24.0000,  153, 153, 153
L 699.0000, -78.0000, -242.0000,  702.0000, -80.0000, -23.0000,  153, 153, 153
L 696.0000, -120.0000, -23.0000,  695.0000, -122.0000, -23.0000,  153, 153, 153
L 708.0000, -124.0000, -23.0000,  696.0000, -120.0000, -23.0000,  153, 153, 153
L 704.0000, -136.0000, -23.0000,  708.0000, -124.0000, -23.0000,  153, 153, 153
L 692.0000, -132.0000, -23.0000,  704.0000, -136.0000, -23.0000,  153, 153, 153
L 693.0000, -130.0000, -233.0000,  692.0000, -132.0000, -23.0000,  153, 153, 153
L 207.0000, 397.0000, -79.0000,  260.0000, 385.0000, -73.0000,  153, 153, 153
L 194.0000, 344.0000, -79.0000,  207.0000, 397.0000, -79.0000,  153, 153, 153
L 248.0000, 331.0000, -88.0000,  194.0000, 344.0000, -79.0000,  153, 153, 153
L 260.0000, 384.0000, -730.0000,  248.0000, 331.0000, -88.0000,  153, 153, 153
L 784.0000, 1244.0000, -23.0000,  782.0000, 1239.0000, -23.0000,  153, 153, 153
L 789.0000, 1246.0000, -23.0000,  784.0000, 1244.0000, -23.0000,  153, 153, 153
L 795.0000, 1244.0000, -23.0000,  789.0000, 1246.0000, -23.0000,  153, 153, 153
L 797.0000, 1238.0000, -23.0000,  795.0000, 1244.0000, -23.0000,  153, 153, 153
L 794.0000, 1233.0000, -23.0000,  797.0000, 1238.0000, -23.0000,  153, 153, 153
L 789.0000, 1231.0000, -23.0000,  794.0000, 1233.0000, -23.0000,  153, 153, 153
L 784.0000, 1234.0000, -233.0000,  789.0000, 1231.0000, -23.0000,  153, 153, 153
L 749.0000, 1244.0000, -23.0000,  755.0000, 1243.0000, -23.0000,  153, 153, 153
L 746.0000, 1249.0000, -23.0000,  749.0000, 1244.0000, -23.0000,  153, 153, 153
L 747.0000, 1255.0000, -23.0000,  746.0000, 1249.0000, -23.0000,  153, 153, 153
L 752.0000, 1258.0000, -23.0000,  747.0000, 1255.0000, -23.0000,  153, 153, 153
L 758.0000, 1257.0000, -23.0000,  752.0000, 1258.0000, -23.0000,  153, 153, 153
L 761.0000, 1252.0000, -23.0000,  758.0000, 1257.0000, -23.0000,  153, 153, 153
L 760.0000, 1246.0000, -233.0000,  761.0000, 1252.0000, -23.0000,  153, 153, 153
L 808.0000, 2071.0000, -32.0000,  807.0000, 2065.0000, -32.0000,  153, 153, 153
L 813.0000, 2074.0000, -33.0000,  808.0000, 2071.0000, -32.0000,  153, 153, 153
L 819.0000, 2074.0000, -33.0000,  813.0000, 2074.0000, -33.0000,  153, 153, 153
L 822.0000, 2069.0000, -32.0000,  819.0000, 2074.0000, -33.0000,  153, 153, 153
L 821.0000, 2063.0000, -31.0000,  822.0000, 2069.0000, -32.0000,  153, 153, 153
L 817.0000, 2060.0000, -31.0000,  821.0000, 2063.0000, -31.0000,  153, 153, 153
L 811.0000, 2060.0000, -313.0000,  817.0000, 2060.0000, -31.0000,  153, 153, 153
L -129.0000, 993.0000, -22.0000,  -178.0000, 1045.0000, -25.0000,  153, 153, 153
L -75.0000, 1041.0000, -23.0000,  -129.0000, 993.0000, -22.0000,  153, 153, 153
L -122.0000, 1094.0000, -23.0000,  -75.0000, 1041.0000, -23.0000,  153, 153, 153
L -178.0000, 1044.0000, -253.0000,  -122.0000, 1094.0000, -23.0000,  153, 153, 153
L -204.0000, 1056.0000, -26.0000,  -194.0000, 1045.0000, -26.0000,  153, 153, 153
L -214.0000, 1047.0000, -26.0000,  -204.0000, 1056.0000, -26.0000,  153, 153, 153
L -204.0000, 1035.0000, -26.0000,  -214.0000, 1047.0000, -26.0000,  153, 153, 153
L -193.0000, 1046.0000, -261.0000,  -204.0000, 1035.0000, -26.0000,  153, 153, 153
L -140.0000, 1000.0000, -22.0000,  -125.0000, 968.0000, -21.0000,  153, 153, 153
L -145.0000, 995.0000, -22.0000,  -140.0000, 1000.0000, -22.0000,  153, 153, 153
L -137.0000, 957.0000, -21.0000,  -145.0000, 995.0000, -22.0000,  153, 153, 153
L -125.0000, 967.0000, -215.0000,  -137.0000, 957.0000, -21.0000,  153, 153, 153
L -47.0000, 1050.0000, -23.0000,  -58.0000, 1041.0000, -23.0000,  153, 153, 153
L -37.0000, 1040.0000, -23.0000,  -47.0000, 1050.0000, -23.0000,  153, 153, 153
L -48.0000, 1031.0000, -23.0000,  -37.0000, 1040.0000, -23.0000,  153, 153, 153
L -58.0000, 1041.0000, -233.0000,  -48.0000, 1031.0000, -23.0000,  153, 153, 153
L -119.0000, 1132.0000, -25.0000,  -129.0000, 1122.0000, -24.0000,  153, 153, 153
L -110.0000, 1121.0000, -24.0000,  -119.0000, 1132.0000, -25.0000,  153, 153, 153
L -120.0000, 1110.0000, -23.0000,  -110.0000, 1121.0000, -24.0000,  153, 153, 153
L -129.0000, 1122.0000, -242.0000,  -120.0000, 1110.0000, -23.0000,  153, 153, 153
L -476.0000, 1348.0000, -23.0000,  -484.0000, 1341.0000, -23.0000,  153, 153, 153
L -475.0000, 1359.0000, -23.0000,  -476.0000, 1348.0000, -23.0000,  153, 153, 153
L -483.0000, 1367.0000, -23.0000,  -475.0000, 1359.0000, -23.0000,  153, 153, 153
L -494.0000, 1367.0000, -23.0000,  -483.0000, 1367.0000, -23.0000,  153, 153, 153
L -501.0000, 1359.0000, -23.0000,  -494.0000, 1367.0000, -23.0000,  153, 153, 153
L -501.0000, 1349.0000, -23.0000,  -501.0000, 1359.0000, -23.0000,  153, 153, 153
L -495.0000, 1342.0000, -233.0000,  -501.0000, 1349.0000, -23.0000,  153, 153, 153
L -465.0000, 1287.0000, -23.0000,  -474.0000, 1289.0000, -23.0000,  153, 153, 153
L -459.0000, 1279.0000, -23.0000,  -465.0000, 1287.0000, -23.0000,  153, 153, 153
L -460.0000, 1268.0000, -23.0000,  -459.0000, 1279.0000, -23.0000,  153, 153, 153
L -469.0000, 1262.0000, -23.0000,  -460.0000, 1268.0000, -23.0000,  153, 153, 153
L -479.0000, 1264.0000, -23.0000,  -469.0000, 1262.0000, -23.0000,  153, 153, 153
L -485.0000, 1273.0000, -23.0000,  -479.0000, 1264.0000, -23.0000,  153, 153, 153
L -483.0000, 1283.0000, -233.0000,  -485.0000, 1273.0000, -23.0000,  153, 153, 153
L -1279.0000, 1283.0000, -23.0000,  -1276.0000, 1278.0000, -23.0000,  153, 153, 153
L -1278.0000, 1289.0000, -23.0000,  -1279.0000, 1283.0000, -23.0000,  153, 153, 153
L -1274.0000, 1292.0000, -23.0000,  -1278.0000, 1289.0000, -23.0000,  153, 153, 153
L -1268.0000, 1291.0000, -23.0000,  -1274.0000, 1292.0000, -23.0000,  153, 153, 153
L -1264.0000, 1287.0000, -23.0000,  -1268.0000, 1291.0000, -23.0000,  153, 153, 153
L -1265.0000, 1281.0000, -23.0000,  -1264.0000, 1287.0000, -23.0000,  153, 153, 153
L -1270.0000, 1277.0000, -231.0000,  -1265.0000, 1281.0000, -23.0000,  153, 153, 153
L -1296.0000, 1247.0000, -23.0000,  -1290.0000, 1248.0000, -22.0000,  153, 153, 153
L -1299.0000, 1242.0000, -23.0000,  -1296.0000, 1247.0000, -23.0000,  153, 153, 153
L -1298.0000, 1236.0000, -22.0000,  -1299.0000, 1242.0000, -23.0000,  153, 153, 153
L -1293.0000, 1233.0000, -22.0000,  -1298.0000, 1236.0000, -22.0000,  153, 153, 153
L -1287.0000, 1235.0000, -22.0000,  -1293.0000, 1233.0000, -22.0000,  153, 153, 153
L -1284.0000, 1240.0000, -22.0000,  -1287.0000, 1235.0000, -22.0000,  153, 153, 153
L -1285.0000, 1245.0000, -228.0000,  -1284.0000, 1240.0000, -22.0000,  153, 153, 153
L -1346.0000, 1243.0000, -23.0000,  -1356.0000, 1242.0000, -23.0000,  153, 153, 153
L -1338.0000, 1236.0000, -23.0000,  -1346.0000, 1243.0000, -23.0000,  153, 153, 153
L -1337.0000, 1226.0000, -23.0000,  -1338.0000, 1236.0000, -23.0000,  153, 153, 153
L -1344.0000, 1218.0000, -23.0000,  -1337.0000, 1226.0000, -23.0000,  153, 153, 153
L -1354.0000, 1217.0000, -23.0000,  -1344.0000, 1218.0000, -23.0000,  153, 153, 153
L -1362.0000, 1224.0000, -23.0000,  -1354.0000, 1217.0000, -23.0000,  153, 153, 153
L -1364.0000, 1234.0000, -233.0000,  -1362.0000, 1224.0000, -23.0000,  153, 153, 153
L -1405.0000, 1226.0000, -23.0000,  -1395.0000, 1231.0000, -23.0000,  153, 153, 153
L -1409.0000, 1216.0000, -23.0000,  -1405.0000, 1226.0000, -23.0000,  153, 153, 153
L -1404.0000, 1207.0000, -23.0000,  -1409.0000, 1216.0000, -23.0000,  153, 153, 153
L -1394.0000, 1203.0000, -23.0000,  -1404.0000, 1207.0000, -23.0000,  153, 153, 153
L -1385.0000, 1207.0000, -23.0000,  -1394.0000, 1203.0000, -23.0000,  153, 153, 153
L -1381.0000, 1217.0000, -23.0000,  -1385.0000, 1207.0000, -23.0000,  153, 153, 153
L -1386.0000, 1227.0000, -233.0000,  -1381.0000, 1217.0000, -23.0000,  153, 153, 153
L -1413.0000, 1272.0000, -23.0000,  -1403.0000, 1268.0000, -23.0000,  153, 153, 153
L -1417.0000, 1282.0000, -23.0000,  -1413.0000, 1272.0000, -23.0000,  153, 153, 153
L -1413.0000, 1291.0000, -23.0000,  -1417.0000, 1282.0000, -23.0000,  153, 153, 153
L -1404.0000, 1295.0000, -23.0000,  -1413.0000, 1291.0000, -23.0000,  153, 153, 153
L -1394.0000, 1292.0000, -23.0000,  -1404.0000, 1295.0000, -23.0000,  153, 153, 153
L -1390.0000, 1282.0000, -23.0000,  -1394.0000, 1292.0000, -23.0000,  153, 153, 153
L -1394.0000, 1272.0000, -233.0000,  -1390.0000, 1282.0000, -23.0000,  153, 153, 153
L -1379.0000, 1744.0000, -18.0000,  -1377.0000, 1749.0000, -18.0000,  153, 153, 153
L -1383.0000, 1741.0000, -18.0000,  -1379.0000, 1744.0000, -18.0000,  153, 153, 153
L -1386.0000, 1741.0000, -18.0000,  -1383.0000, 1741.0000, -18.0000,  153, 153, 153
L -1389.0000, 1742.0000, -18.0000,  -1386.0000, 1741.0000, -18.0000,  153, 153, 153
L -1392.0000, 1747.0000, -19.0000,  -1389.0000, 1742.0000, -18.0000,  153, 153, 153
L -1391.0000, 1753.0000, -19.0000,  -1392.0000, 1747.0000, -19.0000,  153, 153, 153
L -1386.0000, 1756.0000, -19.0000,  -1391.0000, 1753.0000, -19.0000,  153, 153, 153
L -1380.0000, 1755.0000, -190.0000,  -1386.0000, 1756.0000, -19.0000,  153, 153, 153
L -1315.0000, 2428.0000, -23.0000,  -1310.0000, 2430.0000, -23.0000,  153, 153, 153
L -1320.0000, 2431.0000, -23.0000,  -1315.0000, 2428.0000, -23.0000,  153, 153, 153
L -1322.0000, 2436.0000, -22.0000,  -1320.0000, 2431.0000, -23.0000,  153, 153, 153
L -1320.0000, 2441.0000, -22.0000,  -1322.0000, 2436.0000, -22.0000,  153, 153, 153
L -1314.0000, 2443.0000, -22.0000,  -1320.0000, 2441.0000, -22.0000,  153, 153, 153
L -1309.0000, 2441.0000, -22.0000,  -1314.0000, 2443.0000, -22.0000,  153, 153, 153
L -1307.0000, 2435.0000, -229.0000,  -1309.0000, 2441.0000, -22.0000,  153, 153, 153
L -1310.0000, 2409.0000, -23.0000,  -1304.0000, 2409.0000, -23.0000,  153, 153, 153
L -1314.0000, 2405.0000, -23.0000,  -1310.0000, 2409.0000, -23.0000,  153, 153, 153
L -1314.0000, 2399.0000, -23.0000,  -1314.0000, 2405.0000, -23.0000,  153, 153, 153
L -1310.0000, 2395.0000, -23.0000,  -1314.0000, 2399.0000, -23.0000,  153, 153, 153
L -1304.0000, 2395.0000, -23.0000,  -1310.0000, 2395.0000, -23.0000,  153, 153, 153
L -1300.0000, 2399.0000, -23.0000,  -1304.0000, 2395.0000, -23.0000,  153, 153, 153
L -1300.0000, 2405.0000, -233.0000,  -1300.0000, 2399.0000, -23.0000,  153, 153, 153
L -335.0000, 2108.0000, -19.0000,  -323.0000, 2116.0000, -19.0000,  153, 153, 153
L -341.0000, 2119.0000, -18.0000,  -335.0000, 2108.0000, -19.0000,  153, 153, 153
L -330.0000, 2126.0000, -18.0000,  -341.0000, 2119.0000, -18.0000,  153, 153, 153
L -322.0000, 2116.0000, -190.0000,  -330.0000, 2126.0000, -18.0000,  153, 153, 153
L -313.0000, 2146.0000, -16.0000,  -313.0000, 2132.0000, -17.0000,  153, 153, 153
L -349.0000, 2141.0000, -19.0000,  -313.0000, 2146.0000, -16.0000,  153, 153, 153
L -347.0000, 2129.0000, -19.0000,  -349.0000, 2141.0000, -19.0000,  153, 153, 153
L -323.0000, 2131.0000, -17.0000,  -347.0000, 2129.0000, -19.0000,  153, 153, 153
L -326.0000, 2128.0000, -17.0000,  -323.0000, 2131.0000, -17.0000,  153, 153, 153
L -319.0000, 2117.0000, -18.0000,  -326.0000, 2128.0000, -17.0000,  153, 153, 153
L -309.0000, 2124.0000, -18.0000,  -319.0000, 2117.0000, -18.0000,  153, 153, 153
L -313.0000, 2132.0000, -174.0000,  -309.0000, 2124.0000, -18.0000,  153, 153, 153
L -289.0000, 2084.0000, -20.0000,  -301.0000, 2104.0000, -19.0000,  153, 153, 153
L -309.0000, 2071.0000, -21.0000,  -289.0000, 2084.0000, -20.0000,  153, 153, 153
L -321.0000, 2092.0000, -20.0000,  -309.0000, 2071.0000, -21.0000,  153, 153, 153
L -301.0000, 2104.0000, -197.0000,  -321.0000, 2092.0000, -20.0000,  153, 153, 153
L -264.0000, 2118.0000, -19.0000,  -273.0000, 2112.0000, -19.0000,  153, 153, 153
L -270.0000, 2129.0000, -17.0000,  -264.0000, 2118.0000, -19.0000,  153, 153, 153
L -281.0000, 2122.0000, -18.0000,  -270.0000, 2129.0000, -17.0000,  153, 153, 153
L -274.0000, 2112.0000, -195.0000,  -281.0000, 2122.0000, -18.0000,  153, 153, 153
L -253.0000, 2102.0000, -19.0000,  -265.0000, 2095.0000, -20.0000,  153, 153, 153
L -261.0000, 2112.0000, -19.0000,  -253.0000, 2102.0000, -19.0000,  153, 153, 153
L -271.0000, 2105.0000, -19.0000,  -261.0000, 2112.0000, -19.0000,  153, 153, 153
L -264.0000, 2095.0000, -202.0000,  -271.0000, 2105.0000, -19.0000,  153, 153, 153
L -268.0000, 2056.0000, -21.0000,  -279.0000, 2050.0000, -21.0000,  153, 153, 153
L -275.0000, 2068.0000, -21.0000,  -268.0000, 2056.0000, -21.0000,  153, 153, 153
L -286.0000, 2061.0000, -21.0000,  -275.0000, 2068.0000, -21.0000,  153, 153, 153
L -280.0000, 2050.0000, -219.0000,  -286.0000, 2061.0000, -21.0000,  153, 153, 153
L -286.0000, 2045.0000, -22.0000,  -296.0000, 2040.0000, -22.0000,  153, 153, 153
L -292.0000, 2057.0000, -21.0000,  -286.0000, 2045.0000, -22.0000,  153, 153, 153
L -303.0000, 2050.0000, -21.0000,  -292.0000, 2057.0000, -21.0000,  153, 153, 153
L -296.0000, 2040.0000, -223.0000,  -303.0000, 2050.0000, -21.0000,  153, 153, 153
L -325.0000, 2058.0000, -21.0000,  -330.0000, 2047.0000, -22.0000,  153, 153, 153
L -337.0000, 2064.0000, -21.0000,  -325.0000, 2058.0000, -21.0000,  153, 153, 153
L -338.0000, 2071.0000, -21.0000,  -337.0000, 2064.0000, -21.0000,  153, 153, 153
L -338.0000, 2072.0000, -20.0000,  -338.0000, 2071.0000, -21.0000,  153, 153, 153
L -333.0000, 2077.0000, -20.0000,  -338.0000, 2072.0000, -20.0000,  153, 153, 153
L -341.0000, 2087.0000, -20.0000,  -333.0000, 2077.0000, -20.0000,  153, 153, 153
L -351.0000, 2080.0000, -20.0000,  -341.0000, 2087.0000, -20.0000,  153, 153, 153
L -346.0000, 2072.0000, -21.0000,  -351.0000, 2080.0000, -20.0000,  153, 153, 153
L -374.0000, 2068.0000, -21.0000,  -346.0000, 2072.0000, -21.0000,  153, 153, 153
L -373.0000, 2055.0000, -22.0000,  -374.0000, 2068.0000, -21.0000,  153, 153, 153
L -341.0000, 2057.0000, -21.0000,  -373.0000, 2055.0000, -22.0000,  153, 153, 153
L -342.0000, 2053.0000, -21.0000,  -341.0000, 2057.0000, -21.0000,  153, 153, 153
L -331.0000, 2047.0000, -220.0000,  -342.0000, 2053.0000, -21.0000,  153, 153, 153
L -1046.0000, 603.0000, 10.0000,  -1051.0000, 615.0000, 8.0000,  153, 153, 153
L -1040.0000, 593.0000, 10.0000,  -1046.0000, 603.0000, 10.0000,  153, 153, 153
L -1034.0000, 582.0000, 12.0000,  -1040.0000, 593.0000, 10.0000,  153, 153, 153
L -1031.0000, 578.0000, 13.0000,  -1034.0000, 582.0000, 12.0000,  153, 153, 153
L -1035.0000, 571.0000, 15.0000,  -1031.0000, 578.0000, 13.0000,  153, 153, 153
L -1038.0000, 568.0000, 15.0000,  -1035.0000, 571.0000, 15.0000,  153, 153, 153
L -1045.0000, 560.0000, 17.0000,  -1038.0000, 568.0000, 15.0000,  153, 153, 153
L -1052.0000, 551.0000, 20.0000,  -1045.0000, 560.0000, 17.0000,  153, 153, 153
L -1063.0000, 539.0000, 24.0000,  -1052.0000, 551.0000, 20.0000,  153, 153, 153
L -1079.0000, 520.0000, 30.0000,  -1063.0000, 539.0000, 24.0000,  153, 153, 153
L -1083.0000, 518.0000, 31.0000,  -1079.0000, 520.0000, 30.0000,  153, 153, 153
L -1103.0000, 517.0000, 31.0000,  -1083.0000, 518.0000, 31.0000,  153, 153, 153
L -1108.0000, 516.0000, 31.0000,  -1103.0000, 517.0000, 31.0000,  153, 153, 153
L -1108.0000, 516.0000, 310.0000,  -1108.0000, 516.0000, 31.0000,  153, 153, 153
L 821.0000, 872.0000, -22.0000,  826.0000, 872.0000, -22.0000,  0, 0, 0
L 809.0000, 870.0000, -22.0000,  821.0000, 872.0000, -22.0000,  0, 0, 0
L 799.0000, 867.0000, -22.0000,  809.0000, 870.0000, -22.0000,  0, 0, 0
L 788.0000, 859.0000, -23.0000,  799.0000, 867.0000, -22.0000,  0, 0, 0
L 777.0000, 860.0000, -23.0000,  788.0000, 859.0000, -23.0000,  0, 0, 0
L 767.0000, 869.0000, -23.0000,  777.0000, 860.0000, -23.0000,  0, 0, 0
L 756.0000, 869.0000, -23.0000,  767.0000, 869.0000, -23.0000,  0, 0, 0
L 743.0000, 870.0000, -23.0000,  756.0000, 869.0000, -23.0000,  0, 0, 0
L 734.0000, 879.0000, -23.0000,  743.0000, 870.0000, -23.0000,  0, 0, 0
L 722.0000, 882.0000, -23.0000,  734.0000, 879.0000, -23.0000,  0, 0, 0
L 710.0000, 878.0000, -23.0000,  722.0000, 882.0000, -23.0000,  0, 0, 0
L 702.0000, 885.0000, -23.0000,  710.0000, 878.0000, -23.0000,  0, 0, 0
L 693.0000, 894.0000, -23.0000,  702.0000, 885.0000, -23.0000,  0, 0, 0
L 680.0000, 894.0000, -23.0000,  693.0000, 894.0000, -23.0000,  0, 0, 0
L 671.0000, 902.0000, -23.0000,  680.0000, 894.0000, -23.0000,  0, 0, 0
L 658.0000, 906.0000, -23.0000,  671.0000, 902.0000, -23.0000,  0, 0, 0
L 645.0000, 903.0000, -23.0000,  658.0000, 906.0000, -23.0000,  0, 0, 0
L 633.0000, 897.0000, -24.0000,  645.0000, 903.0000, -23.0000,  0, 0, 0
L 609.0000, 887.0000, -26.0000,  633.0000, 897.0000, -24.0000,  0, 0, 0
L 596.0000, 883.0000, -27.0000,  609.0000, 887.0000, -26.0000,  0, 0, 0
L 584.0000, 878.0000, -28.0000,  596.0000, 883.0000, -27.0000,  0, 0, 0
L 573.0000, 871.0000, -28.0000,  584.0000, 878.0000, -28.0000,  0, 0, 0
L 561.0000, 868.0000, -30.0000,  573.0000, 871.0000, -28.0000,  0, 0, 0
L 548.0000, 871.0000, -31.0000,  561.0000, 868.0000, -30.0000,  0, 0, 0
L 537.0000, 878.0000, -32.0000,  548.0000, 871.0000, -31.0000,  0, 0, 0
L 525.0000, 876.0000, -32.0000,  537.0000, 878.0000, -32.0000,  0, 0, 0
L 513.0000, 872.0000, -31.0000,  525.0000, 876.0000, -32.0000,  0, 0, 0
L 501.0000, 875.0000, -33.0000,  513.0000, 872.0000, -31.0000,  0, 0, 0
L 479.0000, 865.0000, -33.0000,  501.0000, 875.0000, -33.0000,  0, 0, 0
L 467.0000, 865.0000, -34.0000,  479.0000, 865.0000, -33.0000,  0, 0, 0
L 454.0000, 864.0000, -35.0000,  467.0000, 865.0000, -34.0000,  0, 0, 0
L 441.0000, 866.0000, -39.0000,  454.0000, 864.0000, -35.0000,  0, 0, 0
L 427.0000, 866.0000, -42.0000,  441.0000, 866.0000, -39.0000,  0, 0, 0
L 416.0000, 862.0000, -43.0000,  427.0000, 866.0000, -42.0000,  0, 0, 0
L 408.0000, 852.0000, -43.0000,  416.0000, 862.0000, -43.0000,  0, 0, 0
L 395.0000, 849.0000, -45.0000,  408.0000, 852.0000, -43.0000,  0, 0, 0
L 382.0000, 849.0000, -44.0000,  395.0000, 849.0000, -45.0000,  0, 0, 0
L 375.0000, 840.0000, -45.0000,  382.0000, 849.0000, -44.0000,  0, 0, 0
L 370.0000, 829.0000, -46.0000,  375.0000, 840.0000, -45.0000,  0, 0, 0
L 357.0000, 825.0000, -43.0000,  370.0000, 829.0000, -46.0000,  0, 0, 0
L 345.0000, 827.0000, -43.0000,  357.0000, 825.0000, -43.0000,  0, 0, 0
L 321.0000, 835.0000, -43.0000,  345.0000, 827.0000, -43.0000,  0, 0, 0
L 309.0000, 840.0000, -42.0000,  321.0000, 835.0000, -43.0000,  0, 0, 0
L 304.0000, 851.0000, -39.0000,  309.0000, 840.0000, -42.0000,  0, 0, 0
L 298.0000, 861.0000, -33.0000,  304.0000, 851.0000, -39.0000,  0, 0, 0
L 288.0000, 867.0000, -23.0000,  298.0000, 861.0000, -33.0000,  0, 0, 0
L 277.0000, 870.0000, -17.0000,  288.0000, 867.0000, -23.0000,  0, 0, 0
L 265.0000, 866.0000, -15.0000,  277.0000, 870.0000, -17.0000,  0, 0, 0
L 254.0000, 868.0000, -9.0000,  265.0000, 866.0000, -15.0000,  0, 0, 0
L 241.0000, 871.0000, -8.0000,  254.0000, 868.0000, -9.0000,  0, 0, 0
L 229.0000, 871.0000, -9.0000,  241.0000, 871.0000, -8.0000,  0, 0, 0
L 202.0000, 869.0000, -12.0000,  229.0000, 871.0000, -9.0000,  0, 0, 0
L 190.0000, 869.0000, -13.0000,  202.0000, 869.0000, -12.0000,  0, 0, 0
L 177.0000, 867.0000, -15.0000,  190.0000, 869.0000, -13.0000,  0, 0, 0
L 164.0000, 865.0000, -18.0000,  177.0000, 867.0000, -15.0000,  0, 0, 0
L 152.0000, 864.0000, -19.0000,  164.0000, 865.0000, -18.0000,  0, 0, 0
L 139.0000, 867.0000, -16.0000,  152.0000, 864.0000, -19.0000,  0, 0, 0
L 128.0000, 872.0000, -12.0000,  139.0000, 867.0000, -16.0000,  0, 0, 0
L 116.0000, 869.0000, -15.0000,  128.0000, 872.0000, -12.0000,  0, 0, 0
L 104.0000, 868.0000, -16.0000,  116.0000, 869.0000, -15.0000,  0, 0, 0
L 92.0000, 873.0000, -15.0000,  104.0000, 868.0000, -16.0000,  0, 0, 0
L 80.0000, 873.0000, -17.0000,  92.0000, 873.0000, -15.0000,  0, 0, 0
L 69.0000, 867.0000, -23.0000,  80.0000, 873.0000, -17.0000,  0, 0, 0
L 56.0000, 866.0000, -25.0000,  69.0000, 867.0000, -23.0000,  0, 0, 0
L 42.0000, 866.0000, -21.0000,  56.0000, 866.0000, -25.0000,  0, 0, 0
L 30.0000, 866.0000, -18.0000,  42.0000, 866.0000, -21.0000,  0, 0, 0
L 17.0000, 865.0000, -15.0000,  30.0000, 866.0000, -18.0000,  0, 0, 0
L 6.0000, 869.0000, -11.0000,  17.0000, 865.0000, -15.0000,  0, 0, 0
L -4.0000, 875.0000, -8.0000,  6.0000, 869.0000, -11.0000,  0, 0, 0
L -14.0000, 867.0000, -11.0000,  -4.0000, 875.0000, -8.0000,  0, 0, 0
L -26.0000, 864.0000, -12.0000,  -14.0000, 867.0000, -11.0000,  0, 0, 0
L -38.0000, 868.0000, -9.0000,  -26.0000, 864.0000, -12.0000,  0, 0, 0
L -50.0000, 873.0000, -6.0000,  -38.0000, 868.0000, -9.0000,  0, 0, 0
L -62.0000, 877.0000, -2.0000,  -50.0000, 873.0000, -6.0000,  0, 0, 0
L -74.0000, 880.0000, 0.0000,  -62.0000, 877.0000, -2.0000,  0, 0, 0
L -87.0000, 883.0000, -2.0000,  -74.0000, 880.0000, 0.0000,  0, 0, 0
L -103.0000, 890.0000, -7.0000,  -87.0000, 883.0000, -2.0000,  0, 0, 0
L -115.0000, 895.0000, -10.0000,  -103.0000, 890.0000, -7.0000,  0, 0, 0
L -127.0000, 901.0000, -14.0000,  -115.0000, 895.0000, -10.0000,  0, 0, 0
L -138.0000, 907.0000, -17.0000,  -127.0000, 901.0000, -14.0000,  0, 0, 0
L -149.0000, 914.0000, -19.0000,  -138.0000, 907.0000, -17.0000,  0, 0, 0
L -159.0000, 921.0000, -20.0000,  -149.0000, 914.0000, -19.0000,  0, 0, 0
L -177.0000, 940.0000, -22.0000,  -159.0000, 921.0000, -20.0000,  0, 0, 0
L -187.0000, 950.0000, -22.0000,  -177.0000, 940.0000, -22.0000,  0, 0, 0
L -196.0000, 957.0000, -23.0000,  -187.0000, 950.0000, -22.0000,  0, 0, 0
L -206.0000, 967.0000, -24.0000,  -196.0000, 957.0000, -23.0000,  0, 0, 0
L -212.0000, 977.0000, -25.0000,  -206.0000, 967.0000, -24.0000,  0, 0, 0
L -221.0000, 987.0000, -26.0000,  -212.0000, 977.0000, -25.0000,  0, 0, 0
L -232.0000, 995.0000, -27.0000,  -221.0000, 987.0000, -26.0000,  0, 0, 0
L -243.0000, 1000.0000, -28.0000,  -232.0000, 995.0000, -27.0000,  0, 0, 0
L -256.0000, 999.0000, -28.0000,  -243.0000, 1000.0000, -28.0000,  0, 0, 0
L -268.0000, 993.0000, -28.0000,  -256.0000, 999.0000, -28.0000,  0, 0, 0
L -279.0000, 987.0000, -28.0000,  -268.0000, 993.0000, -28.0000,  0, 0, 0
L -288.0000, 978.0000, -28.0000,  -279.0000, 987.0000, -28.0000,  0, 0, 0
L -300.0000, 974.0000, -28.0000,  -288.0000, 978.0000, -28.0000,  0, 0, 0
L -313.0000, 976.0000, -30.0000,  -300.0000, 974.0000, -28.0000,  0, 0, 0
L -322.0000, 985.0000, -33.0000,  -313.0000, 976.0000, -30.0000,  0, 0, 0
L -327.0000, 996.0000, -35.0000,  -322.0000, 985.0000, -33.0000,  0, 0, 0
L -337.0000, 1003.0000, -37.0000,  -327.0000, 996.0000, -35.0000,  0, 0, 0
L -350.0000, 1005.0000, -38.0000,  -337.0000, 1003.0000, -37.0000,  0, 0, 0
L -399.0000, 982.0000, -31.0000,  -350.0000, 1005.0000, -38.0000,  0, 0, 0
L -419.0000, 974.0000, -29.0000,  -399.0000, 982.0000, -31.0000,  0, 0, 0
L -448.0000, 962.0000, -23.0000,  -419.0000, 974.0000, -29.0000,  0, 0, 0
L -460.0000, 957.0000, -16.0000,  -448.0000, 962.0000, -23.0000,  0, 0, 0
L -485.0000, 946.0000, -3.0000,  -460.0000, 957.0000, -16.0000,  0, 0, 0
L -495.0000, 940.0000, 2.0000,  -485.0000, 946.0000, -3.0000,  0, 0, 0
L -505.0000, 931.0000, 9.0000,  -495.0000, 940.0000, 2.0000,  0, 0, 0
L -521.0000, 914.0000, 19.0000,  -505.0000, 931.0000, 9.0000,  0, 0, 0
L -533.0000, 908.0000, 22.0000,  -521.0000, 914.0000, 19.0000,  0, 0, 0
L -546.0000, 905.0000, 23.0000,  -533.0000, 908.0000, 22.0000,  0, 0, 0
L -558.0000, 901.0000, 14.0000,  -546.0000, 905.0000, 23.0000,  0, 0, 0
L -571.0000, 897.0000, 7.0000,  -558.0000, 901.0000, 14.0000,  0, 0, 0
L -583.0000, 891.0000, 0.0000,  -571.0000, 897.0000, 7.0000,  0, 0, 0
L -595.0000, 888.0000, -5.0000,  -583.0000, 891.0000, 0.0000,  0, 0, 0
L -608.0000, 884.0000, -12.0000,  -595.0000, 888.0000, -5.0000,  0, 0, 0
L -620.0000, 879.0000, -20.0000,  -608.0000, 884.0000, -12.0000,  0, 0, 0
L -633.0000, 876.0000, -25.0000,  -620.0000, 879.0000, -20.0000,  0, 0, 0
L -645.0000, 875.0000, -29.0000,  -633.0000, 876.0000, -25.0000,  0, 0, 0
L -658.0000, 875.0000, -24.0000,  -645.0000, 875.0000, -29.0000,  0, 0, 0
L -671.0000, 875.0000, -22.0000,  -658.0000, 875.0000, -24.0000,  0, 0, 0
L -683.0000, 872.0000, -20.0000,  -671.0000, 875.0000, -22.0000,  0, 0, 0
L -696.0000, 874.0000, -16.0000,  -683.0000, 872.0000, -20.0000,  0, 0, 0
L -708.0000, 873.0000, -15.0000,  -696.0000, 874.0000, -16.0000,  0, 0, 0
L -721.0000, 870.0000, -15.0000,  -708.0000, 873.0000, -15.0000,  0, 0, 0
L -734.0000, 872.0000, -11.0000,  -721.0000, 870.0000, -15.0000,  0, 0, 0
L -746.0000, 870.0000, -10.0000,  -734.0000, 872.0000, -11.0000,  0, 0, 0
L -759.0000, 870.0000, -4.0000,  -746.0000, 870.0000, -10.0000,  0, 0, 0
L -772.0000, 870.0000, -1.0000,  -759.0000, 870.0000, -4.0000,  0, 0, 0
L -784.0000, 867.0000, 2.0000,  -772.0000, 870.0000, -1.0000,  0, 0, 0
L -795.0000, 872.0000, 2.0000,  -784.0000, 867.0000, 2.0000,  0, 0, 0
L -806.0000, 875.0000, 0.0000,  -795.0000, 872.0000, 2.0000,  0, 0, 0
L -816.0000, 868.0000, -4.0000,  -806.0000, 875.0000, 0.0000,  0, 0, 0
L -826.0000, 872.0000, -6.0000,  -816.0000, 868.0000, -4.0000,  0, 0, 0
L -836.0000, 871.0000, -10.0000,  -826.0000, 872.0000, -6.0000,  0, 0, 0
L -848.0000, 868.0000, -13.0000,  -836.0000, 871.0000, -10.0000,  0, 0, 0
L -857.0000, 876.0000, -12.0000,  -848.0000, 868.0000, -13.0000,  0, 0, 0
L -868.0000, 880.0000, -11.0000,  -857.0000, 876.0000, -12.0000,  0, 0, 0
L -880.0000, 876.0000, -12.0000,  -868.0000, 880.0000, -11.0000,  0, 0, 0
L -893.0000, 874.0000, -14.0000,  -880.0000, 876.0000, -12.0000,  0, 0, 0
L -906.0000, 875.0000, -16.0000,  -893.0000, 874.0000, -14.0000,  0, 0, 0
L -918.0000, 875.0000, -19.0000,  -906.0000, 875.0000, -16.0000,  0, 0, 0
L -946.0000, 873.0000, -23.0000,  -918.0000, 875.0000, -19.0000,  0, 0, 0
L -959.0000, 874.0000, -26.0000,  -946.0000, 873.0000, -23.0000,  0, 0, 0
L -979.0000, 882.0000, -29.0000,  -959.0000, 874.0000, -26.0000,  0, 0, 0
L -992.0000, 887.0000, -30.0000,  -979.0000, 882.0000, -29.0000,  0, 0, 0
L -1004.0000, 893.0000, -31.0000,  -992.0000, 887.0000, -30.0000,  0, 0, 0
L -1015.0000, 899.0000, -31.0000,  -1004.0000, 893.0000, -31.0000,  0, 0, 0
L -1026.0000, 905.0000, -32.0000,  -1015.0000, 899.0000, -31.0000,  0, 0, 0
L -1053.0000, 922.0000, -33.0000,  -1026.0000, 905.0000, -32.0000,  0, 0, 0
L -1064.0000, 928.0000, -33.0000,  -1053.0000, 922.0000, -33.0000,  0, 0, 0
L -1085.0000, 943.0000, -33.0000,  -1064.0000, 928.0000, -33.0000,  0, 0, 0
L -1094.0000, 953.0000, -33.0000,  -1085.0000, 943.0000, -33.0000,  0, 0, 0
L -1103.0000, 962.0000, -32.0000,  -1094.0000, 953.0000, -33.0000,  0, 0, 0
L -1114.0000, 968.0000, -31.0000,  -1103.0000, 962.0000, -32.0000,  0, 0, 0
L -1127.0000, 971.0000, -31.0000,  -1114.0000, 968.0000, -31.0000,  0, 0, 0
L -1156.0000, 973.0000, -30.0000,  -1127.0000, 971.0000, -31.0000,  0, 0, 0
L -1168.0000, 973.0000, -29.0000,  -1156.0000, 973.0000, -30.0000,  0, 0, 0
L -1197.0000, 972.0000, -27.0000,  -1168.0000, 973.0000, -29.0000,  0, 0, 0
L -1210.0000, 971.0000, -28.0000,  -1197.0000, 972.0000, -27.0000,  0, 0, 0
L -1250.0000, 967.0000, -27.0000,  -1210.0000, 971.0000, -28.0000,  0, 0, 0
L -1263.0000, 965.0000, -26.0000,  -1250.0000, 967.0000, -27.0000,  0, 0, 0
L -1293.0000, 958.0000, -24.0000,  -1263.0000, 965.0000, -26.0000,  0, 0, 0
L -1305.0000, 954.0000, -23.0000,  -1293.0000, 958.0000, -24.0000,  0, 0, 0
L -1316.0000, 948.0000, -23.0000,  -1305.0000, 954.0000, -23.0000,  0, 0, 0
L -1325.0000, 938.0000, -23.0000,  -1316.0000, 948.0000, -23.0000,  0, 0, 0
L -1330.0000, 927.0000, -23.0000,  -1325.0000, 938.0000, -23.0000,  0, 0, 0
L -1339.0000, 918.0000, -23.0000,  -1330.0000, 927.0000, -23.0000,  0, 0, 0
L -1349.0000, 911.0000, -23.0000,  -1339.0000, 918.0000, -23.0000,  0, 0, 0
L -1361.0000, 904.0000, -23.0000,  -1349.0000, 911.0000, -23.0000,  0, 0, 0
L -1373.0000, 898.0000, -23.0000,  -1361.0000, 904.0000, -23.0000,  0, 0, 0
L -1384.0000, 893.0000, -22.0000,  -1373.0000, 898.0000, -23.0000,  0, 0, 0
L -1396.0000, 889.0000, -22.0000,  -1384.0000, 893.0000, -22.0000,  0, 0, 0
L -1407.0000, 882.0000, -22.0000,  -1396.0000, 889.0000, -22.0000,  0, 0, 0
L -1417.0000, 874.0000, -22.0000,  -1407.0000, 882.0000, -22.0000,  0, 0, 0
L -1429.0000, 869.0000, -22.0000,  -1417.0000, 874.0000, -22.0000,  0, 0, 0
L -1440.0000, 868.0000, -21.0000,  -1429.0000, 869.0000, -22.0000,  0, 0, 0
L -1441.0000, 868.0000, -217.0000,  -1440.0000, 868.0000, -21.0000,  0, 0, 0
L -1033.0000, 581.0000, 0.0000,  -1031.0000, 570.0000, 0.0000,  153, 153, 153
L -1066.0000, 640.0000, 0.0000,  -1033.0000, 581.0000, 0.0000,  153, 153, 153
L -1090.0000, 688.0000, 0.0000,  -1066.0000, 640.0000, 0.0000,  153, 153, 153
L -1098.0000, 721.0000, 0.0000,  -1090.0000, 688.0000, 0.0000,  153, 153, 153
L -1154.0000, 748.0000, 0.0000,  -1098.0000, 721.0000, 0.0000,  153, 153, 153
L -1182.0000, 783.0000, 0.0000,  -1154.0000, 748.0000, 0.0000,  153, 153, 153
L -1259.0000, 771.0000, 0.0000,  -1182.0000, 783.0000, 0.0000,  153, 153, 153
L -1325.0000, 698.0000, 0.0000,  -1259.0000, 771.0000, 0.0000,  153, 153, 153
L -1328.0000, 647.0000, 0.0000,  -1325.0000, 698.0000, 0.0000,  153, 153, 153
L -1295.0000, 602.0000, 0.0000,  -1328.0000, 647.0000, 0.0000,  153, 153, 153
L -1228.0000, 559.0000, 0.0000,  -1295.0000, 602.0000, 0.0000,  153, 153, 153
L -1166.0000, 513.0000, 0.0000,  -1228.0000, 559.0000, 0.0000,  153, 153, 153
L -1083.0000, 518.0000, 0.0000,  -1166.0000, 513.0000, 0.0000,  153, 153, 153
L -88.0000, -1447.0000, 0.0000,  -84.0000, -1468.0000, 0.0000,  153, 153, 153
L -66.0000, -1420.0000, 0.0000,  -88.0000, -1447.0000, 0.0000,  153, 153, 153
L -55.0000, -1391.0000, 0.0000,  -66.0000, -1420.0000, 0.0000,  153, 153, 153
L -50.0000, -1356.0000, 0.0000,  -55.0000, -1391.0000, 0.0000,  153, 153, 153
L -19.0000, -1339.0000, 0.0000,  -50.0000, -1356.0000, 0.0000,  153, 153, 153
L 54.0000, -1269.0000, 0.0000,  -19.0000, -1339.0000, 0.0000,  153, 153, 153
L 114.0000, -1296.0000, 0.0000,  54.0000, -1269.0000, 0.0000,  153, 153, 153
L 135.0000, -1351.0000, 0.0000,  114.0000, -1296.0000, 0.0000,  153, 153, 153
L 140.0000, -1346.0000, 0.0000,  135.0000, -1351.0000, 0.0000,  153, 153, 153
L 151.0000, -1336.0000, 0.0000,  140.0000, -1346.0000, 0.0000,  153, 153, 153
L 124.0000, -1317.0000, 0.0000,  151.0000, -1336.0000, 0.0000,  153, 153, 153
L 112.0000, -1282.0000, 0.0000,  124.0000, -1317.0000, 0.0000,  153, 153, 153
L 126.0000, -1262.0000, 0.0000,  112.0000, -1282.0000, 0.0000,  153, 153, 153
L 148.0000, -1249.0000, 0.0000,  126.0000, -1262.0000, 0.0000,  153, 153, 153
L 162.0000, -1256.0000, 0.0000,  148.0000, -1249.0000, 0.0000,  153, 153, 153
L 167.0000, -1284.0000, 0.0000,  162.0000, -1256.0000, 0.0000,  153, 153, 153
L 164.0000, -1324.0000, 0.0000,  167.0000, -1284.0000, 0.0000,  153, 153, 153
L 189.0000, -1309.0000, 0.0000,  164.0000, -1324.0000, 0.0000,  153, 153, 153
L 182.0000, -1281.0000, 0.0000,  189.0000, -1309.0000, 0.0000,  153, 153, 153
L 179.0000, -1250.0000, 0.0000,  182.0000, -1281.0000, 0.0000,  153, 153, 153
L 203.0000, -1193.0000, 0.0000,  179.0000, -1250.0000, 0.0000,  153, 153, 153
L 221.0000, -1173.0000, 0.0000,  203.0000, -1193.0000, 0.0000,  153, 153, 153
L 257.0000, -1147.0000, 0.0000,  221.0000, -1173.0000, 0.0000,  153, 153, 153
L 276.0000, -1157.0000, 0.0000,  257.0000, -1147.0000, 0.0000,  153, 153, 153
L 307.0000, -1178.0000, 0.0000,  276.0000, -1157.0000, 0.0000,  153, 153, 153
L 364.0000, -1179.0000, 0.0000,  307.0000, -1178.0000, 0.0000,  153, 153, 153
L 403.0000, -1209.0000, 0.0000,  364.0000, -1179.0000, 0.0000,  153, 153, 153
L 447.0000, -1193.0000, 0.0000,  403.0000, -1209.0000, 0.0000,  153, 153, 153
L 535.0000, -1223.0000, 0.0000,  447.0000, -1193.0000, 0.0000,  153, 153, 153
L 578.0000, -1297.0000, 0.0000,  535.0000, -1223.0000, 0.0000,  153, 153, 153
L 616.0000, -1338.0000, 0.0000,  578.0000, -1297.0000, 0.0000,  153, 153, 153
L 633.0000, -1390.0000, 0.0000,  616.0000, -1338.0000, 0.0000,  153, 153, 153
L 630.0000, -1395.0000, 0.0000,  633.0000, -1390.0000, 0.0000,  153, 153, 153
L 644.0000, -1402.0000, 0.0000,  630.0000, -1395.0000, 0.0000,  153, 153, 153
L 658.0000, -1382.0000, 0.0000,  644.0000, -1402.0000, 0.0000,  153, 153, 153
L 689.0000, -1376.0000, 0.0000,  658.0000, -1382.0000, 0.0000,  153, 153, 153
L 732.0000, -1399.0000, 0.0000,  689.0000, -1376.0000, 0.0000,  153, 153, 153
L 719.0000, -1419.0000, 0.0000,  732.0000, -1399.0000, 0.0000,  153, 153, 153
L 702.0000, -1451.0000, 0.0000,  719.0000, -1419.0000, 0.0000,  153, 153, 153
L 704.0000, -1465.0000, 0.0000,  702.0000, -1451.0000, 0.0000,  153, 153, 153
L 746.0000, -1419.0000, 0.0000,  704.0000, -1465.0000, 0.0000,  153, 153, 153
L 821.0000, -1392.0000, 0.0000,  746.0000, -1419.0000, 0.0000,  153, 153, 153
L 826.0000, -1361.0000, 0.0000,  821.0000, -1392.0000, 0.0000,  153, 153, 153
L 826.0000, -827.0000, 0.0000,  826.0000, -1361.0000, 0.0000,  153, 153, 153
L 817.0000, -754.0000, 0.0000,  826.0000, -827.0000, 0.0000,  153, 153, 153
L 822.0000, -709.0000, 0.0000,  817.0000, -754.0000, 0.0000,  153, 153, 153
L 826.0000, -321.0000, 0.0000,  822.0000, -709.0000, 0.0000,  153, 153, 153
L 794.0000, -269.0000, 0.0000,  826.0000, -321.0000, 0.0000,  153, 153, 153
L 764.0000, -194.0000, 0.0000,  794.0000, -269.0000, 0.0000,  153, 153, 153
L 796.0000, -155.0000, 0.0000,  764.0000, -194.0000, 0.0000,  153, 153, 153
L 826.0000, 39.0000, 0.0000,  796.0000, -155.0000, 0.0000,  153, 153, 153
L 825.0000, 166.0000, 0.0000,  826.0000, 39.0000, 0.0000,  153, 153, 153
L 796.0000, 243.0000, 0.0000,  825.0000, 166.0000, 0.0000,  153, 153, 153
L 801.0000, 280.0000, 0.0000,  796.0000, 243.0000, 0.0000,  153, 153, 153
L 805.0000, 286.0000, 0.0000,  801.0000, 280.0000, 0.0000,  153, 153, 153
L 767.0000, 319.0000, 0.0000,  805.0000, 286.0000, 0.0000,  153, 153, 153
L 755.0000, 345.0000, 0.0000,  767.0000, 319.0000, 0.0000,  153, 153, 153
L 756.0000, 371.0000, 0.0000,  755.0000, 345.0000, 0.0000,  153, 153, 153
L 798.0000, 404.0000, 0.0000,  756.0000, 371.0000, 0.0000,  153, 153, 153
L 826.0000, 420.0000, 0.0000,  798.0000, 404.0000, 0.0000,  153, 153, 153
L 792.0000, 469.0000, 0.0000,  826.0000, 420.0000, 0.0000,  153, 153, 153
L 735.0000, 488.0000, 0.0000,  792.0000, 469.0000, 0.0000,  153, 153, 153
L 686.0000, 542.0000, 0.0000,  735.0000, 488.0000, 0.0000,  153, 153, 153
L 694.0000, 587.0000, 0.0000,  686.0000, 542.0000, 0.0000,  153, 153, 153
L 677.0000, 638.0000, 0.0000,  694.0000, 587.0000, 0.0000,  153, 153, 153
L 700.0000, 670.0000, 0.0000,  677.0000, 638.0000, 0.0000,  153, 153, 153
L 754.0000, 783.0000, 0.0000,  700.0000, 670.0000, 0.0000,  153, 153, 153
L 797.0000, 789.0000, 0.0000,  754.0000, 783.0000, 0.0000,  153, 153, 153
L 826.0000, 774.0000, 0.0000,  797.0000, 789.0000, 0.0000,  153, 153, 153
L 826.0000, 2887.0000, 0.0000,  826.0000, 774.0000, 0.0000,  153, 153, 153
L 692.0000, 2899.0000, 0.0000,  826.0000, 2887.0000, 0.0000,  153, 153, 153
L -454.0000, 2949.0000, 0.0000,  692.0000, 2899.0000, 0.0000,  153, 153, 153
L -1132.0000, 2960.0000, 0.0000,  -454.0000, 2949.0000, 0.0000,  153, 153, 153
L -1146.0000, 3013.0000, 0.0000,  -1132.0000, 2960.0000, 0.0000,  153, 153, 153
L -1095.0000, 3088.0000, 0.0000,  -1146.0000, 3013.0000, 0.0000,  153, 153, 153
L -999.0000, 3159.0000, 0.0000,  -1095.0000, 3088.0000, 0.0000,  153, 153, 153
L -1057.0000, 3223.0000, 0.0000,  -999.0000, 3159.0000, 0.0000,  153, 153, 153
L -1120.0000, 3211.0000, 0.0000,  -1057.0000, 3223.0000, 0.0000,  153, 153, 153
L -1066.0000, 3187.0000, 0.0000,  -1161.0000, 3168.0000, 0.0000,  153, 153, 153
L -1064.0000, 3152.0000, 0.0000,  -1066.0000, 3187.0000, 0.0000,  153, 153, 153
L -1135.0000, 3102.0000, 0.0000,  -1064.0000, 3152.0000, 0.0000,  153, 153, 153
L -1156.0000, 3090.0000, 0.0000,  -1135.0000, 3102.0000, 0.0000,  153, 153, 153
L -1195.0000, 3073.0000, 0.0000,  -1156.0000, 3090.0000, 0.0000,  153, 153, 153
L -1287.0000, 3001.0000, 0.0000,  -1195.0000, 3073.0000, 0.0000,  153, 153, 153
L -1316.0000, 2985.0000, 0.0000,  -1287.0000, 3001.0000, 0.0000,  153, 153, 153
L -1438.0000, 2913.0000, 0.0000,  -1316.0000, 2985.0000, 0.0000,  153, 153, 153
L -1447.0000, 2815.0000, 0.0000,  -1438.0000, 2913.0000, 0.0000,  153, 153, 153
L -1442.0000, 324.0000, 0.0000,  -1447.0000, 2815.0000, 0.0000,  153, 153, 153
L -1427.0000, 257.0000, 0.0000,  -1442.0000, 324.0000, 0.0000,  153, 153, 153
L -1430.0000, 169.0000, 0.0000,  -1427.0000, 257.0000, 0.0000,  153, 153, 153
L -1419.0000, 112.0000, 0.0000,  -1430.0000, 169.0000, 0.0000,  153, 153, 153
L -1429.0000, 65.0000, 0.0000,  -1419.0000, 112.0000, 0.0000,  153, 153, 153
L -1441.0000, 55.0000, 0.0000,  -1429.0000, 65.0000, 0.0000,  153, 153, 153
L -1436.0000, -52.0000, 0.0000,  -1441.0000, 55.0000, 0.0000,  153, 153, 153
L -1385.0000, -83.0000, 0.0000,  -1436.0000, -52.0000, 0.0000,  153, 153, 153
L -1345.0000, -147.0000, 0.0000,  -1385.0000, -83.0000, 0.0000,  153, 153, 153
L -1367.0000, -200.0000, 0.0000,  -1345.0000, -147.0000, 0.0000,  153, 153, 153
L -1375.0000, -253.0000, 0.0000,  -1367.0000, -200.0000, 0.0000,  153, 153, 153
L -1406.0000, -280.0000, 0.0000,  -1375.0000, -253.0000, 0.0000,  153, 153, 153
L -1427.0000, -312.0000, 0.0000,  -1406.0000, -280.0000, 0.0000,  153, 153, 153
L -1420.0000, -328.0000, 0.0000,  -1427.0000, -312.0000, 0.0000,  153, 153, 153
L -1426.0000, -414.0000, 0.0000,  -1420.0000, -328.0000, 0.0000,  153, 153, 153
L -1440.0000, -425.0000, 0.0000,  -1426.0000, -414.0000, 0.0000,  153, 153, 153
L -1396.0000, -463.0000, 0.0000,  -1440.0000, -425.0000, 0.0000,  153, 153, 153
L -1370.0000, -538.0000, 0.0000,  -1396.0000, -463.0000, 0.0000,  153, 153, 153
L -1395.0000, -572.0000, 0.0000,  -1370.0000, -538.0000, 0.0000,  153, 153, 153
L -1402.0000, -640.0000, 0.0000,  -1395.0000, -572.0000, 0.0000,  153, 153, 153
L -1421.0000, -656.0000, 0.0000,  -1402.0000, -640.0000, 0.0000,  153, 153, 153
L -1439.0000, -677.0000, 0.0000,  -1421.0000, -656.0000, 0.0000,  153, 153, 153
L -1440.0000, -686.0000, 0.0000,  -1439.0000, -677.0000, 0.0000,  153, 153, 153
L -1439.0000, -1012.0000, 0.0000,  -1440.0000, -686.0000, 0.0000,  153, 153, 153
L -1436.0000, -1054.0000, 0.0000,  -1439.0000, -1012.0000, 0.0000,  153, 153, 153
L -1429.0000, -1124.0000, 0.0000,  -1436.0000, -1054.0000, 0.0000,  153, 153, 153
L -1437.0000, -1189.0000, 0.0000,  -1429.0000, -1124.0000, 0.0000,  153, 153, 153
L -1439.0000, -1259.0000, 0.0000,  -1437.0000, -1189.0000, 0.0000,  153, 153, 153
L -1439.0000, -1350.0000, 0.0000,  -1439.0000, -1259.0000, 0.0000,  153, 153, 153
L -1379.0000, -1367.0000, 0.0000,  -1439.0000, -1350.0000, 0.0000,  153, 153, 153
L -1373.0000, -1335.0000, 0.0000,  -1379.0000, -1367.0000, 0.0000,  153, 153, 153
L -1394.0000, -1284.0000, 0.0000,  -1373.0000, -1335.0000, 0.0000,  153, 153, 153
L -1389.0000, -1269.0000, 0.0000,  -1394.0000, -1284.0000, 0.0000,  153, 153, 153
L -1374.0000, -1245.0000, 0.0000,  -1389.0000, -1269.0000, 0.0000,  153, 153, 153
L -1347.0000, -1160.0000, 0.0000,  -1374.0000, -1245.0000, 0.0000,  153, 153, 153
L -1336.0000, -1131.0000, 0.0000,  -1347.0000, -1160.0000, 0.0000,  153, 153, 153
L -1295.0000, -1129.0000, 0.0000,  -1336.0000, -1131.0000, 0.0000,  153, 153, 153
L -1258.0000, -1130.0000, 0.0000,  -1295.0000, -1129.0000, 0.0000,  153, 153, 153
L -1232.0000, -1154.0000, 0.0000,  -1258.0000, -1130.0000, 0.0000,  153, 153, 153
L -1190.0000, -1201.0000, 0.0000,  -1232.0000, -1154.0000, 0.0000,  153, 153, 153
L -1190.0000, -1282.0000, 0.0000,  -1190.0000, -1201.0000, 0.0000,  153, 153, 153
L -1175.0000, -1338.0000, 0.0000,  -1190.0000, -1282.0000, 0.0000,  153, 153, 153
L -1154.0000, -1345.0000, 0.0000,  -1175.0000, -1338.0000, 0.0000,  153, 153, 153
L -1147.0000, -1330.0000, 0.0000,  -1154.0000, -1345.0000, 0.0000,  153, 153, 153
L -1142.0000, -1324.0000, 0.0000,  -1147.0000, -1330.0000, 0.0000,  153, 153, 153
L -1095.0000, -1325.0000, 0.0000,  -1142.0000, -1324.0000, 0.0000,  153, 153, 153
L -1038.0000, -1294.0000, 0.0000,  -1095.0000, -1325.0000, 0.0000,  153, 153, 153
L -985.0000, -1310.0000, 0.0000,  -1038.0000, -1294.0000, 0.0000,  153, 153, 153
L -886.0000, -1324.0000, 0.0000,  -985.0000, -1310.0000, 0.0000,  153, 153, 153
L -876.0000, -1367.0000, 0.0000,  -886.0000, -1324.0000, 0.0000,  153, 153, 153
L -852.0000, -1373.0000, 0.0000,  -876.0000, -1367.0000, 0.0000,  153, 153, 153
L -825.0000, -1341.0000, 0.0000,  -852.0000, -1373.0000, 0.0000,  153, 153, 153
L -748.0000, -1316.0000, 0.0000,  -825.0000, -1341.0000, 0.0000,  153, 153, 153
L -715.0000, -1342.0000, 0.0000,  -748.0000, -1316.0000, 0.0000,  153, 153, 153
L -651.0000, -1361.0000, 0.0000,  -715.0000, -1342.0000, 0.0000,  153, 153, 153
L -593.0000, -1429.0000, 0.0000,  -651.0000, -1361.0000, 0.0000,  153, 153, 153
L -584.0000, -1473.0000, 0.0000,  -593.0000, -1429.0000, 0.0000,  153, 153, 153
L -608.0000, -1524.0000, 0.0000,  -584.0000, -1473.0000, 0.0000,  153, 153, 153
L -569.0000, -1517.0000, 0.0000,  -608.0000, -1524.0000, 0.0000,  153, 153, 153
L -541.0000, -1541.0000, 0.0000,  -569.0000, -1517.0000, 0.0000,  153, 153, 153
L -517.0000, -1552.0000, 0.0000,  -541.0000, -1541.0000, 0.0000,  153, 153, 153
L -482.0000, -1583.0000, 0.0000,  -517.0000, -1552.0000, 0.0000,  153, 153, 153
L -474.0000, -1561.0000, 0.0000,  -482.0000, -1583.0000, 0.0000,  153, 153, 153
L -483.0000, -1558.0000, 0.0000,  -474.0000, -1561.0000, 0.0000,  153, 153, 153
L -500.0000, -1549.0000, 0.0000,  -483.0000, -1558.0000, 0.0000,  153, 153, 153
L -514.0000, -1501.0000, 0.0000,  -500.0000, -1549.0000, 0.0000,  153, 153, 153
L -515.0000, -1483.0000, 0.0000,  -514.0000, -1501.0000, 0.0000,  153, 153, 153
L -501.0000, -1467.0000, 0.0000,  -515.0000, -1483.0000, 0.0000,  153, 153, 153
L -485.0000, -1458.0000, 0.0000,  -501.0000, -1467.0000, 0.0000,  153, 153, 153
L -437.0000, -1446.0000, 0.0000,  -485.0000, -1458.0000, 0.0000,  153, 153, 153
L -428.0000, -1464.0000, 0.0000,  -437.0000, -1446.0000, 0.0000,  153, 153, 153
L -416.0000, -1485.0000, 0.0000,  -428.0000, -1464.0000, 0.0000,  153, 153, 153
L -360.0000, -1495.0000, 0.0000,  -416.0000, -1485.0000, 0.0000,  153, 153, 153
L -320.0000, -1490.0000, 0.0000,  -360.0000, -1495.0000, 0.0000,  153, 153, 153
L -306.0000, -1505.0000, 0.0000,  -320.0000, -1490.0000, 0.0000,  153, 153, 153
P -505.0000, 2812.0000, -27.0000,  0, 240, 0,  2,  Farwein_Windrun
P -1070.0000, 1451.0000, -23.0000,  240, 0, 0,  3,  Wayfarer_Camp
P -1343.0000, 2124.0000, -85.0000,  240, 0, 0,  3,  LDoN_Entrance
P -286.0000, -1265.0000, 0.0000,  255, 255, 255,  2,  Succor_Point
P -795.0000, 2073.0000, 0.0000,  255, 255, 255,  2,  Orc_Camp
P -220.0000, -1452.0000, 0.0000,  255, 255, 255,  2,  Oasis
P -1046.0000, 3194.0000, 0.0000,  255, 255, 255,  2,  Inno._Swamp
P -425.0000, -101.0000, 0.0000,  255, 255, 255,  2,  Dark_Elf_Merchants
P 681.0000, -102.0000, 0.0000,  255, 255, 255,  2,  Dervish_Camp
P -1306.0000, 181.0000, 0.0000,  255, 255, 255,  2,  Dervish_Camp
P -124.0000, 1044.0000, 0.0000,  255, 255, 255,  2,  Wizard_Spires
P 765.0000, 1224.0000, 0.0000,  255, 255, 255,  2,  Orc_Camp
P 789.0000, 2056.0000, 0.0000,  255, 255, 255,  2,  Orc_Camp
P -308.0000, 2061.0000, 0.0000,  255, 255, 255,  2,  Druid_Rings
P -496.0000, 1309.0000, 0.0000,  255, 255, 255,  2,  Orc_Camp
P -1348.0000, 1273.0000, 0.0000,  255, 255, 255,  2,  Orc_Camp
P -1359.0000, 1763.0000, 0.0000,  255, 255, 255,  2,  Orc_Camp
P -1288.0000, 2428.0000, 0.0000,  255, 255, 255,  2,  Orc_Camp
