P 500.0000, 900.0000, 0.0000,  255, 255, 0,  2,  The_Deep
P 16.0000, 45.0000, 0.0000,  255, 255, 0,  2,  The_Grey
P -350.0000, 120.0000, 0.0000,  255, 128, 0,  2,  Trap
P -350.0000, 200.0000, 0.0000,  255, 128, 0,  2,  210PickLock
P -250.0000, 320.0000, 0.0000,  255, 128, 0,  2,  210PickLock
P 0.0000, 450.0000, 150.0000,  128, 0, 255,  2,  1st
P -250.0000, -250.0000, 150.0000,  128, 0, 255,  2,  1st
P -100.0000, 200.0000, 150.0000,  128, 0, 255,  2,  3rd
P -625.0000, -220.0000, 150.0000,  128, 0, 255,  2,  3rd
P -625.0000, 260.0000, 150.0000,  255, 0, 0,  2,  Rhag`Mozdezh
P -520.0000, -250.0000, 150.0000,  255, 128, 0,  2,  ZazuzhKey
P -100.0000, 20.0000, 150.0000,  255, 128, 0,  2,  ZherozshKey
P -250.0000, 250.0000, 0.0000,  255, 0, 0,  2,  Assassin
P -750.0000, 0.0000, 150.0000,  0, 0, 255,  2,  Zherozshatthislevel
P -700.0000, -200.0000, 0.0000,  0, 0, 255,  2,  ZazuzhatthisLevel
P -100.0000, 200.0000, 250.0000,  128, 0, 255,  2,  2nd
P -625.0000, -220.0000, 250.0000,  128, 0, 255,  2,  2nd
P -550.0000, 375.0000, 0.0000,  255, 0, 0,  2,  Rhag`Zhezum
P -800.0000, 200.0000, 0.0000,  255, 0, 0,  2,  Mezhkazh
P -125.0000, -375.0000, 250.0000,  255, 0, 0,  2,  HightPriest
P -250.0000, -250.0000, 250.0000,  255, 0, 0,  2,  Creator
P -450.0000, 150.0000, 250.0000,  255, 0, 0,  2,  ArchLich
P -600.0000, -50.0000, 0.0000,  128, 0, 255,  2,  Basement
P -600.0000, -50.0000, -200.0000,  128, 0, 255,  2,  1st
P 0.0000, 450.0000, 0.0000,  128, 0, 255,  3,  To2nd
P -250.0000, -250.0000, 0.0000,  128, 0, 255,  2,  To2nd
