P -3538.0000, -678.0000, -472.0000,  0, 0, 0,  2,  Evyj_(Quests)
P -409.0594, -133.4517, 164.1115,  0, 0, 0,  3,  Mech_ZO
P -494.9306, -366.0174, 150.8805,  0, 0, 0,  1,  elevator
P -492.7619, -806.2109, 43.7699,  0, 0, 0,  1,  elevator
P 658.3000, 1056.9200, 72.1574,  0, 0, 0,  1,  Dead_End
P 7.9163, -122.7732, 111.1119,  240, 0, 0,  2,  Exterminator_Mark_V
P -499.4150, 35.7188, 108.4123,  240, 0, 0,  2,  Millick_(Quests)
P -473.9467, 78.5236, 111.1801,  240, 0, 0,  2,  Gymrie_(Quests)
P -405.8972, -136.3399, 163.8475,  0, 240, 0,  2,  FORTRESS_MECHANOTUS
P 911.9039, 921.4896, 74.8486,  0, 0, 0,  2,  Fusion_Reactor
P 739.8997, 416.6069, 20.5004,  127, 64, 0,  2,  elevator
P -1060.3146, -579.6025, 27.9608,  0, 0, 0,  2,  CAREFULL_-_FALL_OFF
P 444.1877, -316.7227, 154.2739,  0, 0, 0,  1,  locked_door
P 441.7811, -151.9200, 153.2736,  0, 0, 0,  1,  locked_door
P -88.5958, 163.1797, 50.3343,  240, 0, 0,  2,  Slavemaster_Gorg
P -21.5030, 347.3777, 6.2332,  240, 0, 0,  2,  Ironhorn
P 873.6923, -994.3961, 117.5471,  0, 240, 0,  3,  MAJESTIC_MANSION
P 893.4662, -69.3617, 121.2297,  0, 240, 0,  3,  FORTRESS_MECHANOTUS_II
P -25.3453, 332.3804, -70.6335,  0, 0, 0,  2,  JUMP_IN
P -187.2475, 482.1920, 56.8405,  0, 0, 0,  1,  Fly_over
P -470.1224, 61.9848, 111.8790,  0, 240, 0,  3,  FORTRESS_MECHANOTUS
P -498.0043, 59.6188, 111.9726,  240, 0, 0,  2,  Jemi
P -634.6958, -167.2699, 193.9287,  240, 0, 0,  2,  Lymrit_(Quests)
