P 3330.0000, -3818.0000, 0.0000,  255, 255, 255,  2,  The_Waterfall
P -2033.0000, -476.0000, 0.0000,  255, 255, 255,  2,  Knobbly-Top
P 481.0000, -2018.0000, 0.0000,  255, 255, 255,  2,  Mt._Klaw
P 1643.0000, 3428.0000, 0.0000,  255, 255, 255,  2,  Succor_Point
P 495.0990, -1349.0010, 1025.0790,  0, 0, 0,  3,  Oven
P 562.6000, -1389.5280, 1025.1230,  0, 0, 0,  3,  Pottery_Wheel
P 594.5120, -1354.1870, 1025.1230,  0, 0, 0,  3,  Forge
P 525.6970, -1353.8040, 1025.1230,  0, 0, 0,  3,  Kiln
P 1522.2830, 4196.7100, -380.7470,  0, 240, 0,  3,  to_The_Gulf_of_Gunthak
P -2919.7029, 3724.0481, -39.6870,  0, 240, 0,  3,  to_The_Warrens
P 586.0000, -1381.0000, 1025.1230,  0, 0, 0,  3,  Kalaaro_(Smith)
P 579.0000, -1390.0000, 1025.1230,  0, 0, 0,  3,  Kevar_(Smith)
P 536.0000, -1391.0000, 1025.1230,  0, 0, 0,  3,  Jaimiou_(Pottery)
P 490.0000, -1348.0000, 1025.0790,  0, 0, 0,  3,  Stead_(Baking)
P -3284.6211, 3899.3059, -9.9990,  240, 0, 0,  2,  Safe_Camp_Spot
P 1003.2880, -3761.0630, 1169.8020,  0, 0, 240,  2,  Highland_Kobold_Camp
P 645.0250, -3033.1089, 1120.2920,  0, 0, 240,  2,  Graniteback_Ridge
P -3011.0120, -3773.2461, 1194.8521,  0, 0, 240,  2,  Highland_/_Raging_Kobold_Camp
P -2137.2371, 3821.7939, -40.7310,  0, 0, 240,  2,  Savage_Kobold_Camp
P -3307.4971, 4187.8711, -47.1300,  0, 0, 240,  2,  Burly_Kobold_Camp
P -1180.2209, 4790.3560, -46.2580,  0, 0, 240,  2,  Ferocious_Kobold_Camp
P 3424.4141, 4399.4131, -186.6370,  240, 0, 0,  2,  Wejnir_D'Vir
P 3413.9751, 4440.9282, -186.8570,  0, 0, 240,  2,  Cedric_Trallus
P 2725.4189, 635.8180, 358.0210,  0, 0, 240,  2,  Raging_Kobold_Camp
P 3384.2661, -3416.9021, 1188.7159,  240, 0, 0,  2,  Snowbeast_Spawn_Point
P 3840.6680, -2059.8831, 775.0600,  0, 0, 0,  2,  Spinning_Rocks
