P 4.3970, -34.6890, -550.5750,  0, 0, 0,  3,  Trapdoor_Room
P -112.7870, 1.6910, -550.5750,  127, 0, 0,  3,  Melkis
P -138.9300, -152.3780, -623.2570,  127, 0, 0,  3,  T'Pall
P 3.6710, -16.4660, -623.0400,  127, 0, 0,  3,  Ashtar
P 1.8500, -138.9300, -630.5750,  127, 0, 0,  3,  Roaming_Ayonae
P -14.7400, -41.7600, -760.5750,  0, 0, 0,  3,  Concert_Hall
P -19.0590, -202.9600, -752.5750,  127, 0, 0,  3,  Ayonae_Ro
P 0.5810, 23.5370, 0.0000,  0, 0, 0,  3,  Tower_of_Vertigo
P -0.2980, 1.0360, -497.7810,  0, 0, 0,  3,  Trapdoor_2
P -119.3240, 1.0740, -450.4310,  0, 0, 0,  3,  Room_4
P 0.1950, -114.5270, -350.4310,  0, 0, 0,  3,  Room_3
P 111.6400, 1.1240, -250.4310,  0, 0, 0,  3,  Room_2
P 0.8190, 117.2180, -150.4310,  0, 0, 0,  3,  Room_1
P -61.9630, 1.0350, 0.5700,  0, 0, 0,  3,  Trapdoor_1
P 0.0110, 117.0550, -0.3750,  0, 240, 0,  2,  Zone_Line
P 0.0000, -10.0000, 0.0000,  0, 0, 0,  3,  The_Belfry
