P 85.0000, 170.0000, 30.0000,  0, 0, 255,  2,  Time
P 91.0000, 35.0000, 9.0000,  0, 0, 255,  2,  Kithicor
P 283.0000, -181.0000, -8.0000,  0, 0, 255,  2,  Field_of_Scale
P -312.0000, -82.0000, -23.0000,  0, 0, 255,  2,  Kuua
P -267.0000, 150.0000, -61.0000,  0, 0, 255,  2,  Toskirakk
P -143.0000, 197.0000, -61.0000,  0, 0, 255,  2,  Heart_of_Discord
P -88.0000, -337.0000, 39.0000,  0, 0, 255,  2,  Oceanhills
P -59.0000, -208.0000, 39.0000,  0, 170, 0,  2,  Portal_1
P -33.0000, -110.0000, 5.0000,  0, 170, 0,  2,  Portal_1
P 61.0000, -113.0000, 3.0000,  0, 170, 0,  2,  Portal_2
P 150.0000, -185.0000, -8.0000,  0, 170, 0,  2,  Portal_2
P -91.0000, 58.0000, 3.0000,  0, 170, 0,  2,  Portal_3
P -158.0000, 115.0000, -60.0000,  0, 170, 0,  2,  Portal_3
P -82.0000, -56.0000, 2.0000,  0, 170, 0,  2,  Portal_4
P -180.0000, -95.0000, -23.0000,  0, 170, 0,  2,  Portal_4
P -33.9571, -111.6651, 4.4594,  240, 240, 0,  2,  Portal_2
P -2.0812, -13.9265, 2.0000,  240, 0, 0,  2,  Zebuxoruk
