L 428.2913, -158.6366, 140.8998,  387.8178, -158.8148, 140.9008,  0, 0, 0
L 428.2387, -283.5821, 140.8998,  428.2913, -158.6366, 140.8998,  0, 0, 0
L 303.9200, -283.5874, 140.8998,  428.2387, -283.5821, 140.8998,  0, 0, 0
L 303.9389, -158.5139, 140.8998,  303.9200, -283.5874, 140.8998,  0, 0, 0
L 344.3922, -158.8012, 140.8999,  303.9389, -158.5139, 140.8998,  0, 0, 0
L 340.6987, -214.3269, 181.7781,  352.2850, -214.3303, 181.7791,  0, 0, 0
L 340.6997, -249.3621, 181.7781,  340.6987, -214.3269, 181.7781,  0, 0, 0
L 391.5122, -249.4949, 181.7781,  340.6997, -249.3621, 181.7781,  0, 0, 0
L 391.5125, -214.3278, 181.7781,  391.5122, -249.4949, 181.7781,  0, 0, 0
L 379.9317, -214.3300, 181.7782,  391.5125, -214.3278, 181.7781,  0, 0, 0
L 373.0133, 606.0135, 181.7780,  373.0077, 617.5861, 181.7781,  0, 0, 0
L 337.8445, 606.0148, 181.7781,  373.0133, 606.0135, 181.7780,  0, 0, 0
L 337.8444, 656.8253, 181.7781,  337.8445, 606.0148, 181.7781,  0, 0, 0
L 373.0116, 656.8275, 181.7781,  337.8444, 656.8253, 181.7781,  0, 0, 0
L 373.0020, 645.2552, 181.7781,  373.0116, 656.8275, 181.7781,  0, 0, 0
L 1118.6521, 554.3401, 120.9348,  1179.2556, 554.2097, 120.9356,  0, 0, 0
L 1118.6760, 718.8913, 120.9535,  1118.6521, 554.3401, 120.9346,  0, 0, 0
L 1283.3073, 718.7874, 120.9425,  1118.6760, 718.8913, 120.9346,  0, 0, 0
L 1283.2616, 554.0712, 120.9346,  1283.3073, 718.7874, 120.9354,  0, 0, 0
L 1222.6816, 554.2081, 120.9356,  1283.2616, 554.0712, 120.9348,  0, 0, 0
L 1222.6812, 574.2518, 140.9006,  1263.1399, 574.0293, 140.8998,  0, 0, 0
L 1263.1382, 698.8877, 140.9057,  1263.1399, 574.0293, 140.9067,  0, 0, 0
L 1138.5712, 699.3134, 140.9079,  1263.1382, 698.8877, 141.3438,  0, 0, 0
L 1139.0748, 573.3387, 140.9046,  1138.5712, 699.3134, 141.9146,  0, 0, 0
L 1179.2545, 574.2600, 140.9008,  1139.0748, 573.3387, 140.8998,  0, 0, 0
L 1175.5637, 629.7714, 181.7781,  1187.1482, 629.7735, 181.7791,  0, 0, 0
L 1175.5620, 664.9398, 181.7781,  1175.5637, 629.7714, 181.7781,  0, 0, 0
L 1226.3754, 664.9397, 181.7780,  1175.5620, 664.9398, 181.7781,  0, 0, 0
L 1226.3755, 629.7711, 181.7780,  1226.3754, 664.9397, 181.7780,  0, 0, 0
L 1214.7889, 629.7722, 181.7800,  1226.3755, 629.7711, 181.7780,  0, 0, 0
L 448.6936, 713.9197, 120.9350,  448.6922, 653.1336, 120.9357,  0, 0, 0
L 283.9395, 713.7751, 120.9415,  448.6936, 713.9197, 120.9395,  0, 0, 0
L 283.7703, 549.0155, 120.9388,  283.9395, 713.7751, 120.9347,  0, 0, 0
L 448.5641, 548.9812, 120.9390,  283.7703, 549.0155, 120.9390,  0, 0, 0
L 448.6917, 609.7071, 120.9357,  448.5641, 548.9812, 120.9348,  0, 0, 0
L 428.7744, 569.1586, 140.8999,  428.6314, 609.7078, 140.9009,  0, 0, 0
L 303.7539, 569.1333, 140.9034,  428.7744, 569.1586, 140.8999,  0, 0, 0
L 303.7670, 693.7072, 140.8999,  303.7539, 569.1333, 140.8999,  0, 0, 0
L 428.7960, 693.6848, 140.8999,  428.7113, 653.6348, 140.8999,  0, 0, 0
L 303.7670, 693.7072, 140.8999,  428.7960, 693.6848, 140.8999,  0, 0, 0
L -385.0443, -820.2764, 146.5280,  -385.0421, -853.2556, 146.5280,  240, 0, 0
L -396.0765, -820.2777, 146.5280,  -396.0670, -839.2647, 146.5280,  240, 0, 0
L -396.0765, -820.2777, 146.5281,  -408.0735, -820.2816, 146.5280,  240, 0, 0
L -385.0443, -820.2764, 146.5280,  -373.0613, -820.2816, 146.5281,  240, 0, 0
L -396.0727, -864.2811, 146.5280,  -396.0698, -850.3137, 146.5280,  240, 0, 0
L -366.0732, -827.2551, 146.5280,  -340.0646, -827.2542, 146.5280,  240, 0, 0
L 390.9731, -138.7694, 120.9346,  448.4364, -138.7043, 120.9348,  0, 0, 0
L 448.4364, -138.7043, 120.9526,  448.3687, -303.4594, 120.9346,  0, 0, 0
L 448.3687, -303.4594, 120.9347,  283.8482, -303.3350, 120.9346,  0, 0, 0
L 283.8482, -303.3350, 120.9542,  283.7686, -138.8973, 120.9346,  0, 0, 0
L 283.7686, -138.8973, 120.9347,  344.3662, -138.7645, 120.9346,  0, 0, 0
L -469.1572, -839.3693, 146.2403,  -469.1594, -857.5150, 146.2396,  240, 0, 0
L -479.9563, -839.3648, 146.2395,  -469.1572, -839.3693, 146.2403,  240, 0, 0
L -479.9535, -858.0504, 146.2396,  -479.9563, -839.3648, 146.2395,  240, 0, 0
L -421.9580, -764.1662, 146.2395,  -422.5125, -752.2889, 146.2395,  240, 0, 0
L -359.1567, -764.1660, 146.2395,  -421.9580, -764.1662, 146.2395,  240, 0, 0
L -326.4369, -769.1204, 146.2396,  -326.4696, -752.2781, 146.2396,  240, 0, 0
L -340.0757, -769.3670, 146.2395,  -326.4369, -769.1204, 146.2396,  240, 0, 0
L -373.1581, -785.3662, 146.2395,  -373.1583, -820.1671, 146.2395,  240, 0, 0
L -407.9574, -785.3663, 146.2395,  -373.1581, -785.3662, 146.2395,  240, 0, 0
L -407.9590, -820.1667, 146.2395,  -407.9574, -785.3663, 146.2395,  240, 0, 0
L -479.9566, -878.1655, 146.2395,  -427.1563, -878.1664, 146.2401,  240, 0, 0
L -479.9559, -858.2248, 146.2396,  -479.9566, -878.1655, 146.2395,  240, 0, 0
L -469.0342, -867.2336, 146.2396,  -469.1585, -857.0317, 146.2396,  240, 0, 0
L -452.0556, -867.8543, 146.2396,  -469.0342, -867.2336, 146.2396,  240, 0, 0
L -499.3329, -780.0650, 146.2395,  -452.0363, -780.5753, 146.2396,  240, 0, 0
L -421.9582, -729.3649, 146.2394,  -421.7961, -741.2578, 146.2395,  240, 0, 0
L -359.1568, -729.3659, 146.2395,  -421.9582, -729.3649, 146.2394,  240, 0, 0
L -315.1564, -741.3657, 146.2396,  -359.0441, -741.3644, 146.2394,  240, 0, 0
L -315.1575, -780.1662, 146.2396,  -315.1564, -741.3657, 146.2396,  240, 0, 0
L -329.0450, -780.5247, 146.2396,  -315.1575, -780.1662, 146.2396,  240, 0, 0
L -317.1574, -827.3652, 146.2395,  -329.0490, -827.3652, 146.2406,  240, 0, 0
L -317.1574, -876.1662, 146.2395,  -317.1574, -827.3652, 146.2395,  240, 0, 0
L -365.9582, -876.1661, 146.2395,  -317.1574, -876.1662, 146.2395,  240, 0, 0
L -395.9585, -864.1669, 146.2396,  -366.0690, -864.1673, 146.2395,  240, 0, 0
L -441.1597, -850.9548, 146.2396,  -396.0698, -850.3137, 146.2396,  240, 0, 0
L -440.4998, -867.1158, 146.2396,  -441.1597, -850.9548, 146.2396,  240, 0, 0
L -427.1564, -867.3654, 146.2396,  -440.4998, -867.1158, 146.2396,  240, 0, 0
L -427.1562, -878.1663, 146.2402,  -427.1564, -867.3654, 146.2396,  240, 0, 0
L 265.0872, -135.1481, 103.4329,  265.0223, -308.7985, 102.2051,  0, 0, 0
L 265.0502, -133.3234, 103.4088,  265.0872, -135.1481, 103.4329,  0, 0, 0
L 278.4505, -119.9161, 102.1062,  265.0502, -133.3234, 103.4088,  0, 0, 0
L 345.6491, -121.0156, 103.9135,  278.4505, -119.9161, 102.1062,  0, 0, 0
L 345.6487, -104.8944, 103.3693,  345.6490, -121.0156, 103.9115,  0, 0, 0
L 349.2675, -104.8651, 103.3647,  345.6487, -104.8944, 103.3693,  0, 0, 0
L 349.2679, -109.1506, 108.1192,  349.2675, -104.8651, 103.3647,  0, 0, 0
L 349.2676, -120.7105, 120.9450,  349.2679, -109.1506, 108.1192,  0, 0, 0
L 349.2663, -131.6891, 131.9781,  349.2676, -120.7105, 120.9450,  0, 0, 0
L 349.2651, -143.1948, 143.4835,  349.2663, -131.6891, 131.9781,  0, 0, 0
L 349.2658, -151.2792, 151.5679,  349.2651, -143.1948, 143.4835,  0, 0, 0
L 349.2708, -164.4407, 164.7219,  349.2658, -151.2792, 151.5679,  0, 0, 0
L 349.2843, -175.3166, 175.7125,  349.2708, -164.4407, 164.7219,  0, 0, 0
L 349.3088, -180.6538, 181.7178,  349.2843, -175.3166, 175.7125,  0, 0, 0
L 348.9925, -181.4545, 182.3551,  349.3088, -180.6538, 181.7178,  0, 0, 0
L 330.7773, -181.3528, 182.3551,  348.9925, -181.4545, 182.3551,  0, 0, 0
L 330.8371, -255.0592, 188.2858,  330.7773, -181.3528, 182.3551,  0, 0, 0
L 402.1225, -254.9258, 183.8560,  330.8371, -255.0592, 188.2858,  0, 0, 0
L 402.1077, -182.6769, 184.4158,  402.1225, -254.9258, 183.8560,  0, 0, 0
L 382.9032, -182.6054, 182.3550,  402.1077, -182.6769, 184.4158,  0, 0, 0
L 382.8975, -179.6788, 180.3709,  382.9032, -182.6054, 182.3550,  0, 0, 0
L 382.9240, -172.2235, 172.4838,  382.8975, -179.6788, 180.3709,  0, 0, 0
L 382.9432, -157.0141, 157.3009,  382.9240, -172.2235, 172.4838,  0, 0, 0
L 382.9447, -137.9274, 138.2146,  382.9432, -157.0141, 157.3009,  0, 0, 0
L 382.9432, -124.3793, 124.6665,  382.9447, -137.9274, 138.2146,  0, 0, 0
L 382.9430, -103.3709, 101.9351,  382.9432, -124.3793, 124.6665,  0, 0, 0
L 386.5626, -103.4328, 102.0213,  382.9430, -103.3709, 101.9351,  0, 0, 0
L 386.5622, -109.4718, 102.7591,  386.5626, -103.4328, 102.0213,  0, 0, 0
L 386.5622, -110.7764, 102.9180,  386.5622, -109.4718, 102.7591,  0, 0, 0
L 386.5618, -121.0157, 104.1658,  386.5622, -110.7764, 102.9180,  0, 0, 0
L 386.5618, -121.0157, 104.1658,  386.5618, -121.0157, 104.1658,  0, 0, 0
L 453.7513, -119.9164, 102.6167,  386.5618, -121.0157, 104.1658,  0, 0, 0
L 467.1741, -133.3446, 102.6347,  453.7513, -119.9164, 102.6167,  0, 0, 0
L 466.7515, -148.1193, 103.7764,  467.1741, -133.3446, 102.6347,  0, 0, 0
L 466.9145, -309.8440, 107.0648,  466.7515, -148.1193, 103.7764,  0, 0, 0
L 453.1965, -322.1426, 104.0846,  466.9145, -309.8440, 107.0648,  0, 0, 0
L 421.9715, -321.3009, 101.9808,  453.1965, -322.1426, 104.0846,  0, 0, 0
L 278.4500, -322.2129, 102.6504,  421.9715, -321.3009, 101.9808,  0, 0, 0
L 265.0213, -308.7988, 102.2044,  278.4507, -322.2120, 102.6504,  0, 0, 0
L -388.3816, -828.5787, 212.2108,  -383.8282, -828.6021, 212.0137,  0, 127, 0
L -388.3803, -849.9924, 211.8202,  -447.6570, -849.9926, 211.8202,  0, 127, 0
L -388.3811, -828.8519, 211.8220,  -388.3803, -849.9924, 211.8202,  0, 127, 0
L -383.8285, -838.6508, 211.8203,  -383.8286, -828.8521, 211.8242,  0, 127, 0
L -379.1847, -838.5964, 211.8203,  -383.8285, -838.6508, 211.8203,  0, 127, 0
L -379.1618, -865.6583, 211.8202,  -379.1847, -838.5964, 211.8203,  0, 127, 0
L -459.0583, -865.6399, 211.8649,  -379.1618, -865.6583, 211.8202,  0, 127, 0
L -459.1003, -838.8765, 211.8202,  -459.0583, -865.6399, 211.8649,  0, 127, 0
L -454.3033, -838.8661, 211.8201,  -459.1003, -838.8765, 211.8202,  0, 127, 0
L -454.3037, -776.9647, 211.8201,  -454.3033, -838.8661, 211.8201,  0, 127, 0
L -459.7293, -776.4360, 211.8202,  -454.3037, -776.9647, 211.8201,  0, 127, 0
L -459.7100, -749.7855, 211.8202,  -459.7293, -776.4360, 211.8202,  0, 127, 0
L -379.1278, -749.8531, 211.8203,  -459.7100, -749.7855, 211.8202,  0, 127, 0
L -379.1567, -776.9526, 211.8202,  -379.1278, -749.8531, 211.8203,  0, 127, 0
L -383.8290, -776.9650, 211.8201,  -379.1567, -776.9526, 211.8202,  0, 127, 0
L -383.8280, -787.2261, 211.9906,  -383.8290, -776.9650, 211.8201,  0, 127, 0
L -388.3816, -787.2218, 211.9551,  -383.8281, -787.2173, 211.9182,  0, 127, 0
L -388.3809, -765.8386, 211.8201,  -388.3808, -787.2656, 212.3217,  0, 127, 0
L -447.6568, -765.8386, 211.8201,  -388.3809, -765.8386, 211.8201,  0, 127, 0
L -447.6570, -849.9925, 211.8201,  -447.6568, -765.8386, 211.8201,  0, 127, 0
L -275.1873, -792.4785, 74.0692,  -275.1852, -800.3176, 74.0691,  0, 0, 0
L -275.1856, -773.7637, 66.3489,  -275.1873, -792.4785, 74.0692,  0, 0, 0
L -275.1854, -754.2488, 59.3793,  -275.1856, -773.7637, 66.3489,  0, 0, 0
L -275.1841, -741.1543, 54.7043,  -275.1854, -754.2488, 59.3793,  0, 0, 0
L -275.1844, -723.6326, 48.5692,  -275.1841, -741.1543, 54.7043,  0, 0, 0
L -275.1866, -689.6893, 48.5692,  -275.1844, -723.6326, 48.5692,  0, 0, 0
L -297.8146, -689.6890, 48.5691,  -275.1866, -689.6893, 48.5692,  0, 0, 0
L -305.1866, -688.8463, 49.1636,  -297.8146, -689.6890, 48.5691,  0, 0, 0
L -305.1867, -677.6899, 48.5692,  -305.1868, -688.8390, 49.1086,  0, 0, 0
L -397.8145, -677.6898, 48.5692,  -305.1867, -677.6899, 48.5692,  0, 0, 0
L -397.8145, -688.7672, 48.5751,  -397.8145, -677.6898, 48.5692,  0, 0, 0
L -405.1866, -689.6907, 48.5691,  -397.8145, -688.7672, 48.5751,  0, 0, 0
L -423.8148, -689.6906, 48.5691,  -405.1866, -689.6907, 48.5691,  0, 0, 0
L -431.1867, -688.7686, 48.5778,  -423.8148, -689.6906, 48.5691,  0, 0, 0
L -431.1869, -677.6918, 48.5692,  -431.1867, -688.7684, 48.5773,  0, 0, 0
L -495.8148, -677.6917, 48.5691,  -431.1866, -677.6917, 48.5692,  0, 0, 0
L -495.8155, -702.8169, 48.9305,  -495.8148, -677.6917, 48.5691,  0, 0, 0
L -503.1868, -703.6925, 48.5692,  -495.8155, -702.8517, 49.1818,  0, 0, 0
L -525.8149, -703.6922, 48.5692,  -503.1868, -703.6925, 48.5692,  0, 0, 0
L -525.8149, -703.6922, 48.5692,  -525.8149, -703.6922, 48.5692,  0, 0, 0
L -525.8135, -715.7112, 48.5702,  -525.8149, -703.6922, 48.5692,  0, 0, 0
L -525.8132, -723.6225, 45.7458,  -525.8135, -715.7112, 48.5702,  0, 0, 0
L -525.8137, -741.0525, 38.2757,  -525.8132, -723.6225, 45.7458,  0, 0, 0
L -525.8156, -758.3205, 36.5691,  -525.8137, -741.0525, 38.2757,  0, 0, 0
L -512.1597, -758.3779, 36.5692,  -525.8156, -758.3205, 36.5691,  0, 0, 0
L -511.7645, -758.9133, 36.5692,  -512.1597, -758.3779, 36.5692,  0, 0, 0
L -511.8153, -759.1459, 36.5692,  -511.7645, -758.9133, 36.5692,  0, 0, 0
L -511.8137, -761.3448, 36.5692,  -511.8153, -759.1459, 36.5692,  0, 0, 0
L -511.8162, -768.3211, 36.5692,  -511.8137, -761.3448, 36.5692,  0, 0, 0
L -512.6655, -775.6929, 37.1112,  -511.8162, -768.3211, 36.5692,  0, 0, 0
L -523.8151, -775.6931, 36.5692,  -512.6655, -775.6929, 37.1140,  0, 0, 0
L -523.8152, -840.3212, 36.5692,  -523.8151, -775.6931, 36.5692,  0, 0, 0
L -498.6689, -840.3209, 37.0809,  -523.8152, -840.3212, 36.5692,  0, 0, 0
L -497.8145, -847.6929, 36.5692,  -498.6650, -840.3209, 37.1123,  0, 0, 0
L -497.8126, -856.3698, 36.5692,  -497.8145, -847.6929, 36.5692,  0, 0, 0
L -497.8128, -884.1279, 48.2059,  -497.8126, -856.3698, 36.5692,  0, 0, 0
L -497.8164, -940.3210, 48.5692,  -497.8128, -884.1279, 48.2059,  0, 0, 0
L -461.1883, -940.3219, 48.5692,  -497.8164, -940.3210, 48.5692,  0, 0, 0
L -453.8161, -941.1695, 49.1251,  -461.1883, -940.3219, 48.5692,  0, 0, 0
L -453.8161, -952.3212, 48.5691,  -453.8157, -941.1646, 49.1626,  0, 0, 0
L -410.1880, -952.3212, 48.5692,  -453.8161, -952.3212, 48.5691,  0, 0, 0
L -410.1960, -927.3531, 54.2205,  -410.1880, -952.3212, 48.5692,  0, 0, 0
L -404.8158, -927.3842, 54.1914,  -410.1960, -927.3531, 54.2205,  0, 0, 0
L -404.8162, -952.3215, 48.5692,  -404.8158, -927.3842, 54.1914,  0, 0, 0
L -361.1880, -952.3214, 48.5692,  -404.8162, -952.3214, 48.5692,  0, 0, 0
L -361.1874, -899.1697, 49.1221,  -361.1880, -952.3214, 48.5692,  0, 0, 0
L -353.8163, -898.3207, 48.5692,  -361.1875, -899.1699, 49.1211,  0, 0, 0
L -344.7866, -898.3203, 48.5692,  -353.8163, -898.3207, 48.5692,  0, 0, 0
L -343.7791, -899.1913, 48.6271,  -344.7866, -898.3203, 48.5692,  0, 0, 0
L -343.8161, -899.5551, 48.7310,  -343.7791, -899.1913, 48.6271,  0, 0, 0
L -343.8139, -903.2214, 49.7799,  -343.8161, -899.5551, 48.7310,  0, 0, 0
L -343.8151, -913.1476, 52.6159,  -343.8139, -903.2214, 49.7799,  0, 0, 0
L -343.8144, -937.3530, 59.5318,  -343.8151, -913.1476, 52.6159,  0, 0, 0
L -343.8174, -954.3109, 60.5692,  -343.8144, -937.3530, 59.5318,  0, 0, 0
L -325.9886, -954.3173, 61.8656,  -343.8167, -954.3203, 60.5692,  0, 0, 0
L -303.1896, -954.3211, 62.5693,  -325.9886, -954.3173, 61.8656,  0, 0, 0
L -303.1916, -945.2162, 62.5693,  -303.1896, -954.3211, 62.5693,  0, 0, 0
L -303.1909, -927.8226, 66.3427,  -303.1916, -945.2162, 62.5693,  0, 0, 0
L -303.1896, -900.6939, 73.7114,  -303.1909, -927.8226, 66.3427,  0, 0, 0
L -303.1833, -875.6890, 74.0691,  -303.1896, -900.6939, 73.7114,  0, 0, 0
L -302.3361, -868.3170, 74.6283,  -303.1833, -875.6890, 74.0691,  0, 0, 0
L -277.1836, -868.3171, 74.0691,  -302.3048, -868.3167, 74.4042,  0, 0, 0
L -277.1848, -817.6890, 74.0692,  -277.1836, -868.3171, 74.0691,  0, 0, 0
L -288.3313, -817.6891, 74.5894,  -277.1840, -817.6895, 74.0692,  0, 0, 0
L -289.1845, -810.3173, 74.0690,  -288.3322, -817.6893, 74.5983,  0, 0, 0
L -289.1858, -800.9276, 74.0692,  -289.1845, -810.3173, 74.0690,  0, 0, 0
L -288.5166, -800.3170, 74.0692,  -289.1858, -800.9276, 74.0692,  0, 0, 0
L -286.5836, -800.1978, 74.0692,  -288.5166, -800.3170, 74.0692,  0, 0, 0
L -288.6130, -800.3177, 74.0692,  -286.5836, -800.1978, 74.0692,  0, 0, 0
L -287.5283, -800.3168, 74.0692,  -288.6130, -800.3177, 74.0692,  0, 0, 0
L -284.7155, -800.3164, 74.0692,  -287.5283, -800.3168, 74.0692,  0, 0, 0
L -275.1851, -800.3176, 74.0689,  -284.7155, -800.3164, 74.0692,  0, 0, 0
L -375.1854, -801.0766, 80.0692,  -375.1844, -826.3172, 80.0691,  0, 0, 0
L -375.1126, -800.6237, 80.0692,  -375.1854, -801.0766, 80.0692,  0, 0, 0
L -374.8097, -800.3701, 80.0692,  -375.1126, -800.6237, 80.0692,  0, 0, 0
L -374.3798, -800.3168, 80.0692,  -374.8097, -800.3701, 80.0692,  0, 0, 0
L -373.5313, -800.3168, 80.0693,  -374.3798, -800.3168, 80.0692,  0, 0, 0
L -370.3339, -800.3152, 78.7201,  -373.5313, -800.3168, 80.0693,  0, 0, 0
L -366.4431, -800.3168, 76.2495,  -370.3339, -800.3152, 78.7201,  0, 0, 0
L -366.4431, -800.3168, 76.2495,  -366.4431, -800.3168, 76.2495,  0, 0, 0
L -361.1154, -800.3167, 72.8007,  -366.4431, -800.3168, 76.2495,  0, 0, 0
L -356.1707, -800.3244, 71.0692,  -361.1154, -800.3167, 72.8007,  0, 0, 0
L -355.8367, -800.7983, 71.0692,  -356.1707, -800.3244, 71.0692,  0, 0, 0
L -355.8124, -801.2806, 71.0692,  -355.8367, -800.7983, 71.0692,  0, 0, 0
L -355.8123, -802.3938, 71.0692,  -355.8124, -801.2806, 71.0692,  0, 0, 0
L -355.8124, -804.4473, 71.0692,  -355.8123, -802.3938, 71.0692,  0, 0, 0
L -355.8127, -812.3182, 71.0691,  -355.8124, -804.4473, 71.0692,  0, 0, 0
L -319.1853, -812.3183, 71.0691,  -355.8131, -812.3183, 71.0691,  0, 0, 0
L -319.1859, -801.2402, 71.0803,  -319.1853, -812.3183, 71.0691,  0, 0, 0
L -311.8133, -800.3173, 71.2824,  -319.1853, -801.2411, 71.0748,  0, 0, 0
L -302.2002, -800.3235, 74.0696,  -311.8133, -800.3173, 71.2825,  0, 0, 0
L -301.9279, -800.5664, 74.0692,  -302.2002, -800.3235, 74.0696,  0, 0, 0
L -301.8122, -801.3132, 74.0692,  -301.9279, -800.5664, 74.0692,  0, 0, 0
L -301.8122, -802.5156, 74.0692,  -301.8122, -801.3132, 74.0692,  0, 0, 0
L -301.8122, -803.2452, 74.0692,  -301.8122, -802.5156, 74.0692,  0, 0, 0
L -301.8116, -805.5829, 74.0692,  -301.8122, -803.2452, 74.0692,  0, 0, 0
L -301.8116, -805.5829, 74.0692,  -301.8116, -805.5829, 74.0692,  0, 0, 0
L -301.8128, -810.3173, 74.0691,  -301.8116, -805.5829, 74.0692,  0, 0, 0
L -302.6630, -817.6893, 74.6070,  -301.8128, -810.3173, 74.0691,  0, 0, 0
L -341.8120, -817.6891, 74.0692,  -302.6623, -817.6891, 74.6111,  0, 0, 0
L -341.8119, -828.7663, 74.0765,  -341.8120, -817.6891, 74.0692,  0, 0, 0
L -349.1839, -829.6899, 74.0691,  -341.8119, -828.7663, 74.0765,  0, 0, 0
L -371.8121, -829.6897, 74.0691,  -349.1839, -829.6899, 74.0691,  0, 0, 0
L -371.8111, -842.8766, 74.0692,  -371.8121, -829.6897, 74.0691,  0, 0, 0
L -372.3214, -843.6755, 74.0692,  -371.8111, -842.8766, 74.0692,  0, 0, 0
L -372.8415, -843.6895, 74.2302,  -372.3214, -843.6755, 74.0692,  0, 0, 0
L -373.0054, -843.6909, 74.3006,  -372.8415, -843.6895, 74.2302,  0, 0, 0
L -377.9955, -843.6912, 76.4438,  -373.0054, -843.6909, 74.3006,  0, 0, 0
L -386.5386, -843.6899, 80.0692,  -377.9955, -843.6912, 76.4438,  0, 0, 0
L -386.9330, -843.5721, 80.0692,  -386.5386, -843.6899, 80.0692,  0, 0, 0
L -387.2189, -842.9066, 80.0692,  -386.9330, -843.5721, 80.0692,  0, 0, 0
L -387.1841, -842.7118, 80.0692,  -387.2189, -842.9066, 80.0692,  0, 0, 0
L -387.1847, -840.0580, 80.0692,  -387.1841, -842.7118, 80.0692,  0, 0, 0
L -387.1839, -833.6891, 80.0691,  -387.1847, -840.0580, 80.0692,  0, 0, 0
L -386.3336, -826.3171, 80.6120,  -387.1839, -833.6891, 80.0691,  0, 0, 0
L -375.1845, -826.3173, 80.0691,  -386.3334, -826.3174, 80.6109,  0, 0, 0
L -467.8078, -897.0106, 115.0693,  -467.8101, -873.6882, 115.0693,  0, 0, 240
L -467.8096, -898.8950, 115.0693,  -467.8078, -897.0106, 115.0693,  0, 0, 240
L -468.1995, -899.6675, 115.0693,  -467.8096, -898.8950, 115.0693,  0, 0, 240
L -468.7758, -899.6900, 115.0693,  -468.1995, -899.6675, 115.0693,  0, 0, 240
L -471.8008, -899.6885, 115.0693,  -468.7758, -899.6900, 115.0693,  0, 0, 240
L -484.6634, -899.6819, 115.0693,  -471.8008, -899.6885, 115.0693,  0, 0, 240
L -485.1344, -899.3344, 115.0693,  -484.6634, -899.6819, 115.0693,  0, 0, 240
L -485.1897, -898.3878, 115.0693,  -485.1344, -899.3344, 115.0693,  0, 0, 240
L -485.1898, -894.7826, 115.0693,  -485.1897, -898.3878, 115.0693,  0, 0, 240
L -485.1906, -890.6547, 115.0693,  -485.1898, -894.7826, 115.0693,  0, 0, 240
L -485.1898, -849.3326, 115.0693,  -485.1906, -890.6547, 115.0693,  0, 0, 240
L -485.1862, -815.6876, 115.0692,  -485.1898, -849.3326, 115.0693,  0, 0, 240
L -498.5642, -815.6877, 115.0693,  -485.1862, -815.6876, 115.0693,  0, 0, 240
L -499.1761, -815.1395, 115.0693,  -498.5642, -815.6877, 115.0693,  0, 0, 240
L -499.1868, -814.9688, 115.0693,  -499.1761, -815.1395, 115.0693,  0, 0, 240
L -499.1868, -814.5220, 115.0693,  -499.1868, -814.9688, 115.0693,  0, 0, 240
L -499.1887, -812.5770, 115.0693,  -499.1868, -814.5220, 115.0693,  0, 0, 240
L -499.1872, -801.3301, 115.0693,  -499.1887, -812.5770, 115.0693,  0, 0, 240
L -499.0645, -800.5245, 115.0693,  -499.1872, -801.3301, 115.0693,  0, 0, 240
L -498.4227, -800.3150, 115.0693,  -499.0645, -800.5245, 115.0693,  0, 0, 240
L -496.9721, -800.3141, 115.0693,  -498.4227, -800.3150, 115.0693,  0, 0, 240
L -483.6793, -800.3139, 115.0693,  -496.9721, -800.3141, 115.0693,  0, 0, 240
L -471.1861, -800.3162, 115.0691,  -483.6793, -800.3139, 115.0693,  0, 0, 240
L -471.1842, -763.6892, 115.0692,  -471.1863, -800.3162, 115.0692,  0, 0, 240
L -470.3150, -756.3165, 115.4719,  -471.1842, -763.6892, 115.0692,  0, 0, 240
L -459.1851, -756.3173, 115.0692,  -470.2759, -756.3166, 115.1835,  0, 0, 240
L -459.1851, -745.2400, 115.0767,  -459.1850, -756.3172, 115.0692,  0, 0, 240
L -451.8128, -744.3165, 115.0692,  -459.1854, -745.2399, 115.0778,  0, 0, 240
L -442.0886, -744.3895, 115.0693,  -451.8128, -744.3165, 115.0692,  0, 0, 240
L -441.8119, -745.0003, 115.0693,  -442.0886, -744.3895, 115.0693,  0, 0, 240
L -441.8117, -747.4688, 115.0693,  -441.8119, -745.0003, 115.0693,  0, 0, 240
L -441.8115, -756.5435, 115.0693,  -441.8117, -747.4688, 115.0693,  0, 0, 240
L -441.8115, -772.9257, 115.0693,  -441.8115, -756.5435, 115.0693,  0, 0, 240
L -442.5705, -773.6885, 115.0693,  -441.8115, -772.9257, 115.0693,  0, 0, 240
L -443.7308, -773.6884, 115.0693,  -442.5705, -773.6885, 115.0693,  0, 0, 240
L -455.8120, -773.6876, 115.0692,  -443.7308, -773.6884, 115.0693,  0, 0, 240
L -455.8127, -796.3157, 115.0692,  -455.8120, -773.6876, 115.0692,  0, 0, 240
L -456.6698, -803.6880, 115.5568,  -455.8127, -796.3157, 115.0692,  0, 0, 240
L -467.8117, -803.6874, 115.0692,  -456.6686, -803.6880, 115.5661,  0, 0, 240
L -467.8126, -827.5463, 115.0581,  -467.8117, -803.6874, 115.0692,  0, 0, 240
L -467.8118, -840.3161, 115.0692,  -467.8126, -827.5463, 115.0581,  0, 0, 240
L -456.6776, -840.3159, 115.5018,  -467.8117, -840.3160, 115.0693,  0, 0, 240
L -455.8112, -847.6880, 115.0692,  -456.7344, -840.3152, 115.0812,  0, 0, 240
L -455.8110, -866.3163, 115.0692,  -455.8112, -847.6880, 115.0692,  0, 0, 240
L -456.6605, -873.6882, 115.6140,  -455.8110, -866.3163, 115.0692,  0, 0, 240
L -467.7814, -873.6885, 115.0693,  -456.6567, -873.6883, 115.6378,  0, 0, 240
L -369.8135, -884.8115, 115.4309,  -369.8142, -859.6866, 115.0692,  0, 0, 240
L -377.1860, -885.6875, 115.0692,  -369.8141, -884.7641, 115.0805,  0, 0, 240
L -395.8099, -885.6870, 115.0692,  -377.1860, -885.6875, 115.0692,  0, 0, 240
L -403.1823, -884.8376, 115.6086,  -395.8099, -885.6870, 115.0692,  0, 0, 240
L -403.1821, -873.6881, 115.0692,  -403.1822, -884.8160, 115.4578,  0, 0, 240
L -442.3325, -873.6884, 115.6107,  -403.1821, -873.6881, 115.0692,  0, 0, 240
L -443.1832, -866.3162, 115.0692,  -442.3320, -873.6883, 115.6075,  0, 0, 240
L -443.1828, -847.6880, 115.0692,  -443.1828, -866.3162, 115.0692,  0, 0, 240
L -442.3343, -840.3157, 115.6147,  -443.1828, -847.6880, 115.0692,  0, 0, 240
L -431.1839, -840.3160, 115.0692,  -442.3295, -840.3159, 115.5873,  0, 0, 240
L -431.1839, -803.6874, 115.0692,  -431.1838, -840.3162, 115.0692,  0, 0, 240
L -442.3332, -803.6878, 115.6094,  -431.1839, -803.6874, 115.0692,  0, 0, 240
L -443.1843, -796.3159, 115.0692,  -442.3337, -803.6878, 115.6113,  0, 0, 240
L -443.1846, -786.8149, 115.0693,  -443.1843, -796.3159, 115.0692,  0, 0, 240
L -443.0103, -786.5347, 115.0693,  -443.1846, -786.8149, 115.0693,  0, 0, 240
L -442.6002, -786.3213, 115.0693,  -443.0103, -786.5347, 115.0693,  0, 0, 240
L -441.8489, -786.3145, 115.0693,  -442.6002, -786.3213, 115.0693,  0, 0, 240
L -435.0053, -786.3130, 115.0693,  -441.8489, -786.3145, 115.0693,  0, 0, 240
L -415.8117, -786.3159, 115.0693,  -435.0053, -786.3130, 115.0693,  0, 0, 240
L -414.1441, -786.3663, 115.0693,  -415.8117, -786.3159, 115.0693,  0, 0, 240
L -413.8108, -786.8171, 115.0693,  -414.1441, -786.3663, 115.0693,  0, 0, 240
L -413.8096, -800.7236, 115.0693,  -413.8108, -786.8171, 115.0693,  0, 0, 240
L -413.8124, -814.3161, 115.0693,  -413.8096, -800.7236, 115.0693,  0, 0, 240
L -400.3487, -814.3154, 115.0693,  -413.8124, -814.3162, 115.0693,  0, 0, 240
L -399.8736, -814.6464, 115.0693,  -400.3487, -814.3154, 115.0693,  0, 0, 240
L -399.8098, -815.8419, 115.0693,  -399.8736, -814.6464, 115.0693,  0, 0, 240
L -399.8118, -816.4145, 115.0693,  -399.8098, -815.8419, 115.0693,  0, 0, 240
L -399.8100, -822.9991, 115.0693,  -399.8118, -816.4145, 115.0693,  0, 0, 240
L -399.8130, -830.8450, 115.0693,  -399.8100, -822.9991, 115.0693,  0, 0, 240
L -399.9201, -831.4363, 115.0693,  -399.8130, -830.8450, 115.0693,  0, 0, 240
L -400.3451, -831.6853, 115.0693,  -399.9201, -831.4363, 115.0693,  0, 0, 240
L -400.4730, -831.6968, 115.0693,  -400.3451, -831.6853, 115.0693,  0, 0, 240
L -404.1703, -831.6962, 115.0693,  -400.4730, -831.6968, 115.0693,  0, 0, 240
L -411.8136, -831.6959, 115.0692,  -404.1703, -831.6962, 115.0693,  0, 0, 240
L -411.8145, -856.4106, 115.0579,  -411.8136, -831.6965, 115.0693,  0, 0, 240
L -411.8138, -868.3245, 115.0692,  -411.8145, -856.4106, 115.0579,  0, 0, 240
L -375.1855, -868.3242, 115.0691,  -411.8137, -868.3242, 115.0692,  0, 0, 240
L -375.1852, -843.5073, 115.0738,  -375.1855, -868.3242, 115.0691,  0, 0, 240
L -375.1858, -831.6960, 115.0693,  -375.1852, -843.5073, 115.0738,  0, 0, 240
L -386.5773, -831.6932, 115.0693,  -375.1858, -831.6960, 115.0693,  0, 0, 240
L -387.0316, -831.5396, 115.0693,  -386.5773, -831.6932, 115.0693,  0, 0, 240
L -387.1860, -831.0421, 115.0693,  -387.0316, -831.5396, 115.0693,  0, 0, 240
L -387.1855, -829.0404, 115.0693,  -387.1860, -831.0421, 115.0693,  0, 0, 240
L -387.1848, -801.6889, 115.0693,  -387.1855, -829.0404, 115.0693,  0, 0, 240
L -400.2634, -801.6898, 115.0693,  -387.1848, -801.6889, 115.0693,  0, 0, 240
L -400.8818, -801.5720, 115.0693,  -400.2634, -801.6898, 115.0693,  0, 0, 240
L -401.1755, -801.1428, 115.0693,  -400.8818, -801.5720, 115.0693,  0, 0, 240
L -401.1858, -801.0207, 115.0693,  -401.1755, -801.1428, 115.0693,  0, 0, 240
L -401.1854, -787.2234, 115.0693,  -401.1858, -801.0207, 115.0693,  0, 0, 240
L -401.1840, -773.6884, 115.0692,  -401.1854, -787.2234, 115.0693,  0, 0, 240
L -428.2107, -773.6885, 115.0693,  -401.1840, -773.6884, 115.0692,  0, 0, 240
L -429.1813, -773.1052, 115.0693,  -428.2107, -773.6885, 115.0693,  0, 0, 240
L -429.1844, -772.6976, 115.0693,  -429.1813, -773.1052, 115.0693,  0, 0, 240
L -429.1857, -760.2234, 115.0693,  -429.1844, -772.6976, 115.0693,  0, 0, 240
L -429.1851, -744.9818, 115.0693,  -429.1857, -760.2234, 115.0693,  0, 0, 240
L -428.9439, -744.3288, 115.0693,  -429.1851, -744.9818, 115.0693,  0, 0, 240
L -418.4840, -744.3154, 115.0693,  -428.9439, -744.3288, 115.0693,  0, 0, 240
L -405.1849, -744.3165, 115.0693,  -418.4840, -744.3154, 115.0693,  0, 0, 240
L -397.8126, -745.1845, 115.4805,  -405.1849, -744.3165, 115.0693,  0, 0, 240
L -397.8131, -756.3159, 115.0692,  -397.8127, -745.1662, 115.6099,  0, 0, 240
L -361.1846, -756.3159, 115.0691,  -397.8127, -756.3159, 115.0692,  0, 0, 240
L -361.1853, -731.1663, 115.6073,  -361.1846, -756.3159, 115.0691,  0, 0, 240
L -353.8124, -730.3149, 115.0692,  -361.1855, -731.2337, 115.1134,  0, 0, 240
L -344.3148, -730.3148, 115.0693,  -353.8130, -730.3145, 115.0692,  0, 0, 240
L -343.9576, -730.5786, 115.0693,  -344.3148, -730.3148, 115.0693,  0, 0, 240
L -343.8207, -730.8776, 115.0693,  -343.9576, -730.5786, 115.0693,  0, 0, 240
L -343.8127, -731.0344, 115.0693,  -343.8207, -730.8776, 115.0693,  0, 0, 240
L -343.8104, -731.7672, 115.0693,  -343.8127, -731.0344, 115.0693,  0, 0, 240
L -343.8123, -731.2729, 115.0693,  -343.8104, -731.7672, 115.0693,  0, 0, 240
L -343.8124, -731.8849, 115.0693,  -343.8123, -731.2729, 115.0693,  0, 0, 240
L -343.8122, -737.2675, 115.0693,  -343.8124, -731.8849, 115.0693,  0, 0, 240
L -343.8137, -744.3152, 115.0692,  -343.8122, -737.2675, 115.0693,  0, 0, 240
L -316.2715, -744.3394, 115.0693,  -343.8131, -744.3152, 115.0693,  0, 0, 240
L -315.8207, -744.8409, 115.0693,  -316.2715, -744.3394, 115.0693,  0, 0, 240
L -315.8120, -745.2969, 115.0693,  -315.8207, -744.8409, 115.0693,  0, 0, 240
L -315.8119, -776.2919, 115.0693,  -315.8120, -745.2969, 115.0693,  0, 0, 240
L -315.8130, -786.8463, 115.0693,  -315.8119, -776.2919, 115.0693,  0, 0, 240
L -316.4217, -787.6887, 115.0693,  -315.8130, -786.8463, 115.0693,  0, 0, 240
L -316.6392, -787.6883, 115.0693,  -316.4217, -787.6887, 115.0693,  0, 0, 240
L -317.3880, -787.6899, 115.0693,  -316.6392, -787.6883, 115.0693,  0, 0, 240
L -330.4886, -787.6882, 115.0693,  -317.3880, -787.6899, 115.0693,  0, 0, 240
L -330.9976, -787.5178, 115.0693,  -330.4886, -787.6882, 115.0693,  0, 0, 240
L -331.1870, -787.0460, 115.0693,  -330.9976, -787.5178, 115.0693,  0, 0, 240
L -331.1872, -783.5403, 115.0693,  -331.1870, -787.0460, 115.0693,  0, 0, 240
L -331.1844, -759.6882, 115.0692,  -331.1872, -783.5403, 115.0693,  0, 0, 240
L -374.8092, -759.6907, 115.0693,  -331.1844, -759.6882, 115.0693,  0, 0, 240
L -385.8123, -759.6874, 115.0692,  -374.8092, -759.6907, 115.0693,  0, 0, 240
L -385.8126, -772.3155, 115.0692,  -385.8123, -759.6874, 115.0692,  0, 0, 240
L -351.5670, -772.3129, 115.0693,  -385.8127, -772.3153, 115.0692,  0, 0, 240
L -344.3867, -772.3145, 115.0693,  -351.5670, -772.3129, 115.0693,  0, 0, 240
L -343.8109, -773.0515, 115.0693,  -344.3867, -772.3145, 115.0693,  0, 0, 240
L -343.8114, -773.3881, 115.0693,  -343.8109, -773.0515, 115.0693,  0, 0, 240
L -343.8115, -783.4680, 115.0693,  -343.8114, -773.3881, 115.0693,  0, 0, 240
L -343.8129, -800.3160, 115.0693,  -343.8115, -783.4680, 115.0693,  0, 0, 240
L -317.4896, -800.3156, 115.0693,  -343.8133, -800.3159, 115.0693,  0, 0, 240
L -316.0926, -800.4009, 115.0693,  -317.4896, -800.3156, 115.0693,  0, 0, 240
L -315.8131, -801.4476, 115.0693,  -316.0926, -800.4009, 115.0693,  0, 0, 240
L -315.8108, -807.1110, 115.0693,  -315.8131, -801.4476, 115.0693,  0, 0, 240
L -315.8134, -814.9663, 115.0693,  -315.8108, -807.1110, 115.0693,  0, 0, 240
L -316.3036, -815.6653, 115.0693,  -315.8134, -814.9663, 115.0693,  0, 0, 240
L -316.5798, -815.6879, 115.0693,  -316.3036, -815.6653, 115.0693,  0, 0, 240
L -316.9686, -815.6879, 115.0693,  -316.5798, -815.6879, 115.0693,  0, 0, 240
L -316.6656, -815.6880, 115.0693,  -316.9686, -815.6879, 115.0693,  0, 0, 240
L -319.7868, -815.6873, 115.0693,  -316.6656, -815.6880, 115.0693,  0, 0, 240
L -357.8143, -815.6867, 115.0693,  -319.7868, -815.6873, 115.0693,  0, 0, 240
L -357.8152, -852.3144, 115.0692,  -357.8142, -815.6862, 115.0693,  0, 0, 240
L -358.6840, -859.6868, 115.4723,  -357.8152, -852.3144, 115.0692,  0, 0, 240
L -369.8141, -859.6863, 115.0692,  -358.6641, -859.6865, 115.6150,  0, 0, 240
L -277.1860, -870.8080, 115.0780,  -271.4467, -870.8068, 115.0703,  0, 0, 240
L -277.1859, -869.7841, 115.0692,  -277.1867, -870.8080, 115.0798,  0, 0, 240
L -299.8139, -869.7842, 115.0692,  -277.1865, -869.7840, 115.0692,  0, 0, 240
L -299.8140, -870.8073, 115.0745,  -299.8141, -869.7842, 115.0692,  0, 0, 240
L -307.1861, -871.6865, 115.0693,  -299.8140, -870.8073, 115.0745,  0, 0, 240
L -325.8143, -871.6856, 115.0692,  -307.1859, -871.6868, 115.0692,  0, 0, 240
L -333.1862, -870.8397, 115.6444,  -325.8143, -871.6856, 115.0692,  0, 0, 240
L -333.1864, -859.6863, 115.0693,  -333.1859, -870.8367, 115.6166,  0, 0, 240
L -344.3365, -859.6865, 115.6157,  -333.1863, -859.6862, 115.0693,  0, 0, 240
L -345.1868, -852.3143, 115.0692,  -344.3368, -859.6867, 115.6143,  0, 0, 240
L -345.1874, -829.0186, 115.0693,  -345.1868, -852.3143, 115.0692,  0, 0, 240
L -345.1290, -828.6567, 115.0693,  -345.1874, -829.0186, 115.0693,  0, 0, 240
L -344.6625, -828.3136, 115.0693,  -345.1290, -828.6567, 115.0693,  0, 0, 240
L -344.1546, -828.3138, 115.0693,  -344.6625, -828.3136, 115.0693,  0, 0, 240
L -344.3781, -828.3135, 115.0693,  -344.1546, -828.3138, 115.0693,  0, 0, 240
L -340.0843, -828.3125, 115.0693,  -344.3781, -828.3135, 115.0693,  0, 0, 240
L -303.1864, -828.3160, 115.0692,  -340.0843, -828.3125, 115.0693,  0, 0, 240
L -303.1855, -731.6881, 115.0693,  -303.1864, -828.3160, 115.0692,  0, 0, 240
L -330.5607, -731.6875, 115.0693,  -303.1854, -731.6880, 115.0693,  0, 0, 240
L -331.1547, -731.2379, 115.0693,  -330.5607, -731.6875, 115.0693,  0, 0, 240
L -331.1848, -731.1074, 115.0693,  -331.1547, -731.2379, 115.0693,  0, 0, 240
L -331.1857, -730.0173, 115.0693,  -331.1848, -731.1074, 115.0693,  0, 0, 240
L -331.1862, -730.5790, 115.0693,  -331.1857, -730.0173, 115.0693,  0, 0, 240
L -331.1855, -729.0084, 115.0693,  -331.1862, -730.5790, 115.0693,  0, 0, 240
L -331.1846, -717.6879, 115.0693,  -331.1855, -729.0084, 115.0693,  0, 0, 240
L -353.8130, -717.6870, 115.0692,  -331.1848, -717.6878, 115.0693,  0, 0, 240
L -361.1855, -716.8505, 115.7064,  -353.8130, -717.6870, 115.0692,  0, 0, 240
L -361.1851, -705.6876, 115.0693,  -361.1847, -716.8434, 115.6539,  0, 0, 240
L -386.0588, -705.6877, 115.0692,  -361.1848, -705.6877, 115.0693,  0, 0, 240
L -397.8130, -705.6874, 115.0692,  -386.0588, -705.6877, 115.0692,  0, 0, 240
L -397.8129, -730.8387, 115.6215,  -397.8130, -705.6874, 115.0692,  0, 0, 240
L -405.1850, -731.6885, 115.0692,  -397.8137, -730.8452, 115.6632,  0, 0, 240
L -451.8130, -731.6883, 115.0692,  -405.1850, -731.6885, 115.0692,  0, 0, 240
L -459.1848, -730.8401, 115.6201,  -451.8130, -731.6883, 115.0692,  0, 0, 240
L -459.1848, -719.6890, 115.0692,  -459.1852, -730.8383, 115.6101,  0, 0, 240
L -470.3346, -719.6890, 115.6106,  -459.1848, -719.6890, 115.0692,  0, 0, 240
L -471.1858, -712.3167, 115.0692,  -470.3342, -719.6890, 115.6062,  0, 0, 240
L -471.1867, -703.0134, 115.0692,  -471.1858, -712.3167, 115.0692,  0, 0, 240
L -471.0497, -702.5035, 115.0692,  -471.1867, -703.0134, 115.0692,  0, 0, 240
L -470.6521, -702.3271, 115.0692,  -471.0497, -702.5035, 115.0692,  0, 0, 240
L -469.9425, -702.3165, 114.8711,  -470.6521, -702.3271, 115.0692,  0, 0, 240
L -469.6189, -702.3168, 114.7509,  -469.9425, -702.3165, 114.8711,  0, 0, 240
L -467.1629, -702.3154, 113.8387,  -469.6189, -702.3168, 114.7509,  0, 0, 240
L -436.3138, -702.3162, 102.3822,  -467.1629, -702.3154, 113.8387,  0, 0, 240
L -405.4354, -702.3143, 90.8754,  -436.3138, -702.3162, 102.3822,  0, 0, 240
L -388.2086, -702.3160, 83.8194,  -405.4354, -702.3143, 90.8754,  0, 0, 240
L -386.1533, -702.3857, 83.0692,  -388.2086, -702.3160, 83.8194,  0, 0, 0
L -385.8739, -702.6628, 83.0692,  -386.1533, -702.3857, 83.0692,  0, 0, 0
L -385.8135, -703.2477, 83.0692,  -385.8739, -702.6628, 83.0692,  0, 0, 0
L -385.8130, -716.7206, 83.0693,  -385.8135, -703.2477, 83.0692,  0, 0, 0
L -385.8131, -730.8393, 83.0692,  -385.8130, -716.7206, 83.0693,  0, 0, 0
L -386.2066, -731.6406, 83.0692,  -385.8131, -730.8393, 83.0692,  0, 0, 0
L -386.8440, -731.6891, 82.9353,  -386.2066, -731.6406, 83.0692,  0, 0, 0
L -390.4749, -731.6914, 81.3773,  -386.8440, -731.6891, 82.9353,  0, 0, 0
L -413.8134, -731.6886, 80.0691,  -390.4749, -731.6914, 81.3773,  0, 0, 0
L -413.8137, -754.3172, 80.0691,  -413.8134, -731.6886, 80.0691,  0, 0, 0
L -414.7422, -761.6891, 80.0693,  -413.8137, -754.3172, 80.0691,  0, 0, 0
L -437.7436, -761.6899, 80.0967,  -414.7422, -761.6891, 80.0693,  0, 0, 0
L -453.8127, -761.6891, 80.0691,  -437.7436, -761.6899, 80.0967,  0, 0, 0
L -453.8132, -801.0159, 80.0014,  -453.8125, -761.6890, 80.0691,  0, 0, 0
L -453.8127, -826.3173, 80.0691,  -453.8132, -801.0159, 80.0014,  0, 0, 0
L -400.6626, -826.3173, 80.6129,  -453.8127, -826.3173, 80.0691,  0, 0, 0
L -399.8120, -833.6891, 80.0691,  -400.6636, -826.3172, 80.6045,  0, 0, 0
L -399.8122, -856.3172, 80.0691,  -399.8120, -833.6891, 80.0691,  0, 0, 0
L -388.4078, -856.3143, 80.0692,  -399.8122, -856.3172, 80.0691,  0, 0, 0
L -380.2562, -856.3157, 77.4116,  -388.4078, -856.3143, 80.0692,  0, 0, 0
L -373.7699, -856.3166, 74.6273,  -380.2562, -856.3157, 77.4116,  0, 0, 0
L -373.7699, -856.3166, 74.6273,  -373.7699, -856.3166, 74.6273,  0, 0, 0
L -359.1842, -856.3182, 74.0691,  -373.7699, -856.3166, 74.6273,  0, 0, 0
L -359.1845, -843.0692, 74.0692,  -359.1842, -856.3182, 74.0691,  0, 0, 0
L -357.8089, -842.3170, 74.0692,  -359.1845, -843.0692, 74.0692,  0, 0, 0
L -349.1839, -842.3181, 74.0691,  -357.8089, -842.3170, 74.0692,  0, 0, 0
L -341.8123, -843.1677, 74.6103,  -349.1839, -842.3181, 74.0691,  0, 0, 0
L -341.8119, -868.3171, 74.0691,  -341.8122, -843.1653, 74.6280,  0, 0, 0
L -316.6669, -868.3170, 74.5738,  -341.8119, -868.3171, 74.0691,  0, 0, 0
L -315.8116, -875.6891, 74.0691,  -316.6585, -868.3171, 74.6320,  0, 0, 0
L -315.8124, -890.7932, 74.0692,  -315.8116, -875.6891, 74.0691,  0, 0, 0
L -315.8143, -899.1556, 74.0399,  -315.8124, -890.7932, 74.0692,  0, 0, 0
L -315.8156, -930.8819, 65.4673,  -315.8143, -899.1556, 74.0399,  0, 0, 0
L -315.8169, -940.9641, 62.5880,  -315.8156, -930.8819, 65.4673,  0, 0, 0
L -316.4974, -941.6934, 62.5693,  -315.8169, -940.9641, 62.5880,  0, 0, 0
L -324.0448, -941.6934, 62.4197,  -316.4974, -941.6934, 62.5693,  0, 0, 0
L -330.5607, -941.6926, 60.5692,  -324.0448, -941.6934, 62.4197,  0, 0, 0
L -331.1735, -941.1850, 60.5692,  -330.5607, -941.6926, 60.5692,  0, 0, 0
L -331.1903, -940.1751, 60.3368,  -331.1735, -941.1850, 60.5692,  0, 0, 0
L -331.1904, -932.3384, 58.0977,  -331.1903, -940.1751, 60.3368,  0, 0, 0
L -331.1881, -903.3202, 49.8084,  -331.1904, -932.3384, 58.0977,  0, 0, 0
L -331.1884, -885.6929, 48.5692,  -331.1881, -903.3202, 49.8084,  0, 0, 0
L -353.8163, -885.6926, 48.5692,  -331.1883, -885.6927, 48.5692,  0, 0, 0
L -361.1965, -884.8480, 49.1446,  -353.8163, -885.6926, 48.5692,  0, 0, 0
L -361.1884, -873.6931, 48.5692,  -361.1965, -884.8480, 49.1446,  0, 0, 0
L -404.8162, -873.6931, 48.5692,  -361.1884, -873.6931, 48.5692,  0, 0, 0
L -404.8159, -898.6351, 54.2219,  -404.8162, -873.6931, 48.5692,  0, 0, 0
L -410.3440, -898.7589, 54.3475,  -404.8083, -898.6559, 54.2182,  0, 0, 0
L -410.1890, -873.6929, 48.5692,  -410.3440, -898.7589, 54.3475,  0, 0, 0
L -453.8162, -873.6930, 48.5692,  -410.1882, -873.6929, 48.5692,  0, 0, 0
L -453.8169, -926.8470, 49.1355,  -453.8162, -873.6930, 48.5692,  0, 0, 0
L -461.1882, -927.6938, 48.5691,  -453.8169, -926.8470, 49.1355,  0, 0, 0
L -484.6726, -927.6759, 48.5692,  -461.1882, -927.6938, 48.5691,  0, 0, 0
L -485.1871, -927.1209, 48.5692,  -484.6726, -927.6759, 48.5692,  0, 0, 0
L -485.1895, -926.1282, 48.5692,  -485.1871, -927.1209, 48.5692,  0, 0, 0
L -485.1892, -898.2929, 48.5692,  -485.1895, -926.1282, 48.5692,  0, 0, 0
L -485.1886, -886.3076, 48.5702,  -485.1892, -898.2929, 48.5692,  0, 0, 0
L -485.1886, -874.1787, 43.9403,  -485.1886, -886.3076, 48.5702,  0, 0, 0
L -485.1877, -860.2200, 37.9580,  -485.1886, -874.1787, 43.9403,  0, 0, 0
L -485.1865, -847.6931, 36.5692,  -485.1877, -860.2200, 37.9580,  0, 0, 0
L -484.3367, -840.3208, 37.1151,  -485.1865, -847.6931, 36.5692,  0, 0, 0
L -473.1874, -840.3210, 36.5692,  -484.3314, -840.3208, 37.0736,  0, 0, 0
L -473.1873, -775.6929, 36.5692,  -473.1874, -840.3210, 36.5692,  0, 0, 0
L -498.3376, -775.6929, 37.1116,  -473.1872, -775.6928, 36.5692,  0, 0, 0
L -499.1879, -768.3209, 36.5691,  -498.3376, -775.6930, 37.1182,  0, 0, 0
L -499.1877, -745.6926, 36.5692,  -499.1879, -768.3209, 36.5691,  0, 0, 0
L -512.6932, -745.6780, 36.5692,  -499.1877, -745.6924, 36.5692,  0, 0, 0
L -513.1876, -745.3348, 36.5692,  -512.6932, -745.6780, 36.5692,  0, 0, 0
L -513.1893, -741.3944, 38.1308,  -513.1876, -745.3348, 36.5692,  0, 0, 0
L -513.1874, -717.1663, 48.5126,  -513.1893, -741.3944, 38.1308,  0, 0, 0
L -512.7794, -716.3452, 48.5692,  -513.1874, -717.1663, 48.5126,  0, 0, 0
L -510.5947, -716.3196, 48.5692,  -512.7794, -716.3452, 48.5692,  0, 0, 0
L -503.1868, -716.3207, 48.5692,  -510.5947, -716.3196, 48.5692,  0, 0, 0
L -495.8146, -717.1797, 49.0416,  -503.1868, -716.3207, 48.5692,  0, 0, 0
L -495.8149, -728.3198, 48.5692,  -495.8148, -717.1714, 49.1034,  0, 0, 0
L -431.1865, -728.3197, 48.5692,  -495.8149, -728.3198, 48.5692,  0, 0, 0
L -431.2104, -703.1631, 49.1554,  -431.1863, -728.3196, 48.5692,  0, 0, 0
L -423.8148, -702.3190, 48.5692,  -431.1868, -703.1696, 49.1110,  0, 0, 0
L -405.1865, -702.3188, 48.5692,  -423.8148, -702.3190, 48.5692,  0, 0, 0
L -397.8144, -703.1683, 49.1115,  -405.1865, -702.3188, 48.5692,  0, 0, 0
L -397.8144, -714.3179, 48.5692,  -397.8145, -703.1684, 49.1095,  0, 0, 0
L -305.1863, -714.3182, 48.5692,  -397.8144, -714.3179, 48.5692,  0, 0, 0
L -305.1866, -703.1678, 49.1103,  -305.1863, -714.3182, 48.5692,  0, 0, 0
L -297.8146, -702.3173, 48.5692,  -305.1866, -703.1686, 49.1059,  0, 0, 0
L -288.4194, -702.3196, 48.5692,  -297.8146, -702.3173, 48.5692,  0, 0, 0
L -287.8124, -702.9141, 48.5692,  -288.4194, -702.3196, 48.5692,  0, 0, 0
L -287.8118, -705.1357, 48.5692,  -287.8124, -702.9141, 48.5692,  0, 0, 0
L -287.8083, -725.0115, 48.9389,  -287.8118, -705.1357, 48.5692,  0, 0, 0
L -287.8091, -741.5806, 54.8564,  -287.8083, -725.0115, 48.9389,  0, 0, 0
L -287.8105, -760.6960, 61.6833,  -287.8091, -741.5806, 54.8564,  0, 0, 0
L -287.8112, -774.8163, 66.7262,  -287.8105, -760.6960, 61.6833,  0, 0, 0
L -287.8127, -786.9333, 74.0501,  -287.8112, -774.8163, 66.7262,  0, 0, 0
L -289.1320, -787.6904, 74.0692,  -287.8127, -786.9333, 74.0501,  0, 0, 0
L -288.8126, -787.6896, 74.0692,  -289.1320, -787.6904, 74.0692,  0, 0, 0
L -294.5895, -787.6894, 74.0692,  -288.8126, -787.6896, 74.0692,  0, 0, 0
L -311.8133, -787.6890, 71.2818,  -291.0262, -787.6907, 74.0692,  0, 0, 0
L -319.1853, -786.8458, 71.6535,  -311.8133, -787.6890, 71.2818,  0, 0, 0
L -319.1853, -775.6899, 71.0697,  -319.1853, -786.8386, 71.6090,  0, 0, 0
L -355.8132, -775.6900, 71.0691,  -319.1853, -775.6899, 71.0697,  0, 0, 0
L -355.8132, -775.6900, 71.0691,  -355.8132, -775.6900, 71.0691,  0, 0, 0
L -355.8127, -786.9540, 71.0692,  -355.8132, -775.6900, 71.0691,  0, 0, 0
L -356.5383, -787.6902, 71.0692,  -355.8127, -786.9540, 71.0692,  0, 0, 0
L -357.1553, -787.6905, 71.0692,  -356.5383, -787.6902, 71.0692,  0, 0, 0
L -359.3091, -787.6909, 71.6254,  -357.1553, -787.6905, 71.0692,  0, 0, 0
L -363.1057, -787.6931, 74.0958,  -359.3091, -787.6909, 71.6254,  0, 0, 0
L -374.4944, -787.6893, 80.0692,  -363.1057, -787.6931, 74.0958,  0, 0, 0
L -375.1854, -786.8157, 80.0692,  -374.4944, -787.6893, 80.0692,  0, 0, 0
L -375.1853, -785.0727, 80.0692,  -375.1854, -786.8157, 80.0692,  0, 0, 0
L -375.1847, -761.6889, 80.0691,  -375.1853, -785.0727, 80.0692,  0, 0, 0
L -400.3347, -761.6894, 80.6141,  -375.1847, -761.6889, 80.0691,  0, 0, 0
L -401.1852, -754.3173, 80.0691,  -400.3347, -761.6894, 80.6085,  0, 0, 0
L -401.1515, -744.7258, 80.0692,  -401.1852, -754.3173, 80.0691,  0, 0, 0
L -400.3925, -744.3165, 80.0692,  -401.1515, -744.7258, 80.0692,  0, 0, 0
L -399.4884, -744.3156, 80.0692,  -400.3925, -744.3165, 80.0692,  0, 0, 0
L -399.4884, -744.3156, 80.0692,  -399.4884, -744.3156, 80.0692,  0, 0, 0
L -387.8499, -744.3158, 82.5040,  -399.4884, -744.3156, 80.0692,  0, 0, 0
L -373.1857, -744.3176, 83.0691,  -387.8499, -744.3158, 82.5040,  0, 0, 0
L -373.1855, -689.6895, 83.0691,  -373.1857, -744.3176, 83.0691,  0, 0, 0
L -391.0508, -689.6911, 85.0486,  -373.1855, -689.6895, 83.0691,  0, 0, 0
L -415.9107, -689.6909, 94.8037,  -391.0508, -689.6911, 85.0486,  0, 0, 240
L -445.1858, -689.6899, 105.6773,  -415.9107, -689.6909, 94.8037,  0, 0, 240
L -462.7690, -689.6923, 112.2082,  -445.1858, -689.6899, 105.6773,  0, 0, 240
L -483.8135, -689.6887, 115.0691,  -462.7690, -689.6923, 112.2082,  0, 0, 240
L -483.8137, -712.3168, 115.0692,  -483.8135, -689.6887, 115.0691,  0, 0, 240
L -484.6633, -719.6890, 115.6096,  -483.8137, -712.3168, 115.0692,  0, 0, 240
L -495.8130, -719.6893, 115.0693,  -484.6632, -719.6890, 115.6093,  0, 0, 240
L -495.8129, -756.3172, 115.0692,  -495.8128, -719.6890, 115.0692,  0, 0, 240
L -484.6636, -756.3174, 115.6094,  -495.8130, -756.3168, 115.0692,  0, 0, 240
L -483.8126, -763.6892, 115.0692,  -484.6636, -756.3173, 115.6112,  0, 0, 240
L -483.8126, -763.6892, 115.0692,  -483.8126, -763.6892, 115.0692,  0, 0, 240
L -483.8152, -787.0602, 115.0693,  -483.8126, -763.6892, 115.0692,  0, 0, 240
L -484.3568, -787.6764, 115.0693,  -483.8152, -787.0602, 115.0693,  0, 0, 240
L -484.5929, -787.6891, 115.0693,  -484.3568, -787.6764, 115.0693,  0, 0, 240
L -511.8138, -787.6873, 115.0693,  -484.5929, -787.6891, 115.0693,  0, 0, 240
L -511.8144, -828.2886, 115.0693,  -511.8138, -787.6873, 115.0693,  0, 0, 240
L -498.2660, -828.3542, 115.0693,  -511.8144, -828.2886, 115.0693,  0, 0, 240
L -497.9128, -828.6175, 115.0693,  -498.2660, -828.3542, 115.0693,  0, 0, 240
L -497.7471, -829.2278, 115.0693,  -497.9128, -828.6175, 115.0693,  0, 0, 240
L -497.8139, -829.2354, 115.0693,  -497.7471, -829.2278, 115.0693,  0, 0, 240
L -497.8138, -836.1836, 115.0693,  -497.8139, -829.2354, 115.0693,  0, 0, 240
L -497.8170, -912.3152, 115.0693,  -497.8138, -836.1836, 115.0693,  0, 0, 240
L -468.0550, -912.3145, 115.0693,  -497.8172, -912.3149, 115.0693,  0, 0, 240
L -467.9766, -912.5483, 115.0693,  -468.0808, -912.4078, 115.0693,  0, 0, 240
L -467.8098, -913.0452, 115.0693,  -468.0550, -912.3145, 115.0693,  0, 0, 240
L -467.8091, -918.9113, 115.0693,  -467.8098, -913.0452, 115.0693,  0, 0, 240
L -467.8100, -924.3162, 115.0692,  -467.8091, -918.9113, 115.0693,  0, 0, 240
L -467.8098, -924.3161, 115.0692,  -467.8100, -924.3162, 115.0692,  0, 0, 240
L -403.1818, -924.3162, 115.0693,  -467.8098, -924.3160, 115.0692,  0, 0, 240
L -403.1820, -899.1666, 115.6128,  -403.1816, -924.3162, 115.0691,  0, 0, 240
L -395.8100, -898.3156, 115.0692,  -403.1819, -899.1656, 115.6196,  0, 0, 240
L -377.1860, -898.3155, 115.0692,  -395.8100, -898.3156, 115.0692,  0, 0, 240
L -369.8140, -899.1645, 115.6150,  -377.1860, -898.3155, 115.0692,  0, 0, 240
L -369.8139, -910.3145, 115.0693,  -369.8140, -899.1649, 115.6109,  0, 0, 240
L -333.1862, -910.3145, 115.0692,  -369.8132, -910.3147, 115.0693,  0, 0, 240
L -333.1866, -885.2015, 115.3388,  -333.1862, -910.3145, 115.0692,  0, 0, 240
L -325.8142, -884.3137, 115.0692,  -333.1862, -885.2361, 115.0836,  0, 0, 240
L -307.1856, -884.3144, 115.0690,  -325.8142, -884.3137, 115.0692,  0, 0, 240
L -299.8136, -885.1351, 115.5567,  -307.1856, -884.3143, 115.0690,  0, 0, 240
L -299.8138, -886.2162, 115.0693,  -299.8139, -885.1278, 115.6138,  0, 0, 240
L -277.1859, -886.2161, 115.0692,  -299.8138, -886.2159, 115.0693,  0, 0, 240
L -277.1861, -885.1930, 115.0757,  -277.1859, -886.2161, 115.0692,  0, 0, 240
L -271.4938, -885.1924, 115.0703,  -277.1861, -885.1932, 115.0766,  0, 0, 240
L -633.7997, -487.6620, -9.5845,  -649.6299, -497.4631, -9.8930,  240, 0, 0
L -594.1437, -465.1824, -10.1344,  -633.7997, -487.6620, -9.6794,  240, 0, 0
L -543.3914, -443.0143, -9.9200,  -594.1437, -465.1824, -10.6924,  240, 0, 0
L -492.9034, -427.1820, -6.5266,  -543.3914, -443.0143, -9.9200,  240, 0, 0
L -442.3929, -420.8061, -10.7878,  -492.9034, -427.1820, -6.5266,  240, 0, 0
L -394.7190, -420.6928, -9.3248,  -442.3929, -420.8061, -10.7878,  240, 0, 0
L -335.8114, -427.5162, -4.9575,  -394.7190, -420.6928, -9.3248,  240, 0, 0
L -279.8833, -443.6551, -1.1315,  -335.8114, -427.5162, -4.9575,  240, 0, 0
L -227.3414, -465.3356, 2.8210,  -279.8833, -443.6551, -1.1315,  240, 0, 0
L -190.3222, -490.3973, -1.1854,  -227.3414, -465.3356, 2.6206,  240, 0, 0
L -140.8660, -529.7664, 0.5691,  -190.3222, -490.3973, -1.1854,  240, 0, 0
L -94.9264, -582.2526, 0.6546,  -140.8660, -529.7664, 0.5633,  240, 0, 0
L -64.4805, -634.8008, 3.1200,  -94.9264, -582.2526, 0.6546,  240, 0, 0
L -44.8478, -683.5579, 0.8125,  -64.4805, -634.8008, 2.8606,  240, 0, 0
L -29.1440, -743.1550, -2.1016,  -44.8478, -683.5579, 0.7483,  240, 0, 0
L -24.7642, -795.0869, -8.7495,  -29.1440, -743.1550, -2.2461,  240, 0, 0
L -28.0910, -851.2056, -4.9911,  -24.7642, -795.0869, -8.7495,  240, 0, 0
L -37.6804, -906.9178, -1.4245,  -28.0910, -851.2056, -4.9911,  240, 0, 0
L -54.1564, -956.1645, -3.3776,  -37.6804, -906.9178, -1.7273,  240, 0, 0
L -72.7780, -994.2005, -10.1367,  -54.1564, -956.1645, -3.3776,  240, 0, 0
L -111.3908, -1051.6605, -5.0214,  -72.7780, -994.2005, -10.1367,  240, 0, 0
L -150.7125, -1091.8422, -0.8786,  -111.3908, -1051.6605, -5.0214,  240, 0, 0
L -190.2934, -1125.3354, -2.2116,  -150.7125, -1091.8422, -0.8786,  240, 0, 0
L -233.8984, -1151.3313, -9.0148,  -190.2934, -1125.3354, -2.7791,  240, 0, 0
L -292.0831, -1176.4990, -4.3427,  -233.8984, -1151.3313, -9.0148,  240, 0, 0
L -350.2512, -1191.5525, 0.0819,  -292.0831, -1176.4990, -4.3427,  240, 0, 0
L -396.1669, -1196.5995, 2.3911,  -350.2512, -1191.5525, 0.0819,  240, 0, 0
L -449.4019, -1195.2943, -4.6575,  -396.1669, -1196.5995, 2.3911,  240, 0, 0
L -486.9933, -1189.8148, -9.8204,  -449.4019, -1195.2943, -4.6575,  240, 0, 0
L -528.9338, -1178.6227, -8.5570,  -486.9933, -1189.8148, -9.8204,  240, 0, 0
L -575.6833, -1160.9305, -4.8414,  -528.9338, -1178.6227, -8.5570,  240, 0, 0
L -626.0688, -1132.5360, -0.5559,  -575.6833, -1160.9305, -4.8414,  240, 0, 0
L -656.7484, -1110.5726, 2.2335,  -626.0688, -1132.5360, -0.5559,  240, 0, 0
L -679.3939, -1090.5132, 3.7927,  -656.7484, -1110.5726, 2.2335,  240, 0, 0
L -702.7899, -1066.5060, -0.8144,  -679.3939, -1090.5132, 3.7927,  240, 0, 0
L -724.0058, -1041.1171, 1.6305,  -702.7899, -1066.5060, -0.8144,  240, 0, 0
L -744.2872, -1011.7515, -1.2516,  -724.0058, -1041.1171, 1.6305,  240, 0, 0
L -776.1190, -946.5746, 0.6281,  -744.2872, -1011.7515, -1.2516,  240, 0, 0
L -794.0281, -884.8999, 0.9520,  -776.1190, -946.5746, 0.6281,  240, 0, 0
L -800.1450, -846.9608, 0.0239,  -794.0281, -884.8999, 0.9505,  240, 0, 0
L -800.9667, -781.4053, -1.9172,  -800.1450, -846.9608, 0.0239,  240, 0, 0
L -798.0357, -747.2468, -2.8653,  -800.9667, -781.4053, -1.9172,  240, 0, 0
L -793.9274, -726.5684, -2.0043,  -798.0357, -747.2468, -2.8653,  240, 0, 0
L -782.8866, -687.1716, -1.7889,  -793.9274, -726.5684, -2.0043,  240, 0, 0
L -768.7294, -649.0736, -0.6356,  -782.8866, -687.1716, -1.7889,  240, 0, 0
L -759.5193, -630.1693, -0.0188,  -768.7294, -649.0736, -0.6356,  240, 0, 0
L -738.0634, -592.2842, -1.6942,  -759.5193, -630.1693, -0.0188,  240, 0, 0
L -718.6590, -564.8638, -5.0465,  -738.0634, -592.2842, -1.6942,  240, 0, 0
L -704.9025, -549.2278, -5.8438,  -718.6590, -564.8638, -5.0465,  240, 0, 0
L -677.6899, -520.7646, -9.5146,  -704.9025, -549.2278, -5.8438,  240, 0, 0
L -649.6299, -497.4631, -11.0877,  -677.6899, -520.7646, -9.5146,  240, 0, 0
L -620.7292, 1351.0530, 2.3094,  -620.7292, 1351.0530, 2.3094,  0, 0, 0
L -619.4930, 1349.2848, 2.0541,  -626.9478, 1357.2249, 2.4298,  0, 0, 0
L -626.9478, 1357.2249, 2.4298,  -627.0054, 1366.2255, 2.4318,  0, 0, 0
L -627.0054, 1366.2255, 2.4318,  -619.9396, 1373.1769, 2.4311,  0, 0, 0
L -619.9396, 1373.1769, 2.4311,  -612.0702, 1373.1804, 2.4308,  0, 0, 0
L -612.0702, 1373.1804, 2.4308,  -604.9978, 1366.1993, 2.4318,  0, 0, 0
L -604.9978, 1366.1993, 2.4318,  -605.0581, 1357.2274, 2.4298,  0, 0, 0
L -605.0581, 1357.2274, 2.4298,  -612.2167, 1350.1205, 2.2901,  0, 0, 0
L -921.8265, 1026.5262, -0.5825,  -923.3364, 1018.5589, -0.5691,  0, 0, 0
L -923.3364, 1018.5589, -0.5691,  -929.7744, 1004.7475, -0.4649,  0, 0, 0
L -929.7744, 1004.7475, -0.4649,  -933.3365, 997.0992, 0.5094,  0, 0, 0
L -933.3365, 997.0992, 0.5094,  -937.0239, 993.9251, 1.2209,  0, 0, 0
L -937.0239, 993.9251, 1.2209,  -938.4709, 990.8204, 1.8894,  0, 0, 0
L -938.4709, 990.8204, 1.8894,  -967.8984, 1002.3382, 1.4748,  0, 0, 0
L -967.8984, 1002.3382, 1.4748,  -974.1766, 1007.4723, 1.1577,  0, 0, 0
L -974.1766, 1007.4723, 1.1577,  -972.6670, 1015.4409, 1.3338,  0, 0, 0
L -972.6670, 1015.4409, 1.3338,  -962.6601, 1036.8965, 0.1577,  0, 0, 0
L -962.6601, 1036.8965, 0.1577,  -957.5268, 1043.1746, 0.0743,  0, 0, 0
L -957.5268, 1043.1746, 0.0743,  -949.9987, 1040.6924, -0.0078,  0, 0, 0
L -949.9987, 1040.6924, -0.0078,  -946.6699, 1048.3706, -0.0658,  0, 0, 0
L -946.6699, 1048.3706, -0.0658,  -956.4130, 1053.1852, 0.0354,  0, 0, 0
L -956.4130, 1053.1852, 0.0354,  -957.0963, 1053.4967, 0.0426,  0, 0, 0
L -957.0963, 1053.4967, 0.0426,  -963.4995, 1052.9021, 0.1186,  0, 0, 0
L -963.4995, 1052.9021, 0.1186,  -965.2595, 1049.0055, 0.3948,  0, 0, 0
L -965.2595, 1049.0055, 0.3948,  -968.1604, 1042.5264, 1.0022,  0, 0, 0
L -968.1604, 1042.5264, 1.0022,  -969.1062, 1040.2756, 1.2082,  0, 0, 0
L -969.1062, 1040.2756, 1.2082,  -970.1378, 1033.3405, 1.5209,  0, 0, 0
L -970.1378, 1033.3405, 1.5209,  -977.3694, 1017.6313, 2.0101,  0, 0, 0
L -977.3694, 1017.6313, 2.0100,  -981.8198, 1012.8846, 1.8783,  0, 0, 0
L -981.8198, 1012.8846, 1.8783,  -985.9719, 1003.9913, 1.8524,  0, 0, 0
L -985.9719, 1003.9913, 1.8524,  -982.6754, 1001.3016, 2.0259,  0, 0, 0
L -982.6754, 1001.3016, 2.0259,  -972.2149, 996.5477, 2.6930,  0, 0, 0
L -972.2149, 996.5477, 2.6930,  -967.4000, 996.5043, 2.6467,  0, 0, 0
L -967.4000, 996.5043, 2.6467,  -948.4565, 987.7922, 3.7702,  0, 0, 0
L -948.4565, 987.7922, 3.7702,  -936.9695, 980.3318, 4.2599,  0, 0, 0
L -936.9695, 980.3318, 4.2599,  -933.3928, 980.6011, 3.7829,  0, 0, 0
L -933.3928, 980.6011, 3.7829,  -926.6757, 994.1981, 0.6164,  0, 0, 0
L -926.6757, 994.1981, 0.6164,  -926.6646, 998.2931, -0.0452,  0, 0, 0
L -926.6646, 998.2931, -0.0452,  -918.2087, 1016.1641, -0.6848,  0, 0, 0
L -918.2087, 1016.1641, -0.6848,  -911.7622, 1025.2037, -0.8026,  0, 0, 0
L -911.7622, 1025.2037, -0.8026,  -909.3970, 1030.2593, -0.8413,  0, 0, 0
L -909.3970, 1030.2593, -0.8413,  -919.7747, 1036.1337, -0.2290,  0, 0, 0
L -919.7747, 1036.1337, -0.2290,  -924.2701, 1038.2825, -0.5032,  0, 0, 0
L -924.2701, 1038.2825, -0.5032,  -928.3472, 1031.1321, -0.4328,  0, 0, 0
L -928.3472, 1031.1321, -0.4328,  -928.5924, 1029.7784, -0.4307,  0, 0, 0
L -928.5924, 1029.7784, -0.4307,  -921.8265, 1026.5264, -0.5829,  0, 0, 0
L -671.7479, 376.5144, 5.4841,  -764.9453, 376.5662, 22.7744,  0, 0, 0
L -764.9453, 376.5662, 22.7744,  -765.0427, 477.1253, 41.9599,  0, 0, 0
L -765.0427, 477.1253, 41.9599,  -665.1685, 477.0555, 63.3535,  0, 0, 0
L -665.1685, 477.0555, 63.3535,  -664.9498, 290.1963, 82.5931,  0, 0, 0
L -664.9498, 290.1963, 82.5931,  -664.9453, 283.7042, 85.0503,  0, 0, 0
L -664.9453, 283.7042, 85.0503,  -653.8436, 237.4188, 85.0806,  0, 0, 0
L -653.8436, 237.4188, 85.0806,  -625.8601, 210.9634, 85.0806,  0, 0, 0
L -625.8601, 210.9634, 85.0806,  -625.9373, 175.7977, 85.0807,  0, 0, 0
L -625.9373, 175.7977, 85.0807,  -654.7807, 150.1587, 85.0807,  0, 0, 0
L -654.7807, 150.1587, 85.0807,  -664.8386, 103.6903, 84.8874,  0, 0, 0
L -664.8386, 103.6903, 84.8874,  -664.6705, -67.1319, 55.6769,  0, 0, 0
L -664.6705, -67.1319, 55.6769,  -605.9856, -67.0802, 34.3730,  0, 0, 0
L -605.9856, -67.0802, 34.7217,  -605.9540, -4.0314, 15.2866,  0, 0, 0
L -605.9540, -4.0314, 15.2866,  -684.5942, -4.0816, -1.1528,  0, 0, 0
L -683.2524, 12.2555, 0.6941,  -584.1964, 12.2000, 17.4773,  0, 0, 0
L -584.1964, 12.2000, 17.4773,  -584.2159, -86.6739, 36.3093,  0, 0, 0
L -584.2159, -86.6739, 36.3093,  -687.0389, -86.6784, 57.7122,  0, 0, 0
L -687.0389, -86.6784, 57.7122,  -686.9676, 106.0973, 85.0806,  0, 0, 0
L -686.9676, 106.0973, 85.0806,  -694.8271, 150.2890, 85.0664,  0, 0, 0
L -694.8271, 150.2890, 85.0664,  -723.5180, 176.4500, 85.0646,  0, 0, 0
L -723.5180, 176.4500, 85.0646,  -723.4158, 213.0397, 85.0791,  0, 0, 0
L -723.4158, 213.0397, 85.0791,  -695.0238, 239.4367, 85.0807,  0, 0, 0
L -695.0238, 239.4367, 85.0807,  -685.2431, 284.6116, 84.9662,  0, 0, 0
L -685.2431, 284.6116, 84.9662,  -685.1901, 455.6309, 61.1992,  0, 0, 0
L -685.1901, 455.6309, 61.1992,  -745.1695, 455.4532, 39.8622,  0, 0, 0
L -745.1695, 455.4532, 39.8622,  -745.2245, 392.8849, 21.0055,  0, 0, 0
L -745.2245, 392.8849, 21.0055,  -670.0215, 392.8419, 4.9240,  0, 0, 0
L -120.6901, 82.4747, 60.5753,  -121.0118, 48.4957, 60.5751,  0, 0, 0
L -121.0118, 48.4957, 60.5751,  -120.9718, 42.9336, 60.5707,  0, 0, 0
L -120.9718, 42.9336, 60.5707,  -80.4667, 42.3605, 60.5787,  0, 0, 0
L -80.4667, 42.3605, 60.5787,  -80.7681, 81.6973, 60.5696,  0, 0, 0
L -80.7681, 81.6973, 60.5696,  -120.3564, 82.5019, 60.5682,  0, 0, 0
L 42.8846, 193.9812, -0.8293,  49.7520, 191.4756, -0.9883,  0, 0, 0
L 49.7520, 191.4756, -0.9883,  55.7629, 191.4213, -1.2138,  0, 0, 0
L 55.7629, 191.4213, -1.2138,  74.2719, 184.6766, -1.6630,  0, 0, 0
L 74.2719, 184.6766, -1.3711,  73.7281, 182.7771, -1.3260,  0, 0, 0
L 73.7281, 182.7771, -1.3260,  80.9742, 180.1120, -2.2190,  0, 0, 0
L 80.9742, 180.1120, -2.1966,  78.6605, 173.7457, -0.5834,  0, 0, 0
L 78.6605, 173.7457, -0.5834,  79.2494, 169.5119, -0.3456,  0, 0, 0
L 79.2494, 169.5119, -0.3456,  71.6785, 148.7260, -0.6811,  0, 0, 0
L 71.6785, 148.7260, -0.1261,  69.8162, 149.7078, 0.1194,  0, 0, 0
L 69.8162, 149.7078, 0.1194,  67.1129, 142.0239, -0.9408,  0, 0, 0
L 67.1129, 142.0239, -0.9408,  60.4895, 144.4306, 0.7205,  0, 0, 0
L 60.4895, 144.4306, 0.7205,  57.0248, 137.5260, 1.1871,  0, 0, 0
L 57.0248, 137.5260, 1.1871,  70.5395, 132.3039, 5.3447,  0, 0, 0
L 70.5395, 132.3039, 5.3447,  76.9475, 145.9074, 4.5683,  0, 0, 0
L 76.9475, 145.9074, 4.6964,  84.2895, 170.5455, 1.8487,  0, 0, 0
L 84.2895, 170.5455, 1.9808,  86.7002, 170.9902, 1.3335,  0, 0, 0
L 86.7002, 170.9902, 1.3335,  90.9059, 184.0905, 4.3728,  0, 0, 0
L 90.9059, 184.0905, 4.3728,  76.3590, 190.5869, -1.4986,  0, 0, 0
L 76.3590, 190.5869, -1.4986,  73.6886, 189.2832, 3.2486,  0, 0, 0
L 73.6886, 189.2832, 3.4824,  48.3202, 196.4733, 19.7181,  0, 0, 0
L 48.3202, 196.4733, 19.7181,  46.2669, 199.1189, 19.7184,  0, 0, 0
L 46.2669, 199.1189, 19.7184,  38.3967, 202.3289, 11.8450,  0, 0, 0
L 38.3967, 202.3289, 11.9032,  34.1673, 185.9870, 7.5151,  0, 0, 0
L 34.1673, 185.9870, 7.7482,  25.9163, 165.3795, 3.0663,  0, 0, 0
L 25.9163, 165.3795, 3.2377,  24.6829, 165.8272, 1.1206,  0, 0, 0
L 24.6829, 165.8272, 1.1206,  18.5403, 151.0818, 3.0019,  0, 0, 0
L 18.5403, 151.0818, 3.0019,  33.3939, 145.1860, 1.7449,  0, 0, 0
L 33.3939, 145.1860, 1.7449,  36.4462, 152.9046, 1.2567,  0, 0, 0
L 36.4462, 152.9046, 1.2567,  29.0225, 155.8866, -0.1069,  0, 0, 0
L 29.0225, 155.8866, -0.1069,  31.5385, 163.3342, 0.9733,  0, 0, 0
L 31.5385, 163.3342, 0.9733,  29.8328, 163.9557, -0.4996,  0, 0, 0
L 29.8328, 163.9557, -0.4996,  38.3169, 187.2788, -1.8708,  0, 0, 0
L 38.3169, 187.2788, -1.8708,  42.8845, 193.9813, -2.3462,  0, 0, 0
L 26.4265, -10.0396, 1.1422,  27.0384, -17.2449, 0.8732,  0, 0, 0
L 27.0384, -17.2449, 0.8732,  29.1043, -17.6959, -0.6315,  0, 0, 0
L 29.1043, -17.6959, -0.5536,  31.2618, -42.4195, -1.2686,  0, 0, 0
L 31.2618, -42.4195, -1.2686,  29.0193, -41.7783, 0.2367,  0, 0, 0
L 29.0193, -41.7783, 0.2367,  29.9552, -50.4226, -1.7032,  0, 0, 0
L 29.9552, -50.4226, -1.7032,  22.1638, -51.5079, -0.3749,  0, 0, 0
L 22.1638, -51.5079, -0.3749,  22.3000, -53.0978, -2.0648,  0, 0, 0
L 22.3000, -53.0978, -2.0533,  -2.4190, -55.2604, -2.2899,  0, 0, 0
L -2.4190, -55.2604, -2.2899,  -2.5214, -54.1002, -0.6095,  0, 0, 0
L -2.5214, -54.1002, -0.6095,  -10.4227, -53.9557, -1.5887,  0, 0, 0
L -10.4227, -53.9557, -1.5887,  -11.7844, -46.1866, 0.1156,  0, 0, 0
L -11.7844, -46.1866, 0.1156,  -20.1033, -46.3975, 0.2480,  0, 0, 0
L -20.1033, -46.3975, 0.2480,  -18.4893, -62.6613, 1.2563,  0, 0, 0
L -18.4893, -62.6613, 1.2563,  -2.2339, -62.2060, -1.3900,  0, 0, 0
L -2.2339, -62.2060, -1.3900,  -2.0238, -59.7947, 0.8260,  0, 0, 0
L -2.0238, -59.7947, 0.8260,  22.7074, -57.7248, 0.2797,  0, 0, 0
L 22.7074, -57.7248, 0.2797,  22.5278, -60.0645, -1.3741,  0, 0, 0
L 22.5278, -60.0645, -1.3741,  39.1032, -57.9716, 1.3339,  0, 0, 0
L 39.1032, -57.9716, 1.3695,  37.5827, -41.9377, 0.3008,  0, 0, 0
L 37.5827, -41.9377, 0.3008,  35.1084, -42.2283, 4.8594,  0, 0, 0
L 35.1084, -42.2283, 4.8594,  32.8701, -17.2844, 5.1802,  0, 0, 0
L 32.8701, -17.2844, 5.1802,  35.6181, -17.7262, 2.3529,  0, 0, 0
L 35.6181, -17.7262, 2.3529,  33.3057, -2.8110, 7.6747,  0, 0, 0
L 33.3057, -2.8110, 7.6747,  18.2100, -2.4883, 2.5783,  0, 0, 0
L 18.2100, -2.4883, 2.5783,  18.5904, -5.3277, 8.3839,  0, 0, 0
L 18.5904, -5.3277, 8.6263,  -7.7221, -8.6009, 13.1146,  0, 0, 0
L -7.7221, -8.6009, 13.1146,  -6.7766, -5.2192, 1.2115,  0, 0, 0
L -6.7268, -5.0947, 1.2115,  -21.7674, -6.5310, 5.7087,  0, 0, 0
L -21.7674, -6.5310, 5.7087,  -21.3020, -20.8685, 4.2382,  0, 0, 0
L -21.3020, -20.8685, 4.2382,  -13.2579, -21.2565, 0.8041,  0, 0, 0
L -13.2579, -21.2565, 0.8041,  -13.9571, -13.5759, -0.4751,  0, 0, 0
L -13.9571, -13.5759, -0.4751,  -6.0907, -12.4507, 0.9869,  0, 0, 0
L -6.0907, -12.4507, 0.9869,  -6.3017, -10.8996, -0.4698,  0, 0, 0
L -6.3017, -10.8996, -0.4515,  18.4218, -8.7321, -0.4706,  0, 0, 0
L 18.4218, -8.7321, -0.4706,  18.2649, -10.9168, 0.9847,  0, 0, 0
L 18.2649, -10.9168, 0.9847,  26.4268, -10.0395, -0.3648,  0, 0, 0
L -619.3415, 1349.8752, 3.7940,  -619.3415, 1349.8752, 3.7940,  0, 0, 0
L -359.3158, 1100.2732, 10.3749,  -362.5871, 1079.5359, 10.3672,  0, 0, 0
L -362.5871, 1079.5359, 10.3672,  -433.1248, 1085.7070, 8.8578,  0, 0, 0
L -433.1248, 1085.7070, 8.8578,  -427.9650, 1144.6809, 8.8578,  0, 0, 0
L -427.9650, 1144.6809, 8.8578,  -357.4276, 1138.5098, 8.8578,  0, 0, 0
L -357.4276, 1138.5098, 8.8578,  -359.2323, 1117.8839, 10.3701,  0, 0, 0
L -265.8991, 1249.8208, -17.0114,  -272.1131, 1249.8868, -18.5184,  0, 0, 0
L -272.1131, 1249.8868, -18.5184,  -272.1130, 1274.1130, -18.5184,  0, 0, 0
L -272.1130, 1274.1130, -18.5184,  -247.8925, 1274.1129, -18.5184,  0, 0, 0
L -247.8925, 1274.1129, -18.5184,  -247.8925, 1249.8048, -18.5186,  0, 0, 0
L -247.8925, 1249.8048, -18.5186,  -251.1206, 1249.8575, -17.4403,  0, 0, 0
L -251.1206, 1249.8575, -17.0125,  -254.1234, 1249.6460, -17.0136,  0, 0, 0
L 22.0533, 674.7742, 47.7933,  22.0577, 713.7667, 47.7963,  0, 0, 0
L 22.0577, 713.7667, 47.7963,  -16.1093, 714.8856, 47.8065,  0, 0, 0
L -16.1093, 714.8856, 47.8065,  -17.4777, 674.7760, 47.7983,  0, 0, 0
L -17.4777, 674.7760, 47.7983,  22.0533, 674.7742, 47.7918,  0, 0, 0
L 278.5433, 530.3375, 102.7434,  456.3495, 530.7682, 110.4678,  0, 0, 0
L 456.3495, 530.7682, 110.9307,  467.0354, 542.2590, 110.0342,  0, 0, 0
L 467.0354, 542.2590, 110.0342,  466.3247, 610.9641, 105.4278,  0, 0, 0
L 466.3242, 610.9641, 105.3125,  477.8303, 610.9628, 104.1970,  0, 0, 0
L 477.8303, 610.9628, 104.1970,  480.8123, 610.9630, 103.7778,  0, 0, 0
L 480.8123, 610.9630, 103.7778,  481.6842, 610.9636, 103.6559,  0, 0, 0
L 481.6842, 610.9636, 103.6559,  481.6854, 614.5829, 105.7503,  0, 0, 0
L 481.6854, 614.5829, 105.7503,  458.0281, 614.5811, 131.1086,  0, 0, 0
L 458.0281, 614.5811, 131.1086,  432.7425, 614.5814, 156.1570,  0, 0, 0
L 432.7425, 614.5814, 156.3932,  408.4597, 614.6205, 179.3864,  0, 0, 0
L 408.4597, 614.6205, 179.3850,  408.4597, 614.6205, 179.3866,  0, 0, 0
L 408.4597, 614.6205, 179.3854,  406.1811, 614.1719, 183.8648,  0, 0, 0
L 406.1811, 614.1719, 183.8648,  406.2589, 595.9217, 184.3642,  0, 0, 0
L 406.2589, 595.9217, 184.3642,  331.3906, 595.9513, 189.6944,  0, 0, 0
L 331.3906, 595.9513, 189.6944,  331.3875, 666.3226, 189.9087,  0, 0, 0
L 331.3875, 666.3226, 189.9087,  406.0291, 666.3771, 183.8634,  0, 0, 0
L 406.0291, 666.3771, 183.8634,  405.9488, 648.3193, 183.8658,  0, 0, 0
L 405.9488, 648.3193, 183.8658,  427.4611, 648.2588, 161.6754,  0, 0, 0
L 427.4611, 648.2588, 161.6754,  470.6703, 648.2580, 116.4620,  0, 0, 0
L 470.6703, 648.2580, 116.4620,  482.1549, 648.2581, 103.7198,  0, 0, 0
L 482.1549, 648.2581, 103.7198,  482.1932, 651.8769, 102.3474,  0, 0, 0
L 482.1932, 651.8769, 102.3474,  466.3245, 651.8765, 105.2804,  0, 0, 0
L 466.3245, 651.8765, 105.2804,  467.4242, 719.0748, 102.5230,  0, 0, 0
L 467.4242, 719.0748, 102.5230,  453.9962, 732.4891, 103.2569,  0, 0, 0
L 453.9962, 732.4891, 103.2569,  278.5422, 732.5039, 102.5408,  0, 0, 0
L 278.5416, 732.5053, 102.5408,  265.1280, 719.0761, 102.7697,  0, 0, 0
L 265.1280, 719.0761, 102.7697,  265.1285, 543.7651, 104.5675,  0, 0, 0
L 265.1285, 543.7651, 104.5675,  278.5416, 530.3376, 102.7436,  0, 0, 0
L 520.2708, 88.7292, -30.6932,  512.6898, 88.7579, -29.3163,  0, 0, 0
L 512.6898, 88.7579, -29.3163,  512.4100, 86.7291, -30.1131,  0, 0, 0
L 512.4100, 86.7291, -30.1131,  487.5917, 86.7319, -28.6243,  0, 0, 0
L 487.5917, 86.7319, -28.6243,  486.2193, 88.7316, -28.6657,  0, 0, 0
L 486.2193, 88.7316, -28.6657,  479.7319, 88.7319, -30.3805,  0, 0, 0
L 479.7319, 88.7319, -30.3805,  479.9175, 96.5421, -28.7175,  0, 0, 0
L 479.9175, 96.5421, -28.7175,  477.7318, 96.5912, -29.8454,  0, 0, 0
L 477.7318, 96.5912, -29.8454,  477.7313, 121.4090, -29.6143,  0, 0, 0
L 477.7313, 121.4090, -29.6143,  479.6339, 121.4542, -28.3845,  0, 0, 0
L 479.6339, 121.4542, -28.3843,  479.7318, 129.2679, -30.5551,  0, 0, 0
L 479.7318, 129.2679, -30.5551,  487.5916, 130.2390, -30.8875,  0, 0, 0
L 487.5916, 130.2390, -30.8875,  487.8651, 138.3952, -31.1140,  0, 0, 0
L 487.8651, 138.3952, -31.1140,  471.5477, 136.8057, -27.4589,  0, 0, 0
L 471.5477, 136.8057, -27.4589,  471.6003, 121.9225, -26.9382,  0, 0, 0
L 471.6003, 121.9225, -26.9382,  473.9394, 121.4113, -25.2859,  0, 0, 0
L 473.9394, 121.4113, -25.2071,  473.4027, 96.5899, -29.1813,  0, 0, 0
L 473.4027, 96.5899, -29.1813,  471.4512, 96.7892, -27.3655,  0, 0, 0
L 471.4512, 96.7892, -27.3655,  471.8777, 81.2117, -25.5580,  0, 0, 0
L 471.8777, 81.2117, -25.5580,  487.5663, 80.3729, -27.6046,  0, 0, 0
L 487.5663, 80.3729, -27.6046,  487.5897, 82.3138, -29.6941,  0, 0, 0
L 487.5896, 82.3139, -29.6930,  512.4100, 82.4910, -28.6762,  0, 0, 0
L 512.4100, 82.4911, -28.6757,  512.0911, 80.6407, -26.5200,  0, 0, 0
L 512.0911, 80.6407, -26.5200,  528.5011, 80.8119, -25.9170,  0, 0, 0
L 528.5011, 80.8119, -25.9170,  529.4689, 96.5967, -30.9941,  0, 0, 0
L 529.4689, 96.5967, -30.9941,  527.2161, 96.5898, -32.7465,  0, 0, 0
L 527.2162, 96.5898, -32.7477,  526.4593, 121.4099, -28.3917,  0, 0, 0
L 526.3864, 121.4098, -27.9704,  529.0911, 121.6504, -30.2712,  0, 0, 0
L 529.0911, 121.6504, -30.2712,  529.2881, 138.3584, -30.8172,  0, 0, 0
L 529.2881, 138.3584, -30.8172,  512.6078, 138.1514, -31.5719,  0, 0, 0
L 512.6078, 138.1514, -31.5719,  512.4197, 129.4341, -32.3440,  0, 0, 0
L 512.4197, 129.4341, -32.3440,  520.2625, 129.2629, -32.8936,  0, 0, 0
L 520.2625, 129.2629, -32.8936,  520.1986, 121.3760, -31.1963,  0, 0, 0
L 520.1986, 121.3760, -31.1963,  522.2606, 121.4055, -32.4913,  0, 0, 0
L 522.2606, 121.4055, -32.4913,  522.2707, 96.5895, -33.1323,  0, 0, 0
L 522.2707, 96.5895, -33.1323,  520.2565, 96.3739, -31.7492,  0, 0, 0
L 520.2565, 96.3739, -31.7492,  520.2708, 88.7291, -30.6929,  0, 0, 0
L 1180.5126, 536.4600, 105.5508,  1180.5121, 522.1218, 104.6587,  0, 0, 0
L 1180.5121, 522.1218, 104.6587,  1180.5121, 518.7641, 104.0001,  0, 0, 0
L 1180.5121, 518.7641, 104.0001,  1184.1309, 518.7854, 103.7426,  0, 0, 0
L 1184.1309, 518.7854, 103.7426,  1184.1300, 535.0084, 121.1811,  0, 0, 0
L 1184.1300, 535.0084, 121.1811,  1184.1284, 553.5562, 139.0673,  0, 0, 0
L 1184.1284, 553.5562, 139.7383,  1184.1339, 579.9551, 165.6260,  0, 0, 0
L 1184.1339, 579.9551, 166.1557,  1184.1476, 591.6689, 176.4749,  0, 0, 0
L 1184.1476, 591.6689, 176.4749,  1184.1101, 596.5788, 183.8699,  0, 0, 0
L 1184.1101, 596.5788, 183.8699,  1165.4724, 596.5386, 184.2530,  0, 0, 0
L 1165.4724, 596.5386, 184.2530,  1165.5275, 675.1702, 183.8694,  0, 0, 0
L 1165.5275, 675.1702, 183.8694,  1236.9314, 675.2802, 184.5055,  0, 0, 0
L 1236.9314, 675.2802, 184.5055,  1236.6538, 597.1479, 184.3756,  0, 0, 0
L 1236.6538, 597.1479, 184.3756,  1217.5256, 596.9086, 183.8686,  0, 0, 0
L 1217.5256, 596.9086, 183.8686,  1217.7729, 593.6317, 178.4331,  0, 0, 0
L 1217.7729, 593.6317, 178.4331,  1217.8075, 543.4478, 128.2924,  0, 0, 0
L 1217.8075, 543.4478, 128.2924,  1217.8065, 524.7444, 108.2849,  0, 0, 0
L 1217.8065, 524.7444, 108.2849,  1217.8068, 519.9584, 103.5763,  0, 0, 0
L 1217.8068, 519.9584, 103.5763,  1221.4249, 519.9907, 103.1491,  0, 0, 0
L 1221.4249, 519.9907, 103.1491,  1221.4244, 536.4600, 103.3722,  0, 0, 0
L 1221.4244, 536.4600, 103.3722,  1288.8848, 535.4918, 105.6527,  0, 0, 0
L 1288.8848, 535.4918, 105.6527,  1301.9263, 548.3369, 105.9948,  0, 0, 0
L 1301.9263, 548.3369, 105.9948,  1302.0231, 723.7593, 102.0088,  0, 0, 0
L 1302.0231, 723.7593, 102.0088,  1302.0521, 724.2432, 101.9919,  0, 0, 0
L 1302.0521, 724.2432, 101.9919,  1288.6244, 737.6558, 102.4691,  0, 0, 0
L 1288.6244, 737.6558, 102.4690,  1113.3131, 737.6563, 102.9796,  0, 0, 0
L 1113.3131, 737.6563, 102.9796,  1099.8917, 724.1162, 103.2793,  0, 0, 0
L 1099.8917, 724.1162, 103.2793,  1100.0931, 548.3815, 105.9146,  0, 0, 0
L 1100.0931, 548.3815, 105.9146,  1113.3135, 535.3604, 101.7999,  0, 0, 0
L 1113.3135, 535.3604, 101.7999,  1180.5125, 536.4601, 105.0116,  0, 0, 0
L 844.4254, -281.6790, -0.1033,  773.7061, -339.8356, 15.1557,  0, 0, 0
L 773.7061, -339.8356, 15.1557,  709.8784, -265.5612, 33.9483,  0, 0, 0
L 709.8784, -265.5612, 33.9483,  787.6042, -200.0862, 55.4206,  0, 0, 0
L 787.6042, -200.0862, 55.4206,  914.8324, -350.2917, 106.0920,  0, 0, 0
L 914.8324, -350.2917, 106.0920,  948.1205, -375.4451, 106.0920,  0, 0, 0
L 948.1205, -375.4451, 106.0920,  986.1826, -376.5578, 106.0920,  0, 0, 0
L 986.1826, -376.5578, 106.0920,  1009.7839, -404.9649, 106.0930,  0, 0, 0
L 1009.7839, -404.9649, 106.0930,  1004.2974, -442.8073, 106.0920,  0, 0, 0
L 1004.2974, -442.8073, 106.0920,  1028.8500, -487.9887, 104.4448,  0, 0, 0
L 1028.8500, -487.9887, 104.4448,  1136.6250, -615.6024, 53.2438,  0, 0, 0
L 1136.6250, -615.6024, 53.2438,  1178.6243, -576.5423, 33.8843,  0, 0, 0
L 1178.6243, -576.5423, 33.8843,  1141.1515, -530.1442, 12.9354,  0, 0, 0
L 1141.1515, -530.1442, 12.9354,  1078.8893, -582.4924, -4.5459,  0, 0, 0
L 1070.4968, -565.8430, -1.5872,  1148.0396, -502.4955, 15.1316,  0, 0, 0
L 1148.0396, -502.4955, 15.1316,  1208.0559, -581.8709, 34.0093,  0, 0, 0
L 1208.0559, -581.8709, 34.0093,  1131.3403, -645.5389, 55.3682,  0, 0, 0
L 1131.3403, -645.5389, 55.3682,  1007.5927, -495.0653, 106.0920,  0, 0, 0
L 1007.5927, -495.0653, 106.0920,  972.9843, -468.9376, 106.0920,  0, 0, 0
L 972.9843, -468.9376, 106.0920,  934.0984, -467.6417, 106.0920,  0, 0, 0
L 934.0984, -467.6417, 106.0920,  911.3871, -439.2060, 106.0918,  0, 0, 0
L 911.3871, -439.2060, 106.0918,  914.7401, -398.2692, 106.0920,  0, 0, 0
L 914.7401, -398.2692, 106.0920,  895.9814, -362.3286, 106.0920,  0, 0, 0
L 895.9814, -362.3286, 106.0920,  783.6927, -229.3270, 52.8840,  0, 0, 0
L 783.6927, -229.3270, 52.8840,  739.5812, -268.0907, 31.6904,  0, 0, 0
L 739.5812, -268.0907, 31.6904,  779.8124, -314.7150, 13.0378,  0, 0, 0
L 779.8124, -314.7150, 13.0378,  832.9324, -268.9749, -0.0211,  0, 0, 0
L -1464.4360, 990.4836, 94.7600,  -1464.4359, 1463.6736, 195.1733,  0, 0, 0
L -1464.4359, 1463.6736, 195.1733,  1476.6831, 1463.6737, 172.4127,  0, 0, 0
L 1476.6831, 1463.6737, 172.4127,  1476.6829, -1479.0295, 167.3993,  0, 0, 0
L 1476.6829, -1479.0295, 167.3993,  -1299.6128, -1479.0297, 133.7060,  0, 0, 0
L -1299.6128, -1479.0297, 134.2263,  -1464.4360, -1479.0298, 152.0976,  0, 0, 0
L -1464.4360, -1479.0298, 152.0976,  -1464.4353, 1002.3561, 84.9251,  0, 0, 0
L -874.0189, -1043.6506, -10.1965,  -878.7439, -1059.1558, -10.8413,  0, 0, 0
L -878.7439, -1059.1558, -10.8412,  -880.5782, -1070.6943, -15.6681,  0, 0, 0
L -880.5782, -1070.6943, -15.6681,  -875.5641, -1082.6595, -13.6160,  0, 0, 0
L -875.5641, -1082.6595, -13.6160,  -876.9965, -1095.2534, -13.3818,  0, 0, 0
L -876.9981, -1095.2480, -13.3576,  -885.5789, -1108.1519, -13.7317,  0, 0, 0
L -885.5789, -1108.1519, -13.7317,  -906.8665, -1119.3131, -21.1500,  0, 0, 0
L -906.8665, -1119.3131, -21.1131,  -926.1785, -1121.3831, -32.1865,  0, 0, 0
L -926.1785, -1121.3831, -32.1865,  -945.9458, -1132.5950, -33.3890,  0, 0, 0
L -945.9458, -1132.5950, -33.3890,  -956.6509, -1147.6084, -37.9715,  0, 0, 0
L -956.6509, -1147.6084, -37.9715,  -960.4617, -1158.6064, -42.0698,  0, 0, 0
L -960.4617, -1158.6064, -42.0698,  -955.9144, -1176.5120, -46.2438,  0, 0, 0
L -955.9144, -1176.5120, -45.8969,  -943.3099, -1185.8778, -49.1239,  0, 0, 0
L -943.3099, -1185.8778, -49.1238,  -939.9172, -1193.7772, -49.9886,  0, 0, 0
L -939.9172, -1193.7772, -49.9611,  -937.2590, -1199.9647, -47.2333,  0, 0, 0
L -937.2590, -1199.9647, -47.2333,  -944.7664, -1208.8918, -51.0292,  0, 0, 0
L -944.7664, -1208.8918, -51.0292,  -949.2791, -1212.5934, -42.8717,  0, 0, 0
L -949.2791, -1212.5934, -42.7698,  -951.9844, -1215.2458, -42.9778,  0, 0, 0
L -951.9844, -1215.2458, -42.9778,  -960.7642, -1225.5480, -46.6739,  0, 0, 0
L -960.7642, -1225.5480, -46.6739,  -960.7642, -1225.5480, -46.6739,  0, 0, 0
L -960.7642, -1225.5480, -46.6739,  -970.0372, -1227.2655, -52.4778,  0, 0, 0
L -970.0372, -1227.2655, -52.4778,  -985.0774, -1225.7738, -58.3736,  0, 0, 0
L -985.0774, -1225.7738, -58.3736,  -989.1592, -1230.1670, -58.3863,  0, 0, 0
L -989.1592, -1230.1670, -58.3863,  -1003.4667, -1234.4491, -57.1897,  0, 0, 0
L -1003.4667, -1234.4491, -56.8926,  -1014.2632, -1226.9850, -59.6125,  0, 0, 0
L -1014.2632, -1226.9850, -59.6125,  -1014.2632, -1226.9850, -59.6125,  0, 0, 0
L -1014.2632, -1226.9850, -59.6125,  -1020.4790, -1217.8335, -59.3753,  0, 0, 0
L -1020.4790, -1217.8335, -59.3753,  -1029.6127, -1215.1500, -50.4248,  0, 0, 0
L -1029.6127, -1215.1500, -50.0617,  -1039.0043, -1211.3170, -56.5667,  0, 0, 0
L -1039.0043, -1211.3170, -56.5667,  -1046.2003, -1213.0231, -58.0988,  0, 0, 0
L -1046.2003, -1213.0231, -58.0988,  -1059.0901, -1216.7544, -60.8793,  0, 0, 0
L -1059.0901, -1216.7544, -60.8793,  -1068.9058, -1228.2390, -63.8921,  0, 0, 0
L -1068.9058, -1228.2390, -63.8921,  -1079.6172, -1235.4836, -61.2546,  0, 0, 0
L -1079.6172, -1235.4836, -60.9469,  -1089.2765, -1235.5955, -62.9084,  0, 0, 0
L -1089.2765, -1235.5955, -62.9084,  -1098.5007, -1244.3069, -66.7000,  0, 0, 0
L -1098.5007, -1244.3069, -66.7000,  -1113.0222, -1257.7893, -65.3445,  0, 0, 0
L -1113.0222, -1257.7893, -64.7534,  -1123.5797, -1263.4347, -67.1116,  0, 0, 0
L -1123.5797, -1263.4347, -67.1116,  -1141.5398, -1269.3590, -69.9222,  0, 0, 0
L -1141.5398, -1269.3590, -69.4675,  -1152.3359, -1271.6273, -66.5458,  0, 0, 0
L -1152.3359, -1271.6273, -66.5458,  -1161.1826, -1259.1169, -69.7197,  0, 0, 0
L -1161.1826, -1259.1169, -69.7197,  -1168.1770, -1255.0461, -63.6589,  0, 0, 0
L -1168.1770, -1255.0461, -63.6363,  -1176.0195, -1251.9015, -62.6910,  0, 0, 0
L -1176.0195, -1251.9015, -62.6910,  -1188.1171, -1251.9316, -63.3195,  0, 0, 0
L -1188.1171, -1251.9316, -62.9177,  -1188.1171, -1251.9316, -62.9177,  0, 0, 0
L -1188.1171, -1251.9316, -62.9177,  -1192.9913, -1252.2273, -62.9582,  0, 0, 0
L -1192.9913, -1252.2273, -62.9582,  -1200.0920, -1255.7739, -63.0963,  0, 0, 0
L -1200.0920, -1255.7739, -63.0963,  -1210.8151, -1259.3896, -63.1641,  0, 0, 0
L -1210.8151, -1259.3896, -63.1641,  -1218.0468, -1248.7413, -66.9268,  0, 0, 0
L -1218.0468, -1248.7413, -66.3891,  -1220.0660, -1245.3793, -63.8778,  0, 0, 0
L -1220.0660, -1245.3793, -63.3649,  -1223.2855, -1239.8389, -59.7195,  0, 0, 0
L -1223.2855, -1239.8389, -59.5098,  -1233.5332, -1235.6194, -67.6098,  0, 0, 0
L -1233.5332, -1235.6194, -67.6098,  -1235.2031, -1238.4124, -61.0978,  0, 0, 0
L -1235.2031, -1238.4124, -61.0978,  -1231.2563, -1253.5720, -62.3763,  0, 0, 0
L -1231.2563, -1253.5720, -62.3763,  -1231.5219, -1264.7009, -64.1103,  0, 0, 0
L -1231.5219, -1264.7009, -64.0580,  -1237.6740, -1277.7178, -60.3344,  0, 0, 0
L -1237.6740, -1277.7178, -59.7701,  -1247.7936, -1291.0171, -66.0340,  0, 0, 0
L -1247.7936, -1291.0171, -66.0340,  -1256.9879, -1294.8224, -61.7775,  0, 0, 0
L -1256.9879, -1294.8224, -61.7775,  -1268.9755, -1294.9594, -68.6872,  0, 0, 0
L -1268.9755, -1294.9594, -68.6872,  -1268.9755, -1294.9594, -68.6872,  0, 0, 0
L -1268.9755, -1294.9594, -68.6872,  -1274.5752, -1289.9927, -65.4728,  0, 0, 0
L -1274.5752, -1289.9927, -65.3111,  -1274.5752, -1289.9927, -65.3111,  0, 0, 0
L -1274.5752, -1289.9927, -65.3111,  -1278.8750, -1282.1019, -70.4873,  0, 0, 0
L -1278.8750, -1282.1019, -70.4873,  -1285.7771, -1274.6501, -70.0734,  0, 0, 0
L -1285.7771, -1274.6501, -69.7994,  -1294.4739, -1262.2739, -57.1871,  0, 0, 0
L -1294.4739, -1262.2739, -56.7842,  -1293.5729, -1249.5093, -64.3653,  0, 0, 0
L -1293.5729, -1249.5093, -64.3653,  -1289.2098, -1236.8374, -69.3040,  0, 0, 0
L -1289.2098, -1236.8374, -69.3040,  -1292.4857, -1227.8259, -62.7848,  0, 0, 0
L -1292.4857, -1227.8259, -62.7848,  -1295.1377, -1207.0070, -68.8888,  0, 0, 0
L -1295.1377, -1207.0070, -68.8888,  -1294.1436, -1196.0035, -60.7277,  0, 0, 0
L -1294.1436, -1196.0035, -60.1594,  -1284.2042, -1178.9574, -64.3500,  0, 0, 0
L -1284.2042, -1178.9574, -64.0425,  -1272.1953, -1171.1440, -61.2041,  0, 0, 0
L -1272.1953, -1171.1440, -61.2041,  -1260.1017, -1170.0405, -64.7236,  0, 0, 0
L -1260.1017, -1170.0405, -64.7236,  -1247.3811, -1179.0862, -66.4835,  0, 0, 0
L -1247.3811, -1179.0862, -66.2016,  -1232.9720, -1175.6536, -66.7229,  0, 0, 0
L -1232.9720, -1175.6536, -66.5978,  -1217.5199, -1175.7954, -65.4106,  0, 0, 0
L -1217.5199, -1175.7954, -65.4106,  -1202.2168, -1176.2018, -65.1548,  0, 0, 0
L -1202.2168, -1176.2018, -65.1185,  -1190.7113, -1185.1163, -66.6013,  0, 0, 0
L -1190.7113, -1185.1163, -66.3697,  -1185.5215, -1188.9291, -67.7914,  0, 0, 0
L -1185.5215, -1188.9291, -67.7914,  -1176.0216, -1187.4063, -61.4626,  0, 0, 0
L -1176.0216, -1187.4063, -60.9670,  -1166.3317, -1188.4762, -63.7946,  0, 0, 0
L -1166.3317, -1188.4762, -63.7946,  -1159.8774, -1183.3064, -65.4558,  0, 0, 0
L -1159.8774, -1183.3064, -65.4558,  -1156.0387, -1171.1995, -65.1643,  0, 0, 0
L -1156.0387, -1171.1995, -65.1643,  -1145.8781, -1159.8790, -63.4614,  0, 0, 0
L -1145.8781, -1159.8790, -62.9221,  -1133.9485, -1156.5747, -66.5118,  0, 0, 0
L -1133.9485, -1156.5747, -66.5118,  -1127.7664, -1150.7083, -57.9651,  0, 0, 0
L -1127.7664, -1150.7083, -57.9648,  -1121.6134, -1162.7191, -58.9909,  0, 0, 0
L -1121.6134, -1162.7191, -58.9908,  -1116.9313, -1171.6997, -59.7541,  0, 0, 0
L -1116.9313, -1171.6997, -59.7541,  -1101.6604, -1176.1862, -56.7860,  0, 0, 0
L -1101.6604, -1176.1862, -56.7858,  -1091.2507, -1177.3282, -54.8108,  0, 0, 0
L -1091.2507, -1177.3291, -54.8024,  -1079.3728, -1178.9365, -55.5487,  0, 0, 0
L -1079.3728, -1178.9365, -55.5487,  -1063.9520, -1171.6633, -41.3148,  0, 0, 0
L -1063.9520, -1171.6633, -40.8134,  -1050.2589, -1168.2207, -48.7294,  0, 0, 0
L -1050.2589, -1168.2207, -48.7294,  -1041.9148, -1160.3782, -46.6735,  0, 0, 0
L -1041.9148, -1160.3782, -46.3170,  -1033.7372, -1152.8770, -44.8120,  0, 0, 0
L -1033.7372, -1152.8770, -44.8120,  -1030.4570, -1143.6101, -48.2775,  0, 0, 0
L -1030.4570, -1143.6101, -48.2775,  -1032.1914, -1135.3400, -47.5220,  0, 0, 0
L -1032.1914, -1135.3400, -47.5220,  -1032.9039, -1129.5726, -46.2066,  0, 0, 0
L -1032.9039, -1129.5726, -46.2066,  -1039.4296, -1121.8938, -43.6203,  0, 0, 0
L -1039.4296, -1121.8938, -43.3518,  -1045.3339, -1116.9998, -25.6952,  0, 0, 0
L -1045.3339, -1116.9998, -25.6952,  -1055.6033, -1105.9352, -26.3939,  0, 0, 0
L -1055.6033, -1105.9352, -25.9816,  -1058.9894, -1093.0458, -32.3368,  0, 0, 0
L -1058.9894, -1093.0458, -32.3368,  -1061.4995, -1080.7173, -24.7651,  0, 0, 0
L -1061.4995, -1080.7173, -24.7651,  -1051.6793, -1066.8547, -32.0567,  0, 0, 0
L -1051.6793, -1066.8547, -32.0567,  -1038.8171, -1066.0682, -33.3589,  0, 0, 0
L -1038.8171, -1066.0682, -33.3589,  -1024.7483, -1066.3752, -29.8660,  0, 0, 0
L -1024.7483, -1066.3752, -29.8660,  -1013.9326, -1055.9017, -14.7954,  0, 0, 0
L -1013.9155, -1055.9017, -14.6204,  -1006.9014, -1039.1375, -19.2675,  0, 0, 0
L -1006.9014, -1039.1375, -19.2675,  -1001.3450, -1023.5388, -2.3391,  0, 0, 0
L -1001.3450, -1023.5388, -2.3391,  -996.3906, -1017.8420, -1.2321,  0, 0, 0
L -996.3906, -1017.8420, -1.2321,  -1009.3917, -1006.5384, 1.3133,  0, 0, 0
L -1009.3917, -1006.5384, 1.3133,  -1009.1860, -998.2003, 7.9916,  0, 0, 0
L -1009.1860, -998.2003, 7.9916,  -998.9779, -985.2347, 10.5534,  0, 0, 0
L -998.9779, -985.2347, 10.9865,  -989.0406, -975.1868, 10.9282,  0, 0, 0
L -989.0406, -975.1868, 10.9282,  -977.6240, -970.6425, 12.0563,  0, 0, 0
L -977.6240, -970.6425, 12.0563,  -962.9716, -972.7305, 10.1220,  0, 0, 0
L -962.9716, -972.7305, 10.1219,  -955.3823, -974.4162, 9.0584,  0, 0, 0
L -955.3823, -974.4162, 9.0583,  -945.1921, -974.6666, 8.0420,  0, 0, 0
L -945.1921, -974.6666, 8.0420,  -935.9042, -970.4807, 4.8761,  0, 0, 0
L -935.9042, -970.4807, 4.8761,  -921.6873, -972.0553, 2.0637,  0, 0, 0
L -921.6873, -972.0553, 2.0637,  -911.9957, -963.6155, 2.3841,  0, 0, 0
L -911.9957, -963.6155, 2.6097,  -900.5682, -955.3608, 1.6470,  0, 0, 0
L -1300.6539, -1175.8635, 7.3318,  -1279.4296, -1175.8910, 7.4328,  0, 0, 0
L -1279.4296, -1175.8910, 7.4328,  -1273.4901, -1175.8590, 8.8800,  0, 0, 0
L -1249.7081, -1175.8833, 7.4047,  -1223.2598, -1175.8657, 7.2952,  0, 0, 0
L -1223.2609, -1175.8668, 7.2982,  -1223.2997, -1213.7299, 5.2547,  0, 0, 0
L -1223.2997, -1213.7299, 4.8612,  -1223.2980, -1212.9926, 7.4200,  0, 0, 0
L -1223.2980, -1212.9926, 7.4200,  -1227.0659, -1212.9926, 8.8820,  0, 0, 0
L -1227.0659, -1212.9926, 8.8820,  -1232.7194, -1209.6888, 8.8816,  0, 0, 0
L -1232.7194, -1209.6888, 8.8816,  -1240.8923, -1210.1779, 8.8791,  0, 0, 0
L -1240.8923, -1210.1779, 8.8791,  -1247.5961, -1208.6642, 8.8836,  0, 0, 0
L -1247.5961, -1208.6642, 8.8836,  -1254.6327, -1206.1370, 8.8844,  0, 0, 0
L -1254.6327, -1206.1370, 8.8844,  -1259.8352, -1205.0952, 12.3882,  0, 0, 0
L -1259.8352, -1205.0952, 12.4158,  -1266.3326, -1205.1857, 10.3171,  0, 0, 0
L -1266.3326, -1205.1857, 10.3171,  -1268.3669, -1209.4901, 8.9894,  0, 0, 0
L -1268.3669, -1209.4901, 8.9894,  -1268.9789, -1211.9384, 8.8764,  0, 0, 0
L -1268.9789, -1211.9384, 8.8764,  -1270.8964, -1214.8107, 8.8765,  0, 0, 0
L -1270.8964, -1214.8107, 8.8765,  -1270.8474, -1218.5011, 8.8763,  0, 0, 0
L -1270.8474, -1218.5011, 8.8763,  -1279.4332, -1218.5011, 8.5864,  0, 0, 0
L -1279.4332, -1218.5011, 8.8384,  -1282.8955, -1224.1755, 8.8829,  0, 0, 0
L -1282.8955, -1224.1755, 8.8829,  -1283.1287, -1233.9574, 8.8810,  0, 0, 0
L -1283.1287, -1233.9574, 8.8810,  -1280.4432, -1238.5441, 8.8846,  0, 0, 0
L -1280.4432, -1238.5441, 8.8846,  -1283.0604, -1242.9164, 8.8773,  0, 0, 0
L -1283.0604, -1242.9164, 8.8773,  -1282.6693, -1248.1346, 8.8753,  0, 0, 0
L -1282.6693, -1248.1346, 8.8753,  -1282.4967, -1253.4510, 8.8747,  0, 0, 0
L -1282.4967, -1253.4510, 8.8747,  -1282.9045, -1257.1479, 8.8832,  0, 0, 0
L -1282.9045, -1257.1479, 8.8832,  -1280.1935, -1259.9862, 8.8763,  0, 0, 0
L -1280.1935, -1259.9862, 8.8763,  -1275.6971, -1264.6418, 8.8783,  0, 0, 0
L -1275.6971, -1264.6418, 8.8783,  -1275.9198, -1267.1843, 8.3733,  0, 0, 0
L -1275.8784, -1267.0660, 8.7957,  -1300.6584, -1267.4698, 7.3328,  0, 0, 0
L -1300.6586, -1267.4698, 7.3328,  -1300.6581, -1175.8656, 7.3333,  0, 0, 0
L -270.6354, -774.2402, 114.7808,  -245.3019, -774.2416, 114.7808,  0, 0, 240
L -270.8551, -677.7294, 114.7965,  -270.6354, -774.2402, 114.7808,  0, 0, 240
L -530.9307, -677.8443, 114.7927,  -270.8551, -677.7294, 114.7880,  0, 0, 240
L -530.9724, -938.0061, 114.7943,  -530.9307, -677.8443, 114.7975,  0, 0, 240
L -270.3094, -938.1056, 114.7934,  -530.9724, -938.0061, 114.7808,  0, 0, 240
L -270.6347, -841.5665, 114.7999,  -245.9037, -841.5767, 114.7808,  0, 0, 240
L -270.7011, -870.0984, 114.7808,  -270.6347, -841.5665, 114.7999,  0, 0, 240
L -270.7463, -885.8826, 114.7823,  -270.3094, -938.1056, 114.7808,  0, 0, 240
L -329.0450, -780.5247, 146.5280,  -329.0490, -827.3652, 146.5281,  240, 0, 0
L -340.0646, -827.2542, 146.5281,  -340.0757, -769.3670, 146.5281,  240, 0, 0
L -359.0433, -752.2515, 146.5280,  -326.4696, -752.2781, 146.5281,  240, 0, 0
L -359.0434, -729.2518, 146.5280,  -359.0441, -741.3644, 146.5281,  240, 0, 0
L -359.0427, -764.2814, 146.5280,  -359.0433, -752.2515, 146.5280,  240, 0, 0
L -441.0670, -752.2719, 146.5280,  -422.5125, -752.2889, 146.5280,  240, 0, 0
L -452.0723, -741.2522, 146.5280,  -421.7961, -741.2578, 146.5280,  240, 0, 0
L -452.0665, -769.2476, 146.5280,  -452.0723, -741.2522, 146.5280,  240, 0, 0
L -452.0665, -769.2476, 146.5281,  -499.3348, -769.2663, 146.5280,  240, 0, 0
L -366.0732, -853.2493, 146.5281,  -366.0732, -827.2551, 146.5281,  240, 0, 0
L -366.0690, -864.1673, 146.5281,  -366.0706, -876.2805, 146.5280,  240, 0, 0
L -366.0732, -853.2493, 146.5280,  -385.0421, -853.2556, 146.5281,  240, 0, 0
L -441.0499, -839.2473, 146.5280,  -396.0670, -839.2647, 146.5281,  240, 0, 0
L -441.0305, -820.4245, 146.5280,  -441.0499, -839.2473, 146.5281,  240, 0, 0
L -452.0756, -820.2883, 146.5280,  -452.0556, -867.8543, 146.5281,  240, 0, 0
L -441.0335, -799.2697, 146.5280,  -441.0670, -752.2719, 146.5281,  240, 0, 0
L -441.0335, -799.2697, 148.0690,  -429.0306, -799.2512, 148.0750,  240, 0, 0
L -429.0434, -820.1992, 148.0960,  -429.0306, -799.2512, 148.0949,  240, 0, 0
L -441.0305, -820.4245, 148.0924,  -429.0434, -820.1992, 148.0819,  240, 0, 0
L -452.0756, -820.2883, 148.0861,  -464.0337, -820.2660, 148.0838,  240, 0, 0
L -464.0708, -799.3515, 148.0814,  -464.0337, -820.2660, 148.0899,  240, 0, 0
L -452.1054, -799.1786, 148.0855,  -464.0708, -799.3515, 148.0814,  240, 0, 0
L -452.0363, -780.5753, 148.0883,  -452.1054, -799.1786, 148.0819,  240, 0, 0
L -289.2917, -774.2629, 148.0876,  -276.9987, -774.2198, 148.2654,  240, 0, 0
L -302.5278, -774.2644, 148.1023,  -289.2917, -774.2629, 148.0876,  240, 0, 0
L -302.5133, -841.5656, 147.1897,  -282.9394, -841.5718, 148.2649,  240, 0, 0
L -302.5354, -905.9915, 147.8396,  -302.5133, -841.5656, 148.1021,  240, 0, 0
L -499.2909, -906.0820, 147.2952,  -302.5354, -905.9915, 146.7737,  240, 0, 0
L -499.3329, -780.0650, 147.6991,  -499.2909, -906.0820, 146.9657,  240, 0, 0
L -499.3348, -769.2663, 148.0939,  -499.2347, -709.7653, 148.0591,  240, 0, 0
L -302.5094, -709.8026, 146.5376,  -499.2347, -709.7653, 147.1441,  240, 0, 0
L -302.5206, -774.2628, 148.1058,  -302.5094, -709.8026, 147.1148,  240, 0, 0
L -333.5677, -741.5995, 179.8494,  -334.3671, -774.2698, 179.8471,  0, 127, 0
L -467.2372, -741.5881, 179.8657,  -333.5677, -741.5995, 179.6529,  0, 127, 0
L -467.2494, -874.2768, 179.6634,  -467.2372, -741.5881, 179.5948,  0, 127, 0
L -333.2124, -874.2121, 179.6047,  -467.2494, -874.2768, 178.9216,  0, 127, 0
L -333.2124, -874.2121, 179.6741,  -334.3863, -841.5668, 179.8415,  0, 127, 0
L -211.9335, -841.5650, 85.4806,  -211.9358, -774.2644, 84.8794,  0, 127, 0
L -211.9335, -841.5650, 87.2934,  -334.3863, -841.5668, 86.7854,  0, 127, 0
L -561.0035, -968.0327, 84.2571,  -241.7334, -968.0273, 83.8163,  0, 0, 0
L -561.0129, -647.8210, 83.6078,  -561.0035, -968.0327, 85.6607,  0, 0, 0
L -211.9358, -774.2644, 84.1783,  -334.3671, -774.2698, 84.8704,  0, 127, 0
L -240.1541, -647.7227, 85.7339,  -241.7334, -968.0273, 83.6538,  0, 0, 0
L -561.0129, -647.8210, 83.7486,  -240.1541, -647.7227, 83.4240,  0, 0, 0
L -1298.7168, 103.7130, 5.2808,  -1313.2219, 89.1778, 5.2808,  0, 0, 0
L -1313.2219, 89.1778, 5.2808,  -1374.9822, 150.9864, 5.2808,  0, 0, 0
L -1374.9822, 150.9864, 5.2808,  -1326.5989, 199.5152, 5.2808,  0, 0, 0
L -1326.5989, 199.5152, 5.2808,  -1264.7682, 137.6824, 5.2808,  0, 0, 0
L -1264.7682, 137.6824, 5.2808,  -1279.3199, 123.1703, 5.2824,  0, 0, 0
