P 0.0000, -7.0000, -5.6651,  0, 240, 0,  1,  HoT
P 7.5843, -103.3774, -3.1903,  240, 0, 0,  1,  Curator_Risald_(Quest)
P -183.2067, 46.7262, -23.2499,  0, 127, 0,  1,  Vol_732
P -197.1226, -90.8823, -3.3504,  0, 127, 0,  1,  Vol_689
P -243.0716, -149.9596, -5.4467,  240, 0, 0,  1,  Varesa_K`Zen_(Quest)
P -212.0504, -56.8372, -5.9557,  0, 127, 0,  1,  abs._scholar
P -277.1994, -57.2871, -5.9509,  240, 0, 0,  1,  Tarlyn_Caelith_(Quest)
P -208.9293, -79.4224, -5.9557,  0, 127, 0,  1,  fas._scholar
P -185.9924, -113.1507, -5.9557,  0, 127, 0,  1,  obs._scholar
P -155.6893, -94.7438, -5.9557,  0, 127, 0,  1,  obl._scolar
P -68.5074, -112.0701, -5.9557,  0, 127, 0,  1,  pre._scholar
P -133.0190, 48.3338, -25.0675,  0, 127, 0,  1,  Vol_763
P -235.7321, -103.9294, 2.6949,  0, 127, 0,  1,  Vol_655
P 9.7495, -28.2170, -3.9090,  240, 0, 0,  1,  Scholar_Kintorom_(Quest)
P 122.1266, -116.7890, 25.2126,  0, 127, 0,  1,  Ass_Librarian_Vesrad
P -31.1975, -77.9989, 35.2732,  0, 127, 0,  1,  Vol_612
P -107.1601, 39.1315, -27.6426,  0, 127, 127,  1,  Tome_of_Destruction
P 0.0000, 0.0000, 0.0000,  0, 0, 0,  1,  å„ﬂw›fâr
