P -422.1680, -806.8696, 213.1270,  0, 127, 0,  1,  Tsiteth_the_Thrall
P -1293.6899, -1183.1801, 9.7719,  0, 127, 0,  1,  Xoraik
P -1182.7000, -1256.9800, 2.1647,  0, 127, 0,  1,  Blake_Akers
P -429.8980, -919.4492, 47.9923,  0, 127, 0,  1,  Sharuleth
P -393.4400, -912.7300, 60.9491,  0, 127, 0,  1,  Shade_of_Cazic_Thule
P -616.0600, -53.1500, 0.2438,  0, 127, 0,  1,  Vendula
P 699.6200, -362.0200, 2.8363,  0, 127, 0,  1,  Lorenai
P -609.3000, 1359.6801, 4.7155,  0, 0, 0,  1,  Alezra_D`Vour
P -1288.1000, 796.8800, 1.3088,  240, 0, 0,  1,  Marza_D`Vour_(Quest)
P 843.5060, -785.5672, -6.6525,  0, 127, 0,  1,  docilla
P 727.7592, -1048.9207, -2.7574,  0, 127, 0,  1,  docilla
P -376.0990, -867.4069, 114.4923,  0, 127, 0,  1,  dreamer
P -342.8998, -799.4023, 114.4923,  0, 127, 0,  1,  dreamer
P -428.2900, -907.5200, 118.0030,  0, 127, 0,  1,  Jaris_Calmur
P -180.0000, -677.0000, 64.4079,  240, 0, 0,  1,  Reena_Kedson_(Quest)
P -522.3319, -829.4548, 36.1365,  0, 127, 0,  1,  Sheeri's_Equipment
P -355.8384, -683.0418, 48.1365,  0, 127, 0,  1,  Sherri's_Equipment
P -468.6053, -699.0422, 47.9923,  0, 127, 0,  1,  Jaris'_Spellbook
P -410.9005, -867.4109, 114.4922,  0, 127, 0,  1,  Sherri's_Equipment
P 671.0000, 283.0000, 0.1689,  240, 0, 0,  1,  Gallentin_the_Adventurer_(Raid)
P 1388.0000, -485.0000, 9.5081,  0, 127, 0,  1,  Riyuz_the_Singed
P 1418.0000, -483.0000, 12.7633,  240, 0, 0,  1,  Morae_Windwatcher_(Quest)
P 1407.0000, -504.0000, 8.5956,  240, 0, 0,  1,  Hildran_Heartguard_(Quest)
P -956.4800, 1023.0000, 2.3970,  0, 127, 0,  1,  Ryzen_Kezik
P -1090.0000, 1349.0000, 6.5651,  240, 0, 0,  1,  Arki_Battlehammer_(Quest)
P -447.2200, -892.2500, 118.2414,  0, 127, 0,  1,  Sherri_Gaines
P -345.1345, -853.1892, 152.2601,  0, 127, 0,  1,  Altar
P -1030.0676, 819.7339, 110.6748,  0, 240, 0,  1,  House_of_Thule
P -1061.0000, 1319.0000, 1.4688,  0, 127, 0,  1,  Iyana_T`Vre
P -1067.2183, 1316.4480, -0.4489,  240, 0, 0,  1,  Rashan_Spiriteaver_(Quest)
P -1049.0000, 1335.0000, 1.4713,  0, 127, 0,  1,  Tyriss
P -464.0600, 224.0900, -3.8787,  0, 127, 0,  1,  a_decaying_corpse
