P -203.0000, -2295.0000, 0.0000,  255, 255, 255,  2,  Succor_Point
P 900.0000, 1500.0000, 0.0000,  0, 0, 0,  2,  Wizard_Portal
P -1150.0000, -150.0000, 0.0000,  0, 0, 0,  2,  Pier
P 250.0000, 2400.0000, 0.0000,  0, 0, 0,  2,  Skeleton_Camp
P 1050.0000, 1900.0000, 0.0000,  0, 0, 0,  2,  Kobold_Camp
P 850.0000, -1150.0000, 0.0000,  0, 0, 0,  2,  Necromancer's_Guild
P 472.0000, 1033.0000, 0.0000,  0, 0, 0,  2,  Large_Kobold_Camp
P -265.0000, -40.0000, 0.0000,  0, 0, 0,  2,  Bridge
P -2440.0000, 450.0000, 0.0000,  0, 0, 0,  2,  Kerra_Ridge
P -200.0000, -2375.0000, 0.0000,  0, 0, 0,  2,  Erudin_Palace
P 368.0000, -1064.0000, 0.0000,  0, 0, 0,  2,  Druid_Ring
P -1181.0000, 2390.0000, 0.0000,  0, 0, 0,  2,  Rungupp
P 417.0000, 2586.0000, 0.0000,  0, 0, 0,  2,  Paineel
P 359.0000, -1081.0000, -60.6020,  0, 0, 0,  3,  Druid_Circle
P 909.0000, 1483.0000, -38.6740,  0, 0, 0,  3,  Great_Spires
P 912.0000, 1515.0000, -40.6120,  0, 0, 0,  3,  Nexus_Scion
P -419.0000, -2115.0000, -43.2470,  0, 0, 0,  3,  Emil_(Merchant)
P -400.0000, -2101.0000, -43.2470,  0, 0, 0,  3,  Stylla_(Merchant)
P -2642.0000, 515.0000, -38.2490,  0, 0, 0,  3,  to_Kerra_Ridge
P 1108.0000, -2166.0000, -13.6540,  0, 0, 0,  3,  Quana_(Baking)
P 1129.0000, -2195.0000, -13.6540,  0, 0, 0,  3,  Xylania_(Merchant)
P 581.0000, -2322.0000, -44.3640,  0, 0, 0,  3,  Knowledge_Portal
P 732.0000, -1759.0000, -70.8300,  0, 0, 0,  3,  Tran_(Merchant)
P -985.0000, -2218.0000, -28.3680,  0, 0, 0,  3,  Win_(Smith)
P -1007.0000, -2273.0000, -25.9640,  0, 0, 0,  3,  Islan_(Merchant)
P 362.0000, -1039.0000, -54.2650,  0, 0, 0,  3,  Martyn_(Spells)
P -287.0000, 2343.0000, -46.3740,  0, 0, 0,  3,  Knowledge_Portal
P 429.0000, 2601.0000, -41.9680,  0, 0, 0,  3,  to_Paineel
P -291.0000, -2545.0000, -48.4050,  0, 0, 0,  3,  to_Erudin
