P 287.4230, -530.2900, -19.9990,  0, 127, 127,  1,  Wizard_Staff_Piece
P 285.5490, -688.8910, 0.0010,  0, 127, 127,  2,  Serra/Gnome_Spelunker/Hearld_of_Mischief
P -296.8130, -626.0830, 0.0010,  0, 0, 0,  2,  Left_Wall
P -0.9890, -886.5940, 0.0010,  0, 0, 0,  2,  Back_Door
P 272.2830, -500.3460, 12.0010,  0, 0, 0,  2,  Gazebo
P 143.0000, -355.1210, 0.0010,  0, 0, 0,  2,  East_Hedge_Maze
P -136.5910, -348.5930, 0.0010,  0, 0, 0,  2,  West_Hedge_Maze
P -52.0000, 38.0000, 0.0000,  255, 255, 255,  2,  Succor_Point
P -329.2890, -71.4180, 0.0010,  0, 240, 0,  3,  To_Dagnar's_Cauldron
P -77.0000, -684.0000, 0.0000,  0, 0, 0,  2,  Pit
P -106.0000, -684.0000, 0.0000,  0, 0, 0,  2,  Pit
P 5.0000, -522.0000, 0.0000,  0, 0, 0,  2,  Stairs_Up
