P 65.0000, -581.0000, 0.0000,  255, 255, 255,  2,  Succor_Point
P 346.5260, -228.2350, -183.9360,  0, 240, 240,  1,  Khelkar_Icepaw
P 323.9540, -131.9050, -123.9360,  0, 240, 240,  1,  Jelek_Icepaw
P -132.0630, -187.2880, -65.9670,  0, 0, 127,  1,  Velketor_the_Sorcerer
P 45.3440, -87.6160, -33.9980,  0, 0, 127,  1,  Bledrek/Bled
P 298.1590, -132.4670, -123.9360,  0, 0, 240,  1,  an_Icepaw_warlord
P 396.3540, -204.2590, -219.9040,  0, 240, 240,  1,  Gregendek_Icepaw
P 125.8040, -321.0010, 67.9710,  0, 127, 127,  1,  a_deadly_blizzard_hunter
P 408.2710, -404.7760, -219.9040,  0, 240, 240,  2,  Laryk_Icepaw
P 223.6690, -218.1160, -148.9350,  0, 240, 240,  1,  Venar_Icepaw
P 216.8400, -122.0020, -112.9670,  0, 240, 240,  1,  Laryk_Icepaw
P 318.9020, -248.0190, -183.9360,  0, 240, 240,  2,  Rowwek_Icepaw
P 4.8000, -477.8830, -2.9980,  0, 127, 127,  1,  Crystal_Eyes
P -72.6210, -406.9980, 33.0020,  0, 127, 127,  1,  a_Frenzied_Velium_Broodling
P 251.0030, 31.7940, -100.9670,  0, 0, 127,  1,  a_deathly_shard_spectre
P -158.8200, -435.9840, 84.9710,  0, 127, 127,  1,  Crystal_Fang
P -64.4470, -485.9150, 84.9710,  0, 127, 127,  1,  a_Frenzied_Velium_Stalker
