P -1415.0000, 0.0000, 233.0000,  0, 255, 255,  3,  Aten_Ha_Ra
P -141.0000, 322.0000, 125.0000,  0, 255, 255,  3,  Khaas_Thox_Xi_Aten_Ha_Ra
P -143.0000, -320.0000, 125.0000,  0, 255, 0,  3,  Khaas_Thox_Xi_Aten_Ha_Ra
P -853.0000, 471.0000, 116.0000,  0, 255, 255,  3,  Diabo_Xi_Va_Temariel
P -959.0000, -2.0000, 0.0000,  0, 255, 255,  3,  Kaas_Thox_Xi_Ans_Dyek_-_Blob_1
P -1122.0000, 457.0000, 68.0000,  0, 255, 255,  3,  Diabo_Xi_Xin
P -1120.0000, -474.0000, 68.0000,  0, 255, 255,  3,  Diabo_Xi_Va
P -1728.0000, -2.0000, 68.0000,  0, 255, 255,  3,  Diabo_Xi_Xin_Thall
P -1933.0000, -4.0000, 116.0000,  0, 255, 255,  3,  Thall_Va_Kelun
P -857.0000, -471.0000, 116.0000,  0, 255, 255,  3,  Thall_Xundraux_Diabo
P -718.0000, 1.0000, 125.0000,  0, 255, 255,  3,  Va_Xi_Aten_Ha_Ra
