L -1064.0000, 1345.0000, 365.0000,  -1064.0000, 1364.0000, 365.0000,  0, 0, 0
L -1056.0000, 1345.0000, 365.0000,  -1064.0000, 1345.0000, 365.0000,  0, 0, 0
L -1056.0000, 1343.0000, 365.0000,  -1056.0000, 1345.0000, 365.0000,  0, 0, 0
L -1064.0000, 1343.0000, 365.0000,  -1056.0000, 1343.0000, 365.0000,  0, 0, 0
L -1064.0000, 1324.0000, 365.0000,  -1064.0000, 1343.0000, 365.0000,  0, 0, 0
L -1066.0000, 1324.0000, 365.0000,  -1064.0000, 1324.0000, 365.0000,  0, 0, 0
L -1066.0000, 1366.0000, 363.0000,  -1066.0000, 1324.0000, 365.0000,  0, 0, 0
L -1001.0000, 1366.0000, 399.0000,  -1066.0000, 1366.0000, 363.0000,  0, 0, 0
L -1001.0000, 1309.0000, 399.0000,  -1001.0000, 1366.0000, 399.0000,  0, 0, 0
L -999.0000, 1264.0000, 398.0000,  -1001.0000, 1309.0000, 399.0000,  0, 0, 0
L -1066.0000, 1266.0000, 365.0000,  -999.0000, 1264.0000, 398.0000,  0, 0, 0
L -1066.0000, 1309.0000, 365.0000,  -1066.0000, 1266.0000, 365.0000,  0, 0, 0
L -1064.0000, 1309.0000, 365.0000,  -1066.0000, 1309.0000, 365.0000,  0, 0, 0
L -1064.0000, 1290.0000, 365.0000,  -1064.0000, 1309.0000, 365.0000,  0, 0, 0
L -1057.0000, 1290.0000, 365.0000,  -1064.0000, 1290.0000, 365.0000,  0, 0, 0
L -1056.0000, 1287.0000, 365.0000,  -1057.0000, 1290.0000, 365.0000,  0, 0, 0
L -1064.0000, 1287.0000, 365.0000,  -1056.0000, 1287.0000, 365.0000,  0, 0, 0
L -1064.0000, 1268.0000, 365.0000,  -1064.0000, 1287.0000, 365.0000,  0, 0, 0
L -1040.0000, 1268.0000, 365.0000,  -1064.0000, 1268.0000, 365.0000,  0, 0, 0
L -1038.0000, 1274.0000, 365.0000,  -1040.0000, 1268.0000, 365.0000,  0, 0, 0
L -1038.0000, 1288.0000, 365.0000,  -1038.0000, 1274.0000, 365.0000,  0, 0, 0
L -1042.0000, 1288.0000, 365.0000,  -1038.0000, 1288.0000, 365.0000,  0, 0, 0
L -1042.0000, 1290.0000, 365.0000,  -1042.0000, 1288.0000, 365.0000,  0, 0, 0
L -1030.0000, 1290.0000, 365.0000,  -1042.0000, 1290.0000, 365.0000,  0, 0, 0
L -1030.0000, 1343.0000, 365.0000,  -1030.0000, 1290.0000, 365.0000,  0, 0, 0
L -1041.0000, 1343.0000, 365.0000,  -1030.0000, 1343.0000, 365.0000,  0, 0, 0
L -1041.0000, 1345.0000, 365.0000,  -1041.0000, 1343.0000, 365.0000,  0, 0, 0
L -1038.0000, 1345.0000, 365.0000,  -1041.0000, 1345.0000, 365.0000,  0, 0, 0
L -1038.0000, 1364.0000, 370.0000,  -1038.0000, 1345.0000, 365.0000,  0, 0, 0
L -1064.0000, 1364.0000, 365.0000,  -1038.0000, 1364.0000, 370.0000,  0, 0, 0
L -404.0000, 1868.0000, 277.0000,  -387.0000, 1764.0000, 277.0000,  0, 0, 0
L -390.0000, 1903.0000, 277.0000,  -404.0000, 1868.0000, 277.0000,  0, 0, 0
L -403.0000, 1936.0000, 276.0000,  -390.0000, 1903.0000, 277.0000,  0, 0, 0
L -422.0000, 1954.0000, 277.0000,  -403.0000, 1936.0000, 276.0000,  0, 0, 0
L -463.0000, 1982.0000, 277.0000,  -422.0000, 1954.0000, 277.0000,  0, 0, 0
L -496.0000, 1991.0000, 276.0000,  -463.0000, 1982.0000, 277.0000,  0, 0, 0
L -524.0000, 2019.0000, 276.0000,  -496.0000, 1991.0000, 276.0000,  0, 0, 0
L -545.0000, 2039.0000, 278.0000,  -524.0000, 2019.0000, 276.0000,  0, 0, 0
L -578.0000, 2047.0000, 286.0000,  -545.0000, 2039.0000, 278.0000,  0, 0, 0
L -609.0000, 2044.0000, 294.0000,  -578.0000, 2047.0000, 286.0000,  0, 0, 0
L -635.0000, 2037.0000, 300.0000,  -609.0000, 2044.0000, 294.0000,  0, 0, 0
L -664.0000, 2030.0000, 301.0000,  -635.0000, 2037.0000, 300.0000,  0, 0, 0
L -696.0000, 2031.0000, 301.0000,  -664.0000, 2030.0000, 301.0000,  0, 0, 0
L -713.0000, 2034.0000, 301.0000,  -696.0000, 2031.0000, 301.0000,  0, 0, 0
L -727.0000, 2030.0000, 301.0000,  -713.0000, 2034.0000, 301.0000,  0, 0, 0
L -762.0000, 2008.0000, 300.0000,  -727.0000, 2030.0000, 301.0000,  0, 0, 0
L -780.0000, 1987.0000, 301.0000,  -762.0000, 2008.0000, 300.0000,  0, 0, 0
L -780.0000, 1966.0000, 301.0000,  -780.0000, 1987.0000, 301.0000,  0, 0, 0
L -785.0000, 1935.0000, 301.0000,  -780.0000, 1966.0000, 301.0000,  0, 0, 0
L -806.0000, 1886.0000, 298.0000,  -785.0000, 1935.0000, 301.0000,  0, 0, 0
L -856.0000, 1864.0000, 301.0000,  -806.0000, 1886.0000, 298.0000,  0, 0, 0
L -888.0000, 1858.0000, 301.0000,  -856.0000, 1864.0000, 301.0000,  0, 0, 0
L -901.0000, 1864.0000, 301.0000,  -888.0000, 1858.0000, 301.0000,  0, 0, 0
L -937.0000, 1873.0000, 310.0000,  -901.0000, 1864.0000, 301.0000,  0, 0, 0
L -970.0000, 1878.0000, 318.0000,  -937.0000, 1873.0000, 310.0000,  0, 0, 0
L -999.0000, 1873.0000, 325.0000,  -970.0000, 1878.0000, 318.0000,  0, 0, 0
L -1033.0000, 1859.0000, 334.0000,  -999.0000, 1873.0000, 325.0000,  0, 0, 0
L -1064.0000, 1856.0000, 341.0000,  -1033.0000, 1859.0000, 334.0000,  0, 0, 0
L -1098.0000, 1846.0000, 348.0000,  -1064.0000, 1856.0000, 341.0000,  0, 0, 0
L -1117.0000, 1827.0000, 349.0000,  -1098.0000, 1846.0000, 348.0000,  0, 0, 0
L -1128.0000, 1797.0000, 356.0000,  -1117.0000, 1827.0000, 349.0000,  0, 0, 0
L -1114.0000, 1761.0000, 366.0000,  -1128.0000, 1797.0000, 356.0000,  0, 0, 0
L -1126.0000, 1664.0000, 390.0000,  -1114.0000, 1761.0000, 366.0000,  0, 0, 0
L -1143.0000, 1603.0000, 405.0000,  -1126.0000, 1664.0000, 390.0000,  0, 0, 0
L -1124.0000, 1583.0000, 404.0000,  -1143.0000, 1603.0000, 405.0000,  0, 0, 0
L -1133.0000, 1537.0000, 368.0000,  -1124.0000, 1583.0000, 404.0000,  0, 0, 0
L -1126.0000, 1494.0000, 404.0000,  -1133.0000, 1537.0000, 368.0000,  0, 0, 0
L -1139.0000, 1480.0000, 404.0000,  -1126.0000, 1494.0000, 404.0000,  0, 0, 0
L -1170.0000, 1480.0000, 368.0000,  -1139.0000, 1480.0000, 404.0000,  0, 0, 0
L -1171.0000, 1470.0000, 366.0000,  -1170.0000, 1480.0000, 368.0000,  0, 0, 0
L -1139.0000, 1470.0000, 404.0000,  -1171.0000, 1470.0000, 366.0000,  0, 0, 0
L -1124.0000, 1455.0000, 405.0000,  -1139.0000, 1470.0000, 404.0000,  0, 0, 0
L -1074.0000, 1444.0000, 405.0000,  -1124.0000, 1455.0000, 405.0000,  0, 0, 0
L -1032.0000, 1440.0000, 405.0000,  -1074.0000, 1444.0000, 405.0000,  0, 0, 0
L -1003.0000, 1410.0000, 405.0000,  -1032.0000, 1440.0000, 405.0000,  0, 0, 0
L -996.0000, 1240.0000, 405.0000,  -1003.0000, 1410.0000, 405.0000,  0, 0, 0
L -1000.0000, 1211.0000, 405.0000,  -996.0000, 1240.0000, 405.0000,  0, 0, 0
L -1029.0000, 1211.0000, 366.0000,  -1000.0000, 1211.0000, 405.0000,  0, 0, 0
L -1068.0000, 1198.0000, 367.0000,  -1029.0000, 1211.0000, 366.0000,  0, 0, 0
L -1126.0000, 1173.0000, 366.0000,  -1068.0000, 1198.0000, 367.0000,  0, 0, 0
L -1164.0000, 1142.0000, 366.0000,  -1126.0000, 1173.0000, 366.0000,  0, 0, 0
L -1160.0000, 621.0000, 366.0000,  -1164.0000, 1142.0000, 366.0000,  0, 0, 0
L -1120.0000, 591.0000, 366.0000,  -1160.0000, 621.0000, 366.0000,  0, 0, 0
L -1070.0000, 571.0000, 367.0000,  -1120.0000, 591.0000, 366.0000,  0, 0, 0
L -1001.0000, 555.0000, 405.0000,  -1070.0000, 571.0000, 367.0000,  0, 0, 0
L -1006.0000, 503.0000, 405.0000,  -1001.0000, 555.0000, 405.0000,  0, 0, 0
L -1001.0000, 472.0000, 405.0000,  -1006.0000, 503.0000, 405.0000,  0, 0, 0
L -1029.0000, 443.0000, 405.0000,  -1001.0000, 472.0000, 405.0000,  0, 0, 0
L -1070.0000, 439.0000, 405.0000,  -1029.0000, 443.0000, 405.0000,  0, 0, 0
L -1122.0000, 427.0000, 404.0000,  -1070.0000, 439.0000, 405.0000,  0, 0, 0
L -1136.0000, 413.0000, 404.0000,  -1122.0000, 427.0000, 404.0000,  0, 0, 0
L -1168.0000, 413.0000, 366.0000,  -1136.0000, 413.0000, 404.0000,  0, 0, 0
L -1167.0000, 403.0000, 366.0000,  -1168.0000, 413.0000, 366.0000,  0, 0, 0
L -1136.0000, 403.0000, 404.0000,  -1167.0000, 403.0000, 366.0000,  0, 0, 0
L -1119.0000, 387.0000, 405.0000,  -1136.0000, 403.0000, 404.0000,  0, 0, 0
L -1054.0000, 367.0000, 406.0000,  -1119.0000, 387.0000, 405.0000,  0, 0, 0
L -992.0000, 369.0000, 412.0000,  -1054.0000, 367.0000, 406.0000,  0, 0, 0
L -975.0000, 385.0000, 412.0000,  -992.0000, 369.0000, 412.0000,  0, 0, 0
L -950.0000, 384.0000, 376.0000,  -975.0000, 385.0000, 412.0000,  0, 0, 0
L -932.0000, 376.0000, 376.0000,  -950.0000, 384.0000, 376.0000,  0, 0, 0
L -911.0000, 384.0000, 376.0000,  -932.0000, 376.0000, 376.0000,  0, 0, 0
L -885.0000, 385.0000, 412.0000,  -911.0000, 384.0000, 376.0000,  0, 0, 0
L -864.0000, 368.0000, 413.0000,  -885.0000, 385.0000, 412.0000,  0, 0, 0
L -801.0000, 388.0000, 413.0000,  -864.0000, 368.0000, 413.0000,  0, 0, 0
L -769.0000, 385.0000, 413.0000,  -801.0000, 388.0000, 413.0000,  0, 0, 0
L -700.0000, 408.0000, 413.0000,  -769.0000, 385.0000, 413.0000,  0, 0, 0
L -668.0000, 417.0000, 413.0000,  -700.0000, 408.0000, 413.0000,  0, 0, 0
L -636.0000, 414.0000, 413.0000,  -668.0000, 417.0000, 413.0000,  0, 0, 0
L -600.0000, 425.0000, 413.0000,  -636.0000, 414.0000, 413.0000,  0, 0, 0
L -561.0000, 419.0000, 413.0000,  -600.0000, 425.0000, 413.0000,  0, 0, 0
L -532.0000, 433.0000, 413.0000,  -561.0000, 419.0000, 413.0000,  0, 0, 0
L -467.0000, 454.0000, 413.0000,  -532.0000, 433.0000, 413.0000,  0, 0, 0
L -447.0000, 475.0000, 413.0000,  -467.0000, 454.0000, 413.0000,  0, 0, 0
L -435.0000, 514.0000, 413.0000,  -447.0000, 475.0000, 413.0000,  0, 0, 0
L -438.0000, 544.0000, 413.0000,  -435.0000, 514.0000, 413.0000,  0, 0, 0
L -418.0000, 610.0000, 413.0000,  -438.0000, 544.0000, 413.0000,  0, 0, 0
L -425.0000, 624.0000, 413.0000,  -418.0000, 610.0000, 413.0000,  0, 0, 0
L -418.0000, 657.0000, 413.0000,  -425.0000, 624.0000, 413.0000,  0, 0, 0
L -394.0000, 707.0000, 413.0000,  -418.0000, 657.0000, 413.0000,  0, 0, 0
L -346.0000, 728.0000, 413.0000,  -394.0000, 707.0000, 413.0000,  0, 0, 0
L -325.0000, 731.0000, 413.0000,  -346.0000, 728.0000, 413.0000,  0, 0, 0
L -292.0000, 732.0000, 412.0000,  -325.0000, 731.0000, 413.0000,  0, 0, 0
L -275.0000, 750.0000, 412.0000,  -292.0000, 732.0000, 412.0000,  0, 0, 0
L -270.0000, 784.0000, 405.0000,  -275.0000, 750.0000, 412.0000,  0, 0, 0
L -257.0000, 817.0000, 397.0000,  -270.0000, 784.0000, 405.0000,  0, 0, 0
L -252.0000, 849.0000, 389.0000,  -257.0000, 817.0000, 397.0000,  0, 0, 0
L -266.0000, 914.0000, 372.0000,  -252.0000, 849.0000, 389.0000,  0, 0, 0
L -282.0000, 931.0000, 372.0000,  -266.0000, 914.0000, 372.0000,  0, 0, 0
L -284.0000, 936.0000, 365.0000,  -282.0000, 931.0000, 372.0000,  0, 0, 0
L -279.0000, 962.0000, 336.0000,  -284.0000, 936.0000, 365.0000,  0, 0, 0
L -274.0000, 973.0000, 336.0000,  -279.0000, 962.0000, 336.0000,  0, 0, 0
L -279.0000, 994.0000, 339.0000,  -274.0000, 973.0000, 336.0000,  0, 0, 0
L -282.0000, 1008.0000, 350.0000,  -279.0000, 994.0000, 339.0000,  0, 0, 0
L -282.0000, 1021.0000, 372.0000,  -282.0000, 1008.0000, 350.0000,  0, 0, 0
L -265.0000, 1041.0000, 373.0000,  -282.0000, 1021.0000, 372.0000,  0, 0, 0
L -274.0000, 1072.0000, 365.0000,  -265.0000, 1041.0000, 373.0000,  0, 0, 0
L -280.0000, 1136.0000, 350.0000,  -274.0000, 1072.0000, 365.0000,  0, 0, 0
L -285.0000, 1168.0000, 341.0000,  -280.0000, 1136.0000, 350.0000,  0, 0, 0
L -271.0000, 1200.0000, 333.0000,  -285.0000, 1168.0000, 341.0000,  0, 0, 0
L -283.0000, 1234.0000, 324.0000,  -271.0000, 1200.0000, 333.0000,  0, 0, 0
L -305.0000, 1252.0000, 325.0000,  -283.0000, 1234.0000, 324.0000,  0, 0, 0
L -347.0000, 1255.0000, 325.0000,  -305.0000, 1252.0000, 325.0000,  0, 0, 0
L -361.0000, 1258.0000, 325.0000,  -347.0000, 1255.0000, 325.0000,  0, 0, 0
L -406.0000, 1278.0000, 324.0000,  -361.0000, 1258.0000, 325.0000,  0, 0, 0
L -428.0000, 1328.0000, 325.0000,  -406.0000, 1278.0000, 324.0000,  0, 0, 0
L -434.0000, 1360.0000, 325.0000,  -428.0000, 1328.0000, 325.0000,  0, 0, 0
L -428.0000, 1378.0000, 324.0000,  -434.0000, 1360.0000, 325.0000,  0, 0, 0
L -444.0000, 1395.0000, 324.0000,  -428.0000, 1378.0000, 324.0000,  0, 0, 0
L -441.0000, 1424.0000, 288.0000,  -444.0000, 1395.0000, 324.0000,  0, 0, 0
L -438.0000, 1442.0000, 288.0000,  -441.0000, 1424.0000, 288.0000,  0, 0, 0
L -442.0000, 1457.0000, 290.0000,  -438.0000, 1442.0000, 288.0000,  0, 0, 0
L -442.0000, 1474.0000, 302.0000,  -442.0000, 1457.0000, 290.0000,  0, 0, 0
L -444.0000, 1485.0000, 324.0000,  -442.0000, 1474.0000, 302.0000,  0, 0, 0
L -427.0000, 1504.0000, 325.0000,  -444.0000, 1485.0000, 324.0000,  0, 0, 0
L -418.0000, 1536.0000, 317.0000,  -427.0000, 1504.0000, 325.0000,  0, 0, 0
L -414.0000, 1570.0000, 309.0000,  -418.0000, 1536.0000, 317.0000,  0, 0, 0
L -401.0000, 1600.0000, 301.0000,  -414.0000, 1570.0000, 309.0000,  0, 0, 0
L -396.0000, 1633.0000, 293.0000,  -401.0000, 1600.0000, 301.0000,  0, 0, 0
L -401.0000, 1665.0000, 285.0000,  -396.0000, 1633.0000, 293.0000,  0, 0, 0
L -398.0000, 1697.0000, 277.0000,  -401.0000, 1665.0000, 285.0000,  0, 0, 0
L -387.0000, 1764.0000, 277.0000,  -398.0000, 1697.0000, 277.0000,  0, 0, 0
L 168.0000, 2450.0000, 158.0000,  180.0000, 2390.0000, 173.0000,  0, 0, 0
L 160.0000, 2468.0000, 157.0000,  168.0000, 2450.0000, 158.0000,  0, 0, 0
L 170.0000, 2509.0000, 157.0000,  160.0000, 2468.0000, 157.0000,  0, 0, 0
L 189.0000, 2552.0000, 156.0000,  170.0000, 2509.0000, 157.0000,  0, 0, 0
L 238.0000, 2573.0000, 157.0000,  189.0000, 2552.0000, 156.0000,  0, 0, 0
L 268.0000, 2577.0000, 157.0000,  238.0000, 2573.0000, 157.0000,  0, 0, 0
L 292.0000, 2577.0000, 156.0000,  268.0000, 2577.0000, 157.0000,  0, 0, 0
L 311.0000, 2599.0000, 156.0000,  292.0000, 2577.0000, 156.0000,  0, 0, 0
L 290.0000, 2618.0000, 158.0000,  311.0000, 2599.0000, 156.0000,  0, 0, 0
L 257.0000, 2626.0000, 166.0000,  290.0000, 2618.0000, 158.0000,  0, 0, 0
L 225.0000, 2623.0000, 174.0000,  257.0000, 2626.0000, 166.0000,  0, 0, 0
L 193.0000, 2614.0000, 181.0000,  225.0000, 2623.0000, 174.0000,  0, 0, 0
L 169.0000, 2609.0000, 181.0000,  193.0000, 2614.0000, 181.0000,  0, 0, 0
L 136.0000, 2610.0000, 181.0000,  169.0000, 2609.0000, 181.0000,  0, 0, 0
L 121.0000, 2613.0000, 181.0000,  136.0000, 2610.0000, 181.0000,  0, 0, 0
L 105.0000, 2608.0000, 181.0000,  121.0000, 2613.0000, 181.0000,  0, 0, 0
L 74.0000, 2588.0000, 181.0000,  105.0000, 2608.0000, 181.0000,  0, 0, 0
L 55.0000, 2566.0000, 181.0000,  74.0000, 2588.0000, 181.0000,  0, 0, 0
L 54.0000, 2543.0000, 181.0000,  55.0000, 2566.0000, 181.0000,  0, 0, 0
L 48.0000, 2509.0000, 181.0000,  54.0000, 2543.0000, 181.0000,  0, 0, 0
L 29.0000, 2465.0000, 178.0000,  48.0000, 2509.0000, 181.0000,  0, 0, 0
L -24.0000, 2443.0000, 181.0000,  29.0000, 2465.0000, 178.0000,  0, 0, 0
L -52.0000, 2437.0000, 181.0000,  -24.0000, 2443.0000, 181.0000,  0, 0, 0
L -71.0000, 2445.0000, 182.0000,  -52.0000, 2437.0000, 181.0000,  0, 0, 0
L -134.0000, 2457.0000, 198.0000,  -71.0000, 2445.0000, 182.0000,  0, 0, 0
L -165.0000, 2451.0000, 205.0000,  -134.0000, 2457.0000, 198.0000,  0, 0, 0
L -198.0000, 2438.0000, 214.0000,  -165.0000, 2451.0000, 205.0000,  0, 0, 0
L -232.0000, 2435.0000, 222.0000,  -198.0000, 2438.0000, 214.0000,  0, 0, 0
L -263.0000, 2425.0000, 228.0000,  -232.0000, 2435.0000, 222.0000,  0, 0, 0
L -281.0000, 2406.0000, 229.0000,  -263.0000, 2425.0000, 228.0000,  0, 0, 0
L -292.0000, 2371.0000, 238.0000,  -281.0000, 2406.0000, 229.0000,  0, 0, 0
L -279.0000, 2341.0000, 246.0000,  -292.0000, 2371.0000, 238.0000,  0, 0, 0
L -284.0000, 2313.0000, 253.0000,  -279.0000, 2341.0000, 246.0000,  0, 0, 0
L -291.0000, 2245.0000, 270.0000,  -284.0000, 2313.0000, 253.0000,  0, 0, 0
L -298.0000, 2212.0000, 276.0000,  -291.0000, 2245.0000, 270.0000,  0, 0, 0
L -278.0000, 2193.0000, 277.0000,  -298.0000, 2212.0000, 276.0000,  0, 0, 0
L -247.0000, 2184.0000, 277.0000,  -278.0000, 2193.0000, 277.0000,  0, 0, 0
L -207.0000, 2179.0000, 277.0000,  -247.0000, 2184.0000, 277.0000,  0, 0, 0
L -179.0000, 2151.0000, 277.0000,  -207.0000, 2179.0000, 277.0000,  0, 0, 0
L -175.0000, 2121.0000, 277.0000,  -179.0000, 2151.0000, 277.0000,  0, 0, 0
L -186.0000, 2077.0000, 277.0000,  -175.0000, 2121.0000, 277.0000,  0, 0, 0
L -173.0000, 2039.0000, 277.0000,  -186.0000, 2077.0000, 277.0000,  0, 0, 0
L -176.0000, 2009.0000, 277.0000,  -173.0000, 2039.0000, 277.0000,  0, 0, 0
L -206.0000, 1980.0000, 277.0000,  -176.0000, 2009.0000, 277.0000,  0, 0, 0
L -241.0000, 1970.0000, 277.0000,  -206.0000, 1980.0000, 277.0000,  0, 0, 0
L -280.0000, 1952.0000, 276.0000,  -241.0000, 1970.0000, 277.0000,  0, 0, 0
L -298.0000, 1933.0000, 277.0000,  -280.0000, 1952.0000, 276.0000,  0, 0, 0
L -311.0000, 1868.0000, 277.0000,  -298.0000, 1933.0000, 277.0000,  0, 0, 0
L -304.0000, 1828.0000, 276.0000,  -311.0000, 1868.0000, 277.0000,  0, 0, 0
L -283.0000, 1809.0000, 277.0000,  -304.0000, 1828.0000, 276.0000,  0, 0, 0
L -250.0000, 1808.0000, 277.0000,  -283.0000, 1809.0000, 277.0000,  0, 0, 0
L -214.0000, 1811.0000, 277.0000,  -250.0000, 1808.0000, 277.0000,  0, 0, 0
L -152.0000, 1791.0000, 277.0000,  -214.0000, 1811.0000, 277.0000,  0, 0, 0
L -87.0000, 1797.0000, 261.0000,  -152.0000, 1791.0000, 277.0000,  0, 0, 0
L -60.0000, 1802.0000, 254.0000,  -87.0000, 1797.0000, 261.0000,  0, 0, 0
L -22.0000, 1810.0000, 244.0000,  -60.0000, 1802.0000, 254.0000,  0, 0, 0
L -4.0000, 1830.0000, 245.0000,  -22.0000, 1810.0000, 244.0000,  0, 0, 0
L 0.0000, 1861.0000, 237.0000,  -4.0000, 1830.0000, 245.0000,  0, 0, 0
L 13.0000, 1894.0000, 229.0000,  0.0000, 1861.0000, 237.0000,  0, 0, 0
L 18.0000, 1926.0000, 221.0000,  13.0000, 1894.0000, 229.0000,  0, 0, 0
L 5.0000, 1991.0000, 205.0000,  18.0000, 1926.0000, 221.0000,  0, 0, 0
L -2.0000, 2006.0000, 205.0000,  5.0000, 1991.0000, 205.0000,  0, 0, 0
L 11.0000, 2052.0000, 205.0000,  -2.0000, 2006.0000, 205.0000,  0, 0, 0
L 26.0000, 2087.0000, 203.0000,  11.0000, 2052.0000, 205.0000,  0, 0, 0
L 76.0000, 2109.0000, 205.0000,  26.0000, 2087.0000, 203.0000,  0, 0, 0
L 105.0000, 2113.0000, 205.0000,  76.0000, 2109.0000, 205.0000,  0, 0, 0
L 131.0000, 2114.0000, 204.0000,  105.0000, 2113.0000, 205.0000,  0, 0, 0
L 148.0000, 2135.0000, 204.0000,  131.0000, 2114.0000, 204.0000,  0, 0, 0
L 132.0000, 2152.0000, 204.0000,  148.0000, 2135.0000, 204.0000,  0, 0, 0
L 138.0000, 2200.0000, 168.0000,  132.0000, 2152.0000, 204.0000,  0, 0, 0
L 132.0000, 2242.0000, 204.0000,  138.0000, 2200.0000, 168.0000,  0, 0, 0
L 149.0000, 2261.0000, 205.0000,  132.0000, 2242.0000, 204.0000,  0, 0, 0
L 158.0000, 2292.0000, 198.0000,  149.0000, 2261.0000, 205.0000,  0, 0, 0
L 161.0000, 2324.0000, 190.0000,  158.0000, 2292.0000, 198.0000,  0, 0, 0
L 174.0000, 2356.0000, 181.0000,  161.0000, 2324.0000, 190.0000,  0, 0, 0
L 180.0000, 2389.0000, 173.0000,  174.0000, 2356.0000, 181.0000,  0, 0, 0
L 331.0000, 1730.0000, 238.0000,  330.0000, 1720.0000, 238.0000,  0, 0, 0
L 360.0000, 1730.0000, 275.0000,  331.0000, 1730.0000, 238.0000,  0, 0, 0
L 366.0000, 1753.0000, 270.0000,  360.0000, 1730.0000, 275.0000,  0, 0, 0
L 378.0000, 1849.0000, 246.0000,  366.0000, 1753.0000, 270.0000,  0, 0, 0
L 364.0000, 1882.0000, 237.0000,  378.0000, 1849.0000, 246.0000,  0, 0, 0
L 376.0000, 1916.0000, 228.0000,  364.0000, 1882.0000, 237.0000,  0, 0, 0
L 397.0000, 1934.0000, 229.0000,  376.0000, 1916.0000, 228.0000,  0, 0, 0
L 419.0000, 1934.0000, 229.0000,  397.0000, 1934.0000, 229.0000,  0, 0, 0
L 449.0000, 1938.0000, 229.0000,  419.0000, 1934.0000, 229.0000,  0, 0, 0
L 499.0000, 1960.0000, 227.0000,  449.0000, 1938.0000, 229.0000,  0, 0, 0
L 520.0000, 2008.0000, 229.0000,  499.0000, 1960.0000, 227.0000,  0, 0, 0
L 527.0000, 2041.0000, 229.0000,  520.0000, 2008.0000, 229.0000,  0, 0, 0
L 520.0000, 2056.0000, 229.0000,  527.0000, 2041.0000, 229.0000,  0, 0, 0
L 528.0000, 2088.0000, 222.0000,  520.0000, 2056.0000, 229.0000,  0, 0, 0
L 535.0000, 2154.0000, 205.0000,  528.0000, 2088.0000, 222.0000,  0, 0, 0
L 540.0000, 2186.0000, 197.0000,  535.0000, 2154.0000, 205.0000,  0, 0, 0
L 526.0000, 2219.0000, 189.0000,  540.0000, 2186.0000, 197.0000,  0, 0, 0
L 538.0000, 2252.0000, 180.0000,  526.0000, 2219.0000, 189.0000,  0, 0, 0
L 559.0000, 2270.0000, 181.0000,  538.0000, 2252.0000, 180.0000,  0, 0, 0
L 609.0000, 2274.0000, 181.0000,  559.0000, 2270.0000, 181.0000,  0, 0, 0
L 661.0000, 2296.0000, 180.0000,  609.0000, 2274.0000, 181.0000,  0, 0, 0
L 681.0000, 2343.0000, 181.0000,  661.0000, 2296.0000, 180.0000,  0, 0, 0
L 689.0000, 2378.0000, 181.0000,  681.0000, 2343.0000, 181.0000,  0, 0, 0
L 682.0000, 2394.0000, 181.0000,  689.0000, 2378.0000, 181.0000,  0, 0, 0
L 677.0000, 2414.0000, 181.0000,  682.0000, 2394.0000, 181.0000,  0, 0, 0
L 697.0000, 2444.0000, 181.0000,  677.0000, 2414.0000, 181.0000,  0, 0, 0
L 703.0000, 2490.0000, 181.0000,  697.0000, 2444.0000, 181.0000,  0, 0, 0
L 716.0000, 2544.0000, 174.0000,  703.0000, 2490.0000, 181.0000,  0, 0, 0
L 718.0000, 2563.0000, 169.0000,  716.0000, 2544.0000, 174.0000,  0, 0, 0
L 736.0000, 2675.0000, 141.0000,  718.0000, 2563.0000, 169.0000,  0, 0, 0
L 761.0000, 2738.0000, 125.0000,  736.0000, 2675.0000, 141.0000,  0, 0, 0
L 772.0000, 2833.0000, 102.0000,  761.0000, 2738.0000, 125.0000,  0, 0, 0
L 758.0000, 2866.0000, 93.0000,  772.0000, 2833.0000, 102.0000,  0, 0, 0
L 769.0000, 2898.0000, 85.0000,  758.0000, 2866.0000, 93.0000,  0, 0, 0
L 744.0000, 2931.0000, 77.0000,  769.0000, 2898.0000, 85.0000,  0, 0, 0
L 766.0000, 2949.0000, 77.0000,  744.0000, 2931.0000, 77.0000,  0, 0, 0
L 796.0000, 2931.0000, 85.0000,  766.0000, 2949.0000, 77.0000,  0, 0, 0
L 830.0000, 2942.0000, 94.0000,  796.0000, 2931.0000, 85.0000,  0, 0, 0
L 892.0000, 2915.0000, 109.0000,  830.0000, 2942.0000, 94.0000,  0, 0, 0
L 925.0000, 2911.0000, 118.0000,  892.0000, 2915.0000, 109.0000,  0, 0, 0
L 957.0000, 2902.0000, 125.0000,  925.0000, 2911.0000, 118.0000,  0, 0, 0
L 988.0000, 2887.0000, 134.0000,  957.0000, 2902.0000, 125.0000,  0, 0, 0
L 1023.0000, 2897.0000, 142.0000,  988.0000, 2887.0000, 134.0000,  0, 0, 0
L 1087.0000, 2870.0000, 158.0000,  1023.0000, 2897.0000, 142.0000,  0, 0, 0
L 1116.0000, 2867.0000, 165.0000,  1087.0000, 2870.0000, 158.0000,  0, 0, 0
L 1172.0000, 2853.0000, 173.0000,  1116.0000, 2867.0000, 165.0000,  0, 0, 0
L 1204.0000, 2853.0000, 173.0000,  1172.0000, 2853.0000, 173.0000,  0, 0, 0
L 1223.0000, 2857.0000, 173.0000,  1204.0000, 2853.0000, 173.0000,  0, 0, 0
L 1237.0000, 2852.0000, 173.0000,  1223.0000, 2857.0000, 173.0000,  0, 0, 0
L 1268.0000, 2833.0000, 173.0000,  1237.0000, 2852.0000, 173.0000,  0, 0, 0
L 1288.0000, 2811.0000, 173.0000,  1268.0000, 2833.0000, 173.0000,  0, 0, 0
L 1276.0000, 2780.0000, 181.0000,  1288.0000, 2811.0000, 173.0000,  0, 0, 0
L 1272.0000, 2747.0000, 190.0000,  1276.0000, 2780.0000, 181.0000,  0, 0, 0
L 1263.0000, 2715.0000, 197.0000,  1272.0000, 2747.0000, 190.0000,  0, 0, 0
L 1248.0000, 2683.0000, 206.0000,  1263.0000, 2715.0000, 197.0000,  0, 0, 0
L 1259.0000, 2651.0000, 213.0000,  1248.0000, 2683.0000, 206.0000,  0, 0, 0
L 1243.0000, 2615.0000, 222.0000,  1259.0000, 2651.0000, 213.0000,  0, 0, 0
L 1231.0000, 2586.0000, 230.0000,  1243.0000, 2615.0000, 222.0000,  0, 0, 0
L 1228.0000, 2556.0000, 237.0000,  1231.0000, 2586.0000, 230.0000,  0, 0, 0
L 1214.0000, 2500.0000, 245.0000,  1228.0000, 2556.0000, 237.0000,  0, 0, 0
L 1214.0000, 2469.0000, 245.0000,  1214.0000, 2500.0000, 245.0000,  0, 0, 0
L 1218.0000, 2451.0000, 245.0000,  1214.0000, 2469.0000, 245.0000,  0, 0, 0
L 1213.0000, 2436.0000, 245.0000,  1218.0000, 2451.0000, 245.0000,  0, 0, 0
L 1193.0000, 2403.0000, 245.0000,  1213.0000, 2436.0000, 245.0000,  0, 0, 0
L 1193.0000, 2382.0000, 245.0000,  1193.0000, 2403.0000, 245.0000,  0, 0, 0
L 1219.0000, 2301.0000, 242.0000,  1193.0000, 2382.0000, 245.0000,  0, 0, 0
L 1268.0000, 2280.0000, 245.0000,  1219.0000, 2301.0000, 242.0000,  0, 0, 0
L 1302.0000, 2273.0000, 245.0000,  1268.0000, 2280.0000, 245.0000,  0, 0, 0
L 1320.0000, 2279.0000, 246.0000,  1302.0000, 2273.0000, 245.0000,  0, 0, 0
L 1349.0000, 2265.0000, 254.0000,  1320.0000, 2279.0000, 246.0000,  0, 0, 0
L 1383.0000, 2276.0000, 261.0000,  1349.0000, 2265.0000, 254.0000,  0, 0, 0
L 1413.0000, 2262.0000, 269.0000,  1383.0000, 2276.0000, 261.0000,  0, 0, 0
L 1481.0000, 2273.0000, 269.0000,  1413.0000, 2262.0000, 269.0000,  0, 0, 0
L 1549.0000, 2261.0000, 270.0000,  1481.0000, 2273.0000, 269.0000,  0, 0, 0
L 1580.0000, 2246.0000, 277.0000,  1549.0000, 2261.0000, 270.0000,  0, 0, 0
L 1612.0000, 2257.0000, 285.0000,  1580.0000, 2246.0000, 277.0000,  0, 0, 0
L 1645.0000, 2232.0000, 292.0000,  1612.0000, 2257.0000, 285.0000,  0, 0, 0
L 1663.0000, 2211.0000, 293.0000,  1645.0000, 2232.0000, 292.0000,  0, 0, 0
L 1651.0000, 2180.0000, 302.0000,  1663.0000, 2211.0000, 293.0000,  0, 0, 0
L 1646.0000, 2144.0000, 310.0000,  1651.0000, 2180.0000, 302.0000,  0, 0, 0
L 1638.0000, 2115.0000, 317.0000,  1646.0000, 2144.0000, 310.0000,  0, 0, 0
L 1623.0000, 2083.0000, 326.0000,  1638.0000, 2115.0000, 317.0000,  0, 0, 0
L 1633.0000, 2049.0000, 334.0000,  1623.0000, 2083.0000, 326.0000,  0, 0, 0
L 1606.0000, 1986.0000, 350.0000,  1633.0000, 2049.0000, 334.0000,  0, 0, 0
L 1603.0000, 1955.0000, 358.0000,  1606.0000, 1986.0000, 350.0000,  0, 0, 0
L 1590.0000, 1901.0000, 365.0000,  1603.0000, 1955.0000, 358.0000,  0, 0, 0
L 1589.0000, 1869.0000, 365.0000,  1590.0000, 1901.0000, 365.0000,  0, 0, 0
L 1593.0000, 1850.0000, 365.0000,  1589.0000, 1869.0000, 365.0000,  0, 0, 0
L 1588.0000, 1834.0000, 365.0000,  1593.0000, 1850.0000, 365.0000,  0, 0, 0
L 1573.0000, 1802.0000, 364.0000,  1588.0000, 1834.0000, 365.0000,  0, 0, 0
L 1553.0000, 1783.0000, 365.0000,  1573.0000, 1802.0000, 364.0000,  0, 0, 0
L 1528.0000, 1778.0000, 365.0000,  1553.0000, 1783.0000, 365.0000,  0, 0, 0
L 1509.0000, 1767.0000, 365.0000,  1528.0000, 1778.0000, 365.0000,  0, 0, 0
L 1481.0000, 1780.0000, 365.0000,  1509.0000, 1767.0000, 365.0000,  0, 0, 0
L 1481.0000, 1747.0000, 332.0000,  1481.0000, 1780.0000, 365.0000,  0, 0, 0
L 1483.0000, 1706.0000, 327.0000,  1481.0000, 1747.0000, 332.0000,  0, 0, 0
L 1494.0000, 1676.0000, 327.0000,  1483.0000, 1706.0000, 327.0000,  0, 0, 0
L 1524.0000, 1651.0000, 327.0000,  1494.0000, 1676.0000, 327.0000,  0, 0, 0
L 1571.0000, 1634.0000, 327.0000,  1524.0000, 1651.0000, 327.0000,  0, 0, 0
L 1601.0000, 1634.0000, 327.0000,  1571.0000, 1634.0000, 327.0000,  0, 0, 0
L 1601.0000, 924.0000, 327.0000,  1601.0000, 1634.0000, 327.0000,  0, 0, 0
L 1571.0000, 924.0000, 327.0000,  1601.0000, 924.0000, 327.0000,  0, 0, 0
L 1524.0000, 907.0000, 327.0000,  1571.0000, 924.0000, 327.0000,  0, 0, 0
L 1494.0000, 882.0000, 327.0000,  1524.0000, 907.0000, 327.0000,  0, 0, 0
L 1483.0000, 852.0000, 327.0000,  1494.0000, 882.0000, 327.0000,  0, 0, 0
L 1481.0000, 811.0000, 332.0000,  1483.0000, 852.0000, 327.0000,  0, 0, 0
L 1481.0000, 778.0000, 365.0000,  1481.0000, 811.0000, 332.0000,  0, 0, 0
L 1511.0000, 791.0000, 365.0000,  1481.0000, 778.0000, 365.0000,  0, 0, 0
L 1531.0000, 779.0000, 365.0000,  1511.0000, 791.0000, 365.0000,  0, 0, 0
L 1554.0000, 774.0000, 365.0000,  1531.0000, 779.0000, 365.0000,  0, 0, 0
L 1573.0000, 752.0000, 366.0000,  1554.0000, 774.0000, 365.0000,  0, 0, 0
L 1569.0000, 719.0000, 374.0000,  1573.0000, 752.0000, 366.0000,  0, 0, 0
L 1581.0000, 657.0000, 390.0000,  1569.0000, 719.0000, 374.0000,  0, 0, 0
L 1568.0000, 594.0000, 405.0000,  1581.0000, 657.0000, 390.0000,  0, 0, 0
L 1574.0000, 562.0000, 413.0000,  1568.0000, 594.0000, 405.0000,  0, 0, 0
L 1590.0000, 530.0000, 421.0000,  1574.0000, 562.0000, 413.0000,  0, 0, 0
L 1602.0000, 464.0000, 436.0000,  1590.0000, 530.0000, 421.0000,  0, 0, 0
L 1580.0000, 447.0000, 437.0000,  1602.0000, 464.0000, 436.0000,  0, 0, 0
L 1549.0000, 468.0000, 445.0000,  1580.0000, 447.0000, 437.0000,  0, 0, 0
L 1517.0000, 472.0000, 454.0000,  1549.0000, 468.0000, 445.0000,  0, 0, 0
L 1485.0000, 481.0000, 461.0000,  1517.0000, 472.0000, 454.0000,  0, 0, 0
L 1454.0000, 496.0000, 470.0000,  1485.0000, 481.0000, 461.0000,  0, 0, 0
L 1421.0000, 485.0000, 477.0000,  1454.0000, 496.0000, 470.0000,  0, 0, 0
L 1357.0000, 513.0000, 494.0000,  1421.0000, 485.0000, 477.0000,  0, 0, 0
L 1331.0000, 515.0000, 500.0000,  1357.0000, 513.0000, 494.0000,  0, 0, 0
L 1271.0000, 529.0000, 509.0000,  1331.0000, 515.0000, 500.0000,  0, 0, 0
L 1239.0000, 530.0000, 509.0000,  1271.0000, 529.0000, 509.0000,  0, 0, 0
L 1222.0000, 526.0000, 509.0000,  1239.0000, 530.0000, 509.0000,  0, 0, 0
L 1204.0000, 532.0000, 509.0000,  1222.0000, 526.0000, 509.0000,  0, 0, 0
L 1172.0000, 551.0000, 508.0000,  1204.0000, 532.0000, 509.0000,  0, 0, 0
L 1154.0000, 572.0000, 509.0000,  1172.0000, 551.0000, 508.0000,  0, 0, 0
L 1161.0000, 587.0000, 509.0000,  1154.0000, 572.0000, 509.0000,  0, 0, 0
L 1155.0000, 619.0000, 509.0000,  1161.0000, 587.0000, 509.0000,  0, 0, 0
L 1133.0000, 669.0000, 506.0000,  1155.0000, 619.0000, 509.0000,  0, 0, 0
L 1083.0000, 691.0000, 509.0000,  1133.0000, 669.0000, 506.0000,  0, 0, 0
L 1055.0000, 694.0000, 509.0000,  1083.0000, 691.0000, 509.0000,  0, 0, 0
L 1031.0000, 695.0000, 509.0000,  1055.0000, 694.0000, 509.0000,  0, 0, 0
L 998.0000, 674.0000, 509.0000,  1031.0000, 695.0000, 509.0000,  0, 0, 0
L 981.0000, 670.0000, 509.0000,  998.0000, 674.0000, 509.0000,  0, 0, 0
L 965.0000, 674.0000, 509.0000,  981.0000, 670.0000, 509.0000,  0, 0, 0
L 935.0000, 674.0000, 509.0000,  965.0000, 674.0000, 509.0000,  0, 0, 0
L 880.0000, 660.0000, 502.0000,  935.0000, 674.0000, 509.0000,  0, 0, 0
L 846.0000, 656.0000, 493.0000,  880.0000, 660.0000, 502.0000,  0, 0, 0
L 781.0000, 629.0000, 477.0000,  846.0000, 656.0000, 493.0000,  0, 0, 0
L 750.0000, 640.0000, 469.0000,  781.0000, 629.0000, 477.0000,  0, 0, 0
L 716.0000, 624.0000, 461.0000,  750.0000, 640.0000, 469.0000,  0, 0, 0
L 686.0000, 616.0000, 453.0000,  716.0000, 624.0000, 461.0000,  0, 0, 0
L 653.0000, 612.0000, 445.0000,  686.0000, 616.0000, 453.0000,  0, 0, 0
L 621.0000, 600.0000, 445.0000,  653.0000, 612.0000, 445.0000,  0, 0, 0
L 589.0000, 597.0000, 445.0000,  621.0000, 600.0000, 445.0000,  0, 0, 0
L 533.0000, 605.0000, 444.0000,  589.0000, 597.0000, 445.0000,  0, 0, 0
L 513.0000, 626.0000, 445.0000,  533.0000, 605.0000, 444.0000,  0, 0, 0
L 508.0000, 659.0000, 437.0000,  513.0000, 626.0000, 445.0000,  0, 0, 0
L 520.0000, 723.0000, 421.0000,  508.0000, 659.0000, 437.0000,  0, 0, 0
L 512.0000, 753.0000, 413.0000,  520.0000, 723.0000, 421.0000,  0, 0, 0
L 508.0000, 785.0000, 405.0000,  512.0000, 753.0000, 413.0000,  0, 0, 0
L 496.0000, 815.0000, 398.0000,  508.0000, 785.0000, 405.0000,  0, 0, 0
L 490.0000, 850.0000, 389.0000,  496.0000, 815.0000, 398.0000,  0, 0, 0
L 512.0000, 947.0000, 365.0000,  490.0000, 850.0000, 389.0000,  0, 0, 0
L 518.0000, 1009.0000, 349.0000,  512.0000, 947.0000, 365.0000,  0, 0, 0
L 523.0000, 1041.0000, 341.0000,  518.0000, 1009.0000, 349.0000,  0, 0, 0
L 509.0000, 1074.0000, 333.0000,  523.0000, 1041.0000, 341.0000,  0, 0, 0
L 521.0000, 1106.0000, 325.0000,  509.0000, 1074.0000, 333.0000,  0, 0, 0
L 528.0000, 1121.0000, 325.0000,  521.0000, 1106.0000, 325.0000,  0, 0, 0
L 521.0000, 1155.0000, 325.0000,  528.0000, 1121.0000, 325.0000,  0, 0, 0
L 500.0000, 1203.0000, 322.0000,  521.0000, 1155.0000, 325.0000,  0, 0, 0
L 450.0000, 1225.0000, 325.0000,  500.0000, 1203.0000, 322.0000,  0, 0, 0
L 424.0000, 1228.0000, 325.0000,  450.0000, 1225.0000, 325.0000,  0, 0, 0
L 394.0000, 1230.0000, 324.0000,  424.0000, 1228.0000, 325.0000,  0, 0, 0
L 376.0000, 1250.0000, 325.0000,  394.0000, 1230.0000, 324.0000,  0, 0, 0
L 369.0000, 1277.0000, 318.0000,  376.0000, 1250.0000, 325.0000,  0, 0, 0
L 365.0000, 1312.0000, 310.0000,  369.0000, 1277.0000, 318.0000,  0, 0, 0
L 352.0000, 1345.0000, 301.0000,  365.0000, 1312.0000, 310.0000,  0, 0, 0
L 346.0000, 1377.0000, 293.0000,  352.0000, 1345.0000, 301.0000,  0, 0, 0
L 360.0000, 1443.0000, 276.0000,  346.0000, 1377.0000, 293.0000,  0, 0, 0
L 378.0000, 1461.0000, 277.0000,  360.0000, 1443.0000, 276.0000,  0, 0, 0
L 418.0000, 1479.0000, 277.0000,  378.0000, 1461.0000, 277.0000,  0, 0, 0
L 452.0000, 1488.0000, 277.0000,  418.0000, 1479.0000, 277.0000,  0, 0, 0
L 480.0000, 1517.0000, 277.0000,  452.0000, 1488.0000, 277.0000,  0, 0, 0
L 484.0000, 1549.0000, 277.0000,  480.0000, 1517.0000, 277.0000,  0, 0, 0
L 471.0000, 1590.0000, 277.0000,  484.0000, 1549.0000, 277.0000,  0, 0, 0
L 482.0000, 1627.0000, 277.0000,  471.0000, 1590.0000, 277.0000,  0, 0, 0
L 479.0000, 1659.0000, 277.0000,  482.0000, 1627.0000, 277.0000,  0, 0, 0
L 448.0000, 1688.0000, 277.0000,  479.0000, 1659.0000, 277.0000,  0, 0, 0
L 410.0000, 1692.0000, 277.0000,  448.0000, 1688.0000, 277.0000,  0, 0, 0
L 378.0000, 1702.0000, 277.0000,  410.0000, 1692.0000, 277.0000,  0, 0, 0
L 359.0000, 1720.0000, 276.0000,  378.0000, 1702.0000, 277.0000,  0, 0, 0
L 330.0000, 1720.0000, 238.0000,  359.0000, 1720.0000, 276.0000,  0, 0, 0
L 294.0000, 1151.0000, 324.0000,  344.0000, 1129.0000, 325.0000,  0, 0, 0
L 203.0000, 1692.0000, 277.0000,  162.0000, 1687.0000, 277.0000,  0, 0, 0
L 237.0000, 1703.0000, 276.0000,  203.0000, 1692.0000, 277.0000,  0, 0, 0
L 253.0000, 1720.0000, 276.0000,  237.0000, 1703.0000, 276.0000,  0, 0, 0
L 282.0000, 1720.0000, 238.0000,  253.0000, 1720.0000, 276.0000,  0, 0, 0
L 351.0000, 34.0000, 481.0000,  385.0000, 23.0000, 481.0000,  0, 0, 0
L 385.0000, 23.0000, 481.0000,  387.0000, 23.0000, 481.0000,  0, 0, 0
L 387.0000, 23.0000, 481.0000,  424.0000, 20.0000, 481.0000,  0, 0, 0
L 424.0000, 20.0000, 481.0000,  445.0000, -2.0000, 480.0000,  0, 0, 0
L 445.0000, -2.0000, 480.0000,  453.0000, -9.0000, 481.0000,  0, 0, 0
L 453.0000, -9.0000, 481.0000,  457.0000, -40.0000, 481.0000,  0, 0, 0
L 457.0000, -40.0000, 481.0000,  444.0000, -80.0000, 481.0000,  0, 0, 0
L 444.0000, -80.0000, 481.0000,  445.0000, -81.0000, 481.0000,  0, 0, 0
L 445.0000, -81.0000, 481.0000,  446.0000, -83.0000, 481.0000,  0, 0, 0
L 446.0000, -83.0000, 481.0000,  459.0000, -120.0000, 481.0000,  0, 0, 0
L 459.0000, -120.0000, 481.0000,  455.0000, -147.0000, 481.0000,  0, 0, 0
L 455.0000, -147.0000, 481.0000,  455.0000, -151.0000, 481.0000,  0, 0, 0
L 455.0000, -151.0000, 481.0000,  453.0000, -152.0000, 480.0000,  0, 0, 0
L 453.0000, -152.0000, 480.0000,  426.0000, -180.0000, 481.0000,  0, 0, 0
L 426.0000, -180.0000, 481.0000,  391.0000, -189.0000, 481.0000,  0, 0, 0
L 391.0000, -189.0000, 481.0000,  390.0000, -190.0000, 481.0000,  0, 0, 0
L 390.0000, -190.0000, 481.0000,  352.0000, -207.0000, 481.0000,  0, 0, 0
L 352.0000, -207.0000, 481.0000,  269.0000, -216.0000, 481.0000,  0, 0, 0
L 269.0000, -216.0000, 481.0000,  210.0000, -207.0000, 481.0000,  0, 0, 0
L 210.0000, -207.0000, 481.0000,  167.0000, -188.0000, 481.0000,  0, 0, 0
L 167.0000, -188.0000, 481.0000,  165.0000, -188.0000, 481.0000,  0, 0, 0
L 165.0000, -188.0000, 481.0000,  135.0000, -180.0000, 481.0000,  0, 0, 0
L 135.0000, -180.0000, 481.0000,  133.0000, -179.0000, 481.0000,  0, 0, 0
L 133.0000, -179.0000, 481.0000,  132.0000, -177.0000, 480.0000,  0, 0, 0
L 132.0000, -177.0000, 480.0000,  105.0000, -151.0000, 481.0000,  0, 0, 0
L 105.0000, -151.0000, 481.0000,  102.0000, -124.0000, 481.0000,  0, 0, 0
L 102.0000, -124.0000, 481.0000,  102.0000, -118.0000, 481.0000,  0, 0, 0
L 102.0000, -118.0000, 481.0000,  115.0000, -80.0000, 481.0000,  0, 0, 0
L 115.0000, -80.0000, 481.0000,  115.0000, -78.0000, 481.0000,  0, 0, 0
L 115.0000, -78.0000, 481.0000,  103.0000, -40.0000, 481.0000,  0, 0, 0
L 103.0000, -40.0000, 481.0000,  107.0000, -9.0000, 481.0000,  0, 0, 0
L 107.0000, -9.0000, 481.0000,  109.0000, -8.0000, 480.0000,  0, 0, 0
L 109.0000, -8.0000, 480.0000,  136.0000, 20.0000, 481.0000,  0, 0, 0
L 136.0000, 20.0000, 481.0000,  176.0000, 24.0000, 481.0000,  0, 0, 0
L 176.0000, 24.0000, 481.0000,  177.0000, 24.0000, 481.0000,  0, 0, 0
L 177.0000, 24.0000, 481.0000,  208.0000, 33.0000, 481.0000,  0, 0, 0
L 208.0000, 33.0000, 485.0000,  227.0000, 52.0000, 484.0000,  0, 0, 0
L 227.0000, 52.0000, 484.0000,  255.0000, 52.0000, 446.0000,  0, 0, 0
L 255.0000, 52.0000, 446.0000,  257.0000, 62.0000, 446.0000,  0, 0, 0
L 257.0000, 62.0000, 446.0000,  228.0000, 62.0000, 485.0000,  0, 0, 0
L 228.0000, 62.0000, 485.0000,  257.0000, 186.0000, 485.0000,  0, 0, 0
L 257.0000, 186.0000, 485.0000,  250.0000, 203.0000, 485.0000,  0, 0, 0
L 250.0000, 203.0000, 485.0000,  256.0000, 236.0000, 485.0000,  0, 0, 0
L 256.0000, 236.0000, 485.0000,  280.0000, 285.0000, 467.0000,  0, 0, 0
L 280.0000, 285.0000, 467.0000,  323.0000, 298.0000, 472.0000,  0, 0, 0
L 323.0000, 298.0000, 472.0000,  380.0000, 311.0000, 485.0000,  0, 0, 0
L 380.0000, 311.0000, 485.0000,  400.0000, 329.0000, 484.0000,  0, 0, 0
L 400.0000, 329.0000, 484.0000,  405.0000, 364.0000, 477.0000,  0, 0, 0
L 405.0000, 364.0000, 477.0000,  417.0000, 393.0000, 470.0000,  0, 0, 0
L 417.0000, 393.0000, 470.0000,  423.0000, 423.0000, 462.0000,  0, 0, 0
L 423.0000, 423.0000, 462.0000,  418.0000, 461.0000, 453.0000,  0, 0, 0
L 418.0000, 461.0000, 453.0000,  432.0000, 555.0000, 445.0000,  0, 0, 0
L 432.0000, 555.0000, 445.0000,  415.0000, 657.0000, 438.0000,  0, 0, 0
L 415.0000, 657.0000, 438.0000,  429.0000, 687.0000, 429.0000,  0, 0, 0
L 429.0000, 687.0000, 429.0000,  409.0000, 752.0000, 414.0000,  0, 0, 0
L 409.0000, 752.0000, 414.0000,  397.0000, 847.0000, 390.0000,  0, 0, 0
L 397.0000, 847.0000, 390.0000,  411.0000, 879.0000, 381.0000,  0, 0, 0
L 411.0000, 879.0000, 381.0000,  400.0000, 912.0000, 374.0000,  0, 0, 0
L 400.0000, 912.0000, 374.0000,  407.0000, 941.0000, 366.0000,  0, 0, 0
L 407.0000, 941.0000, 366.0000,  412.0000, 977.0000, 357.0000,  0, 0, 0
L 412.0000, 977.0000, 357.0000,  424.0000, 1008.0000, 349.0000,  0, 0, 0
L 424.0000, 1008.0000, 349.0000,  430.0000, 1038.0000, 342.0000,  0, 0, 0
L 430.0000, 1038.0000, 342.0000,  418.0000, 1105.0000, 326.0000,  0, 0, 0
L 418.0000, 1105.0000, 326.0000,  399.0000, 1124.0000, 324.0000,  0, 0, 0
L 399.0000, 1124.0000, 324.0000,  344.0000, 1129.0000, 325.0000,  0, 0, 0
L 294.0000, 1151.0000, 322.0000,  266.0000, 1230.0000, 325.0000,  0, 0, 0
L 266.0000, 1230.0000, 325.0000,  273.0000, 1249.0000, 325.0000,  0, 0, 0
L 273.0000, 1249.0000, 325.0000,  259.0000, 1344.0000, 302.0000,  0, 0, 0
L 259.0000, 1344.0000, 302.0000,  253.0000, 1376.0000, 294.0000,  0, 0, 0
L 253.0000, 1376.0000, 294.0000,  266.0000, 1406.0000, 286.0000,  0, 0, 0
L 266.0000, 1406.0000, 286.0000,  256.0000, 1441.0000, 277.0000,  0, 0, 0
L 256.0000, 1441.0000, 277.0000,  237.0000, 1461.0000, 276.0000,  0, 0, 0
L 237.0000, 1461.0000, 276.0000,  160.0000, 1488.0000, 277.0000,  0, 0, 0
L 160.0000, 1488.0000, 277.0000,  131.0000, 1518.0000, 277.0000,  0, 0, 0
L 131.0000, 1518.0000, 277.0000,  128.0000, 1545.0000, 277.0000,  0, 0, 0
L 128.0000, 1545.0000, 277.0000,  141.0000, 1587.0000, 277.0000,  0, 0, 0
L 141.0000, 1587.0000, 277.0000,  130.0000, 1626.0000, 277.0000,  0, 0, 0
L 130.0000, 1626.0000, 277.0000,  133.0000, 1656.0000, 277.0000,  0, 0, 0
L 133.0000, 1656.0000, 277.0000,  162.0000, 1688.0000, 277.0000,  0, 0, 0
L 253.0000, 1720.0000, 276.0000,  282.0000, 1720.0000, 238.0000,  0, 0, 0
L 282.0000, 1720.0000, 238.0000,  283.0000, 1730.0000, 240.0000,  0, 0, 0
L 283.0000, 1730.0000, 240.0000,  257.0000, 1730.0000, 275.0000,  0, 0, 0
L 257.0000, 1730.0000, 275.0000,  263.0000, 1753.0000, 270.0000,  0, 0, 0
L 263.0000, 1753.0000, 270.0000,  266.0000, 1785.0000, 262.0000,  0, 0, 0
L 266.0000, 1785.0000, 262.0000,  279.0000, 1817.0000, 253.0000,  0, 0, 0
L 279.0000, 1817.0000, 253.0000,  285.0000, 1848.0000, 246.0000,  0, 0, 0
L 285.0000, 1848.0000, 246.0000,  280.0000, 1881.0000, 238.0000,  0, 0, 0
L 280.0000, 1881.0000, 238.0000,  273.0000, 1912.0000, 230.0000,  0, 0, 0
L 273.0000, 1912.0000, 230.0000,  265.0000, 1930.0000, 229.0000,  0, 0, 0
L 265.0000, 1930.0000, 229.0000,  271.0000, 1961.0000, 229.0000,  0, 0, 0
L 271.0000, 1961.0000, 229.0000,  293.0000, 2012.0000, 220.0000,  0, 0, 0
L 293.0000, 2012.0000, 220.0000,  339.0000, 2032.0000, 229.0000,  0, 0, 0
L 339.0000, 2032.0000, 229.0000,  394.0000, 2038.0000, 229.0000,  0, 0, 0
L 394.0000, 2038.0000, 229.0000,  415.0000, 2056.0000, 228.0000,  0, 0, 0
L 415.0000, 2056.0000, 228.0000,  425.0000, 2087.0000, 222.0000,  0, 0, 0
L 425.0000, 2087.0000, 222.0000,  428.0000, 2121.0000, 214.0000,  0, 0, 0
L 428.0000, 2121.0000, 214.0000,  443.0000, 2160.0000, 204.0000,  0, 0, 0
L 443.0000, 2160.0000, 204.0000,  447.0000, 2184.0000, 198.0000,  0, 0, 0
L 447.0000, 2184.0000, 198.0000,  435.0000, 2247.0000, 182.0000,  0, 0, 0
L 435.0000, 2247.0000, 182.0000,  427.0000, 2267.0000, 181.0000,  0, 0, 0
L 427.0000, 2267.0000, 181.0000,  434.0000, 2299.0000, 181.0000,  0, 0, 0
L 434.0000, 2299.0000, 181.0000,  455.0000, 2348.0000, 176.0000,  0, 0, 0
L 455.0000, 2348.0000, 176.0000,  505.0000, 2370.0000, 181.0000,  0, 0, 0
L 505.0000, 2370.0000, 181.0000,  557.0000, 2374.0000, 181.0000,  0, 0, 0
L 557.0000, 2374.0000, 181.0000,  578.0000, 2392.0000, 180.0000,  0, 0, 0
L 578.0000, 2392.0000, 180.0000,  598.0000, 2425.0000, 181.0000,  0, 0, 0
L 598.0000, 2425.0000, 181.0000,  603.0000, 2441.0000, 181.0000,  0, 0, 0
L 603.0000, 2441.0000, 181.0000,  600.0000, 2458.0000, 181.0000,  0, 0, 0
L 600.0000, 2458.0000, 181.0000,  600.0000, 2492.0000, 181.0000,  0, 0, 0
L 600.0000, 2492.0000, 181.0000,  613.0000, 2542.0000, 174.0000,  0, 0, 0
L 613.0000, 2542.0000, 174.0000,  617.0000, 2578.0000, 165.0000,  0, 0, 0
L 617.0000, 2578.0000, 165.0000,  644.0000, 2640.0000, 150.0000,  0, 0, 0
L 644.0000, 2640.0000, 150.0000,  633.0000, 2674.0000, 141.0000,  0, 0, 0
L 633.0000, 2674.0000, 141.0000,  648.0000, 2705.0000, 133.0000,  0, 0, 0
L 648.0000, 2705.0000, 133.0000,  657.0000, 2735.0000, 126.0000,  0, 0, 0
L 657.0000, 2735.0000, 126.0000,  660.0000, 2770.0000, 117.0000,  0, 0, 0
L 660.0000, 2770.0000, 117.0000,  673.0000, 2799.0000, 110.0000,  0, 0, 0
L 673.0000, 2799.0000, 110.0000,  679.0000, 2830.0000, 102.0000,  0, 0, 0
L 679.0000, 2830.0000, 102.0000,  667.0000, 2897.0000, 86.0000,  0, 0, 0
L 667.0000, 2897.0000, 86.0000,  651.0000, 2929.0000, 78.0000,  0, 0, 0
L 651.0000, 2929.0000, 78.0000,  632.0000, 2949.0000, 76.0000,  0, 0, 0
L 632.0000, 2949.0000, 76.0000,  598.0000, 2931.0000, 85.0000,  0, 0, 0
L 598.0000, 2931.0000, 85.0000,  569.0000, 2942.0000, 93.0000,  0, 0, 0
L 569.0000, 2942.0000, 93.0000,  499.0000, 2914.0000, 110.0000,  0, 0, 0
L 499.0000, 2914.0000, 110.0000,  471.0000, 2912.0000, 117.0000,  0, 0, 0
L 471.0000, 2912.0000, 117.0000,  450.0000, 2893.0000, 116.0000,  0, 0, 0
L 450.0000, 2893.0000, 116.0000,  434.0000, 2860.0000, 125.0000,  0, 0, 0
L 434.0000, 2860.0000, 125.0000,  421.0000, 2796.0000, 141.0000,  0, 0, 0
L 421.0000, 2796.0000, 141.0000,  414.0000, 2731.0000, 157.0000,  0, 0, 0
L 414.0000, 2731.0000, 157.0000,  403.0000, 2664.0000, 157.0000,  0, 0, 0
L 403.0000, 2664.0000, 157.0000,  414.0000, 2598.0000, 157.0000,  0, 0, 0
L 414.0000, 2598.0000, 157.0000,  422.0000, 2581.0000, 157.0000,  0, 0, 0
L 422.0000, 2581.0000, 157.0000,  416.0000, 2549.0000, 157.0000,  0, 0, 0
L 416.0000, 2549.0000, 157.0000,  394.0000, 2499.0000, 139.0000,  0, 0, 0
L 394.0000, 2499.0000, 139.0000,  345.0000, 2478.0000, 157.0000,  0, 0, 0
L 345.0000, 2478.0000, 157.0000,  293.0000, 2473.0000, 157.0000,  0, 0, 0
L 293.0000, 2473.0000, 157.0000,  271.0000, 2455.0000, 156.0000,  0, 0, 0
L 271.0000, 2455.0000, 156.0000,  259.0000, 2423.0000, 165.0000,  0, 0, 0
L 259.0000, 2423.0000, 165.0000,  273.0000, 2389.0000, 174.0000,  0, 0, 0
L 273.0000, 2389.0000, 174.0000,  261.0000, 2292.0000, 198.0000,  0, 0, 0
L 261.0000, 2292.0000, 198.0000,  253.0000, 2263.0000, 205.0000,  0, 0, 0
L 253.0000, 2263.0000, 205.0000,  270.0000, 2242.0000, 204.0000,  0, 0, 0
L 270.0000, 2242.0000, 204.0000,  263.0000, 2199.0000, 168.0000,  0, 0, 0
L 263.0000, 2199.0000, 168.0000,  253.0000, 2132.0000, 205.0000,  0, 0, 0
L 253.0000, 2132.0000, 205.0000,  260.0000, 2117.0000, 205.0000,  0, 0, 0
L 260.0000, 2117.0000, 205.0000,  253.0000, 2084.0000, 205.0000,  0, 0, 0
L 253.0000, 2084.0000, 205.0000,  232.0000, 2035.0000, 195.0000,  0, 0, 0
L 232.0000, 2035.0000, 195.0000,  182.0000, 2013.0000, 205.0000,  0, 0, 0
L 182.0000, 2013.0000, 205.0000,  131.0000, 2009.0000, 205.0000,  0, 0, 0
L 131.0000, 2009.0000, 205.0000,  109.0000, 1991.0000, 204.0000,  0, 0, 0
L 109.0000, 1991.0000, 204.0000,  97.0000, 1958.0000, 213.0000,  0, 0, 0
L 97.0000, 1958.0000, 213.0000,  111.0000, 1925.0000, 222.0000,  0, 0, 0
L 111.0000, 1925.0000, 222.0000,  105.0000, 1891.0000, 230.0000,  0, 0, 0
L 105.0000, 1891.0000, 230.0000,  100.0000, 1830.0000, 245.0000,  0, 0, 0
L 100.0000, 1830.0000, 245.0000,  107.0000, 1814.0000, 245.0000,  0, 0, 0
L 107.0000, 1814.0000, 245.0000,  100.0000, 1780.0000, 245.0000,  0, 0, 0
L 100.0000, 1780.0000, 245.0000,  79.0000, 1732.0000, 241.0000,  0, 0, 0
L 79.0000, 1732.0000, 241.0000,  25.0000, 1710.0000, 245.0000,  0, 0, 0
L 25.0000, 1710.0000, 245.0000,  -22.0000, 1706.0000, 245.0000,  0, 0, 0
L -22.0000, 1706.0000, 245.0000,  -55.0000, 1718.0000, 253.0000,  0, 0, 0
L -55.0000, 1718.0000, 253.0000,  -122.0000, 1690.0000, 270.0000,  0, 0, 0
L -122.0000, 1690.0000, 270.0000,  -151.0000, 1688.0000, 277.0000,  0, 0, 0
L -151.0000, 1688.0000, 277.0000,  -217.0000, 1709.0000, 277.0000,  0, 0, 0
L -217.0000, 1709.0000, 277.0000,  -245.0000, 1722.0000, 277.0000,  0, 0, 0
L -245.0000, 1722.0000, 277.0000,  -284.0000, 1717.0000, 277.0000,  0, 0, 0
L -284.0000, 1717.0000, 277.0000,  -305.0000, 1698.0000, 276.0000,  0, 0, 0
L -305.0000, 1698.0000, 276.0000,  -317.0000, 1666.0000, 285.0000,  0, 0, 0
L -317.0000, 1666.0000, 285.0000,  -303.0000, 1631.0000, 294.0000,  0, 0, 0
L -303.0000, 1631.0000, 294.0000,  -315.0000, 1536.0000, 317.0000,  0, 0, 0
L -315.0000, 1536.0000, 317.0000,  -323.0000, 1507.0000, 325.0000,  0, 0, 0
L -323.0000, 1507.0000, 325.0000,  -306.0000, 1485.0000, 324.0000,  0, 0, 0
L -306.0000, 1485.0000, 324.0000,  -313.0000, 1439.0000, 288.0000,  0, 0, 0
L -313.0000, 1439.0000, 288.0000,  -305.0000, 1395.0000, 324.0000,  0, 0, 0
L -305.0000, 1395.0000, 324.0000,  -323.0000, 1377.0000, 325.0000,  0, 0, 0
L -323.0000, 1377.0000, 325.0000,  -305.0000, 1356.0000, 324.0000,  0, 0, 0
L -305.0000, 1356.0000, 324.0000,  -279.0000, 1356.0000, 325.0000,  0, 0, 0
L -279.0000, 1356.0000, 325.0000,  -249.0000, 1351.0000, 325.0000,  0, 0, 0
L -249.0000, 1351.0000, 325.0000,  -200.0000, 1330.0000, 315.0000,  0, 0, 0
L -200.0000, 1330.0000, 315.0000,  -178.0000, 1280.0000, 325.0000,  0, 0, 0
L -178.0000, 1280.0000, 325.0000,  -172.0000, 1248.0000, 325.0000,  0, 0, 0
L -172.0000, 1248.0000, 325.0000,  -180.0000, 1228.0000, 326.0000,  0, 0, 0
L -180.0000, 1228.0000, 326.0000,  -192.0000, 1169.0000, 341.0000,  0, 0, 0
L -192.0000, 1169.0000, 341.0000,  -186.0000, 1134.0000, 350.0000,  0, 0, 0
L -186.0000, 1134.0000, 350.0000,  -173.0000, 1103.0000, 358.0000,  0, 0, 0
L -173.0000, 1103.0000, 358.0000,  -171.0000, 1073.0000, 365.0000,  0, 0, 0
L -171.0000, 1073.0000, 365.0000,  -162.0000, 1040.0000, 373.0000,  0, 0, 0
L -162.0000, 1040.0000, 373.0000,  -144.0000, 1021.0000, 372.0000,  0, 0, 0
L -144.0000, 1021.0000, 372.0000,  -145.0000, 995.0000, 338.0000,  0, 0, 0
L -145.0000, 995.0000, 338.0000,  -145.0000, 956.0000, 336.0000,  0, 0, 0
L -145.0000, 956.0000, 336.0000,  -144.0000, 931.0000, 372.0000,  0, 0, 0
L -144.0000, 931.0000, 372.0000,  -160.0000, 915.0000, 372.0000,  0, 0, 0
L -160.0000, 915.0000, 372.0000,  -173.0000, 880.0000, 381.0000,  0, 0, 0
L -173.0000, 880.0000, 381.0000,  -159.0000, 848.0000, 389.0000,  0, 0, 0
L -159.0000, 848.0000, 389.0000,  -164.0000, 817.0000, 397.0000,  0, 0, 0
L -164.0000, 817.0000, 397.0000,  -170.0000, 753.0000, 413.0000,  0, 0, 0
L -170.0000, 753.0000, 413.0000,  -163.0000, 736.0000, 413.0000,  0, 0, 0
L -163.0000, 736.0000, 413.0000,  -170.0000, 703.0000, 413.0000,  0, 0, 0
L -170.0000, 703.0000, 413.0000,  -191.0000, 654.0000, 410.0000,  0, 0, 0
L -191.0000, 654.0000, 410.0000,  -292.0000, 628.0000, 413.0000,  0, 0, 0
L -292.0000, 628.0000, 413.0000,  -314.0000, 610.0000, 412.0000,  0, 0, 0
L -314.0000, 610.0000, 412.0000,  -350.0000, 514.0000, 413.0000,  0, 0, 0
L -350.0000, 514.0000, 413.0000,  -343.0000, 475.0000, 413.0000,  0, 0, 0
L -343.0000, 475.0000, 413.0000,  -336.0000, 459.0000, 413.0000,  0, 0, 0
L -336.0000, 459.0000, 413.0000,  -342.0000, 426.0000, 413.0000,  0, 0, 0
L -342.0000, 426.0000, 413.0000,  -364.0000, 377.0000, 408.0000,  0, 0, 0
L -364.0000, 377.0000, 408.0000,  -417.0000, 355.0000, 413.0000,  0, 0, 0
L -417.0000, 355.0000, 413.0000,  -467.0000, 351.0000, 413.0000,  0, 0, 0
L -467.0000, 351.0000, 413.0000,  -530.0000, 331.0000, 413.0000,  0, 0, 0
L -530.0000, 331.0000, 413.0000,  -565.0000, 334.0000, 413.0000,  0, 0, 0
L -565.0000, 334.0000, 413.0000,  -600.0000, 323.0000, 413.0000,  0, 0, 0
L -600.0000, 323.0000, 413.0000,  -636.0000, 329.0000, 413.0000,  0, 0, 0
L -636.0000, 329.0000, 413.0000,  -668.0000, 315.0000, 413.0000,  0, 0, 0
L -668.0000, 315.0000, 413.0000,  -736.0000, 294.0000, 413.0000,  0, 0, 0
L -736.0000, 294.0000, 413.0000,  -768.0000, 300.0000, 413.0000,  0, 0, 0
L -768.0000, 300.0000, 413.0000,  -805.0000, 284.0000, 413.0000,  0, 0, 0
L -805.0000, 284.0000, 413.0000,  -865.0000, 265.0000, 413.0000,  0, 0, 0
L -865.0000, 265.0000, 413.0000,  -885.0000, 247.0000, 412.0000,  0, 0, 0
L -885.0000, 247.0000, 412.0000,  -909.0000, 248.0000, 376.0000,  0, 0, 0
L -909.0000, 248.0000, 376.0000,  -949.0000, 248.0000, 376.0000,  0, 0, 0
L -949.0000, 248.0000, 376.0000,  -975.0000, 247.0000, 412.0000,  0, 0, 0
L -975.0000, 247.0000, 412.0000,  -992.0000, 264.0000, 412.0000,  0, 0, 0
L -992.0000, 264.0000, 412.0000,  -1056.0000, 264.0000, 405.0000,  0, 0, 0
L -1056.0000, 264.0000, 405.0000,  -1118.0000, 284.0000, 405.0000,  0, 0, 0
L -1118.0000, 284.0000, 405.0000,  -1146.0000, 285.0000, 405.0000,  0, 0, 0
L -1146.0000, 285.0000, 405.0000,  -1176.0000, 289.0000, 405.0000,  0, 0, 0
L -1176.0000, 289.0000, 405.0000,  -1223.0000, 310.0000, 400.0000,  0, 0, 0
L -1223.0000, 310.0000, 400.0000,  -1245.0000, 363.0000, 405.0000,  0, 0, 0
L -1245.0000, 363.0000, 405.0000,  -1251.0000, 392.0000, 405.0000,  0, 0, 0
L -1251.0000, 392.0000, 405.0000,  -1246.0000, 403.0000, 405.0000,  0, 0, 0
L -1246.0000, 403.0000, 405.0000,  -1215.0000, 403.0000, 366.0000,  0, 0, 0
L -1215.0000, 403.0000, 366.0000,  -1215.0000, 413.0000, 366.0000,  0, 0, 0
L -1215.0000, 413.0000, 366.0000,  -1248.0000, 413.0000, 404.0000,  0, 0, 0
L -1248.0000, 413.0000, 404.0000,  -1263.0000, 428.0000, 404.0000,  0, 0, 0
L -1263.0000, 428.0000, 404.0000,  -1363.0000, 442.0000, 405.0000,  0, 0, 0
L -1363.0000, 442.0000, 405.0000,  -1392.0000, 471.0000, 405.0000,  0, 0, 0
L -1392.0000, 471.0000, 405.0000,  -1396.0000, 503.0000, 405.0000,  0, 0, 0
L -1396.0000, 503.0000, 405.0000,  -1396.0000, 555.0000, 405.0000,  0, 0, 0
L -1396.0000, 555.0000, 405.0000,  -1367.0000, 555.0000, 366.0000,  0, 0, 0
L -1367.0000, 555.0000, 366.0000,  -1326.0000, 571.0000, 367.0000,  0, 0, 0
L -1326.0000, 571.0000, 367.0000,  -1266.0000, 593.0000, 366.0000,  0, 0, 0
L -1266.0000, 593.0000, 366.0000,  -1230.0000, 620.0000, 366.0000,  0, 0, 0
L -1230.0000, 620.0000, 366.0000,  -1227.0000, 1144.0000, 366.0000,  0, 0, 0
L -1227.0000, 1144.0000, 366.0000,  -1267.0000, 1174.0000, 366.0000,  0, 0, 0
L -1267.0000, 1174.0000, 366.0000,  -1327.0000, 1196.0000, 367.0000,  0, 0, 0
L -1327.0000, 1196.0000, 367.0000,  -1365.0000, 1210.0000, 366.0000,  0, 0, 0
L -1365.0000, 1210.0000, 366.0000,  -1396.0000, 1211.0000, 405.0000,  0, 0, 0
L -1396.0000, 1211.0000, 405.0000,  -1399.0000, 1239.0000, 405.0000,  0, 0, 0
L -1399.0000, 1239.0000, 405.0000,  -1386.0000, 1310.0000, 405.0000,  0, 0, 0
L -1386.0000, 1310.0000, 405.0000,  -1398.0000, 1382.0000, 405.0000,  0, 0, 0
L -1398.0000, 1382.0000, 405.0000,  -1394.0000, 1412.0000, 405.0000,  0, 0, 0
L -1394.0000, 1412.0000, 405.0000,  -1368.0000, 1439.0000, 404.0000,  0, 0, 0
L -1368.0000, 1439.0000, 404.0000,  -1269.0000, 1454.0000, 405.0000,  0, 0, 0
L -1269.0000, 1454.0000, 405.0000,  -1251.0000, 1470.0000, 404.0000,  0, 0, 0
L -1251.0000, 1470.0000, 404.0000,  -1219.0000, 1470.0000, 366.0000,  0, 0, 0
L -1219.0000, 1470.0000, 366.0000,  -1219.0000, 1480.0000, 368.0000,  0, 0, 0
L -1219.0000, 1480.0000, 368.0000,  -1251.0000, 1480.0000, 404.0000,  0, 0, 0
L -1251.0000, 1480.0000, 404.0000,  -1264.0000, 1494.0000, 404.0000,  0, 0, 0
L -1264.0000, 1494.0000, 404.0000,  -1258.0000, 1537.0000, 368.0000,  0, 0, 0
L -1258.0000, 1537.0000, 368.0000,  -1264.0000, 1584.0000, 404.0000,  0, 0, 0
L -1264.0000, 1584.0000, 404.0000,  -1248.0000, 1601.0000, 404.0000,  0, 0, 0
L -1248.0000, 1601.0000, 404.0000,  -1229.0000, 1665.0000, 390.0000,  0, 0, 0
L -1229.0000, 1665.0000, 390.0000,  -1226.0000, 1698.0000, 382.0000,  0, 0, 0
L -1226.0000, 1698.0000, 382.0000,  -1213.0000, 1729.0000, 374.0000,  0, 0, 0
L -1213.0000, 1729.0000, 374.0000,  -1207.0000, 1760.0000, 366.0000,  0, 0, 0
L -1207.0000, 1760.0000, 366.0000,  -1220.0000, 1828.0000, 349.0000,  0, 0, 0
L -1220.0000, 1828.0000, 349.0000,  -1227.0000, 1843.0000, 349.0000,  0, 0, 0
L -1227.0000, 1843.0000, 349.0000,  -1221.0000, 1875.0000, 349.0000,  0, 0, 0
L -1221.0000, 1875.0000, 349.0000,  -1192.0000, 1928.0000, 349.0000,  0, 0, 0
L -1192.0000, 1928.0000, 349.0000,  -1149.0000, 1947.0000, 349.0000,  0, 0, 0
L -1149.0000, 1947.0000, 349.0000,  -1096.0000, 1951.0000, 349.0000,  0, 0, 0
L -1096.0000, 1951.0000, 349.0000,  -1063.0000, 1960.0000, 341.0000,  0, 0, 0
L -1063.0000, 1960.0000, 341.0000,  -968.0000, 1971.0000, 318.0000,  0, 0, 0
L -968.0000, 1971.0000, 318.0000,  -935.0000, 1957.0000, 309.0000,  0, 0, 0
L -935.0000, 1957.0000, 309.0000,  -903.0000, 1969.0000, 301.0000,  0, 0, 0
L -903.0000, 1969.0000, 301.0000,  -884.0000, 1987.0000, 300.0000,  0, 0, 0
L -884.0000, 1987.0000, 300.0000,  -884.0000, 2012.0000, 301.0000,  0, 0, 0
L -884.0000, 2012.0000, 301.0000,  -880.0000, 2041.0000, 301.0000,  0, 0, 0
L -880.0000, 2041.0000, 301.0000,  -858.0000, 2092.0000, 299.0000,  0, 0, 0
L -858.0000, 2092.0000, 299.0000,  -808.0000, 2114.0000, 301.0000,  0, 0, 0
L -808.0000, 2114.0000, 301.0000,  -775.0000, 2120.0000, 301.0000,  0, 0, 0
L -775.0000, 2120.0000, 301.0000,  -761.0000, 2113.0000, 301.0000,  0, 0, 0
L -761.0000, 2113.0000, 301.0000,  -742.0000, 2108.0000, 301.0000,  0, 0, 0
L -742.0000, 2108.0000, 301.0000,  -711.0000, 2128.0000, 301.0000,  0, 0, 0
L -711.0000, 2128.0000, 301.0000,  -694.0000, 2134.0000, 301.0000,  0, 0, 0
L -694.0000, 2134.0000, 301.0000,  -664.0000, 2134.0000, 301.0000,  0, 0, 0
L -664.0000, 2134.0000, 301.0000,  -640.0000, 2139.0000, 301.0000,  0, 0, 0
L -640.0000, 2139.0000, 301.0000,  -577.0000, 2150.0000, 286.0000,  0, 0, 0
L -577.0000, 2150.0000, 286.0000,  -547.0000, 2133.0000, 277.0000,  0, 0, 0
L -547.0000, 2133.0000, 277.0000,  -495.0000, 2180.0000, 277.0000,  0, 0, 0
L -495.0000, 2180.0000, 277.0000,  -456.0000, 2184.0000, 277.0000,  0, 0, 0
L -456.0000, 2184.0000, 277.0000,  -423.0000, 2194.0000, 277.0000,  0, 0, 0
L -423.0000, 2194.0000, 277.0000,  -404.0000, 2212.0000, 276.0000,  0, 0, 0
L -404.0000, 2212.0000, 276.0000,  -394.0000, 2244.0000, 270.0000,  0, 0, 0
L -394.0000, 2244.0000, 270.0000,  -391.0000, 2276.0000, 262.0000,  0, 0, 0
L -391.0000, 2276.0000, 262.0000,  -378.0000, 2308.0000, 254.0000,  0, 0, 0
L -378.0000, 2308.0000, 254.0000,  -372.0000, 2340.0000, 246.0000,  0, 0, 0
L -372.0000, 2340.0000, 246.0000,  -385.0000, 2407.0000, 229.0000,  0, 0, 0
L -385.0000, 2407.0000, 229.0000,  -392.0000, 2424.0000, 229.0000,  0, 0, 0
L -392.0000, 2424.0000, 229.0000,  -364.0000, 2504.0000, 226.0000,  0, 0, 0
L -364.0000, 2504.0000, 226.0000,  -313.0000, 2526.0000, 229.0000,  0, 0, 0
L -313.0000, 2526.0000, 229.0000,  -262.0000, 2530.0000, 229.0000,  0, 0, 0
L -262.0000, 2530.0000, 229.0000,  -231.0000, 2538.0000, 222.0000,  0, 0, 0
L -231.0000, 2538.0000, 222.0000,  -172.0000, 2544.0000, 207.0000,  0, 0, 0
L -172.0000, 2544.0000, 207.0000,  -133.0000, 2550.0000, 197.0000,  0, 0, 0
L -133.0000, 2550.0000, 197.0000,  -103.0000, 2536.0000, 190.0000,  0, 0, 0
L -103.0000, 2536.0000, 190.0000,  -68.0000, 2548.0000, 181.0000,  0, 0, 0
L -68.0000, 2548.0000, 181.0000,  -50.0000, 2566.0000, 180.0000,  0, 0, 0
L -50.0000, 2566.0000, 180.0000,  -48.0000, 2594.0000, 181.0000,  0, 0, 0
L -48.0000, 2594.0000, 181.0000,  -44.0000, 2623.0000, 181.0000,  0, 0, 0
L -44.0000, 2623.0000, 181.0000,  -23.0000, 2671.0000, 180.0000,  0, 0, 0
L -23.0000, 2671.0000, 180.0000,  59.0000, 2699.0000, 181.0000,  0, 0, 0
L 59.0000, 2699.0000, 181.0000,  74.0000, 2692.0000, 181.0000,  0, 0, 0
L 74.0000, 2692.0000, 181.0000,  95.0000, 2687.0000, 181.0000,  0, 0, 0
L 95.0000, 2687.0000, 181.0000,  126.0000, 2707.0000, 181.0000,  0, 0, 0
L 126.0000, 2707.0000, 181.0000,  144.0000, 2713.0000, 181.0000,  0, 0, 0
L 144.0000, 2713.0000, 181.0000,  170.0000, 2713.0000, 181.0000,  0, 0, 0
L 170.0000, 2713.0000, 181.0000,  225.0000, 2726.0000, 174.0000,  0, 0, 0
L 225.0000, 2726.0000, 174.0000,  254.0000, 2729.0000, 167.0000,  0, 0, 0
L 254.0000, 2729.0000, 167.0000,  288.0000, 2712.0000, 158.0000,  0, 0, 0
L 288.0000, 2712.0000, 158.0000,  310.0000, 2729.0000, 156.0000,  0, 0, 0
L 310.0000, 2729.0000, 156.0000,  314.0000, 2762.0000, 150.0000,  0, 0, 0
L 314.0000, 2762.0000, 150.0000,  342.0000, 2826.0000, 133.0000,  0, 0, 0
L 342.0000, 2826.0000, 133.0000,  332.0000, 2856.0000, 126.0000,  0, 0, 0
L 332.0000, 2856.0000, 126.0000,  345.0000, 2888.0000, 118.0000,  0, 0, 0
L 345.0000, 2888.0000, 118.0000,  351.0000, 2945.0000, 117.0000,  0, 0, 0
L 351.0000, 2945.0000, 117.0000,  372.0000, 2994.0000, 114.0000,  0, 0, 0
L 372.0000, 2994.0000, 114.0000,  427.0000, 3017.0000, 117.0000,  0, 0, 0
L 427.0000, 3017.0000, 117.0000,  454.0000, 3022.0000, 117.0000,  0, 0, 0
L 454.0000, 3022.0000, 117.0000,  468.0000, 3015.0000, 117.0000,  0, 0, 0
L 468.0000, 3015.0000, 117.0000,  529.0000, 3020.0000, 103.0000,  0, 0, 0
L 529.0000, 3020.0000, 103.0000,  599.0000, 3034.0000, 85.0000,  0, 0, 0
L 599.0000, 3034.0000, 85.0000,  631.0000, 3050.0000, 77.0000,  0, 0, 0
L 631.0000, 3050.0000, 77.0000,  651.0000, 3071.0000, 77.0000,  0, 0, 0
L 651.0000, 3071.0000, 77.0000,  665.0000, 3101.0000, 69.0000,  0, 0, 0
L 665.0000, 3101.0000, 69.0000,  654.0000, 3134.0000, 62.0000,  0, 0, 0
L 654.0000, 3134.0000, 62.0000,  673.0000, 3164.0000, 53.0000,  0, 0, 0
L 673.0000, 3164.0000, 53.0000,  656.0000, 3185.0000, 52.0000,  0, 0, 0
L 656.0000, 3185.0000, 52.0000,  662.0000, 3229.0000, 16.0000,  0, 0, 0
L 662.0000, 3229.0000, 16.0000,  656.0000, 3276.0000, 52.0000,  0, 0, 0
L 656.0000, 3276.0000, 52.0000,  672.0000, 3291.0000, 52.0000,  0, 0, 0
L 672.0000, 3291.0000, 52.0000,  663.0000, 3364.0000, 70.0000,  0, 0, 0
L 663.0000, 3364.0000, 70.0000,  625.0000, 3415.0000, 70.0000,  0, 0, 0
L 625.0000, 3415.0000, 70.0000,  614.0000, 3425.0000, 69.0000,  0, 0, 0
L 614.0000, 3425.0000, 69.0000,  560.0000, 3426.0000, 70.0000,  0, 0, 0
L 560.0000, 3426.0000, 70.0000,  511.0000, 3416.0000, 70.0000,  0, 0, 0
L 511.0000, 3416.0000, 70.0000,  491.0000, 3407.0000, 70.0000,  0, 0, 0
L 491.0000, 3407.0000, 70.0000,  433.0000, 3416.0000, 70.0000,  0, 0, 0
L 433.0000, 3416.0000, 70.0000,  383.0000, 3446.0000, 70.0000,  0, 0, 0
L 383.0000, 3446.0000, 70.0000,  344.0000, 3485.0000, 70.0000,  0, 0, 0
L 344.0000, 3485.0000, 70.0000,  314.0000, 3535.0000, 70.0000,  0, 0, 0
L 314.0000, 3535.0000, 70.0000,  305.0000, 3595.0000, 70.0000,  0, 0, 0
L 305.0000, 3595.0000, 70.0000,  314.0000, 3652.0000, 70.0000,  0, 0, 0
L 350.0000, 35.0000, 484.0000,  333.0000, 52.0000, 484.0000,  0, 0, 0
L 333.0000, 52.0000, 484.0000,  304.0000, 52.0000, 446.0000,  0, 0, 0
L 304.0000, 52.0000, 446.0000,  305.0000, 62.0000, 447.0000,  0, 0, 0
L 305.0000, 62.0000, 447.0000,  332.0000, 62.0000, 485.0000,  0, 0, 0
L 332.0000, 62.0000, 485.0000,  332.0000, 90.0000, 485.0000,  0, 0, 0
L 332.0000, 90.0000, 485.0000,  360.0000, 187.0000, 485.0000,  0, 0, 0
L 360.0000, 187.0000, 485.0000,  379.0000, 206.0000, 484.0000,  0, 0, 0
L 379.0000, 206.0000, 484.0000,  404.0000, 207.0000, 485.0000,  0, 0, 0
L 404.0000, 207.0000, 485.0000,  435.0000, 211.0000, 485.0000,  0, 0, 0
L 435.0000, 211.0000, 485.0000,  484.0000, 233.0000, 484.0000,  0, 0, 0
L 484.0000, 233.0000, 484.0000,  505.0000, 282.0000, 485.0000,  0, 0, 0
L 505.0000, 282.0000, 485.0000,  512.0000, 315.0000, 485.0000,  0, 0, 0
L 512.0000, 315.0000, 485.0000,  505.0000, 330.0000, 485.0000,  0, 0, 0
L 505.0000, 330.0000, 485.0000,  516.0000, 425.0000, 462.0000,  0, 0, 0
L 516.0000, 425.0000, 462.0000,  502.0000, 457.0000, 454.0000,  0, 0, 0
L 502.0000, 457.0000, 454.0000,  514.0000, 491.0000, 445.0000,  0, 0, 0
L 514.0000, 491.0000, 445.0000,  532.0000, 511.0000, 444.0000,  0, 0, 0
L 532.0000, 511.0000, 444.0000,  592.0000, 494.0000, 445.0000,  0, 0, 0
L 592.0000, 494.0000, 445.0000,  622.0000, 496.0000, 445.0000,  0, 0, 0
L 622.0000, 496.0000, 445.0000,  653.0000, 509.0000, 445.0000,  0, 0, 0
L 653.0000, 509.0000, 445.0000,  685.0000, 512.0000, 453.0000,  0, 0, 0
L 685.0000, 512.0000, 453.0000,  717.0000, 521.0000, 461.0000,  0, 0, 0
L 717.0000, 521.0000, 461.0000,  750.0000, 537.0000, 469.0000,  0, 0, 0
L 750.0000, 537.0000, 469.0000,  783.0000, 545.0000, 478.0000,  0, 0, 0
L 783.0000, 545.0000, 478.0000,  876.0000, 556.0000, 501.0000,  0, 0, 0
L 876.0000, 556.0000, 501.0000,  909.0000, 565.0000, 509.0000,  0, 0, 0
L 909.0000, 565.0000, 509.0000,  932.0000, 570.0000, 509.0000,  0, 0, 0
L 932.0000, 570.0000, 509.0000,  965.0000, 570.0000, 509.0000,  0, 0, 0
L 965.0000, 570.0000, 509.0000,  980.0000, 576.0000, 509.0000,  0, 0, 0
L 980.0000, 576.0000, 509.0000,  1011.0000, 596.0000, 509.0000,  0, 0, 0
L 1011.0000, 596.0000, 509.0000,  1030.0000, 592.0000, 509.0000,  0, 0, 0
L 1030.0000, 592.0000, 509.0000,  1049.0000, 573.0000, 508.0000,  0, 0, 0
L 1049.0000, 573.0000, 508.0000,  1043.0000, 555.0000, 509.0000,  0, 0, 0
L 1043.0000, 555.0000, 509.0000,  1050.0000, 521.0000, 509.0000,  0, 0, 0
L 1050.0000, 521.0000, 509.0000,  1071.0000, 473.0000, 508.0000,  0, 0, 0
L 1071.0000, 473.0000, 508.0000,  1121.0000, 451.0000, 509.0000,  0, 0, 0
L 1121.0000, 451.0000, 509.0000,  1173.0000, 447.0000, 509.0000,  0, 0, 0
L 1173.0000, 447.0000, 509.0000,  1191.0000, 452.0000, 509.0000,  0, 0, 0
L 1191.0000, 452.0000, 509.0000,  1222.0000, 433.0000, 509.0000,  0, 0, 0
L 1222.0000, 433.0000, 509.0000,  1238.0000, 427.0000, 509.0000,  0, 0, 0
L 1238.0000, 427.0000, 509.0000,  1269.0000, 426.0000, 509.0000,  0, 0, 0
L 1269.0000, 426.0000, 509.0000,  1296.0000, 421.0000, 509.0000,  0, 0, 0
L 1296.0000, 421.0000, 509.0000,  1322.0000, 414.0000, 502.0000,  0, 0, 0
L 1322.0000, 414.0000, 502.0000,  1390.0000, 406.0000, 486.0000,  0, 0, 0
L 1390.0000, 406.0000, 486.0000,  1422.0000, 401.0000, 478.0000,  0, 0, 0
L 1422.0000, 401.0000, 478.0000,  1454.0000, 393.0000, 469.0000,  0, 0, 0
L 1454.0000, 393.0000, 469.0000,  1487.0000, 377.0000, 461.0000,  0, 0, 0
L 1487.0000, 377.0000, 461.0000,  1518.0000, 369.0000, 454.0000,  0, 0, 0
L 1518.0000, 369.0000, 454.0000,  1547.0000, 366.0000, 446.0000,  0, 0, 0
L 1547.0000, 366.0000, 446.0000,  1584.0000, 351.0000, 436.0000,  0, 0, 0
L 1584.0000, 351.0000, 436.0000,  1601.0000, 334.0000, 436.0000,  0, 0, 0
L 1601.0000, 334.0000, 436.0000,  1579.0000, 299.0000, 446.0000,  0, 0, 0
L 1579.0000, 299.0000, 446.0000,  1576.0000, 268.0000, 453.0000,  0, 0, 0
L 1576.0000, 268.0000, 453.0000,  1567.0000, 236.0000, 461.0000,  0, 0, 0
L 1567.0000, 236.0000, 461.0000,  1552.0000, 204.0000, 469.0000,  0, 0, 0
L 1552.0000, 204.0000, 469.0000,  1563.0000, 173.0000, 477.0000,  0, 0, 0
L 1563.0000, 173.0000, 477.0000,  1535.0000, 107.0000, 494.0000,  0, 0, 0
L 1535.0000, 107.0000, 494.0000,  1532.0000, 75.0000, 501.0000,  0, 0, 0
L 1532.0000, 75.0000, 501.0000,  1523.0000, 43.0000, 509.0000,  0, 0, 0
L 1523.0000, 43.0000, 509.0000,  1518.0000, 19.0000, 509.0000,  0, 0, 0
L 1518.0000, 19.0000, 509.0000,  1519.0000, -12.0000, 509.0000,  0, 0, 0
L 1519.0000, -12.0000, 509.0000,  1522.0000, -29.0000, 509.0000,  0, 0, 0
L 1522.0000, -29.0000, 509.0000,  1517.0000, -45.0000, 509.0000,  0, 0, 0
L 1517.0000, -45.0000, 509.0000,  1498.0000, -76.0000, 509.0000,  0, 0, 0
L 1498.0000, -76.0000, 509.0000,  1477.0000, -96.0000, 509.0000,  0, 0, 0
L 1477.0000, -96.0000, 509.0000,  1453.0000, -97.0000, 509.0000,  0, 0, 0
L 1453.0000, -97.0000, 509.0000,  1423.0000, -101.0000, 509.0000,  0, 0, 0
L 1423.0000, -101.0000, 509.0000,  1374.0000, -122.0000, 506.0000,  0, 0, 0
L 1374.0000, -122.0000, 506.0000,  1353.0000, -170.0000, 509.0000,  0, 0, 0
L 1353.0000, -170.0000, 509.0000,  1346.0000, -204.0000, 509.0000,  0, 0, 0
L 1346.0000, -204.0000, 509.0000,  1353.0000, -218.0000, 509.0000,  0, 0, 0
L 1353.0000, -218.0000, 509.0000,  1335.0000, -239.0000, 508.0000,  0, 0, 0
L 1335.0000, -239.0000, 508.0000,  1313.0000, -222.0000, 508.0000,  0, 0, 0
L 1313.0000, -222.0000, 508.0000,  1303.0000, -188.0000, 509.0000,  0, 0, 0
L 1303.0000, -188.0000, 509.0000,  1298.0000, -147.0000, 509.0000,  0, 0, 0
L 1298.0000, -147.0000, 509.0000,  1270.0000, -119.0000, 509.0000,  0, 0, 0
L 1270.0000, -119.0000, 509.0000,  1238.0000, -116.0000, 509.0000,  0, 0, 0
L 1238.0000, -116.0000, 509.0000,  1201.0000, -127.0000, 509.0000,  0, 0, 0
L 1201.0000, -127.0000, 509.0000,  1158.0000, -114.0000, 509.0000,  0, 0, 0
L 1158.0000, -114.0000, 509.0000,  1128.0000, -117.0000, 509.0000,  0, 0, 0
L 1128.0000, -117.0000, 509.0000,  1099.0000, -146.0000, 509.0000,  0, 0, 0
L 1099.0000, -146.0000, 509.0000,  1090.0000, -181.0000, 509.0000,  0, 0, 0
L 1090.0000, -181.0000, 509.0000,  1072.0000, -222.0000, 509.0000,  0, 0, 0
L 1072.0000, -222.0000, 509.0000,  1063.0000, -281.0000, 509.0000,  0, 0, 0
L 1063.0000, -281.0000, 509.0000,  1072.0000, -365.0000, 509.0000,  0, 0, 0
L 1072.0000, -365.0000, 509.0000,  1089.0000, -402.0000, 509.0000,  0, 0, 0
L 1089.0000, -402.0000, 509.0000,  1100.0000, -438.0000, 509.0000,  0, 0, 0
L 1100.0000, -438.0000, 509.0000,  1128.0000, -467.0000, 509.0000,  0, 0, 0
L 1128.0000, -467.0000, 509.0000,  1158.0000, -470.0000, 509.0000,  0, 0, 0
L 1158.0000, -470.0000, 509.0000,  1198.0000, -457.0000, 509.0000,  0, 0, 0
L 1198.0000, -457.0000, 509.0000,  1240.0000, -468.0000, 509.0000,  0, 0, 0
L 1240.0000, -468.0000, 509.0000,  1270.0000, -465.0000, 509.0000,  0, 0, 0
L 1270.0000, -465.0000, 509.0000,  1299.0000, -436.0000, 509.0000,  0, 0, 0
L 1299.0000, -436.0000, 509.0000,  1302.0000, -398.0000, 509.0000,  0, 0, 0
L 1302.0000, -398.0000, 509.0000,  1312.0000, -364.0000, 509.0000,  0, 0, 0
L 1312.0000, -364.0000, 509.0000,  1332.0000, -344.0000, 509.0000,  0, 0, 0
L 1332.0000, -344.0000, 509.0000,  1384.0000, -340.0000, 509.0000,  0, 0, 0
L 1384.0000, -340.0000, 509.0000,  1436.0000, -318.0000, 506.0000,  0, 0, 0
L 1436.0000, -318.0000, 506.0000,  1457.0000, -269.0000, 509.0000,  0, 0, 0
L 1457.0000, -269.0000, 509.0000,  1464.0000, -236.0000, 509.0000,  0, 0, 0
L 1464.0000, -236.0000, 509.0000,  1457.0000, -221.0000, 509.0000,  0, 0, 0
L 1457.0000, -221.0000, 509.0000,  1475.0000, -200.0000, 508.0000,  0, 0, 0
L 1475.0000, -200.0000, 508.0000,  1504.0000, -199.0000, 509.0000,  0, 0, 0
L 1504.0000, -199.0000, 509.0000,  1531.0000, -195.0000, 509.0000,  0, 0, 0
L 1531.0000, -195.0000, 509.0000,  1580.0000, -174.0000, 506.0000,  0, 0, 0
L 1580.0000, -174.0000, 506.0000,  1603.0000, -118.0000, 509.0000,  0, 0, 0
L 1603.0000, -118.0000, 509.0000,  1608.0000, -92.0000, 509.0000,  0, 0, 0
L 1608.0000, -92.0000, 509.0000,  1601.0000, -78.0000, 509.0000,  0, 0, 0
L 1601.0000, -78.0000, 509.0000,  1596.0000, -59.0000, 509.0000,  0, 0, 0
L 1596.0000, -59.0000, 509.0000,  1616.0000, -27.0000, 509.0000,  0, 0, 0
L 1616.0000, -27.0000, 509.0000,  1622.0000, -11.0000, 509.0000,  0, 0, 0
L 1622.0000, -11.0000, 509.0000,  1622.0000, 18.0000, 509.0000,  0, 0, 0
L 1622.0000, 18.0000, 509.0000,  1627.0000, 45.0000, 509.0000,  0, 0, 0
L 1627.0000, 45.0000, 509.0000,  1635.0000, 74.0000, 502.0000,  0, 0, 0
L 1635.0000, 74.0000, 502.0000,  1642.0000, 141.0000, 485.0000,  0, 0, 0
L 1642.0000, 141.0000, 485.0000,  1654.0000, 203.0000, 470.0000,  0, 0, 0
L 1654.0000, 203.0000, 470.0000,  1670.0000, 235.0000, 461.0000,  0, 0, 0
L 1670.0000, 235.0000, 461.0000,  1680.0000, 269.0000, 453.0000,  0, 0, 0
L 1680.0000, 269.0000, 453.0000,  1682.0000, 298.0000, 446.0000,  0, 0, 0
L 1682.0000, 298.0000, 446.0000,  1695.0000, 332.0000, 438.0000,  0, 0, 0
L 1695.0000, 332.0000, 438.0000,  1684.0000, 399.0000, 437.0000,  0, 0, 0
L 1684.0000, 399.0000, 437.0000,  1695.0000, 466.0000, 437.0000,  0, 0, 0
L 1695.0000, 466.0000, 437.0000,  1682.0000, 495.0000, 430.0000,  0, 0, 0
L 1682.0000, 495.0000, 430.0000,  1692.0000, 530.0000, 421.0000,  0, 0, 0
L 1692.0000, 530.0000, 421.0000,  1677.0000, 561.0000, 413.0000,  0, 0, 0
L 1677.0000, 561.0000, 413.0000,  1672.0000, 593.0000, 406.0000,  0, 0, 0
L 1672.0000, 593.0000, 406.0000,  1676.0000, 625.0000, 398.0000,  0, 0, 0
L 1676.0000, 625.0000, 398.0000,  1674.0000, 658.0000, 389.0000,  0, 0, 0
L 1674.0000, 658.0000, 389.0000,  1661.0000, 687.0000, 382.0000,  0, 0, 0
L 1661.0000, 687.0000, 382.0000,  1672.0000, 723.0000, 373.0000,  0, 0, 0
L 1672.0000, 723.0000, 373.0000,  1677.0000, 755.0000, 365.0000,  0, 0, 0
L 1677.0000, 755.0000, 365.0000,  1695.0000, 774.0000, 364.0000,  0, 0, 0
L 1695.0000, 774.0000, 364.0000,  1720.0000, 779.0000, 365.0000,  0, 0, 0
L 1720.0000, 779.0000, 365.0000,  1739.0000, 791.0000, 365.0000,  0, 0, 0
L 1739.0000, 791.0000, 365.0000,  1769.0000, 778.0000, 365.0000,  0, 0, 0
L 1769.0000, 778.0000, 365.0000,  1769.0000, 811.0000, 332.0000,  0, 0, 0
L 1769.0000, 811.0000, 332.0000,  1767.0000, 853.0000, 327.0000,  0, 0, 0
L 1767.0000, 853.0000, 327.0000,  1756.0000, 882.0000, 327.0000,  0, 0, 0
L 1756.0000, 882.0000, 327.0000,  1726.0000, 907.0000, 327.0000,  0, 0, 0
L 1726.0000, 907.0000, 327.0000,  1680.0000, 924.0000, 327.0000,  0, 0, 0
L 1680.0000, 924.0000, 327.0000,  1649.0000, 924.0000, 327.0000,  0, 0, 0
L 1649.0000, 924.0000, 327.0000,  1650.0000, 1634.0000, 327.0000,  0, 0, 0
L 1650.0000, 1634.0000, 327.0000,  1680.0000, 1634.0000, 327.0000,  0, 0, 0
L 1680.0000, 1634.0000, 327.0000,  1726.0000, 1651.0000, 327.0000,  0, 0, 0
L 1726.0000, 1651.0000, 327.0000,  1756.0000, 1676.0000, 327.0000,  0, 0, 0
L 1756.0000, 1676.0000, 327.0000,  1767.0000, 1705.0000, 327.0000,  0, 0, 0
L 1767.0000, 1705.0000, 327.0000,  1769.0000, 1747.0000, 332.0000,  0, 0, 0
L 1769.0000, 1747.0000, 332.0000,  1769.0000, 1780.0000, 365.0000,  0, 0, 0
L 1769.0000, 1780.0000, 365.0000,  1742.0000, 1767.0000, 365.0000,  0, 0, 0
L 1742.0000, 1767.0000, 365.0000,  1720.0000, 1779.0000, 365.0000,  0, 0, 0
L 1720.0000, 1779.0000, 365.0000,  1696.0000, 1784.0000, 365.0000,  0, 0, 0
L 1696.0000, 1784.0000, 365.0000,  1677.0000, 1802.0000, 364.0000,  0, 0, 0
L 1677.0000, 1802.0000, 364.0000,  1667.0000, 1824.0000, 365.0000,  0, 0, 0
L 1667.0000, 1824.0000, 365.0000,  1687.0000, 1854.0000, 365.0000,  0, 0, 0
L 1687.0000, 1854.0000, 365.0000,  1693.0000, 1868.0000, 365.0000,  0, 0, 0
L 1693.0000, 1868.0000, 365.0000,  1693.0000, 1901.0000, 365.0000,  0, 0, 0
L 1693.0000, 1901.0000, 365.0000,  1697.0000, 1924.0000, 365.0000,  0, 0, 0
L 1697.0000, 1924.0000, 365.0000,  1707.0000, 1957.0000, 357.0000,  0, 0, 0
L 1707.0000, 1957.0000, 357.0000,  1713.0000, 2020.0000, 341.0000,  0, 0, 0
L 1713.0000, 2020.0000, 341.0000,  1725.0000, 2083.0000, 326.0000,  0, 0, 0
L 1725.0000, 2083.0000, 326.0000,  1741.0000, 2115.0000, 317.0000,  0, 0, 0
L 1741.0000, 2115.0000, 317.0000,  1750.0000, 2147.0000, 310.0000,  0, 0, 0
L 1750.0000, 2147.0000, 310.0000,  1754.0000, 2180.0000, 301.0000,  0, 0, 0
L 1754.0000, 2180.0000, 301.0000,  1767.0000, 2212.0000, 293.0000,  0, 0, 0
L 1767.0000, 2212.0000, 293.0000,  1767.0000, 2236.0000, 293.0000,  0, 0, 0
L 1767.0000, 2236.0000, 293.0000,  1763.0000, 2265.0000, 293.0000,  0, 0, 0
L 1763.0000, 2265.0000, 293.0000,  1741.0000, 2315.0000, 290.0000,  0, 0, 0
L 1741.0000, 2315.0000, 290.0000,  1693.0000, 2336.0000, 293.0000,  0, 0, 0
L 1693.0000, 2336.0000, 293.0000,  1659.0000, 2343.0000, 293.0000,  0, 0, 0
L 1659.0000, 2343.0000, 293.0000,  1645.0000, 2336.0000, 293.0000,  0, 0, 0
L 1645.0000, 2336.0000, 293.0000,  1546.0000, 2355.0000, 269.0000,  0, 0, 0
L 1546.0000, 2355.0000, 269.0000,  1527.0000, 2373.0000, 268.0000,  0, 0, 0
L 1527.0000, 2373.0000, 268.0000,  1542.0000, 2400.0000, 269.0000,  0, 0, 0
L 1542.0000, 2400.0000, 269.0000,  1542.0000, 2431.0000, 269.0000,  0, 0, 0
L 1542.0000, 2431.0000, 269.0000,  1538.0000, 2448.0000, 269.0000,  0, 0, 0
L 1538.0000, 2448.0000, 269.0000,  1542.0000, 2463.0000, 269.0000,  0, 0, 0
L 1542.0000, 2463.0000, 269.0000,  1563.0000, 2496.0000, 269.0000,  0, 0, 0
L 1563.0000, 2496.0000, 269.0000,  1569.0000, 2519.0000, 269.0000,  0, 0, 0
L 1569.0000, 2519.0000, 269.0000,  1588.0000, 2538.0000, 268.0000,  0, 0, 0
L 1588.0000, 2538.0000, 268.0000,  1607.0000, 2579.0000, 274.0000,  0, 0, 0
L 1607.0000, 2579.0000, 274.0000,  1586.0000, 2645.0000, 268.0000,  0, 0, 0
L 1586.0000, 2645.0000, 268.0000,  1572.0000, 2659.0000, 268.0000,  0, 0, 0
L 1572.0000, 2659.0000, 268.0000,  1530.0000, 2680.0000, 275.0000,  0, 0, 0
L 1530.0000, 2680.0000, 275.0000,  1465.0000, 2661.0000, 268.0000,  0, 0, 0
L 1465.0000, 2661.0000, 268.0000,  1450.0000, 2645.0000, 268.0000,  0, 0, 0
L 1450.0000, 2645.0000, 268.0000,  1429.0000, 2583.0000, 274.0000,  0, 0, 0
L 1429.0000, 2583.0000, 274.0000,  1449.0000, 2538.0000, 268.0000,  0, 0, 0
L 1449.0000, 2538.0000, 268.0000,  1466.0000, 2519.0000, 269.0000,  0, 0, 0
L 1466.0000, 2519.0000, 269.0000,  1460.0000, 2495.0000, 269.0000,  0, 0, 0
L 1460.0000, 2495.0000, 269.0000,  1464.0000, 2477.0000, 269.0000,  0, 0, 0
L 1464.0000, 2477.0000, 269.0000,  1445.0000, 2446.0000, 269.0000,  0, 0, 0
L 1445.0000, 2446.0000, 269.0000,  1438.0000, 2431.0000, 269.0000,  0, 0, 0
L 1438.0000, 2431.0000, 269.0000,  1438.0000, 2399.0000, 269.0000,  0, 0, 0
L 1438.0000, 2399.0000, 269.0000,  1433.0000, 2375.0000, 269.0000,  0, 0, 0
L 1433.0000, 2375.0000, 269.0000,  1415.0000, 2356.0000, 268.0000,  0, 0, 0
L 1415.0000, 2356.0000, 268.0000,  1380.0000, 2361.0000, 261.0000,  0, 0, 0
L 1380.0000, 2361.0000, 261.0000,  1348.0000, 2368.0000, 253.0000,  0, 0, 0
L 1348.0000, 2368.0000, 253.0000,  1317.0000, 2383.0000, 245.0000,  0, 0, 0
L 1317.0000, 2383.0000, 245.0000,  1297.0000, 2402.0000, 244.0000,  0, 0, 0
L 1297.0000, 2402.0000, 244.0000,  1292.0000, 2422.0000, 245.0000,  0, 0, 0
L 1292.0000, 2422.0000, 245.0000,  1310.0000, 2450.0000, 245.0000,  0, 0, 0
L 1310.0000, 2450.0000, 245.0000,  1317.0000, 2468.0000, 245.0000,  0, 0, 0
L 1317.0000, 2468.0000, 245.0000,  1318.0000, 2497.0000, 245.0000,  0, 0, 0
L 1318.0000, 2497.0000, 245.0000,  1324.0000, 2530.0000, 244.0000,  0, 0, 0
L 1324.0000, 2530.0000, 244.0000,  1332.0000, 2557.0000, 237.0000,  0, 0, 0
L 1332.0000, 2557.0000, 237.0000,  1338.0000, 2621.0000, 221.0000,  0, 0, 0
L 1338.0000, 2621.0000, 221.0000,  1350.0000, 2683.0000, 206.0000,  0, 0, 0
L 1350.0000, 2683.0000, 206.0000,  1367.0000, 2718.0000, 197.0000,  0, 0, 0
L 1367.0000, 2718.0000, 197.0000,  1376.0000, 2750.0000, 189.0000,  0, 0, 0
L 1376.0000, 2750.0000, 189.0000,  1379.0000, 2782.0000, 181.0000,  0, 0, 0
L 1379.0000, 2782.0000, 181.0000,  1392.0000, 2812.0000, 173.0000,  0, 0, 0
L 1392.0000, 2812.0000, 173.0000,  1392.0000, 2836.0000, 173.0000,  0, 0, 0
L 1392.0000, 2836.0000, 173.0000,  1387.0000, 2867.0000, 173.0000,  0, 0, 0
L 1387.0000, 2867.0000, 173.0000,  1366.0000, 2915.0000, 170.0000,  0, 0, 0
L 1366.0000, 2915.0000, 170.0000,  1320.0000, 2935.0000, 173.0000,  0, 0, 0
L 1320.0000, 2935.0000, 173.0000,  1284.0000, 2943.0000, 173.0000,  0, 0, 0
L 1284.0000, 2943.0000, 173.0000,  1269.0000, 2936.0000, 173.0000,  0, 0, 0
L 1269.0000, 2936.0000, 173.0000,  1250.0000, 2931.0000, 173.0000,  0, 0, 0
L 1250.0000, 2931.0000, 173.0000,  1221.0000, 2949.0000, 173.0000,  0, 0, 0
L 1221.0000, 2949.0000, 173.0000,  1203.0000, 2957.0000, 173.0000,  0, 0, 0
L 1203.0000, 2957.0000, 173.0000,  1174.0000, 2957.0000, 173.0000,  0, 0, 0
L 1174.0000, 2957.0000, 173.0000,  1147.0000, 2962.0000, 173.0000,  0, 0, 0
L 1147.0000, 2962.0000, 173.0000,  1114.0000, 2971.0000, 165.0000,  0, 0, 0
L 1114.0000, 2971.0000, 165.0000,  1051.0000, 2977.0000, 149.0000,  0, 0, 0
L 1051.0000, 2977.0000, 149.0000,  1021.0000, 2982.0000, 142.0000,  0, 0, 0
L 1021.0000, 2982.0000, 142.0000,  990.0000, 2989.0000, 134.0000,  0, 0, 0
L 990.0000, 2989.0000, 134.0000,  958.0000, 3005.0000, 126.0000,  0, 0, 0
L 958.0000, 3005.0000, 126.0000,  922.0000, 3015.0000, 117.0000,  0, 0, 0
L 922.0000, 3015.0000, 117.0000,  861.0000, 3020.0000, 102.0000,  0, 0, 0
L 861.0000, 3020.0000, 102.0000,  827.0000, 3027.0000, 93.0000,  0, 0, 0
L 827.0000, 3027.0000, 93.0000,  794.0000, 3034.0000, 85.0000,  0, 0, 0
L 794.0000, 3034.0000, 85.0000,  764.0000, 3050.0000, 77.0000,  0, 0, 0
L 764.0000, 3050.0000, 77.0000,  744.0000, 3070.0000, 77.0000,  0, 0, 0
L 744.0000, 3070.0000, 77.0000,  750.0000, 3104.0000, 69.0000,  0, 0, 0
L 750.0000, 3104.0000, 69.0000,  756.0000, 3133.0000, 62.0000,  0, 0, 0
L 756.0000, 3133.0000, 62.0000,  773.0000, 3167.0000, 53.0000,  0, 0, 0
L 773.0000, 3167.0000, 53.0000,  790.0000, 3184.0000, 52.0000,  0, 0, 0
L 790.0000, 3184.0000, 52.0000,  788.0000, 3213.0000, 16.0000,  0, 0, 0
L 788.0000, 3213.0000, 16.0000,  784.0000, 3228.0000, 21.0000,  0, 0, 0
L 784.0000, 3228.0000, 21.0000,  791.0000, 3273.0000, 48.0000,  0, 0, 0
L 791.0000, 3273.0000, 48.0000,  773.0000, 3294.0000, 53.0000,  0, 0, 0
L 773.0000, 3294.0000, 53.0000,  800.0000, 3365.0000, 70.0000,  0, 0, 0
L 800.0000, 3365.0000, 70.0000,  800.0000, 3412.0000, 70.0000,  0, 0, 0
L 800.0000, 3412.0000, 70.0000,  790.0000, 3471.0000, 70.0000,  0, 0, 0
L 790.0000, 3471.0000, 70.0000,  761.0000, 3521.0000, 70.0000,  0, 0, 0
L 761.0000, 3521.0000, 70.0000,  720.0000, 3562.0000, 70.0000,  0, 0, 0
L 720.0000, 3562.0000, 70.0000,  670.0000, 3592.0000, 70.0000,  0, 0, 0
L 670.0000, 3592.0000, 70.0000,  613.0000, 3601.0000, 70.0000,  0, 0, 0
L 613.0000, 3601.0000, 70.0000,  575.0000, 3573.0000, 70.0000,  0, 0, 0
L 575.0000, 3573.0000, 70.0000,  533.0000, 3562.0000, 70.0000,  0, 0, 0
L 533.0000, 3562.0000, 70.0000,  492.0000, 3581.0000, 70.0000,  0, 0, 0
L 492.0000, 3581.0000, 70.0000,  480.0000, 3592.0000, 69.0000,  0, 0, 0
L 480.0000, 3592.0000, 69.0000,  470.0000, 3654.0000, 70.0000,  0, 0, 0
L 470.0000, 3654.0000, 70.0000,  314.0000, 3652.0000, 14.0000,  240, 0, 129
