P -4700.0000, -2300.0000, 0.0000,  255, 255, 0,  2,  Dalnir
P -1454.0000, 2273.0000, 0.0000,  240, 240, 240,  2,  Iksar_Bandit_Caves
P -958.0000, 2052.0000, 0.0000,  240, 240, 240,  2,  Goblin_Pond
P -3297.0000, 2891.0000, 0.0000,  240, 240, 240,  2,  Open_Valley
P -2456.0000, -603.0000, 0.0000,  240, 240, 240,  2,  Bandit_Lord
P -2625.0000, 900.0000, 0.0000,  240, 240, 240,  2,  Iksar_Bandits
P -3707.0000, 1517.0000, 0.0000,  240, 240, 240,  2,  Iksar_Bandits
P -4184.0000, 1369.0000, 0.0000,  240, 240, 240,  2,  Iksar_Bandits
P 2839.0000, -2813.0000, 0.0000,  240, 240, 240,  2,  Iksar_Bandits
P 2489.0000, -3779.0000, 0.0000,  240, 240, 240,  2,  Iksar_Bandits
P 2130.0000, -3264.0000, 0.0000,  240, 240, 240,  2,  Goblins
P 123.0000, -2247.0000, 0.0000,  240, 240, 240,  2,  Goblins
P -2075.0000, -1557.0000, 0.0000,  240, 240, 240,  2,  Goblins
P -2625.9919, 900.4790, 260.7780,  240, 240, 240,  2,  Iksar_Bandits
P -3707.7100, 1517.6300, 585.8630,  240, 240, 240,  2,  Iksar_Bandits
P -4184.7578, 1369.9530, 548.8320,  240, 240, 240,  2,  Iksar_Bandits
P 2839.7290, -2813.0811, -9.1550,  240, 240, 240,  2,  Iksar_Bandits
P 2489.8560, -3779.8301, -27.0870,  240, 240, 240,  2,  Iksar_Bandits
P 2130.6479, -3264.0481, -27.0740,  240, 240, 240,  2,  Goblins
P 123.8680, -2247.2419, -23.1130,  240, 240, 240,  2,  Goblins
P -2075.0481, -1557.9840, 174.6840,  240, 240, 240,  2,  Goblins
P -4500.0000, 300.0000, 0.0000,  255, 255, 0,  2,  The_Overthere
P 3500.0000, -1400.0000, 0.0000,  255, 255, 0,  2,  Field_of_Bone
P 1100.0000, 2500.0000, 0.0000,  255, 255, 0,  2,  West_Cabilis
P -1100.0000, 3700.0000, 0.0000,  255, 255, 0,  2,  Lake_of_Ill_Omen
P 0.0000, -3000.0000, 0.0000,  255, 255, 255,  2,  Goblin_Fort
P -1250.0000, 950.0000, 0.0000,  255, 255, 255,  2,  Giant_Fort
P 468.0000, 1429.0000, 0.0000,  255, 255, 255,  2,  Succor_Point
