P -611.0000, 529.0000, 156.0000,  0, 240, 240,  3,  a_crack_in_the_dome
P -57.0000, 294.0000, 21.0000,  0, 0, 0,  3,  stone_door
P -55.9797, 297.0656, 21.5635,  0, 0, 240,  2,  Instance
P 506.0000, -1382.0000, 300.0000,  0, 240, 240,  3,  a_crack_in_the_dome
P -15.0000, 493.0000, 7.0000,  240, 0, 0,  3,  the_stonecarver
P -502.0000, -212.0000, 205.0000,  240, 0, 0,  3,  holloweyes_(wanders)
P -1302.0000, -188.0000, 222.0000,  240, 0, 0,  3,  deadly_pit_viper
P 932.0000, -229.0000, 204.0000,  240, 0, 0,  3,  crushing_python
P 533.0000, -1326.0000, 299.0000,  240, 0, 0,  3,  poisonous_cobra
P -58.0000, 710.0000, 3.0000,  255, 0, 255,  3,  Map_by_Latan_(saryrn)
P -61.0000, 825.0000, 1.0000,  0, 240, 0,  3,  to_Katta_Castrum
P -404.0000, -178.0000, 210.0000,  0, 240, 240,  3,  a_crack_in_the_dome
