P 335.0000, -2152.0000, -153.0000,  240, 0, 0,  2,  Tantho_the_Tormentor_(Touch)
P 170.0000, -2152.0000, -153.0000,  240, 0, 0,  2,  Tanthi_the_Tormentor_(Wail)
P 255.0000, -2005.0000, -153.0000,  240, 0, 0,  2,  Tanthu_the_Tormentor_(Gaze)
P 256.0000, -2102.0000, -125.0000,  127, 0, 0,  2,  Jelvan_(event)
P -610.0000, -3385.0000, -16.0000,  127, 0, 0,  2,  Ture
P -504.0000, -4710.0000, 275.0000,  0, 200, 200,  2,  Sealed_door
P -368.0000, -3799.0000, 137.0000,  127, 0, 0,  2,  Commander_3_(Damlin_Lingering_Charge)
P -30.0000, -3819.0000, 141.0000,  127, 0, 0,  2,  Commander_4_(Administrator_Charial)
P -498.0000, -4528.0000, 206.0000,  127, 0, 0,  2,  Commander_5_(First_Lieutenant_Minas)
P -1.0000, -1635.0000, -207.0000,  127, 0, 0,  2,  Commander_2_(Gremlok_the_Converter)
P -205.0000, -702.0000, -205.0000,  127, 0, 0,  2,  Commander_1_(Vilria_the_Keeper)
P -343.0000, -4883.0000, 275.0000,  0, 255, 0,  3,  Arch_Magus_Vangl
P -421.0000, -4387.0000, 218.0000,  0, 255, 0,  3,  Warden_Hanvar
P -503.0000, -4683.0000, 275.0000,  255, 255, 255,  3,  To_Muram
P -172.0000, -2228.0000, -85.0000,  0, 255, 255,  3,  Arisisi
P -60.0000, -2202.0000, -85.0000,  0, 255, 255,  3,  Janzio
P -57.0000, -1339.0000, -205.0000,  0, 255, 255,  3,  Novara
P -59.0000, -1219.0000, -205.0000,  0, 255, 255,  3,  Ofanso
P 55.0000, -1238.0000, -205.0000,  0, 255, 255,  3,  Shalvo
P 56.0000, -1033.0000, -205.0000,  0, 255, 255,  3,  Iilaria
P 298.0000, -702.0000, -205.0000,  240, 0, 0,  3,  Keldovan_the_Harrier
P -149.0000, -2603.0000, -16.0000,  0, 255, 255,  3,  Laveng
P -170.0000, -3037.0000, -16.0000,  0, 255, 255,  3,  Vonaahsa
P 9.0000, -3161.0000, -16.0000,  0, 255, 255,  3,  Yhinra
P -511.0000, -2834.0000, -16.0000,  0, 255, 255,  3,  Uchti
P -299.0000, -4432.0000, 208.0000,  0, 255, 255,  3,  Back_left
P 18.0000, 2452.0000, -84.0000,  0, 240, 0,  3,  to_Walls_of_Slaughter
P -505.0000, -4950.0000, 293.0000,  0, 255, 0,  3,  Overlord_Mata_Muram
