P -143.0140, 257.6650, 29.4060,  0, 0, 0,  3,  Forge
P 211.9130, -163.6210, -32.3430,  0, 0, 0,  3,  Kiln
P 328.2810, -213.0180, -32.3430,  0, 0, 0,  3,  Pottery_Wheel
P 860.8100, -1785.8090, -30.6740,  103, 103, 103,  3,  Gray_Griffin_Hall
P -939.1310, -1081.4330, -1.5420,  0, 0, 0,  3,  Bankers
P 212.1240, -131.2740, -32.3430,  0, 0, 0,  3,  Loom
P 215.1210, -175.5460, -32.3430,  0, 0, 0,  3,  Pottery_Wheel
P 310.7470, -212.8000, -32.3430,  0, 0, 0,  3,  Oven
P 419.0390, -170.9570, -32.3430,  0, 0, 0,  3,  Forge
P 425.2990, -136.0050, -32.3430,  0, 0, 0,  3,  Forge
P 872.8000, -1068.0820, -1.4680,  0, 0, 0,  3,  Bankers
P 687.7520, -1438.2830, 29.4060,  103, 103, 103,  3,  Diamond
P 516.5790, -1212.7380, -32.3420,  103, 103, 103,  3,  Sapphire
P 624.2650, -922.3170, 29.4060,  103, 103, 103,  3,  Emerald
P 773.6390, -745.5610, -32.3420,  106, 106, 106,  3,  Ruby
P 1054.3879, -877.6670, 29.4060,  106, 106, 106,  3,  Platinum
P 1224.0420, -1005.3180, -32.3420,  96, 93, 96,  3,  Gold
P 1120.2111, -1287.8260, 29.4060,  109, 109, 109,  3,  Silver
P 1028.8660, -1540.9430, -31.0130,  127, 127, 127,  3,  Silver
P 969.1950, -1458.9110, -32.3420,  103, 103, 103,  3,  Copper
P 891.6590, -1192.0870, -1.4680,  0, 0, 0,  3,  Teleport_Hub
P 52.0530, -354.0340, 29.4060,  0, 0, 0,  3,  Teleport_to_Gray_Griffin_Hall
P -304.3360, -96.0920, 29.3890,  0, 0, 0,  3,  Teleport_to_White_Dragon_Hall
P -920.9110, -1183.8270, -1.4680,  0, 0, 0,  3,  Teleport_Hub
P -1121.7380, -1356.0200, 29.4060,  240, 240, 240,  3,  Diamond
P -1291.8260, -1197.4220, -32.3420,  240, 240, 240,  3,  Sapphire
P -1187.7280, -924.2070, 29.4060,  240, 240, 240,  3,  Emerald
P -1036.5460, -745.2130, -32.3420,  240, 240, 240,  3,  Ruby
P -759.1150, -854.7360, 29.4060,  240, 240, 240,  3,  Platinum
P -584.7400, -1000.8810, -32.3420,  240, 240, 240,  3,  Gold
P -692.8180, -1281.2740, 29.4060,  240, 240, 240,  3,  Silver
P -840.2560, -1453.0980, -32.3420,  240, 240, 240,  3,  Copper
P -935.7550, -1752.0410, 33.7340,  240, 240, 240,  3,  Hall_of_the_White_Dragon
P -355.7800, 221.2980, -0.0770,  0, 240, 0,  3,  To_Plane_of_Knowledge
P 67.9880, 251.6220, 29.4060,  0, 240, 0,  3,  To_Bazaar
P -0.4740, 26.9150, -1.4680,  0, 0, 0,  3,  Merchants
P -180.0970, 423.5060, 29.4060,  0, 0, 0,  3,  Stables
