P -71.3575, 659.9146, 36.2342,  240, 0, 0,  2,  Holdegar_Bairdun_(Spell_Gem_Trader)
P -419.8437, -136.9740, -23.6786,  240, 0, 0,  2,  Gilbot_the_Magnificent_(Missions_Merchant)
P -42.6933, -595.3076, 179.3069,  0, 255, 0,  3,  Brells_Temple
P -420.0464, -143.1839, -23.2564,  255, 0, 0,  2,  Gilbot_the_Golden_(Merchent)
P -39.0067, -488.4791, 154.6499,  0, 255, 0,  3,  Shinning_City
P 670.2500, 1193.2500, -14.4375,  0, 255, 0,  3,  Underquarry
P -687.1000, 182.1102, 37.7464,  255, 0, 0,  2,  Dorrvix
P -43.2455, -520.1340, 149.9609,  240, 0, 0,  2,  The_Gatekeeper
P -40.9624, -447.6800, 150.0813,  240, 0, 0,  2,  Firnel_Missynstip_(Quests)
P -211.1366, 651.7094, 34.9582,  240, 0, 0,  2,  Berrina_Saltdnarik_(Quests)
P 566.2353, 233.9075, 16.9140,  0, 255, 0,  3,  Brell's_Arena
P 16.4555, -177.1771, -65.9117,  0, 255, 0,  3,  Cooling_Chamber
P 584.5469, 220.0995, 18.0125,  240, 0, 0,  2,  Graztuk
P -114.1074, 817.9279, 54.1637,  0, 255, 0,  3,  The_Hole
P 301.4692, -342.6661, -26.3336,  0, 0, 0,  2,  White_Rose_of_Peace
P -346.1250, 1171.7500, 32.1875,  0, 255, 0,  3,  Pellucid_Grotto
P -268.0000, 674.0000, 50.0000,  240, 0, 0,  2,  Algera_Chindlebolt_(MIission)
P 686.0000, 1130.0000, -51.0000,  0, 0, 0,  2,  Eldinn_Sturdyboot
P -71.8185, 670.0170, 40.3613,  240, 0, 0,  2,  Marie_Fay_(Merchant)
P -304.7069, 541.4452, 25.4719,  240, 0, 0,  2,  Nogit
P -301.7254, 534.1053, 24.3414,  240, 0, 0,  2,  Bartel
P -12.1457, -469.0815, 151.4101,  240, 0, 0,  2,  Useful_Automated_Vendor_(Merchant)
P -265.9376, 665.7654, 47.4421,  240, 0, 0,  2,  Dwekvard_Gravelpick_(Runestone_Trader)
P -548.7292, 761.7318, 69.7346,  240, 240, 240,  1,  ground_spawn
P 49.8107, 623.0088, 30.9147,  240, 240, 240,  1,  ground_spawn
P 33.9991, 439.5059, 10.8173,  240, 240, 240,  1,  ground_spawn
P -42.0031, 66.0465, -19.7416,  240, 240, 240,  1,  ground_spawn
P -282.8546, 130.2893, -11.8947,  240, 240, 240,  1,  ground_spawn
P -514.2491, 138.1491, 8.0834,  240, 240, 240,  1,  ground_spawn
P -268.9262, 604.7433, 34.8307,  240, 240, 240,  1,  ground_spawn
P -152.9063, 495.2576, 9.7404,  240, 240, 240,  1,  ground_spawn
P -296.7158, 309.6763, 16.4828,  240, 240, 240,  1,  ground_spawn
P -216.6250, 254.2054, -6.3627,  240, 240, 240,  1,  ground_spawn
P -46.0264, 204.9507, -5.0639,  240, 240, 240,  1,  ground_spawn
P -51.4806, 267.6242, -7.3779,  240, 240, 240,  1,  ground_spawn
P -29.0907, 619.5987, 33.9019,  240, 240, 240,  1,  ground_spawn
P 63.8232, 544.1296, 22.2097,  240, 240, 240,  1,  ground_spawn
P -64.4892, 484.5945, 15.3317,  240, 240, 240,  1,  ground_spawn
P -53.3282, 490.9678, 12.1042,  240, 240, 240,  1,  ground_spawn
P 277.5740, 56.8083, -14.1174,  240, 240, 240,  1,  ground_spawn
P -806.5071, 84.1789, 23.9690,  240, 240, 240,  1,  ground_spawn
P -711.2983, 171.6147, 32.1901,  240, 240, 240,  1,  ground_spawn
P -524.4919, 26.3848, 11.1107,  240, 240, 240,  1,  ground_spawn
P -423.9452, 674.0805, 52.5302,  240, 240, 240,  1,  ground_spawn
P -451.0921, 635.1290, 55.3442,  240, 240, 240,  1,  ground_spawn
P 103.8799, 257.4764, 6.1514,  240, 240, 240,  1,  ground_spawn
P -86.3662, 635.6270, 27.7132,  240, 240, 240,  1,  ground_spawn
P -538.1492, 385.2993, 39.5738,  240, 240, 240,  1,  ground_spawn
