P -1245.3700, -510.6800, 23.6800,  240, 240, 240,  1,  Instanced_Zone
P -51.6820, -1028.9250, 121.3190,  240, 240, 240,  1,  Instanced_Zone
P 1847.0389, 1162.8180, -9.2370,  0, 240, 0,  2,  to_Lavastorm_Mtns
P -187.3940, 890.8550, 65.8730,  0, 0, 0,  1,  Wind_Stones
P 1050.9210, -328.8760, 25.0290,  0, 0, 0,  1,  Dirtdiggers
P 1489.7010, -568.3320, 30.6400,  0, 0, 0,  1,  Dirtdiggers
P 1217.3610, -297.2340, 37.5300,  0, 0, 0,  1,  Pillars
P 742.8780, -1282.0220, 66.0010,  0, 0, 0,  1,  Pillars
P 634.7240, -1278.3719, 32.5300,  0, 0, 0,  1,  Stone_Dervishes
P 1288.2111, -1201.9270, 51.8920,  240, 240, 240,  1,  Dragon_Statue_-_Desert
P 1466.1750, -959.3180, 67.8900,  0, 0, 0,  1,  Pillars
P 1324.5890, -1341.2469, 84.7720,  0, 0, 0,  1,  Pillars
P 973.9710, -1522.8040, 43.9850,  0, 0, 0,  1,  Dirtdiggers
P -132.5070, -1580.4449, 121.3220,  0, 240, 0,  2,  to_Stillmoon_Temple
P -1481.9110, -632.3330, 15.9510,  240, 240, 240,  1,  Dragon_Statue_-_Ice
P -1236.8960, -496.7560, 20.6960,  0, 0, 0,  1,  Frostfang_Drakes
P -1175.9410, -305.0330, 39.2940,  0, 0, 0,  1,  Frostflakes
P 878.9050, 1220.0590, 11.5360,  0, 240, 0,  2,  to_Lavaspinners_Lair
P -1674.3590, -1228.4900, 2.5690,  127, 64, 0,  1,  Waterfall
P -1632.1440, 878.3340, 32.6620,  240, 240, 240,  1,  Dragon_Statue_-_Swamp
P -867.5820, 1001.3500, 19.3360,  127, 0, 0,  1,  Brood_Drones
P 852.5040, -793.6230, 34.2880,  0, 240, 0,  2,  to_Thundercrest_Isles
P 1641.0560, -902.8760, 77.8250,  240, 240, 240,  1,  Instanced_Zone
P -684.7560, -1601.0551, 50.4260,  240, 240, 240,  1,  Instanced_Zone
P 1283.8240, 524.1750, 67.1000,  240, 240, 240,  1,  Dragon_Statue
P 527.5910, 1002.7330, 78.6270,  0, 0, 0,  1,  a_decaying_corpse
P -1399.0820, 302.0400, 22.3500,  127, 0, 0,  1,  The_Broodqueen
P 1497.7469, 1798.8580, 149.0360,  240, 240, 240,  1,  instanced_Zone
P 839.5790, -841.5680, 33.3240,  0, 0, 0,  1,  Earth_Stone
P 586.5590, 1043.2590, 71.9310,  0, 0, 0,  1,  Fire_Stones
P -1275.4160, -548.1960, 25.0980,  0, 0, 0,  1,  Water_Stones
