P -504.1544, -153.3472, -1.8111,  240, 0, 0,  3,  Hilbert_Sonori_(Quests)
P -994.3791, -155.6711, -78.9697,  240, 0, 0,  3,  Bergolos_(Quests)
P -362.6962, 1378.5571, -69.3207,  240, 0, 0,  3,  Delth_(Quests)
P -2.9050, -12.1279, -46.3210,  0, 240, 0,  3,  Zone_to_Volska's_Husk
P -1316.9972, 531.9612, -78.9276,  240, 0, 0,  3,  Etrigore_(Missions)
P -212.7419, 521.1146, -78.2586,  240, 0, 0,  3,  Krog_the_Bounty_Hunter_(Quests)
P -1082.4744, 1014.2982, 373.8400,  0, 0, 0,  2,  Belsa
P -795.2902, 1023.0389, 552.6478,  0, 127, 127,  3,  Donald_Darkbrow
P -640.0000, 1230.0000, 572.0000,  240, 240, 0,  3,  Animated_Lava
P -1024.1143, 854.8556, 24.3962,  0, 0, 0,  2,  Entrance_to_Tower
P 5.1887, 1.7271, -44.2933,  0, 0, 0,  2,  Warret_Darklight
P -917.6155, 1880.7546, -76.7281,  255, 0, 0,  2,  Tippeltop_Wizzlebang_(Quests)
P -1139.1418, 1005.3502, 252.7074,  255, 0, 0,  2,  Welmina_(Quests)
P -895.4360, 717.9365, 372.7228,  255, 0, 0,  2,  Norri_Stubblestone_(Quests)
P -1203.2269, 843.7806, 374.9519,  0, 0, 0,  2,  Stonemason_Broav
P -1055.0000, 874.0000, 264.6946,  255, 0, 0,  2,  Tolvias_the_Keeper_(Quests)
P -1259.0000, 1050.0000, 434.5598,  0, 0, 0,  2,  Silbibio
P -1259.0000, 1101.5975, 434.5749,  0, 0, 0,  2,  Griggles
P -895.0000, 1106.0000, 494.5587,  0, 0, 0,  2,  Hibblio
P -2.4834, -11.7139, -44.3953,  0, 255, 0,  3,  Volska's_Husk
P -918.6719, 1038.6858, 999.2286,  127, 0, 0,  3,  Armethis_Keenslice
P -808.7751, 1029.9667, 776.7126,  127, 0, 0,  3,  Leviathan
P -1209.5028, 1101.6722, 433.0806,  127, 0, 0,  3,  Warden_bindleskin
P -1191.5283, 765.8322, 256.3641,  127, 0, 0,  3,  Twisted_handmaiden
P -1688.5148, 1303.1045, -76.8337,  127, 0, 0,  2,  The_Scavenger_Subjugator
P -1080.5266, 717.4391, 821.7126,  127, 0, 0,  3,  The_Collector
P -1216.3719, 1314.4734, 1043.3099,  127, 0, 0,  3,  Summoner_Netikos
P -473.8400, 624.7871, -74.6024,  127, 0, 0,  3,  Spitting_firebug
P -1111.6954, 954.9962, 602.6396,  127, 0, 0,  3,  Slaggard_the_smelter
P -953.3192, 1307.3542, -78.9773,  127, 0, 0,  3,  Sergeant_deepwater
P -1194.4177, 929.2941, 250.2736,  127, 0, 0,  3,  Priestess_of_the_first
P -933.8174, 1510.2859, 1061.7285,  127, 0, 0,  3,  Mistress_of_Pain
P -904.7147, 889.0024, 778.2126,  127, 0, 0,  3,  Lithographer_Bakaan
P -645.8843, 859.0607, -78.5024,  127, 0, 0,  3,  Gressie
P -531.3343, 1273.1354, -78.5045,  127, 0, 0,  3,  Bellikos_bloodsiren
P -1115.1760, 891.9449, 249.1585,  127, 0, 0,  3,  Apexus_Punisher
P -600.0000, 1295.0000, 835.0000,  127, 0, 0,  3,  Alysse
P -1054.3468, 872.5736, 263.1810,  240, 240, 0,  1,  Torbias_the_Keeper
P -600.0000, 1295.0000, 835.0000,  240, 240, 0,  3,  Alysse_The_Librarian
P -928.3646, 1076.2921, 607.4138,  240, 240, 0,  1,  Donald_Darkbrow
P -947.3033, 1077.6260, 1002.2038,  240, 240, 0,  3,  Argnus_(roams)
P -967.9378, 1370.7083, 1043.2283,  240, 240, 0,  3,  Grodnis
P -1040.0000, 920.0000, 1000.0000,  240, 240, 0,  3,  Armethys
P -652.3090, 781.7966, -78.5045,  240, 127, 0,  3,  Elder_Viklov_(roams)
P -600.0000, 1125.0000, 575.0000,  240, 240, 0,  3,  Animated_Lava
P -1017.8224, 612.3936, -62.7112,  0, 240, 0,  2,  RAMP_UP_TO_TEMPLE
P -11.6826, 48.7506, -46.6803,  240, 127, 0,  3,  Grif_Iceblock
P 292.1278, -124.2402, -41.9121,  240, 127, 0,  3,  Clockwork_Magma_Meter
