P -180.2754, 752.7363, -198.6455,  240, 240, 240,  1,  ground_spawn
P 268.7637, 1026.9346, -214.6434,  240, 240, 240,  1,  ground_spawn
P 4.6299, 1247.7222, -215.7387,  240, 240, 240,  1,  ground_spawn
P -29.2037, 1364.8812, -215.7396,  240, 240, 240,  1,  ground_spawn
P -59.6804, 1322.6243, -215.6554,  240, 240, 240,  1,  ground_spawn
P -459.0662, 1068.5040, -215.0145,  240, 240, 240,  1,  ground_spawn
P -550.7899, 717.2286, -216.3977,  240, 240, 240,  1,  ground_spawn
P -636.0924, 678.2704, -214.9488,  240, 240, 240,  1,  ground_spawn
P -93.9065, 222.3078, 3.5255,  240, 240, 240,  1,  ground_spawn
P -307.9773, 78.0006, 21.7121,  240, 240, 240,  1,  ground_spawn
P -352.7552, 86.5358, 22.2389,  240, 240, 240,  1,  ground_spawn
P -306.9889, 140.9565, 21.7769,  240, 240, 240,  1,  ground_spawn
P -32.5992, 109.3766, 3.5021,  240, 240, 240,  1,  ground_spawn
P 56.4257, 461.8302, 21.8547,  240, 240, 240,  1,  ground_spawn
P 54.7787, 528.2946, 21.6671,  240, 240, 240,  1,  ground_spawn
P 297.2772, 230.9961, 18.1010,  240, 240, 240,  1,  ground_spawn
P 336.8467, 217.8869, 18.2347,  240, 240, 240,  1,  ground_spawn
P -14.3616, 11.4192, 3.4972,  240, 240, 240,  1,  ground_spawn
P 16.5979, 87.0835, 3.5013,  240, 240, 240,  1,  ground_spawn
P 780.1107, 1103.8380, -220.1602,  240, 240, 240,  1,  ground_spawn
P 1109.8757, 1195.1252, -218.8836,  240, 240, 240,  1,  ground_spawn
P 1182.8635, 1162.1442, -218.8757,  240, 240, 240,  1,  ground_spawn
P 1021.5930, 642.2248, -216.9808,  240, 240, 240,  1,  ground_spawn
P 991.7482, 673.5690, -216.8894,  240, 240, 240,  1,  ground_spawn
P 1006.1775, 686.3278, -216.9760,  240, 240, 240,  1,  ground_spawn
P -114.0000, 1405.0000, -281.0000,  255, 0, 0,  2,  Valcamph_Shadowfrost_(Quests)
P 248.0000, 628.0000, -115.0000,  255, 0, 0,  2,  Thelga_Muntik
P 10.0000, -152.0000, 3.0000,  255, 0, 0,  2,  Foreman_Gronkin_(Quests)
P 327.0000, 189.0000, -27.0000,  255, 0, 0,  2,  Thorbin_the_Elder_(Quests)
P 308.0000, 174.0000, -27.0000,  255, 0, 0,  2,  Rodrick_Cleanheart_(Quests_Mission)
P -585.0000, 680.0000, -213.1875,  0, 255, 0,  3,  Pellucid_Grotto
P -65.8000, 723.9000, -198.7965,  255, 0, 0,  2,  Lower_Foreman
P 965.7500, 846.8231, -228.0455,  255, 0, 0,  2,  MIddle_Foreman
P 180.2700, 664.6832, -114.7888,  255, 0, 0,  2,  Upper_Foreman
P 39.4086, 135.2986, 53.2136,  0, 255, 0,  3,  Brell's_Rest
P 446.9484, 153.4515, -26.7705,  255, 0, 0,  2,  Talbot_Roaringhead_(Quests)
P -423.5223, 1526.0896, -368.7263,  255, 0, 0,  2,  Taelin_the_Fearless_(Quests)
