P -995.2020, 489.8700, -59.4270,  0, 0, 0,  3,  Gate
P -845.6030, -383.7060, -49.2900,  240, 0, 0,  1,  Sporali's
P -339.4270, -117.4230, -49.2900,  240, 0, 0,  1,  Wells
P -221.3010, -200.8090, -49.2900,  240, 0, 0,  1,  Strange_Dispensing_Device
P -648.0470, -51.1300, -40.6550,  240, 0, 0,  1,  Sporali_-_Mud_Hut
P -655.2230, 666.6640, -11.4270,  240, 0, 0,  1,  Gnomework_Camp
P -289.6810, 869.2920, -49.2900,  240, 0, 0,  1,  Tisthal_Gimblecranz_Group_Tasks
P -243.9540, 731.8760, -49.2900,  0, 0, 0,  1,  Bellfast_-_parts/paper
P -292.7470, 787.4770, -49.2900,  240, 0, 0,  1,  Treddlehoop_-_Group_Tasks
P -379.3790, 767.7950, -49.2900,  240, 0, 0,  1,  Brovil_Pallivineg
P -380.5070, 704.9340, -49.2900,  240, 0, 0,  1,  Mazil_Hibbinap_-_Group_Tasks
P -324.5440, 440.0610, -10.7670,  240, 0, 0,  1,  Switch_Billingsley_-_Transmogrifer
P -492.6850, 661.3520, -32.2150,  240, 0, 0,  1,  Rogue_Freemind_Sporali
P -825.5360, 385.1760, -59.4270,  240, 0, 0,  1,  Mindspore_Camp
P -838.4020, -126.0860, -49.2900,  240, 0, 0,  1,  Mud_Huts
P -729.8840, 132.7890, -59.4270,  240, 0, 0,  1,  Sporali_Camp
P -224.4100, 320.2060, -13.2900,  240, 0, 0,  1,  Advisor_Scrapshaft
P -403.0490, 288.9400, -13.2900,  240, 0, 0,  1,  Gnomework_Inventor_Snizzlefriz
P -429.6870, 174.7350, -13.2900,  240, 0, 0,  1,  Explorer_Coggak
P -260.8480, 167.3090, -13.3600,  240, 0, 0,  1,  Salvager_Garbit
P -443.2460, 779.1220, -49.2900,  0, 0, 240,  1,  Patrol_XIV
P -1247.3090, 508.4930, -34.9220,  240, 0, 0,  1,  Corathus_Infector
P -1025.2460, 533.9780, -59.4270,  240, 0, 0,  1,  Oozing_Corathus
P -1011.4600, 424.8590, -59.3810,  0, 0, 240,  1,  Vernon
P -826.5970, 629.7860, -59.4280,  240, 0, 0,  1,  Reeking_Corathus
P -1339.5861, 202.4260, -66.4100,  240, 0, 0,  1,  squirmsnare
P -903.8250, 84.4040, -60.9270,  0, 0, 240,  1,  Slink
P -649.6400, 700.1210, -11.4270,  0, 0, 240,  1,  Octo-Bot
P -354.8390, 36.6460, -49.2940,  0, 0, 240,  1,  Magiken
P -823.6100, -87.4350, -49.2900,  240, 0, 0,  1,  Stingswarm
P -601.5370, 498.1030, -11.4270,  0, 0, 240,  2,  Scuttlebucket
P -98.0020, -69.6350, -28.1820,  0, 0, 240,  3,  Whisper_Springs
P -201.7290, 358.6850, -13.2900,  0, 0, 240,  2,  Merchant_CGXIV
P -938.6340, 299.8580, -59.4280,  240, 240, 0,  2,  Sporali_Mindspore_Traps
P -1495.0081, 141.0390, -101.5400,  240, 240, 0,  2,  White_Snake_Falls
P -296.2550, 729.0140, -49.2900,  240, 240, 0,  2,  Crash_Site_of_Expedition_328
P -374.7230, 778.8890, -49.2900,  0, 0, 240,  2,  Model_XG_CVIII
P -386.7940, -225.9360, -62.3380,  240, 0, 0,  2,  Creep_Reaper_Toiler
P -197.6210, 287.1430, -13.2900,  0, 0, 240,  2,  Navigator_Hobbeson
P -165.1170, 310.5750, -13.2900,  0, 0, 240,  2,  Banker
P -175.4600, 306.3630, -13.2900,  0, 0, 240,  2,  Banker
P -170.2850, 276.5670, -13.2900,  0, 0, 240,  2,  Excavator_Gazo
P -162.9330, 264.6180, -13.2900,  0, 0, 240,  2,  Excavator_Gizo
P -918.9760, 818.9480, -59.4350,  0, 240, 0,  3,  Instanced_Zone_3
P -628.7960, -451.0700, -32.4550,  0, 240, 0,  3,  Instanced_Zone_1
P -1157.4810, 719.1160, -35.0020,  0, 240, 0,  3,  Instanced_Zone_2
P 117.1810, 401.3860, -60.1050,  0, 240, 0,  3,  Zone_to_Nektulos
P -1625.4000, -1.0830, -76.5770,  0, 240, 0,  3,  Zone_to_Undershore
P -203.4430, 301.2280, -12.7050,  79, 0, 240,  2,  Cartographer_Slipgear
P -968.9320, 569.5910, -59.4280,  79, 0, 240,  2,  Edge_of_Corathus_Veins
