P 1375.0000, -1402.0000, 0.0000,  0, 0, 0,  2,  Daved_(Tailor)
P -1355.0000, 903.0000, 0.0000,  0, 0, 0,  2,  Thariza_(Baking)
P 178.0000, -2081.0000, 0.0000,  0, 0, 0,  2,  to_Netherbian_Lair
P 2113.0000, 713.0000, 0.0000,  0, 0, 0,  2,  to_Maiden's_Eye
P -1392.0000, 858.0000, 0.0000,  255, 255, 255,  2,  Smugglers_Camp
P -609.0000, -1298.0000, 0.0000,  255, 255, 255,  2,  Smugglers_Camp
P 230.0000, 1013.0000, 0.0000,  255, 255, 255,  2,  Smugglers_Camp
P 1273.0000, 97.0000, 0.0000,  255, 255, 255,  2,  Circle_of_Adventurers
P 1461.0000, -695.0000, 0.0000,  255, 255, 255,  2,  Mushroom_Ring
P 1330.0000, -1458.0000, 0.0000,  255, 255, 255,  2,  Smugglers_Camp
P 1501.0000, 660.0000, 0.0000,  255, 255, 255,  2,  Tribal_Camp
P 1285.0000, -1339.0000, 95.4800,  0, 0, 0,  3,  Mikhal_(Tailor)
P -1353.0000, 958.0000, 87.5950,  0, 0, 0,  3,  Yharrv_(Baking)
P 863.0000, 1946.0000, 99.3760,  0, 0, 0,  3,  to_Griegs_End
P -2071.0000, 12.0000, 86.0010,  0, 0, 0,  3,  to_Sanctus_Seru
