P 800.0000, -840.0000, 0.0000,  255, 255, 255,  2,  Succor_Point
P 404.0000, -1226.0000, 0.0000,  0, 0, 0,  2,  Galeron_(GM_Warrior)
P 305.0000, -1169.0000, 0.0000,  0, 0, 0,  2,  Norfin_(GM_Shadowknight)
P 463.0000, -1512.0000, 0.0000,  0, 0, 0,  2,  Nochtar_(GM_Necromancer)
P 461.0000, -1496.0000, 0.0000,  0, 0, 0,  2,  Yurian_(GM_Magician)
P 555.0000, -1542.0000, 0.0000,  0, 0, 0,  2,  Wirgus_(GM_Enchanter)
P 273.0000, -1739.0000, 0.0000,  0, 0, 0,  2,  Kelador_(GM_Necromancer)
P 846.0000, -1609.0000, 0.0000,  0, 0, 0,  2,  Teropalig_(GM_Cleric)
P -230.0000, 747.0000, 0.0000,  0, 0, 0,  2,  Trace_(Tinkerer)
P 403.0000, -1124.0000, 0.0000,  0, 0, 0,  2,  Pelinor_(Weapons)
P 877.0000, -1587.0000, 0.0000,  0, 0, 0,  2,  Horoal_(Spells)
P 753.0000, -1599.0000, 0.0000,  0, 0, 0,  2,  Falos_(Spells)
P 912.0000, -1313.0000, 0.0000,  0, 0, 0,  2,  Saerlsam_(Bar)
P 849.0000, -1408.0000, 0.0000,  0, 0, 0,  2,  Olowakn_(Merchant)
P 541.0000, -1319.0000, 0.0000,  0, 0, 0,  2,  Solsain_(Gems)
P 614.0000, -1385.0000, 0.0000,  0, 0, 0,  2,  Rasl_(Merchant)
P 769.0000, -1605.0000, 0.0000,  0, 0, 0,  2,  Kacheoa_(Spells)
P 894.0000, -1601.0000, 0.0000,  0, 0, 0,  2,  Drible_(Baking)
P -1587.0000, 1736.0000, 0.0000,  0, 0, 0,  2,  to_The_Deep
P -1025.0000, -1145.0000, -126.4990,  0, 0, 0,  3,  to_Fungus_Grove
P 888.9080, -829.0810, -32.3740,  0, 0, 0,  3,  to_Shadow_Haven
P 791.6680, -1337.5490, -67.7490,  0, 0, 0,  3,  Pugidlar_(Jewelry)
P 462.0000, -1528.0000, -23.4990,  0, 0, 0,  3,  Celerik_(GM_Wizard)
P 364.0000, -1093.4490, -20.4990,  0, 0, 0,  3,  Prasor_(GM_Rogue)
P -287.8780, 1284.8510, -40.5230,  0, 0, 0,  3,  Elevator
P 50.4500, 1003.1710, -2.0140,  0, 0, 0,  3,  to_Shadow_Haven
