L 986.0000, -512.0000, 0.0000,  915.0000, -644.0000, 0.0000,  255, 255, 0
L 978.0000, -488.0000, 0.0000,  986.0000, -512.0000, 0.0000,  255, 255, 0
L 974.0000, 261.0000, 0.0000,  978.0000, -488.0000, 0.0000,  255, 255, 0
L 977.0000, 577.0000, 0.0000,  974.0000, 261.0000, 0.0000,  255, 255, 0
L 246.0000, 1000.0000, 0.0000,  295.0000, 1037.0000, 0.0000,  255, 255, 0
L 234.0000, 985.0000, 0.0000,  246.0000, 1000.0000, 0.0000,  255, 255, 0
L 222.0000, 971.0000, 0.0000,  234.0000, 985.0000, 0.0000,  255, 255, 0
L 206.0000, 947.0000, 0.0000,  222.0000, 971.0000, 0.0000,  255, 255, 0
L 192.0000, 934.0000, 0.0000,  206.0000, 947.0000, 0.0000,  255, 255, 0
L 163.0000, 910.0000, 0.0000,  192.0000, 934.0000, 0.0000,  255, 255, 0
L 145.0000, 904.0000, 0.0000,  163.0000, 910.0000, 0.0000,  255, 255, 0
L 135.0000, 888.0000, 0.0000,  145.0000, 904.0000, 0.0000,  255, 255, 0
L 121.0000, 876.0000, 0.0000,  135.0000, 888.0000, 0.0000,  255, 255, 0
L 93.0000, 840.0000, 0.0000,  121.0000, 876.0000, 0.0000,  255, 255, 0
L 47.0000, 804.0000, 0.0000,  93.0000, 840.0000, 0.0000,  255, 255, 0
L -15.0000, 783.0000, 0.0000,  47.0000, 804.0000, 0.0000,  255, 255, 0
L -43.0000, 820.0000, 0.0000,  -15.0000, 783.0000, 0.0000,  255, 255, 0
L -95.0000, 836.0000, 0.0000,  -43.0000, 820.0000, 0.0000,  255, 255, 0
L -145.0000, 862.0000, 0.0000,  -95.0000, 836.0000, 0.0000,  255, 255, 0
L -193.0000, 882.0000, 0.0000,  -145.0000, 862.0000, 0.0000,  255, 255, 0
L -233.0000, 874.0000, 0.0000,  -193.0000, 882.0000, 0.0000,  255, 255, 0
L -258.0000, 862.0000, 0.0000,  -233.0000, 874.0000, 0.0000,  255, 255, 0
L -277.0000, 852.0000, 0.0000,  -258.0000, 862.0000, 0.0000,  255, 255, 0
L -296.0000, 828.0000, 0.0000,  -277.0000, 852.0000, 0.0000,  255, 255, 0
L -282.0000, 818.0000, 0.0000,  -296.0000, 828.0000, 0.0000,  255, 255, 0
L -269.0000, 813.0000, 0.0000,  -282.0000, 818.0000, 0.0000,  255, 255, 0
L -261.0000, 802.0000, 0.0000,  -269.0000, 813.0000, 0.0000,  255, 255, 0
L -258.0000, 777.0000, 0.0000,  -261.0000, 802.0000, 0.0000,  255, 255, 0
L -254.0000, 758.0000, 0.0000,  -258.0000, 777.0000, 0.0000,  255, 255, 0
L -256.0000, 748.0000, 0.0000,  -254.0000, 758.0000, 0.0000,  255, 255, 0
L -247.0000, 724.0000, 0.0000,  -256.0000, 748.0000, 0.0000,  255, 255, 0
L -222.0000, 670.0000, 0.0000,  -247.0000, 724.0000, 0.0000,  255, 255, 0
L -211.0000, 656.0000, 0.0000,  -222.0000, 670.0000, 0.0000,  255, 255, 0
L -212.0000, 630.0000, 0.0000,  -211.0000, 656.0000, 0.0000,  255, 255, 0
L -226.0000, 604.0000, 0.0000,  -212.0000, 630.0000, 0.0000,  255, 255, 0
L -230.0000, 595.0000, 0.0000,  -226.0000, 604.0000, 0.0000,  255, 255, 0
L -242.0000, 557.0000, 0.0000,  -230.0000, 595.0000, 0.0000,  255, 255, 0
L -260.0000, 519.0000, 0.0000,  -242.0000, 557.0000, 0.0000,  255, 255, 0
L -284.0000, 501.0000, 0.0000,  -260.0000, 519.0000, 0.0000,  255, 255, 0
L -312.0000, 503.0000, 0.0000,  -284.0000, 501.0000, 0.0000,  255, 255, 0
L -335.0000, 522.0000, 0.0000,  -312.0000, 503.0000, 0.0000,  255, 255, 0
L -348.0000, 536.0000, 0.0000,  -335.0000, 522.0000, 0.0000,  255, 255, 0
L -359.0000, 555.0000, 0.0000,  -348.0000, 536.0000, 0.0000,  255, 255, 0
L -369.0000, 579.0000, 0.0000,  -359.0000, 555.0000, 0.0000,  255, 255, 0
L -379.0000, 607.0000, 0.0000,  -369.0000, 579.0000, 0.0000,  255, 255, 0
L -393.0000, 630.0000, 0.0000,  -379.0000, 607.0000, 0.0000,  255, 255, 0
L -407.0000, 648.0000, 0.0000,  -393.0000, 630.0000, 0.0000,  255, 255, 0
L -439.0000, 666.0000, 0.0000,  -407.0000, 648.0000, 0.0000,  255, 255, 0
L -439.0000, 689.0000, 0.0000,  -439.0000, 666.0000, 0.0000,  255, 255, 0
L -445.0000, 698.0000, 0.0000,  -439.0000, 689.0000, 0.0000,  255, 255, 0
L -449.0000, 717.0000, 0.0000,  -445.0000, 698.0000, 0.0000,  255, 255, 0
L -461.0000, 766.0000, 0.0000,  -449.0000, 717.0000, 0.0000,  255, 255, 0
L -471.0000, 793.0000, 0.0000,  -461.0000, 766.0000, 0.0000,  255, 255, 0
L -508.0000, 842.0000, 0.0000,  -471.0000, 793.0000, 0.0000,  255, 255, 0
L -517.0000, 858.0000, 0.0000,  -508.0000, 842.0000, 0.0000,  255, 255, 0
L -521.0000, 883.0000, 0.0000,  -517.0000, 858.0000, 0.0000,  255, 255, 0
L -535.0000, 881.0000, 0.0000,  -521.0000, 883.0000, 0.0000,  255, 255, 0
L -563.0000, 867.0000, 0.0000,  -535.0000, 881.0000, 0.0000,  255, 255, 0
L -580.0000, 858.0000, 0.0000,  -563.0000, 867.0000, 0.0000,  255, 255, 0
L -592.0000, 845.0000, 0.0000,  -580.0000, 858.0000, 0.0000,  255, 255, 0
L -627.0000, 845.0000, 0.0000,  -592.0000, 845.0000, 0.0000,  255, 255, 0
L -631.0000, 865.0000, 0.0000,  -627.0000, 845.0000, 0.0000,  255, 255, 0
L -638.0000, 885.0000, 0.0000,  -631.0000, 865.0000, 0.0000,  255, 255, 0
L -664.0000, 878.0000, 0.0000,  -638.0000, 885.0000, 0.0000,  255, 255, 0
L -688.0000, 859.0000, 0.0000,  -664.0000, 878.0000, 0.0000,  255, 255, 0
L -696.0000, 853.0000, 0.0000,  -688.0000, 859.0000, 0.0000,  255, 255, 0
L -715.0000, 829.0000, 0.0000,  -696.0000, 853.0000, 0.0000,  255, 255, 0
L -741.0000, 806.0000, 0.0000,  -715.0000, 829.0000, 0.0000,  255, 255, 0
L -757.0000, 791.0000, 0.0000,  -741.0000, 806.0000, 0.0000,  255, 255, 0
L -777.0000, 782.0000, 0.0000,  -757.0000, 791.0000, 0.0000,  255, 255, 0
L -789.0000, 756.0000, 0.0000,  -777.0000, 782.0000, 0.0000,  255, 255, 0
L -814.0000, 729.0000, 0.0000,  -789.0000, 756.0000, 0.0000,  255, 255, 0
L -834.0000, 712.0000, 0.0000,  -814.0000, 729.0000, 0.0000,  255, 255, 0
L -854.0000, 709.0000, 0.0000,  -834.0000, 712.0000, 0.0000,  255, 255, 0
L -883.0000, 670.0000, 0.0000,  -854.0000, 708.0000, 0.0000,  255, 255, 0
L -907.0000, 632.0000, 0.0000,  -883.0000, 670.0000, 0.0000,  255, 255, 0
L -930.0000, 606.0000, 0.0000,  -907.0000, 632.0000, 0.0000,  255, 255, 0
L -969.0000, 590.0000, 0.0000,  -930.0000, 606.0000, 0.0000,  255, 255, 0
L -1010.0000, 583.0000, 0.0000,  -969.0000, 590.0000, 0.0000,  255, 255, 0
L -1027.0000, 592.0000, 0.0000,  -1010.0000, 583.0000, 0.0000,  255, 255, 0
L -1042.0000, 569.0000, 0.0000,  -1027.0000, 592.0000, 0.0000,  255, 255, 0
L -1062.0000, 580.0000, 0.0000,  -1042.0000, 569.0000, 0.0000,  255, 255, 0
L -1063.0000, 581.0000, 0.0000,  -1062.0000, 580.0000, 0.0000,  255, 255, 0
L -1094.0000, 570.0000, 0.0000,  -1063.0000, 581.0000, 0.0000,  255, 255, 0
L -1122.0000, 588.0000, 0.0000,  -1094.0000, 570.0000, 0.0000,  255, 255, 0
L -1149.0000, 587.0000, 0.0000,  -1122.0000, 588.0000, 0.0000,  255, 255, 0
L -1182.0000, 587.0000, 0.0000,  -1149.0000, 587.0000, 0.0000,  255, 255, 0
L -1225.0000, 584.0000, 0.0000,  -1182.0000, 587.0000, 0.0000,  255, 255, 0
L -1240.0000, 598.0000, 0.0000,  -1225.0000, 584.0000, 0.0000,  255, 255, 0
L -1239.0000, 620.0000, 0.0000,  -1240.0000, 598.0000, 0.0000,  255, 255, 0
L -1293.0000, 629.0000, 0.0000,  -1239.0000, 620.0000, 0.0000,  255, 255, 0
L -1305.0000, 638.0000, 0.0000,  -1293.0000, 629.0000, 0.0000,  255, 255, 0
L -1317.0000, 659.0000, 0.0000,  -1305.0000, 638.0000, 0.0000,  255, 255, 0
L -1323.0000, 686.0000, 0.0000,  -1317.0000, 659.0000, 0.0000,  255, 255, 0
L -1341.0000, 682.0000, 0.0000,  -1323.0000, 686.0000, 0.0000,  255, 255, 0
L -1397.0000, 647.0000, 0.0000,  -1341.0000, 682.0000, 0.0000,  255, 255, 0
L -1421.0000, 627.0000, 0.0000,  -1397.0000, 647.0000, 0.0000,  255, 255, 0
L -1455.0000, 604.0000, 0.0000,  -1421.0000, 627.0000, 0.0000,  255, 255, 0
L -1476.0000, 593.0000, 0.0000,  -1455.0000, 604.0000, 0.0000,  255, 255, 0
L -1536.0000, 482.0000, 0.0000,  -1476.0000, 593.0000, 0.0000,  255, 255, 0
L -1577.0000, 395.0000, 0.0000,  -1536.0000, 482.0000, 0.0000,  255, 255, 0
L -1593.0000, 353.0000, 0.0000,  -1577.0000, 395.0000, 0.0000,  255, 255, 0
L -1609.0000, 329.0000, 0.0000,  -1593.0000, 353.0000, 0.0000,  255, 255, 0
L -1623.0000, 301.0000, 0.0000,  -1609.0000, 329.0000, 0.0000,  255, 255, 0
L -1637.0000, 265.0000, 0.0000,  -1623.0000, 301.0000, 0.0000,  255, 255, 0
L -1655.0000, 237.0000, 0.0000,  -1637.0000, 265.0000, 0.0000,  255, 255, 0
L -1673.0000, 214.0000, 0.0000,  -1655.0000, 237.0000, 0.0000,  255, 255, 0
L -1688.0000, 203.0000, 0.0000,  -1673.0000, 214.0000, 0.0000,  255, 255, 0
L -1729.0000, 190.0000, 0.0000,  -1688.0000, 203.0000, 0.0000,  255, 255, 0
L -1760.0000, 185.0000, 0.0000,  -1729.0000, 190.0000, 0.0000,  255, 255, 0
L -1798.0000, 191.0000, 0.0000,  -1760.0000, 185.0000, 0.0000,  255, 255, 0
L -1818.0000, 200.0000, 0.0000,  -1798.0000, 191.0000, 0.0000,  255, 255, 0
L -1838.0000, 176.0000, 0.0000,  -1818.0000, 200.0000, 0.0000,  255, 255, 0
L -1866.0000, 178.0000, 0.0000,  -1838.0000, 176.0000, 0.0000,  255, 255, 0
L -1902.0000, 187.0000, 0.0000,  -1866.0000, 178.0000, 0.0000,  255, 255, 0
L -1920.0000, 202.0000, 0.0000,  -1902.0000, 187.0000, 0.0000,  255, 255, 0
L -1939.0000, 220.0000, 0.0000,  -1920.0000, 202.0000, 0.0000,  255, 255, 0
L -1960.0000, 259.0000, 0.0000,  -1939.0000, 220.0000, 0.0000,  255, 255, 0
L -1964.0000, 267.0000, 0.0000,  -1960.0000, 259.0000, 0.0000,  255, 255, 0
L -1974.0000, 283.0000, 0.0000,  -1964.0000, 267.0000, 0.0000,  255, 255, 0
L -1982.0000, 314.0000, 0.0000,  -1974.0000, 283.0000, 0.0000,  255, 255, 0
L -2010.0000, 353.0000, 0.0000,  -1982.0000, 314.0000, 0.0000,  255, 255, 0
L -2027.0000, 366.0000, 0.0000,  -2010.0000, 353.0000, 0.0000,  255, 255, 0
L -2056.0000, 414.0000, 0.0000,  -2027.0000, 366.0000, 0.0000,  255, 255, 0
L -2052.0000, 443.0000, 0.0000,  -2056.0000, 414.0000, 0.0000,  255, 255, 0
L -2067.0000, 479.0000, 0.0000,  -2052.0000, 443.0000, 0.0000,  255, 255, 0
L -2088.0000, 540.0000, 0.0000,  -2067.0000, 479.0000, 0.0000,  255, 255, 0
L -2056.0000, 564.0000, 0.0000,  -2088.0000, 540.0000, 0.0000,  255, 255, 0
L -2230.0000, 679.0000, 0.0000,  -2056.0000, 564.0000, 0.0000,  255, 255, 0
L -2362.0000, 574.0000, 0.0000,  -2230.0000, 679.0000, 0.0000,  255, 255, 0
L -2463.0000, 510.0000, 0.0000,  -2362.0000, 574.0000, 0.0000,  255, 255, 0
L -2496.0000, 445.0000, 0.0000,  -2463.0000, 510.0000, 0.0000,  255, 255, 0
L -2554.0000, 393.0000, 0.0000,  -2496.0000, 445.0000, 0.0000,  255, 255, 0
L -2632.0000, 491.0000, 0.0000,  -2554.0000, 393.0000, 0.0000,  255, 255, 0
L -2776.0000, 573.0000, 0.0000,  -2632.0000, 491.0000, 0.0000,  255, 255, 0
L -2904.0000, 636.0000, 0.0000,  -2776.0000, 573.0000, 0.0000,  255, 255, 0
L -3000.0000, 639.0000, 0.0000,  -2904.0000, 636.0000, 0.0000,  255, 255, 0
L -3111.0000, 590.0000, 0.0000,  -3000.0000, 639.0000, 0.0000,  255, 255, 0
L -3192.0000, 584.0000, 0.0000,  -3111.0000, 590.0000, 0.0000,  255, 255, 0
L -3288.0000, 575.0000, 0.0000,  -3192.0000, 584.0000, 0.0000,  255, 255, 0
L -3337.0000, 585.0000, 0.0000,  -3288.0000, 575.0000, 0.0000,  255, 255, 0
L -3367.0000, 580.0000, 0.0000,  -3337.0000, 585.0000, 0.0000,  255, 255, 0
L -3395.0000, 579.0000, 0.0000,  -3367.0000, 580.0000, 0.0000,  255, 255, 0
L -3405.0000, 579.0000, 0.0000,  -3395.0000, 579.0000, 0.0000,  255, 255, 0
L -3446.0000, 581.0000, 0.0000,  -3405.0000, 579.0000, 0.0000,  255, 255, 0
L -3475.0000, 572.0000, 0.0000,  -3446.0000, 581.0000, 0.0000,  255, 255, 0
L -3544.0000, 575.0000, 0.0000,  -3475.0000, 572.0000, 0.0000,  255, 255, 0
L -3588.0000, 576.0000, 0.0000,  -3544.0000, 575.0000, 0.0000,  255, 255, 0
L -3621.0000, 581.0000, 0.0000,  -3588.0000, 576.0000, 0.0000,  255, 255, 0
L -3639.0000, 585.0000, 0.0000,  -3621.0000, 581.0000, 0.0000,  255, 255, 0
L -3678.0000, 628.0000, 0.0000,  -3639.0000, 585.0000, 0.0000,  255, 255, 0
L -3743.0000, 689.0000, 0.0000,  -3678.0000, 628.0000, 0.0000,  255, 255, 0
L -3777.0000, 722.0000, 0.0000,  -3743.0000, 689.0000, 0.0000,  255, 255, 0
L -3823.0000, 770.0000, 0.0000,  -3777.0000, 722.0000, 0.0000,  255, 255, 0
L -3835.0000, 781.0000, 0.0000,  -3823.0000, 770.0000, 0.0000,  255, 255, 0
L -3851.0000, 791.0000, 0.0000,  -3835.0000, 781.0000, 0.0000,  255, 255, 0
L -3863.0000, 812.0000, 0.0000,  -3851.0000, 791.0000, 0.0000,  255, 255, 0
L -3884.0000, 828.0000, 0.0000,  -3863.0000, 812.0000, 0.0000,  255, 255, 0
L -3895.0000, 835.0000, 0.0000,  -3884.0000, 828.0000, 0.0000,  255, 255, 0
L -3918.0000, 852.0000, 0.0000,  -3895.0000, 835.0000, 0.0000,  255, 255, 0
L -3934.0000, 862.0000, 0.0000,  -3918.0000, 852.0000, 0.0000,  255, 255, 0
L -3952.0000, 871.0000, 0.0000,  -3934.0000, 862.0000, 0.0000,  255, 255, 0
L -3991.0000, 882.0000, 0.0000,  -3952.0000, 871.0000, 0.0000,  255, 255, 0
L -4041.0000, 882.0000, 0.0000,  -3991.0000, 882.0000, 0.0000,  255, 255, 0
L -4060.0000, 883.0000, 0.0000,  -4041.0000, 882.0000, 0.0000,  255, 255, 0
L -4079.0000, 880.0000, 0.0000,  -4060.0000, 883.0000, 0.0000,  255, 255, 0
L -4100.0000, 885.0000, 0.0000,  -4079.0000, 880.0000, 0.0000,  255, 255, 0
L -4132.0000, 888.0000, 0.0000,  -4100.0000, 885.0000, 0.0000,  255, 255, 0
L -4151.0000, 887.0000, 0.0000,  -4132.0000, 888.0000, 0.0000,  255, 255, 0
L -4207.0000, 874.0000, 0.0000,  -4151.0000, 887.0000, 0.0000,  255, 255, 0
L -4251.0000, 883.0000, 0.0000,  -4207.0000, 874.0000, 0.0000,  255, 255, 0
L -4275.0000, 876.0000, 0.0000,  -4251.0000, 883.0000, 0.0000,  255, 255, 0
L -4301.0000, 883.0000, 0.0000,  -4275.0000, 876.0000, 0.0000,  255, 255, 0
L -4327.0000, 894.0000, 0.0000,  -4301.0000, 883.0000, 0.0000,  255, 255, 0
L -4383.0000, 888.0000, 0.0000,  -4327.0000, 894.0000, 0.0000,  255, 255, 0
L -4424.0000, 888.0000, 0.0000,  -4383.0000, 888.0000, 0.0000,  255, 255, 0
L -4454.0000, 889.0000, 0.0000,  -4424.0000, 888.0000, 0.0000,  255, 255, 0
L -4474.0000, 883.0000, 0.0000,  -4454.0000, 889.0000, 0.0000,  255, 255, 0
L -4483.0000, 882.0000, 0.0000,  -4474.0000, 883.0000, 0.0000,  255, 255, 0
L -4507.0000, 884.0000, 0.0000,  -4483.0000, 882.0000, 0.0000,  255, 255, 0
L -4549.0000, 879.0000, 0.0000,  -4507.0000, 884.0000, 0.0000,  255, 255, 0
L -4582.0000, 874.0000, 0.0000,  -4549.0000, 879.0000, 0.0000,  255, 255, 0
L -4606.0000, 885.0000, 0.0000,  -4582.0000, 874.0000, 0.0000,  255, 255, 0
L -4634.0000, 872.0000, 0.0000,  -4606.0000, 885.0000, 0.0000,  255, 255, 0
L -4653.0000, 868.0000, 0.0000,  -4634.0000, 872.0000, 0.0000,  255, 255, 0
L -4674.0000, 861.0000, 0.0000,  -4653.0000, 868.0000, 0.0000,  255, 255, 0
L -4690.0000, 849.0000, 0.0000,  -4674.0000, 861.0000, 0.0000,  255, 255, 0
L -4730.0000, 823.0000, 0.0000,  -4690.0000, 849.0000, 0.0000,  255, 255, 0
L -4771.0000, 789.0000, 0.0000,  -4730.0000, 823.0000, 0.0000,  255, 255, 0
L -4790.0000, 765.0000, 0.0000,  -4771.0000, 789.0000, 0.0000,  255, 255, 0
L -4810.0000, 737.0000, 0.0000,  -4790.0000, 765.0000, 0.0000,  255, 255, 0
L -4827.0000, 723.0000, 0.0000,  -4810.0000, 737.0000, 0.0000,  255, 255, 0
L -4851.0000, 705.0000, 0.0000,  -4827.0000, 723.0000, 0.0000,  255, 255, 0
L -4867.0000, 677.0000, 0.0000,  -4851.0000, 705.0000, 0.0000,  255, 255, 0
L -4914.0000, 633.0000, 0.0000,  -4867.0000, 677.0000, 0.0000,  255, 255, 0
L -4936.0000, 617.0000, 0.0000,  -4914.0000, 633.0000, 0.0000,  255, 255, 0
L -4977.0000, 565.0000, 0.0000,  -4936.0000, 617.0000, 0.0000,  255, 255, 0
L -5000.0000, 550.0000, 0.0000,  -4977.0000, 565.0000, 0.0000,  255, 255, 0
L -2786.0000, 974.0000, 0.0000,  -2798.0000, 971.0000, 0.0000,  255, 0, 0
L -2783.0000, 963.0000, 0.0000,  -2786.0000, 974.0000, 0.0000,  255, 0, 0
L -2795.0000, 960.0000, 0.0000,  -2783.0000, 963.0000, 0.0000,  255, 0, 0
L -2798.0000, 971.0000, 0.0000,  -2795.0000, 960.0000, 0.0000,  255, 0, 0
L -2823.0000, 927.0000, 0.0000,  -2800.0000, 925.0000, 0.0000,  255, 0, 0
L -2825.0000, 918.0000, 0.0000,  -2823.0000, 927.0000, 0.0000,  255, 0, 0
L -2802.0000, 918.0000, 0.0000,  -2825.0000, 918.0000, 0.0000,  255, 0, 0
L -2800.0000, 925.0000, 0.0000,  -2802.0000, 918.0000, 0.0000,  255, 0, 0
L -2799.0000, 934.0000, 0.0000,  -2801.0000, 944.0000, 0.0000,  255, 0, 0
L -2823.0000, 927.0000, 0.0000,  -2799.0000, 934.0000, 0.0000,  255, 0, 0
L -2825.0000, 938.0000, 0.0000,  -2823.0000, 927.0000, 0.0000,  255, 0, 0
L -2801.0000, 944.0000, 0.0000,  -2825.0000, 938.0000, 0.0000,  255, 0, 0
L -2843.0000, 940.0000, 0.0000,  -2853.0000, 971.0000, 0.0000,  255, 0, 0
L -2856.0000, 937.0000, 0.0000,  -2843.0000, 940.0000, 0.0000,  255, 0, 0
L -2867.0000, 965.0000, 0.0000,  -2856.0000, 937.0000, 0.0000,  255, 0, 0
L -2853.0000, 971.0000, 0.0000,  -2867.0000, 965.0000, 0.0000,  255, 0, 0
L -2843.0000, 985.0000, 0.0000,  -2813.0000, 994.0000, 0.0000,  255, 0, 0
L -2846.0000, 997.0000, 0.0000,  -2843.0000, 985.0000, 0.0000,  255, 0, 0
L -2817.0000, 1006.0000, 0.0000,  -2846.0000, 997.0000, 0.0000,  255, 0, 0
L -2813.0000, 994.0000, 0.0000,  -2817.0000, 1006.0000, 0.0000,  255, 0, 0
L -2826.0000, 949.0000, 0.0000,  -2831.0000, 967.0000, 0.0000,  255, 0, 0
L -2807.0000, 954.0000, 0.0000,  -2826.0000, 949.0000, 0.0000,  255, 0, 0
L -2814.0000, 972.0000, 0.0000,  -2807.0000, 954.0000, 0.0000,  255, 0, 0
L -2831.0000, 967.0000, 0.0000,  -2814.0000, 972.0000, 0.0000,  255, 0, 0
L -4675.0000, -954.0000, 0.0000,  -4672.0000, -935.0000, 0.0000,  255, 0, 0
L -4655.0000, -958.0000, 0.0000,  -4675.0000, -954.0000, 0.0000,  255, 0, 0
L -4650.0000, -938.0000, 0.0000,  -4655.0000, -958.0000, 0.0000,  255, 0, 0
L -4672.0000, -931.0000, 0.0000,  -4650.0000, -938.0000, 0.0000,  255, 0, 0
L -4643.0000, -996.0000, 0.0000,  -4658.0000, -1013.0000, 0.0000,  255, 0, 0
L -4662.0000, -982.0000, 0.0000,  -4643.0000, -996.0000, 0.0000,  255, 0, 0
L -4674.0000, -1000.0000, 0.0000,  -4662.0000, -982.0000, 0.0000,  255, 0, 0
L -4656.0000, -1014.0000, 0.0000,  -4674.0000, -1000.0000, 0.0000,  255, 0, 0
L -4631.0000, -997.0000, 0.0000,  -4612.0000, -996.0000, 0.0000,  255, 0, 0
L -4631.0000, -1018.0000, 0.0000,  -4631.0000, -997.0000, 0.0000,  255, 0, 0
L -4610.0000, -1018.0000, 0.0000,  -4631.0000, -1018.0000, 0.0000,  255, 0, 0
L -4609.0000, -996.0000, 0.0000,  -4610.0000, -1018.0000, 0.0000,  255, 0, 0
L -2685.0000, -1008.0000, 0.0000,  -2670.0000, -1013.0000, 0.0000,  255, 0, 0
L -2699.0000, -1013.0000, 0.0000,  -2685.0000, -1008.0000, 0.0000,  255, 0, 0
L -2704.0000, -1027.0000, 0.0000,  -2699.0000, -1013.0000, 0.0000,  255, 0, 0
L -2694.0000, -1044.0000, 0.0000,  -2704.0000, -1027.0000, 0.0000,  255, 0, 0
L -2683.0000, -1048.0000, 0.0000,  -2694.0000, -1044.0000, 0.0000,  255, 0, 0
L -2669.0000, -1043.0000, 0.0000,  -2683.0000, -1048.0000, 0.0000,  255, 0, 0
L -2664.0000, -1023.0000, 0.0000,  -2669.0000, -1043.0000, 0.0000,  255, 0, 0
L -2670.0000, -1011.0000, 0.0000,  -2664.0000, -1023.0000, 0.0000,  255, 0, 0
L -2638.0000, -1020.0000, 0.0000,  -2627.0000, -1008.0000, 0.0000,  255, 0, 0
L -2634.0000, -1038.0000, 0.0000,  -2638.0000, -1020.0000, 0.0000,  255, 0, 0
L -2621.0000, -1049.0000, 0.0000,  -2634.0000, -1038.0000, 0.0000,  255, 0, 0
L -2608.0000, -1043.0000, 0.0000,  -2621.0000, -1049.0000, 0.0000,  255, 0, 0
L -2597.0000, -1031.0000, 0.0000,  -2608.0000, -1043.0000, 0.0000,  255, 0, 0
L -2597.0000, -1017.0000, 0.0000,  -2597.0000, -1031.0000, 0.0000,  255, 0, 0
L -2618.0000, -1008.0000, 0.0000,  -2597.0000, -1017.0000, 0.0000,  255, 0, 0
L -2626.0000, -1009.0000, 0.0000,  -2618.0000, -1008.0000, 0.0000,  255, 0, 0
L -2591.0000, -972.0000, 0.0000,  -2581.0000, -981.0000, 0.0000,  255, 0, 0
L -2600.0000, -971.0000, 0.0000,  -2591.0000, -972.0000, 0.0000,  255, 0, 0
L -2606.0000, -991.0000, 0.0000,  -2600.0000, -971.0000, 0.0000,  255, 0, 0
L -2587.0000, -996.0000, 0.0000,  -2606.0000, -991.0000, 0.0000,  255, 0, 0
L -2582.0000, -989.0000, 0.0000,  -2587.0000, -996.0000, 0.0000,  255, 0, 0
L -2584.0000, -977.0000, 0.0000,  -2582.0000, -989.0000, 0.0000,  255, 0, 0
L -3810.0000, -470.0000, 0.0000,  -3809.0000, -451.0000, 0.0000,  255, 0, 0
L -3790.0000, -471.0000, 0.0000,  -3810.0000, -470.0000, 0.0000,  255, 0, 0
L -3789.0000, -453.0000, 0.0000,  -3790.0000, -471.0000, 0.0000,  255, 0, 0
L -3809.0000, -451.0000, 0.0000,  -3789.0000, -453.0000, 0.0000,  255, 0, 0
L -913.0000, -553.0000, 0.0000,  -898.0000, -553.0000, 0.0000,  153, 153, 153
L -927.0000, -569.0000, 0.0000,  -913.0000, -553.0000, 0.0000,  153, 153, 153
L -926.0000, -584.0000, 0.0000,  -927.0000, -569.0000, 0.0000,  153, 153, 153
L -912.0000, -597.0000, 0.0000,  -926.0000, -584.0000, 0.0000,  153, 153, 153
L -896.0000, -596.0000, 0.0000,  -912.0000, -597.0000, 0.0000,  153, 153, 153
L -883.0000, -582.0000, 0.0000,  -896.0000, -596.0000, 0.0000,  153, 153, 153
L -884.0000, -565.0000, 0.0000,  -883.0000, -582.0000, 0.0000,  153, 153, 153
L -897.0000, -553.0000, 0.0000,  -884.0000, -565.0000, 0.0000,  153, 153, 153
L -964.0000, -588.0000, 0.0000,  -950.0000, -575.0000, 0.0000,  153, 153, 153
L -985.0000, -582.0000, 0.0000,  -964.0000, -588.0000, 0.0000,  153, 153, 153
L -992.0000, -572.0000, 0.0000,  -985.0000, -582.0000, 0.0000,  153, 153, 153
L -992.0000, -556.0000, 0.0000,  -992.0000, -572.0000, 0.0000,  153, 153, 153
L -977.0000, -544.0000, 0.0000,  -992.0000, -556.0000, 0.0000,  153, 153, 153
L -958.0000, -548.0000, 0.0000,  -977.0000, -544.0000, 0.0000,  153, 153, 153
L -949.0000, -560.0000, 0.0000,  -958.0000, -548.0000, 0.0000,  153, 153, 153
L -950.0000, -575.0000, 0.0000,  -949.0000, -560.0000, 0.0000,  153, 153, 153
L -1022.0000, -587.0000, 0.0000,  -1040.0000, -573.0000, 0.0000,  153, 153, 153
L -1009.0000, -575.0000, 0.0000,  -1022.0000, -587.0000, 0.0000,  153, 153, 153
L -1024.0000, -558.0000, 0.0000,  -1009.0000, -575.0000, 0.0000,  153, 153, 153
L -1041.0000, -571.0000, 0.0000,  -1024.0000, -558.0000, 0.0000,  153, 153, 153
L -1004.0000, -647.0000, 0.0000,  -1004.0000, -633.0000, 0.0000,  153, 153, 153
L -1019.0000, -659.0000, 0.0000,  -1004.0000, -647.0000, 0.0000,  153, 153, 153
L -1036.0000, -659.0000, 0.0000,  -1019.0000, -659.0000, 0.0000,  153, 153, 153
L -1047.0000, -645.0000, 0.0000,  -1036.0000, -659.0000, 0.0000,  153, 153, 153
L -1046.0000, -627.0000, 0.0000,  -1047.0000, -645.0000, 0.0000,  153, 153, 153
L -1033.0000, -616.0000, 0.0000,  -1046.0000, -627.0000, 0.0000,  153, 153, 153
L -1015.0000, -617.0000, 0.0000,  -1033.0000, -616.0000, 0.0000,  153, 153, 153
L -1004.0000, -629.0000, 0.0000,  -1015.0000, -617.0000, 0.0000,  153, 153, 153
L -3692.0000, -999.0000, 0.0000,  -3674.0000, -999.0000, 0.0000,  153, 153, 153
L -3701.0000, -1008.0000, 0.0000,  -3692.0000, -999.0000, 0.0000,  153, 153, 153
L -3712.0000, -999.0000, 0.0000,  -3701.0000, -1008.0000, 0.0000,  153, 153, 153
L -3729.0000, -999.0000, 0.0000,  -3712.0000, -999.0000, 0.0000,  153, 153, 153
L -3741.0000, -1011.0000, 0.0000,  -3729.0000, -999.0000, 0.0000,  153, 153, 153
L -3742.0000, -1029.0000, 0.0000,  -3741.0000, -1011.0000, 0.0000,  153, 153, 153
L -3739.0000, -1032.0000, 0.0000,  -3742.0000, -1029.0000, 0.0000,  153, 153, 153
L -3742.0000, -1036.0000, 0.0000,  -3739.0000, -1032.0000, 0.0000,  153, 153, 153
L -3736.0000, -1042.0000, 0.0000,  -3742.0000, -1036.0000, 0.0000,  153, 153, 153
L -3732.0000, -1039.0000, 0.0000,  -3736.0000, -1042.0000, 0.0000,  153, 153, 153
L -3728.0000, -1042.0000, 0.0000,  -3732.0000, -1039.0000, 0.0000,  153, 153, 153
L -3710.0000, -1042.0000, 0.0000,  -3728.0000, -1042.0000, 0.0000,  153, 153, 153
L -3701.0000, -1032.0000, 0.0000,  -3710.0000, -1042.0000, 0.0000,  153, 153, 153
L -3689.0000, -1042.0000, 0.0000,  -3701.0000, -1032.0000, 0.0000,  153, 153, 153
L -3673.0000, -1041.0000, 0.0000,  -3689.0000, -1042.0000, 0.0000,  153, 153, 153
L -3671.0000, -1040.0000, 0.0000,  -3673.0000, -1041.0000, 0.0000,  153, 153, 153
L -3667.0000, -1042.0000, 0.0000,  -3671.0000, -1040.0000, 0.0000,  153, 153, 153
L -3661.0000, -1036.0000, 0.0000,  -3667.0000, -1042.0000, 0.0000,  153, 153, 153
L -3664.0000, -1032.0000, 0.0000,  -3661.0000, -1036.0000, 0.0000,  153, 153, 153
L -3652.0000, -1042.0000, 0.0000,  -3664.0000, -1032.0000, 0.0000,  153, 153, 153
L -3635.0000, -1041.0000, 0.0000,  -3652.0000, -1042.0000, 0.0000,  153, 153, 153
L -3623.0000, -1029.0000, 0.0000,  -3635.0000, -1041.0000, 0.0000,  153, 153, 153
L -3623.0000, -1012.0000, 0.0000,  -3623.0000, -1029.0000, 0.0000,  153, 153, 153
L -3625.0000, -1009.0000, 0.0000,  -3623.0000, -1012.0000, 0.0000,  153, 153, 153
L -3623.0000, -1004.0000, 0.0000,  -3625.0000, -1009.0000, 0.0000,  153, 153, 153
L -3630.0000, -999.0000, 0.0000,  -3623.0000, -1004.0000, 0.0000,  153, 153, 153
L -3633.0000, -1002.0000, 0.0000,  -3630.0000, -999.0000, 0.0000,  153, 153, 153
L -3636.0000, -999.0000, 0.0000,  -3633.0000, -1002.0000, 0.0000,  153, 153, 153
L -3653.0000, -999.0000, 0.0000,  -3636.0000, -999.0000, 0.0000,  153, 153, 153
L -3664.0000, -1009.0000, 0.0000,  -3653.0000, -999.0000, 0.0000,  153, 153, 153
L -3673.0000, -999.0000, 0.0000,  -3664.0000, -1009.0000, 0.0000,  153, 153, 153
L -3737.0000, -968.0000, 0.0000,  -3738.0000, -987.0000, 0.0000,  153, 153, 153
L -3751.0000, -956.0000, 0.0000,  -3737.0000, -968.0000, 0.0000,  153, 153, 153
L -3768.0000, -956.0000, 0.0000,  -3751.0000, -956.0000, 0.0000,  153, 153, 153
L -3780.0000, -969.0000, 0.0000,  -3768.0000, -956.0000, 0.0000,  153, 153, 153
L -3780.0000, -987.0000, 0.0000,  -3780.0000, -969.0000, 0.0000,  153, 153, 153
L -3778.0000, -989.0000, 0.0000,  -3780.0000, -987.0000, 0.0000,  153, 153, 153
L -3781.0000, -992.0000, 0.0000,  -3778.0000, -989.0000, 0.0000,  153, 153, 153
L -3773.0000, -999.0000, 0.0000,  -3781.0000, -992.0000, 0.0000,  153, 153, 153
L -3771.0000, -996.0000, 0.0000,  -3773.0000, -999.0000, 0.0000,  153, 153, 153
L -3767.0000, -999.0000, 0.0000,  -3771.0000, -996.0000, 0.0000,  153, 153, 153
L -3749.0000, -998.0000, 0.0000,  -3767.0000, -999.0000, 0.0000,  153, 153, 153
L -3737.0000, -987.0000, 0.0000,  -3749.0000, -998.0000, 0.0000,  153, 153, 153
L -4900.0000, -246.0000, 0.0000,  -4886.0000, -259.0000, 0.0000,  153, 153, 153
L -4917.0000, -247.0000, 0.0000,  -4900.0000, -246.0000, 0.0000,  153, 153, 153
L -4930.0000, -260.0000, 0.0000,  -4917.0000, -247.0000, 0.0000,  153, 153, 153
L -4929.0000, -277.0000, 0.0000,  -4930.0000, -260.0000, 0.0000,  153, 153, 153
L -4916.0000, -290.0000, 0.0000,  -4929.0000, -277.0000, 0.0000,  153, 153, 153
L -4898.0000, -289.0000, 0.0000,  -4916.0000, -290.0000, 0.0000,  153, 153, 153
L -4886.0000, -276.0000, 0.0000,  -4898.0000, -289.0000, 0.0000,  153, 153, 153
L -4886.0000, -260.0000, 0.0000,  -4886.0000, -276.0000, 0.0000,  153, 153, 153
L -4729.0000, -257.0000, 0.0000,  -4746.0000, -257.0000, 0.0000,  153, 153, 153
L -4717.0000, -245.0000, 0.0000,  -4729.0000, -257.0000, 0.0000,  153, 153, 153
L -4716.0000, -227.0000, 0.0000,  -4717.0000, -245.0000, 0.0000,  153, 153, 153
L -4728.0000, -214.0000, 0.0000,  -4716.0000, -227.0000, 0.0000,  153, 153, 153
L -4747.0000, -215.0000, 0.0000,  -4728.0000, -214.0000, 0.0000,  153, 153, 153
L -4759.0000, -228.0000, 0.0000,  -4747.0000, -215.0000, 0.0000,  153, 153, 153
L -4759.0000, -244.0000, 0.0000,  -4759.0000, -228.0000, 0.0000,  153, 153, 153
L -4746.0000, -257.0000, 0.0000,  -4759.0000, -244.0000, 0.0000,  153, 153, 153
L -4739.0000, -317.0000, 0.0000,  -4757.0000, -332.0000, 0.0000,  153, 153, 153
L -4749.0000, -301.0000, 0.0000,  -4739.0000, -317.0000, 0.0000,  153, 153, 153
L -4770.0000, -311.0000, 0.0000,  -4749.0000, -301.0000, 0.0000,  153, 153, 153
L -4758.0000, -331.0000, 0.0000,  -4770.0000, -311.0000, 0.0000,  153, 153, 153
L -4849.0000, -294.0000, 0.0000,  -4861.0000, -304.0000, 0.0000,  153, 153, 153
L -4833.0000, -295.0000, 0.0000,  -4849.0000, -294.0000, 0.0000,  153, 153, 153
L -4824.0000, -304.0000, 0.0000,  -4833.0000, -295.0000, 0.0000,  153, 153, 153
L -4811.0000, -294.0000, 0.0000,  -4824.0000, -304.0000, 0.0000,  153, 153, 153
L -4795.0000, -294.0000, 0.0000,  -4811.0000, -294.0000, 0.0000,  153, 153, 153
L -4783.0000, -310.0000, 0.0000,  -4795.0000, -294.0000, 0.0000,  153, 153, 153
L -4782.0000, -323.0000, 0.0000,  -4783.0000, -310.0000, 0.0000,  153, 153, 153
L -4797.0000, -338.0000, 0.0000,  -4782.0000, -323.0000, 0.0000,  153, 153, 153
L -4815.0000, -337.0000, 0.0000,  -4797.0000, -338.0000, 0.0000,  153, 153, 153
L -4824.0000, -328.0000, 0.0000,  -4815.0000, -337.0000, 0.0000,  153, 153, 153
L -4835.0000, -338.0000, 0.0000,  -4824.0000, -328.0000, 0.0000,  153, 153, 153
L -4851.0000, -338.0000, 0.0000,  -4835.0000, -338.0000, 0.0000,  153, 153, 153
L -4861.0000, -328.0000, 0.0000,  -4851.0000, -338.0000, 0.0000,  153, 153, 153
L -4873.0000, -338.0000, 0.0000,  -4861.0000, -328.0000, 0.0000,  153, 153, 153
L -4888.0000, -338.0000, 0.0000,  -4873.0000, -338.0000, 0.0000,  153, 153, 153
L -4902.0000, -323.0000, 0.0000,  -4888.0000, -338.0000, 0.0000,  153, 153, 153
L -4902.0000, -307.0000, 0.0000,  -4902.0000, -323.0000, 0.0000,  153, 153, 153
L -4886.0000, -294.0000, 0.0000,  -4902.0000, -307.0000, 0.0000,  153, 153, 153
L -4871.0000, -294.0000, 0.0000,  -4886.0000, -294.0000, 0.0000,  153, 153, 153
L -4861.0000, -304.0000, 0.0000,  -4871.0000, -294.0000, 0.0000,  153, 153, 153
L -3034.0000, 296.0000, 0.0000,  -3017.0000, 295.0000, 0.0000,  153, 153, 153
L -3043.0000, 305.0000, 0.0000,  -3034.0000, 296.0000, 0.0000,  153, 153, 153
L -3054.0000, 295.0000, 0.0000,  -3043.0000, 305.0000, 0.0000,  153, 153, 153
L -3070.0000, 295.0000, 0.0000,  -3054.0000, 295.0000, 0.0000,  153, 153, 153
L -3083.0000, 308.0000, 0.0000,  -3070.0000, 295.0000, 0.0000,  153, 153, 153
L -3082.0000, 327.0000, 0.0000,  -3083.0000, 308.0000, 0.0000,  153, 153, 153
L -3071.0000, 338.0000, 0.0000,  -3082.0000, 327.0000, 0.0000,  153, 153, 153
L -3051.0000, 338.0000, 0.0000,  -3071.0000, 338.0000, 0.0000,  153, 153, 153
L -3043.0000, 329.0000, 0.0000,  -3051.0000, 338.0000, 0.0000,  153, 153, 153
L -3031.0000, 339.0000, 0.0000,  -3043.0000, 329.0000, 0.0000,  153, 153, 153
L -3015.0000, 339.0000, 0.0000,  -3031.0000, 339.0000, 0.0000,  153, 153, 153
L -3005.0000, 329.0000, 0.0000,  -3015.0000, 339.0000, 0.0000,  153, 153, 153
L -2992.0000, 339.0000, 0.0000,  -3005.0000, 329.0000, 0.0000,  153, 153, 153
L -2979.0000, 339.0000, 0.0000,  -2992.0000, 339.0000, 0.0000,  153, 153, 153
L -2965.0000, 324.0000, 0.0000,  -2979.0000, 339.0000, 0.0000,  153, 153, 153
L -2965.0000, 307.0000, 0.0000,  -2965.0000, 324.0000, 0.0000,  153, 153, 153
L -2978.0000, 295.0000, 0.0000,  -2965.0000, 307.0000, 0.0000,  153, 153, 153
L -2995.0000, 296.0000, 0.0000,  -2978.0000, 295.0000, 0.0000,  153, 153, 153
L -3005.0000, 305.0000, 0.0000,  -2995.0000, 296.0000, 0.0000,  153, 153, 153
L -3017.0000, 295.0000, 0.0000,  -3005.0000, 305.0000, 0.0000,  153, 153, 153
L -3095.0000, 340.0000, 0.0000,  -3096.0000, 343.0000, 0.0000,  153, 153, 153
L -3098.0000, 320.0000, 0.0000,  -3095.0000, 340.0000, 0.0000,  153, 153, 153
L -3118.0000, 322.0000, 0.0000,  -3098.0000, 320.0000, 0.0000,  153, 153, 153
L -3116.0000, 344.0000, 0.0000,  -3118.0000, 322.0000, 0.0000,  153, 153, 153
L -3096.0000, 343.0000, 0.0000,  -3116.0000, 344.0000, 0.0000,  153, 153, 153
L -3109.0000, 258.0000, 0.0000,  -3109.0000, 275.0000, 0.0000,  153, 153, 153
L -3124.0000, 245.0000, 0.0000,  -3109.0000, 258.0000, 0.0000,  153, 153, 153
L -3140.0000, 245.0000, 0.0000,  -3124.0000, 245.0000, 0.0000,  153, 153, 153
L -3152.0000, 260.0000, 0.0000,  -3140.0000, 245.0000, 0.0000,  153, 153, 153
L -3152.0000, 276.0000, 0.0000,  -3152.0000, 260.0000, 0.0000,  153, 153, 153
L -3137.0000, 288.0000, 0.0000,  -3152.0000, 276.0000, 0.0000,  153, 153, 153
L -3120.0000, 286.0000, 0.0000,  -3137.0000, 288.0000, 0.0000,  153, 153, 153
L -3109.0000, 275.0000, 0.0000,  -3120.0000, 286.0000, 0.0000,  153, 153, 153
L -52.0000, 143.0000, 0.0000,  -53.0000, 125.0000, 0.0000,  153, 153, 153
L -39.0000, 156.0000, 0.0000,  -52.0000, 143.0000, 0.0000,  153, 153, 153
L -23.0000, 156.0000, 0.0000,  -39.0000, 156.0000, 0.0000,  153, 153, 153
L -10.0000, 140.0000, 0.0000,  -23.0000, 156.0000, 0.0000,  153, 153, 153
L -11.0000, 124.0000, 0.0000,  -10.0000, 140.0000, 0.0000,  153, 153, 153
L -21.0000, 113.0000, 0.0000,  -11.0000, 124.0000, 0.0000,  153, 153, 153
L -42.0000, 114.0000, 0.0000,  -21.0000, 113.0000, 0.0000,  153, 153, 153
L -53.0000, 125.0000, 0.0000,  -42.0000, 114.0000, 0.0000,  153, 153, 153
L -124.0000, 160.0000, 0.0000,  -135.0000, 170.0000, 0.0000,  153, 153, 153
L -108.0000, 160.0000, 0.0000,  -124.0000, 160.0000, 0.0000,  153, 153, 153
L -98.0000, 170.0000, 0.0000,  -108.0000, 160.0000, 0.0000,  153, 153, 153
L -87.0000, 160.0000, 0.0000,  -98.0000, 170.0000, 0.0000,  153, 153, 153
L -70.0000, 161.0000, 0.0000,  -87.0000, 160.0000, 0.0000,  153, 153, 153
L -57.0000, 174.0000, 0.0000,  -70.0000, 161.0000, 0.0000,  153, 153, 153
L -57.0000, 189.0000, 0.0000,  -57.0000, 174.0000, 0.0000,  153, 153, 153
L -71.0000, 204.0000, 0.0000,  -57.0000, 189.0000, 0.0000,  153, 153, 153
L -86.0000, 204.0000, 0.0000,  -71.0000, 204.0000, 0.0000,  153, 153, 153
L -98.0000, 194.0000, 0.0000,  -86.0000, 204.0000, 0.0000,  153, 153, 153
L -108.0000, 204.0000, 0.0000,  -98.0000, 194.0000, 0.0000,  153, 153, 153
L -126.0000, 203.0000, 0.0000,  -108.0000, 204.0000, 0.0000,  153, 153, 153
L -135.0000, 194.0000, 0.0000,  -126.0000, 203.0000, 0.0000,  153, 153, 153
L -146.0000, 204.0000, 0.0000,  -135.0000, 194.0000, 0.0000,  153, 153, 153
L -164.0000, 203.0000, 0.0000,  -146.0000, 204.0000, 0.0000,  153, 153, 153
L -176.0000, 191.0000, 0.0000,  -164.0000, 203.0000, 0.0000,  153, 153, 153
L -176.0000, 173.0000, 0.0000,  -176.0000, 191.0000, 0.0000,  153, 153, 153
L -163.0000, 161.0000, 0.0000,  -176.0000, 173.0000, 0.0000,  153, 153, 153
L -145.0000, 161.0000, 0.0000,  -163.0000, 161.0000, 0.0000,  153, 153, 153
L -135.0000, 170.0000, 0.0000,  -145.0000, 161.0000, 0.0000,  153, 153, 153
L -209.0000, 111.0000, 0.0000,  -209.0000, 125.0000, 0.0000,  153, 153, 153
L -224.0000, 97.0000, 0.0000,  -209.0000, 111.0000, 0.0000,  153, 153, 153
L -239.0000, 97.0000, 0.0000,  -224.0000, 97.0000, 0.0000,  153, 153, 153
L -252.0000, 111.0000, 0.0000,  -239.0000, 97.0000, 0.0000,  153, 153, 153
L -252.0000, 128.0000, 0.0000,  -252.0000, 111.0000, 0.0000,  153, 153, 153
L -239.0000, 140.0000, 0.0000,  -252.0000, 128.0000, 0.0000,  153, 153, 153
L -221.0000, 140.0000, 0.0000,  -239.0000, 140.0000, 0.0000,  153, 153, 153
L -209.0000, 126.0000, 0.0000,  -221.0000, 140.0000, 0.0000,  153, 153, 153
L 837.0000, 155.0000, 0.0000,  855.0000, 156.0000, 0.0000,  153, 153, 153
L 824.0000, 168.0000, 0.0000,  837.0000, 155.0000, 0.0000,  153, 153, 153
L 824.0000, 186.0000, 0.0000,  824.0000, 168.0000, 0.0000,  153, 153, 153
L 827.0000, 189.0000, 0.0000,  824.0000, 186.0000, 0.0000,  153, 153, 153
L 824.0000, 193.0000, 0.0000,  827.0000, 189.0000, 0.0000,  153, 153, 153
L 830.0000, 199.0000, 0.0000,  824.0000, 193.0000, 0.0000,  153, 153, 153
L 834.0000, 197.0000, 0.0000,  830.0000, 199.0000, 0.0000,  153, 153, 153
L 837.0000, 199.0000, 0.0000,  834.0000, 197.0000, 0.0000,  153, 153, 153
L 854.0000, 199.0000, 0.0000,  837.0000, 199.0000, 0.0000,  153, 153, 153
L 867.0000, 186.0000, 0.0000,  854.0000, 199.0000, 0.0000,  153, 153, 153
L 867.0000, 168.0000, 0.0000,  867.0000, 186.0000, 0.0000,  153, 153, 153
L 854.0000, 155.0000, 0.0000,  867.0000, 168.0000, 0.0000,  153, 153, 153
L 846.0000, -164.0000, 0.0000,  862.0000, -164.0000, 0.0000,  153, 153, 153
L 833.0000, -178.0000, 0.0000,  846.0000, -164.0000, 0.0000,  153, 153, 153
L 833.0000, -195.0000, 0.0000,  833.0000, -178.0000, 0.0000,  153, 153, 153
L 845.0000, -207.0000, 0.0000,  833.0000, -195.0000, 0.0000,  153, 153, 153
L 864.0000, -207.0000, 0.0000,  845.0000, -207.0000, 0.0000,  153, 153, 153
L 866.0000, -205.0000, 0.0000,  864.0000, -207.0000, 0.0000,  153, 153, 153
L 869.0000, -208.0000, 0.0000,  866.0000, -205.0000, 0.0000,  153, 153, 153
L 876.0000, -201.0000, 0.0000,  869.0000, -208.0000, 0.0000,  153, 153, 153
L 873.0000, -198.0000, 0.0000,  876.0000, -201.0000, 0.0000,  153, 153, 153
L 876.0000, -194.0000, 0.0000,  873.0000, -198.0000, 0.0000,  153, 153, 153
L 876.0000, -177.0000, 0.0000,  876.0000, -194.0000, 0.0000,  153, 153, 153
L 863.0000, -164.0000, 0.0000,  876.0000, -177.0000, 0.0000,  153, 153, 153
L 807.0000, 131.0000, 0.0000,  807.0000, 112.0000, 0.0000,  153, 153, 153
L 795.0000, 143.0000, 0.0000,  807.0000, 131.0000, 0.0000,  153, 153, 153
L 776.0000, 143.0000, 0.0000,  795.0000, 143.0000, 0.0000,  153, 153, 153
L 764.0000, 129.0000, 0.0000,  776.0000, 143.0000, 0.0000,  153, 153, 153
L 764.0000, 113.0000, 0.0000,  764.0000, 129.0000, 0.0000,  153, 153, 153
L 766.0000, 110.0000, 0.0000,  764.0000, 113.0000, 0.0000,  153, 153, 153
L 764.0000, 106.0000, 0.0000,  766.0000, 110.0000, 0.0000,  153, 153, 153
L 771.0000, 100.0000, 0.0000,  764.0000, 106.0000, 0.0000,  153, 153, 153
L 774.0000, 102.0000, 0.0000,  771.0000, 100.0000, 0.0000,  153, 153, 153
L 777.0000, 100.0000, 0.0000,  774.0000, 102.0000, 0.0000,  153, 153, 153
L 795.0000, 100.0000, 0.0000,  777.0000, 100.0000, 0.0000,  153, 153, 153
L 807.0000, 112.0000, 0.0000,  795.0000, 100.0000, 0.0000,  153, 153, 153
L -4071.0000, -315.0000, 0.0000,  -4054.0000, -315.0000, 0.0000,  153, 153, 153
L -4086.0000, -329.0000, 0.0000,  -4071.0000, -315.0000, 0.0000,  153, 153, 153
L -4086.0000, -348.0000, 0.0000,  -4086.0000, -329.0000, 0.0000,  153, 153, 153
L -4072.0000, -361.0000, 0.0000,  -4086.0000, -348.0000, 0.0000,  153, 153, 153
L -4055.0000, -361.0000, 0.0000,  -4072.0000, -361.0000, 0.0000,  153, 153, 153
L -4041.0000, -331.0000, 0.0000,  -4055.0000, -361.0000, 0.0000,  153, 153, 153
L -4054.0000, -315.0000, 0.0000,  -4041.0000, -331.0000, 0.0000,  153, 153, 153
L -1680.0000, 76.0000, 0.0000,  -1662.0000, 75.0000, 0.0000,  153, 153, 153
L -1692.0000, 89.0000, 0.0000,  -1680.0000, 76.0000, 0.0000,  153, 153, 153
L -1692.0000, 102.0000, 0.0000,  -1692.0000, 89.0000, 0.0000,  153, 153, 153
L -1689.0000, 109.0000, 0.0000,  -1692.0000, 102.0000, 0.0000,  153, 153, 153
L -1690.0000, 115.0000, 0.0000,  -1689.0000, 109.0000, 0.0000,  153, 153, 153
L -1684.0000, 119.0000, 0.0000,  -1690.0000, 115.0000, 0.0000,  153, 153, 153
L -1681.0000, 116.0000, 0.0000,  -1684.0000, 119.0000, 0.0000,  153, 153, 153
L -1677.0000, 118.0000, 0.0000,  -1681.0000, 116.0000, 0.0000,  153, 153, 153
L -1660.0000, 118.0000, 0.0000,  -1677.0000, 118.0000, 0.0000,  153, 153, 153
L -1648.0000, 104.0000, 0.0000,  -1660.0000, 118.0000, 0.0000,  153, 153, 153
L -1649.0000, 87.0000, 0.0000,  -1648.0000, 104.0000, 0.0000,  153, 153, 153
L -1663.0000, 75.0000, 0.0000,  -1649.0000, 87.0000, 0.0000,  153, 153, 153
L -4742.0000, 98.0000, 0.0000,  -4724.0000, 96.0000, 0.0000,  153, 153, 153
L -4752.0000, 112.0000, 0.0000,  -4742.0000, 98.0000, 0.0000,  153, 153, 153
L -4739.0000, 140.0000, 0.0000,  -4752.0000, 112.0000, 0.0000,  153, 153, 153
L -4714.0000, 132.0000, 0.0000,  -4739.0000, 140.0000, 0.0000,  153, 153, 153
L -4709.0000, 108.0000, 0.0000,  -4714.0000, 132.0000, 0.0000,  153, 153, 153
L -4722.0000, 96.0000, 0.0000,  -4709.0000, 108.0000, 0.0000,  153, 153, 153
L -4914.0000, -8.0000, 0.0000,  -5021.0000, -9.0000, 0.0000,  153, 0, 0
L -4456.0000, -11.0000, 0.0000,  -4914.0000, -8.0000, 0.0000,  153, 0, 0
L -852.0000, -1031.0000, 0.0000,  -851.0000, -1098.0000, 0.0000,  153, 0, 0
L -816.0000, -1015.0000, 0.0000,  -852.0000, -1031.0000, 0.0000,  153, 0, 0
L -770.0000, -1004.0000, 0.0000,  -816.0000, -1015.0000, 0.0000,  153, 0, 0
L -745.0000, -1011.0000, 0.0000,  -770.0000, -1004.0000, 0.0000,  153, 0, 0
L -578.0000, -1011.0000, 0.0000,  -745.0000, -1011.0000, 0.0000,  153, 0, 0
L -555.0000, -1017.0000, 0.0000,  -578.0000, -1011.0000, 0.0000,  153, 0, 0
L -541.0000, -1014.0000, 0.0000,  -555.0000, -1017.0000, 0.0000,  153, 0, 0
L -518.0000, -986.0000, 0.0000,  -541.0000, -1014.0000, 0.0000,  153, 0, 0
L -502.0000, -963.0000, 0.0000,  -518.0000, -986.0000, 0.0000,  153, 0, 0
L -458.0000, -932.0000, 0.0000,  -502.0000, -963.0000, 0.0000,  153, 0, 0
L -446.0000, -910.0000, 0.0000,  -458.0000, -932.0000, 0.0000,  153, 0, 0
L -450.0000, -869.0000, 0.0000,  -446.0000, -910.0000, 0.0000,  153, 0, 0
L -454.0000, -697.0000, 0.0000,  -450.0000, -869.0000, 0.0000,  153, 0, 0
L -402.0000, -660.0000, 0.0000,  -454.0000, -697.0000, 0.0000,  153, 0, 0
L -366.0000, -610.0000, 0.0000,  -402.0000, -660.0000, 0.0000,  153, 0, 0
L -49.0000, -611.0000, 0.0000,  -366.0000, -610.0000, 0.0000,  153, 0, 0
L -19.0000, -610.0000, 0.0000,  -49.0000, -611.0000, 0.0000,  153, 0, 0
L 63.0000, -613.0000, 0.0000,  -19.0000, -610.0000, 0.0000,  153, 0, 0
L 123.0000, -521.0000, 0.0000,  63.0000, -613.0000, 0.0000,  153, 0, 0
L 150.0000, -514.0000, 0.0000,  123.0000, -521.0000, 0.0000,  153, 0, 0
L 171.0000, -517.0000, 0.0000,  150.0000, -514.0000, 0.0000,  153, 0, 0
L 182.0000, -496.0000, 0.0000,  171.0000, -517.0000, 0.0000,  153, 0, 0
L 187.0000, -469.0000, 0.0000,  182.0000, -496.0000, 0.0000,  153, 0, 0
L 230.0000, -436.0000, 0.0000,  187.0000, -469.0000, 0.0000,  153, 0, 0
L 253.0000, -420.0000, 0.0000,  230.0000, -436.0000, 0.0000,  153, 0, 0
L 255.0000, -404.0000, 0.0000,  253.0000, -420.0000, 0.0000,  153, 0, 0
L 250.0000, -389.0000, 0.0000,  255.0000, -404.0000, 0.0000,  153, 0, 0
L 253.0000, -345.0000, 0.0000,  250.0000, -389.0000, 0.0000,  153, 0, 0
L 244.0000, -318.0000, 0.0000,  253.0000, -345.0000, 0.0000,  153, 0, 0
L 257.0000, -293.0000, 0.0000,  244.0000, -318.0000, 0.0000,  153, 0, 0
L 248.0000, -274.0000, 0.0000,  257.0000, -293.0000, 0.0000,  153, 0, 0
L 252.0000, -246.0000, 0.0000,  248.0000, -274.0000, 0.0000,  153, 0, 0
L 243.0000, -221.0000, 0.0000,  252.0000, -246.0000, 0.0000,  153, 0, 0
L 257.0000, -192.0000, 0.0000,  243.0000, -221.0000, 0.0000,  153, 0, 0
L 249.0000, -176.0000, 0.0000,  257.0000, -192.0000, 0.0000,  153, 0, 0
L 247.0000, -137.0000, 0.0000,  249.0000, -176.0000, 0.0000,  153, 0, 0
L 243.0000, -100.0000, 0.0000,  247.0000, -137.0000, 0.0000,  153, 0, 0
L 320.0000, -32.0000, 0.0000,  243.0000, -100.0000, 0.0000,  153, 0, 0
L 329.0000, -19.0000, 0.0000,  320.0000, -32.0000, 0.0000,  153, 0, 0
L 353.0000, -12.0000, 0.0000,  329.0000, -19.0000, 0.0000,  153, 0, 0
L 937.0000, -7.0000, 0.0000,  353.0000, -12.0000, 0.0000,  153, 0, 0
L -4167.0000, -711.0000, 0.0000,  -4069.0000, -712.0000, 0.0000,  153, 0, 0
L -4204.0000, -661.0000, 0.0000,  -4167.0000, -711.0000, 0.0000,  153, 0, 0
L -4238.0000, -636.0000, 0.0000,  -4204.0000, -661.0000, 0.0000,  153, 0, 0
L -4243.0000, -588.0000, 0.0000,  -4238.0000, -636.0000, 0.0000,  153, 0, 0
L -4292.0000, -570.0000, 0.0000,  -4243.0000, -588.0000, 0.0000,  153, 0, 0
L -4337.0000, -537.0000, 0.0000,  -4292.0000, -570.0000, 0.0000,  153, 0, 0
L -4344.0000, -487.0000, 0.0000,  -4337.0000, -537.0000, 0.0000,  153, 0, 0
L -4392.0000, -472.0000, 0.0000,  -4344.0000, -487.0000, 0.0000,  153, 0, 0
L -4454.0000, -427.0000, 0.0000,  -4392.0000, -472.0000, 0.0000,  153, 0, 0
L -4447.0000, -12.0000, 0.0000,  -4454.0000, -427.0000, 0.0000,  153, 0, 0
L -3912.0000, -11.0000, 0.0000,  -4447.0000, -12.0000, 0.0000,  153, 0, 0
L -3840.0000, -5.0000, 0.0000,  -3912.0000, -11.0000, 0.0000,  153, 0, 0
L -3767.0000, -112.0000, 0.0000,  -3840.0000, -5.0000, 0.0000,  153, 0, 0
L -3136.0000, -113.0000, 0.0000,  -3767.0000, -112.0000, 0.0000,  153, 0, 0
L -3078.0000, -47.0000, 0.0000,  -3136.0000, -113.0000, 0.0000,  153, 0, 0
L -3048.0000, -24.0000, 0.0000,  -3078.0000, -47.0000, 0.0000,  153, 0, 0
L -3053.0000, 205.0000, 0.0000,  -3048.0000, -24.0000, 0.0000,  153, 0, 0
L -3001.0000, 239.0000, 0.0000,  -3053.0000, 205.0000, 0.0000,  153, 0, 0
L -2968.0000, 290.0000, 0.0000,  -3001.0000, 239.0000, 0.0000,  153, 0, 0
L -2440.0000, 284.0000, 0.0000,  -2968.0000, 290.0000, 0.0000,  153, 0, 0
L -2378.0000, 377.0000, 0.0000,  -2440.0000, 284.0000, 0.0000,  153, 0, 0
L -2356.0000, 393.0000, 0.0000,  -2378.0000, 377.0000, 0.0000,  153, 0, 0
L -2170.0000, 392.0000, 0.0000,  -2356.0000, 393.0000, 0.0000,  153, 0, 0
L -2134.0000, 388.0000, 0.0000,  -2170.0000, 392.0000, 0.0000,  153, 0, 0
L -2098.0000, 339.0000, 0.0000,  -2134.0000, 388.0000, 0.0000,  153, 0, 0
L -2048.0000, 298.0000, 0.0000,  -2098.0000, 339.0000, 0.0000,  153, 0, 0
L -2055.0000, 173.0000, 0.0000,  -2048.0000, 298.0000, 0.0000,  153, 0, 0
L -1944.0000, 108.0000, 0.0000,  -2055.0000, 173.0000, 0.0000,  153, 0, 0
L -1940.0000, 65.0000, 0.0000,  -1944.0000, 108.0000, 0.0000,  153, 0, 0
L -1911.0000, 43.0000, 0.0000,  -1940.0000, 65.0000, 0.0000,  153, 0, 0
L -1866.0000, -14.0000, 0.0000,  -1911.0000, 43.0000, 0.0000,  153, 0, 0
L -1565.0000, -11.0000, 0.0000,  -1866.0000, -14.0000, 0.0000,  153, 0, 0
L -1438.0000, -14.0000, 0.0000,  -1565.0000, -11.0000, 0.0000,  153, 0, 0
L -1376.0000, 75.0000, 0.0000,  -1438.0000, -14.0000, 0.0000,  153, 0, 0
L -1329.0000, 81.0000, 0.0000,  -1376.0000, 75.0000, 0.0000,  153, 0, 0
L -1313.0000, 127.0000, 0.0000,  -1329.0000, 81.0000, 0.0000,  153, 0, 0
L -1275.0000, 177.0000, 0.0000,  -1313.0000, 127.0000, 0.0000,  153, 0, 0
L -1228.0000, 180.0000, 0.0000,  -1275.0000, 177.0000, 0.0000,  153, 0, 0
L -1170.0000, 290.0000, 0.0000,  -1228.0000, 180.0000, 0.0000,  153, 0, 0
L -637.0000, 292.0000, 0.0000,  -1170.0000, 290.0000, 0.0000,  153, 0, 0
L -606.0000, 242.0000, 0.0000,  -637.0000, 292.0000, 0.0000,  153, 0, 0
L -565.0000, 215.0000, 0.0000,  -606.0000, 242.0000, 0.0000,  153, 0, 0
L -561.0000, 166.0000, 0.0000,  -565.0000, 215.0000, 0.0000,  153, 0, 0
L -514.0000, 151.0000, 0.0000,  -561.0000, 166.0000, 0.0000,  153, 0, 0
L -468.0000, 120.0000, 0.0000,  -514.0000, 151.0000, 0.0000,  153, 0, 0
L -460.0000, 66.0000, 0.0000,  -468.0000, 120.0000, 0.0000,  153, 0, 0
L -418.0000, 53.0000, 0.0000,  -460.0000, 66.0000, 0.0000,  153, 0, 0
L -367.0000, -12.0000, 0.0000,  -418.0000, 53.0000, 0.0000,  153, 0, 0
L 329.0000, -19.0000, 0.0000,  -367.0000, -12.0000, 0.0000,  153, 0, 0
L 1014.0000, 572.0000, 0.0000,  1594.0000, 576.0000, 0.0000,  153, 153, 153
L 980.0000, 575.0000, 0.0000,  1014.0000, 572.0000, 0.0000,  153, 153, 153
L 917.0000, 605.0000, 0.0000,  980.0000, 575.0000, 0.0000,  153, 153, 153
L 895.0000, 620.0000, 0.0000,  917.0000, 605.0000, 0.0000,  153, 153, 153
L 827.0000, 669.0000, 0.0000,  895.0000, 620.0000, 0.0000,  153, 153, 153
L 773.0000, 720.0000, 0.0000,  827.0000, 669.0000, 0.0000,  153, 153, 153
L 738.0000, 762.0000, 0.0000,  773.0000, 720.0000, 0.0000,  153, 153, 153
L 675.0000, 869.0000, 0.0000,  738.0000, 762.0000, 0.0000,  153, 153, 153
L 646.0000, 934.0000, 0.0000,  675.0000, 869.0000, 0.0000,  153, 153, 153
L 637.0000, 956.0000, 0.0000,  646.0000, 934.0000, 0.0000,  153, 153, 153
L 572.0000, 1104.0000, 0.0000,  637.0000, 956.0000, 0.0000,  153, 153, 153
L 544.0000, 1170.0000, 0.0000,  572.0000, 1104.0000, 0.0000,  153, 153, 153
L -801.0000, 1172.0000, 0.0000,  544.0000, 1170.0000, 0.0000,  153, 153, 153
L -799.0000, 1245.0000, 0.0000,  -801.0000, 1172.0000, 0.0000,  153, 153, 153
L -727.0000, 1350.0000, 0.0000,  -799.0000, 1245.0000, 0.0000,  153, 153, 153
L -680.0000, 1508.0000, 0.0000,  -727.0000, 1350.0000, 0.0000,  153, 153, 153
L -679.0000, 1581.0000, 0.0000,  -680.0000, 1508.0000, 0.0000,  153, 153, 153
L -629.0000, 1645.0000, 0.0000,  -679.0000, 1581.0000, 0.0000,  153, 153, 153
L -445.0000, 1645.0000, 0.0000,  -629.0000, 1645.0000, 0.0000,  153, 153, 153
L -255.0000, 1622.0000, 0.0000,  -445.0000, 1645.0000, 0.0000,  153, 153, 153
L -70.0000, 1733.0000, 0.0000,  -255.0000, 1622.0000, 0.0000,  153, 153, 153
L -13.0000, 1740.0000, 0.0000,  -70.0000, 1733.0000, 0.0000,  153, 153, 153
L -13.0000, 1541.0000, 0.0000,  -13.0000, 1740.0000, 0.0000,  153, 153, 153
L 90.0000, 1518.0000, 0.0000,  -13.0000, 1541.0000, 0.0000,  153, 153, 153
L 99.0000, 1515.0000, 0.0000,  90.0000, 1518.0000, 0.0000,  153, 153, 153
L 160.0000, 1502.0000, 0.0000,  99.0000, 1515.0000, 0.0000,  153, 153, 153
L 234.0000, 1505.0000, 0.0000,  160.0000, 1502.0000, 0.0000,  153, 153, 153
L 244.0000, 1506.0000, 0.0000,  234.0000, 1505.0000, 0.0000,  153, 153, 153
L 318.0000, 1510.0000, 0.0000,  244.0000, 1506.0000, 0.0000,  153, 153, 153
L 360.0000, 1551.0000, 0.0000,  318.0000, 1510.0000, 0.0000,  153, 153, 153
L 366.0000, 1558.0000, 0.0000,  360.0000, 1551.0000, 0.0000,  153, 153, 153
L 421.0000, 1612.0000, 0.0000,  366.0000, 1558.0000, 0.0000,  153, 153, 153
L 418.0000, 1643.0000, 0.0000,  421.0000, 1612.0000, 0.0000,  153, 153, 153
L 418.0000, 1652.0000, 0.0000,  418.0000, 1643.0000, 0.0000,  153, 153, 153
L 409.0000, 1749.0000, 0.0000,  418.0000, 1652.0000, 0.0000,  153, 153, 153
L 409.0000, 1759.0000, 0.0000,  409.0000, 1749.0000, 0.0000,  153, 153, 153
L 405.0000, 1802.0000, 0.0000,  409.0000, 1759.0000, 0.0000,  153, 153, 153
L 327.0000, 1880.0000, 0.0000,  405.0000, 1802.0000, 0.0000,  153, 153, 153
L 252.0000, 1876.0000, 0.0000,  327.0000, 1880.0000, 0.0000,  153, 153, 153
L 242.0000, 1875.0000, 0.0000,  252.0000, 1876.0000, 0.0000,  153, 153, 153
L 200.0000, 1873.0000, 0.0000,  242.0000, 1875.0000, 0.0000,  153, 153, 153
L 176.0000, 1865.0000, 0.0000,  200.0000, 1873.0000, 0.0000,  153, 153, 153
L 94.0000, 1841.0000, 0.0000,  176.0000, 1865.0000, 0.0000,  153, 153, 153
L 54.0000, 1882.0000, 0.0000,  94.0000, 1841.0000, 0.0000,  153, 153, 153
L 22.0000, 2005.0000, 0.0000,  54.0000, 1882.0000, 0.0000,  153, 153, 153
L 14.0000, 2114.0000, 0.0000,  22.0000, 2005.0000, 0.0000,  153, 153, 153
L -84.0000, 2275.0000, 0.0000,  14.0000, 2114.0000, 0.0000,  153, 153, 153
L -27.0000, 2337.0000, 0.0000,  -84.0000, 2275.0000, 0.0000,  153, 153, 153
L 48.0000, 2412.0000, 0.0000,  -27.0000, 2337.0000, 0.0000,  153, 153, 153
L 156.0000, 2427.0000, 0.0000,  48.0000, 2412.0000, 0.0000,  153, 153, 153
L 46.0000, 2470.0000, 0.0000,  120.0000, 2485.0000, 0.0000,  153, 153, 153
L -46.0000, 2432.0000, 0.0000,  46.0000, 2470.0000, 0.0000,  153, 153, 153
L -167.0000, 2305.0000, 0.0000,  -46.0000, 2432.0000, 0.0000,  153, 153, 153
L -45.0000, 1992.0000, 0.0000,  -167.0000, 2305.0000, 0.0000,  153, 153, 153
L -37.0000, 1882.0000, 0.0000,  -45.0000, 1992.0000, 0.0000,  153, 153, 153
L -103.0000, 1777.0000, 0.0000,  -37.0000, 1882.0000, 0.0000,  153, 153, 153
L -295.0000, 1689.0000, 0.0000,  -103.0000, 1777.0000, 0.0000,  153, 153, 153
L -454.0000, 1721.0000, 0.0000,  -295.0000, 1689.0000, 0.0000,  153, 153, 153
L -677.0000, 1697.0000, 0.0000,  -454.0000, 1721.0000, 0.0000,  153, 153, 153
L -771.0000, 1571.0000, 0.0000,  -677.0000, 1697.0000, 0.0000,  153, 153, 153
L -772.0000, 1512.0000, 0.0000,  -771.0000, 1571.0000, 0.0000,  153, 153, 153
L -796.0000, 1386.0000, 0.0000,  -772.0000, 1512.0000, 0.0000,  153, 153, 153
L -899.0000, 1243.0000, 0.0000,  -796.0000, 1386.0000, 0.0000,  153, 153, 153
L -900.0000, 1171.0000, 0.0000,  -899.0000, 1243.0000, 0.0000,  153, 153, 153
L -5048.0000, 1176.0000, 0.0000,  -900.0000, 1171.0000, 0.0000,  153, 153, 153
L -4046.0000, -1203.0000, 0.0000,  -5041.0000, -1196.0000, 0.0000,  153, 153, 153
L -3997.0000, -1204.0000, 0.0000,  -4046.0000, -1203.0000, 0.0000,  153, 153, 153
L -3493.0000, -1208.0000, 0.0000,  -3997.0000, -1204.0000, 0.0000,  153, 153, 153
L -3404.0000, -1208.0000, 0.0000,  -3493.0000, -1208.0000, 0.0000,  153, 153, 153
L -3349.0000, -1209.0000, 0.0000,  -3404.0000, -1208.0000, 0.0000,  153, 153, 153
L -3230.0000, -1209.0000, 0.0000,  -3349.0000, -1209.0000, 0.0000,  153, 153, 153
L -3199.0000, -1210.0000, 0.0000,  -3230.0000, -1209.0000, 0.0000,  153, 153, 153
L -2870.0000, -1212.0000, 0.0000,  -3199.0000, -1210.0000, 0.0000,  153, 153, 153
L -2809.0000, -1213.0000, 0.0000,  -2870.0000, -1212.0000, 0.0000,  153, 153, 153
L -2553.0000, -1214.0000, 0.0000,  -2809.0000, -1213.0000, 0.0000,  153, 153, 153
L -2490.0000, -1215.0000, 0.0000,  -2553.0000, -1214.0000, 0.0000,  153, 153, 153
L -1899.0000, -1219.0000, 0.0000,  -2490.0000, -1215.0000, 0.0000,  153, 153, 153
L -1864.0000, -1220.0000, 0.0000,  -1899.0000, -1219.0000, 0.0000,  153, 153, 153
L -1790.0000, -1220.0000, 0.0000,  -1864.0000, -1220.0000, 0.0000,  153, 153, 153
L -1297.0000, -1224.0000, 0.0000,  -1790.0000, -1220.0000, 0.0000,  153, 153, 153
L -1196.0000, -1224.0000, 0.0000,  -1297.0000, -1224.0000, 0.0000,  153, 153, 153
L -1003.0000, -1226.0000, 0.0000,  -1196.0000, -1224.0000, 0.0000,  153, 153, 153
L -974.0000, -1232.0000, 0.0000,  -1003.0000, -1226.0000, 0.0000,  153, 153, 153
L -920.0000, -1287.0000, 0.0000,  -974.0000, -1232.0000, 0.0000,  153, 153, 153
L -872.0000, -1328.0000, 0.0000,  -920.0000, -1287.0000, 0.0000,  153, 153, 153
L -824.0000, -1363.0000, 0.0000,  -872.0000, -1328.0000, 0.0000,  153, 153, 153
L -764.0000, -1391.0000, 0.0000,  -824.0000, -1363.0000, 0.0000,  153, 153, 153
L -704.0000, -1407.0000, 0.0000,  -764.0000, -1391.0000, 0.0000,  153, 153, 153
L -646.0000, -1451.0000, 0.0000,  -704.0000, -1407.0000, 0.0000,  153, 153, 153
L -628.0000, -1526.0000, 0.0000,  -646.0000, -1451.0000, 0.0000,  153, 153, 153
L -640.0000, -1536.0000, 0.0000,  -628.0000, -1526.0000, 0.0000,  153, 153, 153
L -612.0000, -1433.0000, 0.0000,  -584.0000, -1527.0000, 0.0000,  153, 153, 153
L -682.0000, -1381.0000, 0.0000,  -612.0000, -1433.0000, 0.0000,  153, 153, 153
L -797.0000, -1334.0000, 0.0000,  -682.0000, -1381.0000, 0.0000,  153, 153, 153
L -792.0000, -1298.0000, 0.0000,  -797.0000, -1334.0000, 0.0000,  153, 153, 153
L -730.0000, -1248.0000, 0.0000,  -792.0000, -1298.0000, 0.0000,  153, 153, 153
L -680.0000, -1225.0000, 0.0000,  -730.0000, -1248.0000, 0.0000,  153, 153, 153
L 8.0000, -1213.0000, 0.0000,  -680.0000, -1225.0000, 0.0000,  153, 153, 153
L 31.0000, -1212.0000, 0.0000,  8.0000, -1213.0000, 0.0000,  153, 153, 153
L 608.0000, -1202.0000, 0.0000,  31.0000, -1212.0000, 0.0000,  153, 153, 153
L 639.0000, -1171.0000, 0.0000,  608.0000, -1202.0000, 0.0000,  153, 153, 153
L 894.0000, -732.0000, 0.0000,  639.0000, -1171.0000, 0.0000,  153, 153, 153
L 1029.0000, -574.0000, 0.0000,  894.0000, -732.0000, 0.0000,  153, 153, 153
L 1595.0000, -577.0000, 0.0000,  1029.0000, -574.0000, 0.0000,  153, 153, 153
P -4947.0000, -8.0000, 0.0000,  255, 255, 255,  2,  Succor_Point
P -5000.0000, -589.0000, 0.0000,  255, 255, 0,  2,  West_Commons
P 1000.0000, -11.0000, 0.0000,  255, 255, 0,  2,  West_Freeport
P 22.0000, 2396.0000, 0.0000,  255, 255, 0,  2,  Northern_Ro
P -700.0000, -1203.0000, 0.0000,  255, 255, 0,  2,  Nektulos_Forest
P -2853.0000, 883.0000, 0.0000,  255, 255, 255,  2,  Undead
P -3827.0000, -426.0000, 0.0000,  255, 255, 255,  2,  Druids
P 266.0000, 1653.0000, 0.0000,  255, 255, 255,  2,  Shady
P -655.0000, 1127.0000, 0.0000,  255, 255, 255,  2,  Tunnel
P -945.0000, -642.0000, 0.0000,  255, 255, 255,  2,  Guard_Post
P -3721.0000, -1075.0000, 0.0000,  255, 255, 255,  2,  Hidden_Inn
P -4887.0000, -363.0000, 0.0000,  255, 255, 255,  2,  Inn_3
P -2948.0000, 402.0000, 0.0000,  255, 255, 255,  2,  Inn_2
P -140.0000, 101.0000, 0.0000,  255, 255, 255,  2,  Inn_1
P -4594.0000, -1019.0000, 0.0000,  255, 255, 255,  2,  Orc_2
P -2639.0000, -1063.0000, 0.0000,  255, 255, 255,  2,  Orc_1
