P -82.8061, 23.8061, 16.0010,  0, 0, 0,  3,  Priest_of_Discord
P 7.0640, 328.6420, 27.1260,  0, 240, 0,  3,  to_Erudin_City
P 277.5880, 644.6470, 64.5950,  0, 240, 0,  3,  to_Erudin_Docks
P 89.0000, 724.0000, 67.7200,  0, 0, 0,  3,  Reklon_(GM_Paladin)
P 71.0000, 682.0000, 67.7200,  0, 0, 0,  3,  Cipse_(GM_Cleric)
P 41.0000, 643.0000, 67.7200,  0, 0, 0,  3,  Depnar_(GM_Paladin)
P 55.9120, 715.8040, 67.7200,  0, 0, 0,  3,  Spell_Merchants
P 77.0000, 621.0000, 67.7200,  0, 0, 0,  3,  Stella_(Weapons)
P 91.0000, 649.0000, 67.7200,  0, 0, 0,  3,  Lereana_(GM_Cleric)
P 183.3910, 644.8340, 69.3450,  0, 240, 0,  3,  to_Erudin_Palace
P 308.8910, 1214.3900, 51.7200,  0, 0, 0,  3,  Brew_Barrel
P 333.0000, 1186.0000, 51.7200,  0, 0, 0,  3,  Helia_(Baking)
P 330.0000, 1176.0000, 51.7200,  0, 0, 0,  3,  Geoard_(Bar)
P 298.4550, 1160.3240, 51.7200,  0, 0, 0,  3,  Oven
P 241.5020, 1070.9730, 52.3450,  0, 0, 0,  3,  Spell_Merchants
P 5.0000, -230.0000, 20.3760,  0, 0, 0,  3,  Kisrin_(Merchant)
P -96.0000, -232.0000, 19.7510,  0, 0, 0,  3,  Nerth_(Merchant)
P -109.0000, -136.0000, 19.7510,  0, 0, 0,  3,  Beth_(Baking)
P 55.0000, 115.0000, 39.7510,  0, 0, 0,  3,  Soulbinder
P 106.0000, 754.0000, 52.7200,  0, 0, 0,  3,  Galbasi_(Tailor)
P 101.0000, 689.0000, 52.7200,  0, 0, 0,  3,  Demicla_(Tailor)
P 246.0000, 683.0000, 52.7200,  0, 0, 0,  3,  Shinan_(Smith)
P 286.0000, 709.0000, 51.7200,  0, 0, 0,  3,  Jagen_(Armor)
P 263.1520, 737.9690, 52.7200,  0, 0, 0,  3,  Erud_Forge
P 159.0000, 899.0000, 51.7200,  0, 0, 0,  3,  Monita_(Tailor)
P 122.4360, 893.4060, 51.7200,  0, 0, 0,  3,  Oven
P 78.0000, 994.0000, 51.7200,  0, 0, 0,  3,  Borge_(Merchant)
P 133.9510, 921.3700, 51.7200,  0, 0, 0,  3,  Kiln
P 88.0000, 906.0000, 51.7200,  0, 0, 0,  3,  Reihan_(Merchant)
P 85.1200, 1001.4160, 67.7200,  0, 0, 0,  3,  Brew_Barrel
P 61.0000, 1156.0000, 67.7200,  0, 0, 0,  3,  Luren_(Merchant)
P 182.0280, 1554.2930, -47.3430,  0, 240, 0,  3,  to_Toxxulia_Forest
P 399.0000, 1109.0000, 51.7200,  0, 0, 0,  3,  Laoni_(GM_Paladin)
P 398.0000, 1070.0000, 51.7200,  0, 0, 0,  3,  Ghemna_(Weapons)
P 417.0000, 1066.0000, 51.7200,  0, 0, 0,  3,  Kathar_(Spells)
P 369.0000, 1115.0000, 67.7200,  0, 0, 0,  3,  Mikeana_(GM_Cleric)
P 374.0000, 1031.0000, 67.7200,  0, 0, 0,  3,  Issibla_(Spells)
P 422.0000, 1064.0000, 67.7200,  0, 0, 0,  3,  Dleria_(GM_Cleric)
P -41.0000, 128.0000, 0.0000,  255, 255, 255,  2,  Pod
P 391.0000, 1145.0000, 0.0000,  255, 255, 255,  2,  Paladin_Guild
P 254.0000, 1399.0000, 0.0000,  255, 255, 0,  2,  A
P 310.0000, 1412.0000, 0.0000,  255, 255, 0,  2,  B
P 311.0000, 1403.0000, 0.0000,  255, 255, 0,  2,  B
P 187.0000, 1406.0000, 0.0000,  255, 255, 0,  2,  A
P 166.0000, 645.0000, 0.0000,  255, 255, 255,  2,  Erudin_Int
P 69.0000, 723.0000, 0.0000,  255, 255, 255,  2,  Cleric_Guild
P 350.0000, -98.0000, 0.0000,  255, 255, 255,  2,  Boat_Dock
