P 0.0000, 0.0000, 0.0000,  0, 0, 0,  1,  å„ﬂw›fâr
P -62.5008, 14.2988, -4.7191,  0, 240, 0,  1,  House_of_Thule
P -327.3127, 407.6914, 7.2808,  240, 0, 0,  1,  Exterminator_Cedrin_(Quest)
P -251.8356, 325.1744, 15.2808,  240, 0, 0,  1,  Laoni_Reista_(Quest)
P -312.5257, 339.7350, 15.2808,  240, 0, 0,  1,  General_Arbin_Derrex_(Mission)
P -380.4055, 323.7741, 15.2808,  240, 0, 0,  1,  Illithi_Nollith_(Quest)
P -348.6542, 334.6440, 15.2808,  240, 0, 0,  1,  Spirit_of_Erud_(Quest)
P -217.5696, 285.9076, 7.2808,  240, 0, 0,  1,  Kordian_Keshalian_(Quest)
P -298.6373, 3.0557, 11.2809,  240, 0, 0,  1,  Weligon_Steelherder_(Quest)
P -298.7204, -90.1856, -6.9305,  240, 0, 0,  1,  Tensia_Hauden_(mission)
P -276.0780, 382.2201, 7.2808,  0, 127, 0,  1,  Lanken_Rjarn_(Erudin_Guildmaster)
P -286.4308, 319.6770, 15.2808,  0, 127, 0,  1,  Ghanlin_Skyphire_(Erudin_Guildmaster)
P -347.3273, -1.6599, 11.2808,  0, 127, 0,  1,  Markus_Jaevins_(Erudin_Guildmaster)
P -67.0460, 918.4786, 33.8857,  0, 127, 0,  1,  Armory
P 35.4308, 1256.9071, 30.9499,  0, 127, 0,  1,  Former_HQ
P -197.3509, 938.0157, 37.7496,  0, 127, 0,  1,  Sentinel_Belario
P -222.0840, 967.7290, 27.2808,  0, 127, 0,  1,  Gorion_Teldmare
P -205.6140, 837.7234, 45.9389,  0, 127, 0,  1,  temple_of_divine_light
P -245.1826, 946.5172, 44.9315,  0, 127, 0,  1,  translocater_eniela
P -84.9983, 1275.1477, 33.6708,  0, 127, 0,  1,  Library
P -34.6663, 1589.1733, 11.2808,  0, 127, 0,  1,  Trevis_Malfin
P -399.4639, 558.5042, 7.2808,  0, 127, 0,  1,  Baricade
P -372.8790, 595.2422, 15.2809,  0, 127, 0,  1,  Baricade
P -298.0130, -69.9594, -5.7006,  0, 127, 0,  1,  Nerth_Sailwind
P -296.6847, -84.7109, -6.9046,  0, 127, 0,  1,  Gayle_Weaven
P -310.8401, -113.2100, -6.3872,  0, 127, 0,  1,  Sentinel_Silvis
P -360.9563, -1.2370, -4.7191,  0, 127, 0,  1,  Port_Authority
P -40.4950, 906.6787, 27.5308,  0, 127, 0,  1,  Smithy
P -115.8469, 919.4769, 28.2808,  0, 127, 0,  1,  Portals
P -263.8304, 1317.8979, 47.0887,  0, 127, 0,  1,  burned_building
P -211.2515, 1136.5077, 31.5263,  0, 127, 0,  1,  Burned_House
P 62.0828, 1268.4333, 45.2808,  0, 127, 0,  1,  Blood_Pool
P -62.7715, 1263.3022, 28.2808,  0, 127, 0,  1,  page
P 27.0302, 1420.3300, 28.7058,  0, 127, 0,  1,  veracious_oil
P -181.1996, 1189.0784, 33.8763,  0, 127, 0,  1,  charred_piece_of_wood
P -44.3006, 1315.9927, 32.7563,  0, 127, 0,  1,  pillager
P -54.9031, 34.2786, -4.7191,  0, 0, 0,  1,  a_fallen_erudite_sentinel
