P 1067.1940, 2046.0150, 35.7280,  0, 0, 0,  3,  to_Emerald_Jungle
P -1130.3910, 3223.5239, 8.6260,  0, 0, 0,  3,  to_Swamp_of_No_Hope
P -4016.6941, -1409.4590, 0.0010,  0, 0, 0,  3,  to_Warsliks_Woods
P -3600.6660, 2649.2461, 4.0950,  0, 0, 0,  3,  to_East_Cabilis
P 168.5810, 1892.7030, -131.3960,  0, 0, 0,  3,  to_Kaesora
P -997.2970, -459.5020, 61.3140,  0, 0, 0,  3,  to_Kurn's_Tower
P -3294.0000, 2652.0000, 44.2820,  0, 0, 0,  3,  Naman_(Merchant)
P -2984.0000, 2463.0000, 44.3140,  0, 0, 0,  3,  Acet_(Merchant)
P -3351.0000, 2361.0000, 38.3450,  0, 0, 0,  3,  Tugin_(Armor)
P -3305.0000, 2261.0000, 44.2820,  0, 0, 0,  3,  Canip_(Weapons)
P -1617.0000, 1684.0000, 0.0000,  255, 255, 255,  2,  Succor_Point
P -1844.0000, 3007.0000, 0.0000,  255, 255, 255,  2,  PoK
