L 221.4376, 31.6865, -25.4360,  240.7257, 50.9746, -25.4360,  0, 0, 0
L 240.7257, 50.9746, -25.4360,  261.8919, 72.1483, -25.4360,  0, 0, 0
L 261.8919, 72.1483, -25.4360,  270.4289, 80.7631, -25.4360,  0, 0, 0
L 270.1411, 80.3909, -25.4360,  270.4512, 80.7008, -25.4360,  0, 0, 0
L 270.4512, 80.7008, -25.4360,  271.1359, 82.6867, -25.4360,  0, 0, 0
L 271.1359, 82.6867, -25.4360,  272.6590, 83.8864, -25.4360,  0, 0, 0
L 272.6590, 83.8864, -25.4360,  274.4248, 84.0174, -25.4360,  0, 0, 0
L 274.4248, 84.0174, -25.4360,  274.7729, 83.5961, -25.4360,  0, 0, 0
L 274.7729, 83.5961, -25.4360,  275.0456, 83.8686, -25.4360,  0, 0, 0
L 275.0456, 83.8686, -25.4360,  274.4124, 85.9515, -25.4360,  0, 0, 0
L 274.4124, 85.9515, -25.4360,  275.9046, 87.1757, -25.4360,  0, 0, 0
L 275.9046, 87.1757, -25.4360,  277.8581, 87.3603, -25.4360,  0, 0, 0
L 277.8581, 87.3603, -25.4360,  278.6822, 85.5525, -25.4360,  0, 0, 0
L 278.6822, 85.5525, -25.4360,  280.0118, 84.2197, -25.4360,  0, 0, 0
L 280.0118, 84.2197, -25.4360,  280.1586, 82.3007, -25.4360,  0, 0, 0
L 280.1586, 82.3007, -25.4360,  279.0269, 81.0794, -25.4360,  0, 0, 0
L 279.0269, 81.0794, -25.4360,  277.5143, 81.0042, -25.4360,  0, 0, 0
L 277.5143, 81.0042, -25.4360,  298.5714, 59.9535, -25.4360,  0, 0, 0
L 298.5714, 59.9535, -25.4360,  329.7491, 28.7664, -25.4360,  0, 0, 0
L 329.7491, 28.7664, -25.4360,  329.9867, 27.6775, -25.4360,  0, 0, 0
L 329.9867, 27.6775, -25.4360,  327.8208, 25.2739, -25.4360,  0, 0, 0
L 327.8208, 25.2739, -25.4360,  326.4399, 23.8968, -25.4360,  0, 0, 0
L 326.4399, 23.8968, -25.4360,  320.4297, 17.8895, -25.4360,  0, 0, 0
L 320.4297, 17.8895, -25.4360,  317.3484, 17.5571, -25.4360,  0, 0, 0
L 317.3484, 17.5571, -25.4360,  315.7777, 17.5559, -25.4360,  0, 0, 0
L 255.8556, 17.6402, 5.7676,  255.0762, 19.5633, 5.7676,  0, 240, 0
L 255.0762, 19.5633, 5.7676,  255.9493, 21.2122, 5.7676,  0, 240, 0
L 255.9493, 21.2122, 5.7676,  265.9425, 21.2553, 5.7676,  0, 240, 0
L 265.9425, 21.2553, 5.7676,  290.2211, 21.4381, 5.7676,  0, 240, 0
L 290.2211, 21.4381, 5.7676,  290.2339, 23.2187, 5.7676,  0, 240, 0
L 290.2339, 23.2187, 5.7676,  290.0175, 88.8595, 5.7675,  0, 240, 0
L 290.0175, 88.8595, 5.7675,  268.8289, 68.1401, 5.7676,  0, 240, 0
L 268.8289, 68.1401, 5.7676,  261.7653, 61.0767, 5.7676,  0, 240, 0
L 261.7653, 61.0767, 5.7676,  225.9492, 25.2330, 5.7676,  0, 240, 0
L 225.9492, 25.2330, 5.7676,  219.2442, 18.3653, 5.7676,  0, 240, 0
L 219.2442, 18.3653, 5.7676,  207.6071, 6.4528, 5.7675,  0, 240, 0
L 306.1200, 17.5595, -24.4638,  317.2039, 17.5596, -25.4360,  0, 0, 0
L 305.6886, 17.5594, -24.4360,  316.3612, 17.5597, -25.4360,  0, 0, 0
L 305.7167, 17.5594, -24.4360,  255.9297, 17.6134, 5.7676,  0, 240, 0
L 257.9232, 17.5598, 5.7675,  255.8050, 17.6234, 5.7676,  0, 240, 0
L 209.8681, 8.7684, 5.7676,  207.6075, 6.4524, 5.7675,  0, 240, 0
L 207.6075, 6.4524, 5.7675,  237.5861, 6.1570, 5.7676,  0, 240, 0
L 237.5861, 6.1570, 5.7676,  255.0885, 6.4955, 5.7676,  0, 240, 0
L 255.0885, 6.4955, 5.7676,  255.5962, 8.2188, 5.7676,  0, 240, 0
L 255.5962, 8.2188, 5.7676,  259.1222, 8.4480, 5.7676,  0, 240, 0
L 259.1222, 8.4480, 5.7676,  261.0237, 8.4457, 5.7675,  0, 240, 0
L 261.0237, 8.4457, 5.7675,  305.8643, 8.4443, -24.4361,  0, 240, 0
L 305.8643, 8.4443, -24.4361,  308.5540, 8.3527, -25.4360,  0, 0, 0
L 308.5540, 8.3527, -25.4360,  309.2621, 7.3813, -25.4360,  0, 0, 0
L 309.2621, 7.3813, -25.4360,  308.0677, 5.5217, -25.4360,  0, 0, 0
L 308.0677, 5.5217, -25.4360,  306.6826, 4.1351, -25.4360,  0, 0, 0
L 306.6826, 4.1351, -25.4360,  268.5974, -33.8910, -25.4360,  0, 0, 0
L 268.5974, -33.8910, -25.4360,  268.1800, -34.0374, -25.4360,  0, 0, 0
L 268.1800, -34.0374, -25.4360,  266.2330, -32.8082, -25.4360,  0, 0, 0
L 266.2330, -32.8082, -25.4360,  264.8546, -31.4224, -25.4360,  0, 0, 0
L 264.8546, -31.4224, -25.4360,  243.8258, -10.4005, -25.4360,  0, 0, 0
L 243.8258, -10.4005, -25.4360,  214.9773, 18.4539, -25.4360,  0, 0, 0
L 214.9773, 18.4539, -25.4360,  214.7579, 18.2345, -25.4360,  0, 0, 0
L 214.7579, 18.2345, -25.4360,  214.5931, 16.5843, -25.4360,  0, 0, 0
L 214.5931, 16.5843, -25.4360,  212.8088, 15.3865, -25.4360,  0, 0, 0
L 212.8088, 15.3865, -25.4360,  211.6261, 15.9058, -25.4360,  0, 0, 0
L 211.6261, 15.9058, -25.4360,  209.4417, 18.2760, -25.4360,  0, 0, 0
L 209.4417, 18.2760, -25.4360,  208.9254, 20.1567, -25.4360,  0, 0, 0
L 208.9254, 20.1567, -25.4360,  210.3560, 21.5489, -25.4360,  0, 0, 0
L 210.3560, 21.5489, -25.4360,  212.2797, 21.1041, -25.4360,  0, 0, 0
L 212.2797, 21.1041, -25.4360,  211.6483, 22.7588, -25.4360,  0, 0, 0
L 211.6483, 22.7588, -25.4360,  212.9996, 24.2227, -25.4360,  0, 0, 0
L 212.9996, 24.2227, -25.4360,  214.5023, 25.5179, -25.4360,  0, 0, 0
L 214.5023, 25.5179, -25.4360,  215.2480, 25.4976, -25.4360,  0, 0, 0
L 215.2480, 25.4976, -25.4360,  228.1823, 38.4312, -25.4360,  0, 0, 0
L 152.1670, 5.6737, -30.9896,  163.7276, 5.6459, -30.2056,  0, 0, 0
L 163.7276, 5.6459, -30.2056,  173.6081, 5.7171, -25.4260,  0, 0, 0
L 173.6081, 5.7171, -25.4260,  176.8490, 5.6730, -25.4333,  0, 0, 0
L 176.8490, 5.6730, -25.4333,  178.7697, 5.7140, -25.4322,  0, 0, 0
L 178.7697, 5.7140, -25.4322,  188.9218, 5.8829, -25.4085,  0, 0, 0
L 188.9218, 5.8829, -25.4085,  190.5502, 5.4517, -25.4275,  0, 0, 0
L 190.5502, 5.4517, -25.4275,  192.2740, 5.4526, -25.4246,  0, 0, 0
L 192.2740, 5.4526, -25.4246,  194.3121, 5.5355, -25.4362,  0, 0, 0
L 194.3121, 5.5355, -25.4362,  195.5630, 6.7478, -25.4360,  0, 0, 0
L 195.5630, 6.7478, -25.4360,  197.4814, 6.3063, -25.4360,  0, 0, 0
L 197.4814, 6.3063, -25.4360,  197.9702, 8.2243, -25.4360,  0, 0, 0
L 197.9702, 8.2243, -25.4360,  198.6460, 9.9659, -25.4360,  0, 0, 0
L 198.6460, 9.9659, -25.4360,  200.3519, 10.8322, -25.4360,  0, 0, 0
L 200.3519, 10.8322, -25.4360,  201.7324, 9.6277, -25.4360,  0, 0, 0
L 201.7324, 9.6277, -25.4360,  203.0723, 8.2856, -25.4360,  0, 0, 0
L 203.0723, 8.2856, -25.4360,  204.1524, 6.7297, -25.4360,  0, 0, 0
L 204.1524, 6.7297, -25.4360,  202.9894, 5.1162, -25.4360,  0, 0, 0
L 202.9894, 5.1162, -25.4360,  201.0962, 4.5722, -25.4352,  0, 0, 0
L 201.0962, 4.5722, -25.4352,  200.9157, 2.6722, -25.4360,  0, 0, 0
L 200.9157, 2.6722, -25.4360,  202.2062, 1.3826, -25.4360,  0, 0, 0
L 202.2062, 1.3826, -25.4360,  278.1016, -74.5190, -25.4360,  0, 0, 0
L 278.1016, -74.5190, -25.4360,  299.1893, -53.4288, -23.1736,  0, 0, 0
L 299.1893, -53.4288, -23.1736,  370.4941, 17.8734, -25.4360,  0, 0, 0
L 370.4941, 17.8734, -25.4360,  349.6306, 38.7299, -25.4360,  0, 0, 0
L 349.6306, 38.7299, -25.4360,  292.4312, 95.9365, -25.4360,  0, 0, 0
L 292.4312, 95.9365, -25.4360,  291.1914, 94.6782, -25.4352,  0, 0, 0
L 291.1914, 94.6782, -25.4352,  291.1151, 93.2695, -25.4360,  0, 0, 0
L 291.1151, 93.2695, -25.4360,  289.5741, 91.9212, -25.4360,  0, 0, 0
L 289.5741, 91.9212, -25.4360,  287.8502, 92.6305, -25.4360,  0, 0, 0
L 287.8502, 92.6305, -25.4360,  286.6030, 93.9888, -25.4360,  0, 0, 0
L 286.6030, 93.9888, -25.4360,  285.2441, 95.4928, -25.4360,  0, 0, 0
L 285.2441, 95.4928, -25.4360,  285.9165, 97.3375, -25.4360,  0, 0, 0
L 285.9165, 97.3375, -25.4360,  288.1095, 97.8382, -25.4360,  0, 0, 0
L 288.1095, 97.8382, -25.4360,  289.1267, 99.3954, -25.4360,  0, 0, 0
L 289.1267, 99.3954, -25.4360,  290.2341, 101.4610, -25.4356,  0, 0, 0
L 290.2341, 101.4610, -25.4356,  290.5894, 103.3015, -25.4189,  0, 0, 0
L 290.5894, 103.3015, -25.4189,  290.3250, 165.9538, -30.9877,  0, 0, 0
L 290.3250, 165.9538, -30.9877,  290.0266, 167.5279, -30.9861,  0, 0, 0
L 290.0266, 167.5279, -30.9861,  290.4078, 319.3477, -30.9875,  0, 0, 0
L 290.4078, 319.3477, -30.9875,  291.4881, 320.4563, -30.9897,  0, 0, 0
L 291.4881, 320.4563, -30.9897,  292.7552, 321.5493, -30.0745,  0, 0, 0
L 292.7552, 321.5493, -30.0745,  293.0633, 323.2869, -29.4992,  0, 0, 0
L 293.0633, 323.2869, -29.4992,  292.6037, 339.7678, -29.7324,  0, 0, 0
L 292.6037, 339.7678, -29.7324,  290.6180, 339.9584, -30.9892,  0, 0, 0
L 290.6180, 339.9584, -30.9892,  290.0486, 341.8160, -30.9840,  0, 0, 0
L 290.0486, 341.8160, -30.9840,  290.2992, 343.7817, -30.9897,  0, 0, 0
L 290.2992, 343.7817, -30.9897,  291.4654, 345.1211, -30.8460,  0, 0, 0
L 291.4654, 345.1211, -30.8460,  292.6151, 346.5596, -29.5026,  0, 0, 0
L 292.6151, 346.5596, -29.5026,  292.3119, 348.4698, -29.4988,  0, 0, 0
L 292.3119, 348.4698, -29.4988,  291.8186, 351.5991, -29.5103,  0, 0, 0
L 291.8186, 351.5991, -29.5103,  291.5517, 353.2653, -29.5081,  0, 0, 0
L 291.5517, 353.2653, -29.5081,  291.0686, 356.3150, -29.5084,  0, 0, 0
L 291.0686, 356.3150, -29.5084,  290.8212, 357.8754, -29.5075,  0, 0, 0
L 290.8212, 357.8754, -29.5075,  290.3328, 360.9617, -29.5084,  0, 0, 0
L 290.3328, 360.9617, -29.5084,  290.0847, 362.5258, -29.5078,  0, 0, 0
L 290.0847, 362.5258, -29.5078,  288.1943, 363.1533, -30.7247,  0, 0, 0
L 288.1943, 363.1533, -30.7247,  286.5478, 364.2681, -30.9897,  0, 0, 0
L 286.5478, 364.2681, -30.9897,  286.3067, 366.2054, -30.9897,  0, 0, 0
L 286.3067, 366.2054, -30.9897,  286.7608, 368.0678, -30.9897,  0, 0, 0
L 286.7608, 368.0678, -30.9897,  287.6794, 369.8081, -29.5319,  0, 0, 0
L 287.6794, 369.8081, -29.5319,  287.0082, 371.1262, -29.5078,  0, 0, 0
L 287.0082, 371.1262, -29.5078,  279.7489, 385.3391, -29.5122,  0, 0, 0
L 279.7489, 385.3391, -29.5122,  278.1220, 384.2950, -30.7479,  0, 0, 0
L 278.1220, 384.2950, -30.7479,  276.2470, 385.4241, -30.9781,  0, 0, 0
L 276.2470, 385.4241, -30.9781,  275.3528, 387.0837, -30.9866,  0, 0, 0
L 275.3528, 387.0837, -30.9866,  275.6674, 388.7974, -30.7849,  0, 0, 0
L 275.6674, 388.7974, -30.7849,  275.6742, 390.5990, -29.5047,  0, 0, 0
L 275.6742, 390.5990, -29.5047,  274.5673, 391.7057, -29.5043,  0, 0, 0
L 274.5673, 391.7057, -29.5043,  263.3560, 402.8266, -29.5227,  0, 0, 0
L 263.3560, 402.8266, -29.5227,  262.1517, 401.3560, -30.7472,  0, 0, 0
L 262.1517, 401.3560, -30.7472,  260.2469, 401.6640, -30.9836,  0, 0, 0
L 260.2469, 401.6640, -30.9836,  258.8311, 402.9856, -30.9860,  0, 0, 0
L 258.8311, 402.9856, -30.9860,  258.3862, 404.8329, -30.9302,  0, 0, 0
L 258.3862, 404.8329, -30.9302,  257.7971, 406.6529, -29.4982,  0, 0, 0
L 257.7971, 406.6529, -29.4982,  256.2048, 407.4643, -29.4991,  0, 0, 0
L 256.2048, 407.4643, -29.4991,  242.4669, 414.4272, -29.5109,  0, 0, 0
L 242.4669, 414.4272, -29.5109,  241.6993, 412.6679, -30.6450,  0, 0, 0
L 241.6993, 412.6679, -30.6450,  239.8490, 412.2492, -30.9897,  0, 0, 0
L 239.8490, 412.2492, -30.9897,  238.3356, 413.0148, -30.9869,  0, 0, 0
L 238.3356, 413.0148, -30.9869,  237.0112, 414.3102, -30.9879,  0, 0, 0
L 237.0112, 414.3102, -30.9879,  236.7941, 416.2143, -29.5082,  0, 0, 0
L 236.7941, 416.2143, -29.5082,  234.8396, 416.5265, -29.5128,  0, 0, 0
L 234.8396, 416.5265, -29.5128,  218.8620, 418.9179, -29.5637,  0, 0, 0
L 218.8620, 418.9179, -29.5637,  218.7417, 416.9834, -30.6064,  0, 0, 0
L 218.7417, 416.9834, -30.6064,  217.2787, 415.7502, -30.9896,  0, 0, 0
L 217.2787, 415.7502, -30.9896,  215.3724, 416.1805, -30.9897,  0, 0, 0
L 215.3724, 416.1805, -30.9897,  213.7583, 417.1500, -30.9866,  0, 0, 0
L 213.7583, 417.1500, -30.9866,  213.6009, 418.7630, -30.2010,  0, 0, 0
L 213.6009, 418.7630, -30.2010,  211.8054, 419.2656, -29.4964,  0, 0, 0
L 211.8054, 419.2656, -29.4964,  210.1685, 419.2648, -29.4935,  0, 0, 0
L 210.1685, 419.2648, -29.4935,  193.9122, 419.1095, -29.5275,  0, 0, 0
L 193.9122, 419.1095, -29.5275,  193.8463, 417.1519, -30.6882,  0, 0, 0
L 193.8463, 417.1519, -30.6882,  192.3227, 416.1927, -30.9871,  0, 0, 0
L 192.3227, 416.1927, -30.9871,  191.0644, 416.1788, -30.9897,  0, 0, 0
L 191.0644, 416.1788, -30.9897,  188.1429, 416.1551, -30.9896,  0, 0, 0
L 188.5928, 416.1628, -30.9896,  168.2024, 416.2589, -30.9746,  0, 0, 0
L 168.2024, 416.2589, -30.9746,  167.1451, 417.8355, -30.9873,  0, 0, 0
L 167.1451, 417.8355, -30.9873,  167.1538, 419.5097, -30.9862,  0, 0, 0
L 167.1538, 419.5097, -30.9862,  167.0372, 550.8237, -30.9890,  0, 0, 0
L 167.0372, 550.8237, -30.9890,  156.6703, 550.6718, -30.9803,  0, 0, 0
L 156.6703, 550.6718, -30.9803,  137.0420, 550.9236, -30.9888,  0, 0, 0
L 137.0420, 550.9236, -30.9888,  117.5588, 550.8031, -30.9837,  0, 0, 0
L 117.5588, 550.8031, -30.9837,  115.6373, 551.0518, -30.9851,  0, 0, 0
L 115.6373, 551.0518, -30.9851,  114.0271, 551.0509, -30.9838,  0, 0, 0
L 114.0271, 551.0509, -30.9838,  89.7721, 550.9255, -30.9836,  0, 0, 0
L 89.7721, 550.9255, -30.9836,  68.4461, 550.6999, -30.9886,  0, 0, 0
L 68.4461, 550.6999, -30.9886,  66.6879, 549.9623, -30.9823,  0, 0, 0
L 66.6879, 549.9623, -30.9823,  66.7231, 548.1638, -30.9787,  0, 0, 0
L 66.7231, 548.1638, -30.9787,  66.7137, 489.4093, -30.9756,  0, 0, 0
L 66.7137, 489.4093, -30.9756,  66.4835, 487.5986, -30.9897,  0, 0, 0
L 66.4835, 487.5986, -30.9897,  66.0206, 416.3459, -30.9792,  0, 0, 0
L 66.0206, 416.3459, -30.9792,  64.0244, 416.2804, -30.9858,  0, 0, 0
L 64.0244, 416.2804, -30.9858,  54.1880, 416.4207, -26.9973,  0, 0, 0
L 54.1880, 416.4207, -26.9973,  42.6396, 416.2300, -26.9940,  0, 0, 0
L 42.6396, 416.2300, -26.9940,  40.6255, 416.2527, -26.9955,  0, 0, 0
L 40.6255, 416.2527, -26.9955,  39.0030, 416.5566, -26.9966,  0, 0, 0
L 39.0030, 416.5566, -26.9966,  37.3863, 416.5559, -26.9966,  0, 0, 0
L 37.3863, 416.5559, -26.9966,  7.5282, 416.6425, -29.0429,  0, 0, 0
L 7.5282, 416.6425, -29.0429,  -2.1374, 416.4677, -28.0390,  0, 0, 0
L -2.1374, 416.4677, -28.0390,  -12.0494, 416.4073, -26.9951,  0, 0, 0
L -12.0494, 416.4073, -26.9951,  -21.7299, 416.5865, -25.9861,  0, 0, 0
L -21.7299, 416.5865, -25.9861,  -26.0400, 416.8048, -25.5044,  0, 0, 0
L -26.0400, 416.8048, -25.5044,  -27.1766, 418.3214, -25.2809,  0, 0, 0
L -27.1766, 418.3214, -25.2809,  -28.6953, 419.4463, -25.0636,  0, 0, 0
L -28.6953, 419.4463, -25.0636,  -30.4108, 419.4559, -24.8090,  0, 0, 0
L -30.4108, 419.4559, -24.8090,  -46.2176, 419.2500, -22.3538,  0, 0, 0
L -46.2176, 419.2500, -22.3538,  -46.3954, 417.3754, -22.3301,  0, 0, 0
L -46.3954, 417.3754, -22.3301,  -48.1917, 416.6837, -22.1175,  0, 0, 0
L -48.1917, 416.6837, -22.1175,  -50.1172, 416.5101, -21.8029,  0, 0, 0
L -50.1172, 416.5101, -21.8029,  -51.8489, 417.4871, -21.4988,  0, 0, 0
L -51.8489, 417.4871, -21.4988,  -52.9190, 419.1642, -21.3312,  0, 0, 0
L -52.9190, 419.1642, -21.3312,  -54.6931, 418.8897, -21.0973,  0, 0, 0
L -54.6931, 418.8897, -21.0973,  -70.1748, 416.3739, -19.2332,  0, 0, 0
L -70.1748, 416.3739, -19.2332,  -69.8306, 414.4771, -19.2687,  0, 0, 0
L -69.8306, 414.4771, -19.2687,  -71.3599, 413.2885, -19.1284,  0, 0, 0
L -71.3599, 413.2885, -19.1284,  -73.1919, 412.4938, -18.9432,  0, 0, 0
L -73.1919, 412.4938, -18.9432,  -74.8331, 412.8918, -18.7627,  0, 0, 0
L -74.8331, 412.8918, -18.7627,  -76.5371, 413.5731, -18.5851,  0, 0, 0
L -76.5371, 413.5731, -18.5851,  -78.4237, 413.2516, -18.3496,  0, 0, 0
L -78.4237, 413.2516, -18.3496,  -80.1386, 412.3774, -18.1650,  0, 0, 0
L -80.1386, 412.3774, -18.1650,  -92.0385, 406.2643, -17.0680,  0, 0, 0
L -92.0385, 406.2643, -17.0680,  -91.0431, 404.5757, -17.0766,  0, 0, 0
L -91.0431, 404.5757, -17.0766,  -92.0908, 402.8967, -17.0705,  0, 0, 0
L -92.0908, 402.8967, -17.0705,  -93.5868, 401.6624, -17.0902,  0, 0, 0
L -93.5868, 401.6624, -17.0902,  -95.1707, 401.8004, -17.1026,  0, 0, 0
L -95.1707, 401.8004, -17.1026,  -97.2467, 402.2658, -17.0680,  0, 0, 0
L -97.2467, 402.2658, -17.0680,  -98.5698, 400.9428, -17.1482,  0, 0, 0
L -98.5698, 400.9428, -17.1482,  -109.6358, 389.7927, -18.3956,  0, 0, 0
L -109.6358, 389.7927, -18.3956,  -108.2695, 388.5668, -18.5319,  0, 0, 0
L -108.2695, 388.5668, -18.5319,  -108.5899, 386.7689, -18.7221,  0, 0, 0
L -108.5899, 386.7689, -18.7221,  -109.5829, 385.0633, -18.9092,  0, 0, 0
L -109.5829, 385.0633, -18.9092,  -111.5212, 384.7693, -18.9636,  0, 0, 0
L -111.5212, 384.7693, -18.9636,  -113.3666, 384.3810, -18.9512,  0, 0, 0
L -113.3666, 384.3810, -18.9512,  -114.2552, 382.6230, -19.1060,  0, 0, 0
L -114.2552, 382.6230, -19.1060,  -121.2617, 368.7231, -20.6711,  0, 0, 0
L -121.2617, 368.7231, -20.6711,  -119.5689, 368.0126, -20.8326,  0, 0, 0
L -119.5689, 368.0126, -20.8326,  -119.1623, 366.0618, -21.1162,  0, 0, 0
L -119.1623, 366.0618, -21.1162,  -119.6612, 364.3534, -21.3286,  0, 0, 0
L -119.6612, 364.3534, -21.3286,  -121.2115, 363.1793, -21.6153,  0, 0, 0
L -121.2115, 363.1793, -21.6153,  -123.0305, 362.5977, -21.6105,  0, 0, 0
L -123.0305, 362.5977, -21.6105,  -123.3111, 360.7653, -21.8282,  0, 0, 0
L -123.3111, 360.7653, -21.8282,  -123.7667, 357.7694, -22.3027,  0, 0, 0
L -123.7667, 357.7694, -22.3027,  -124.0645, 355.8211, -22.5625,  0, 0, 0
L -124.0645, 355.8211, -22.5625,  -124.5290, 352.7640, -23.0472,  0, 0, 0
L -124.5290, 352.7640, -23.0472,  -124.8228, 350.8399, -23.3293,  0, 0, 0
L -124.8228, 350.8399, -23.3293,  -125.3093, 347.6439, -23.8076,  0, 0, 0
L -125.3093, 347.6439, -23.8076,  -125.6061, 345.6849, -24.1520,  0, 0, 0
L -125.6061, 345.6849, -24.1520,  -124.1813, 344.9649, -24.3747,  0, 0, 0
L -124.1813, 344.9649, -24.3747,  -122.7972, 343.7404, -24.4845,  0, 0, 0
L -122.7972, 343.7404, -24.4845,  -122.8838, 341.7453, -24.8573,  0, 0, 0
L -122.8838, 341.7453, -24.8573,  -123.7360, 339.9621, -25.1396,  0, 0, 0
L -123.7360, 339.9621, -25.1396,  -125.5264, 339.8136, -25.1759,  0, 0, 0
L -125.5264, 339.8136, -25.1759,  -125.8642, 337.9807, -25.3952,  0, 0, 0
L -125.8642, 337.9807, -25.3952,  -125.3715, 320.1066, -27.3832,  0, 0, 0
L -125.3715, 320.1066, -27.3832,  -123.4117, 319.8768, -27.3900,  0, 0, 0
L -123.4117, 319.8768, -27.3900,  -122.8273, 318.0213, -27.5050,  0, 0, 0
L -122.8273, 318.0213, -27.5050,  -122.8069, 316.1111, -27.7464,  0, 0, 0
L -122.8069, 316.1111, -27.7464,  -122.9419, 306.2633, -28.7257,  0, 0, 0
L -122.9419, 306.2633, -28.7257,  -122.7783, 304.6155, -28.8920,  0, 0, 0
L -122.7783, 304.6155, -28.8920,  -123.0186, 279.3174, -30.5574,  0, 0, 0
L -123.0225, 286.2295, -30.4782,  -122.9958, 217.1585, -30.9793,  0, 0, 0
L -122.9958, 217.1585, -30.9793,  -122.9257, 215.3310, -30.9849,  0, 0, 0
L -122.9257, 215.3310, -30.9849,  -122.9957, 167.1610, -30.9811,  0, 0, 0
L -122.9957, 167.1610, -30.9811,  -122.9207, 165.3168, -30.9897,  0, 0, 0
L -122.9207, 165.3168, -30.9897,  -123.3264, 102.5124, -30.9886,  0, 0, 0
L -123.3264, 102.5124, -30.9886,  -125.1967, 101.8479, -30.1809,  0, 0, 0
L -125.1967, 101.8479, -30.1809,  -125.7004, 100.1106, -29.4945,  0, 0, 0
L -125.7004, 100.1106, -29.4945,  -125.6996, 98.3079, -29.4916,  0, 0, 0
L -125.6996, 98.3079, -29.4916,  -125.2208, 82.4717, -29.8005,  0, 0, 0
L -125.2208, 82.4717, -29.8005,  -123.3600, 82.3457, -30.9045,  0, 0, 0
L -123.3600, 82.3457, -30.9045,  -122.6511, 80.7900, -30.9887,  0, 0, 0
L -122.6511, 80.7900, -30.9887,  -122.8457, 78.8948, -30.9882,  0, 0, 0
L -122.8457, 78.8948, -30.9882,  -123.9337, 77.2594, -30.9887,  0, 0, 0
L -123.9337, 77.2594, -30.9887,  -125.2757, 75.8352, -29.5003,  0, 0, 0
L -125.2757, 75.8352, -29.5003,  -125.0131, 74.1778, -29.5006,  0, 0, 0
L -125.0131, 74.1778, -29.5006,  -124.5694, 71.3778, -29.4995,  0, 0, 0
L -124.5694, 71.3778, -29.4995,  -124.2635, 69.4462, -29.5000,  0, 0, 0
L -124.2635, 69.4462, -29.5000,  -123.7637, 66.2923, -29.4988,  0, 0, 0
L -123.7637, 66.2923, -29.4988,  -123.4522, 64.3247, -29.4988,  0, 0, 0
L -123.4522, 64.3247, -29.4988,  -122.9827, 61.3585, -29.4999,  0, 0, 0
L -122.9827, 61.3585, -29.4999,  -122.6813, 59.4536, -29.5012,  0, 0, 0
L -122.6813, 59.4536, -29.5012,  -120.7518, 59.1099, -30.6877,  0, 0, 0
L -120.7518, 59.1099, -30.6877,  -119.3119, 58.1205, -29.4073,  0, 0, 0
L -120.1110, 59.0409, -30.9897,  -119.0331, 56.6525, -29.4671,  0, 0, 0
L -119.0331, 56.6525, -29.4671,  -118.9608, 54.7524, -30.9871,  0, 0, 0
L -118.9608, 54.7524, -30.9871,  -120.3682, 53.8072, -30.3694,  0, 0, 0
L -120.3682, 53.8072, -30.3694,  -120.0358, 51.8832, -29.5097,  0, 0, 0
L -120.0358, 51.8832, -29.5097,  -119.3200, 50.4774, -29.5111,  0, 0, 0
L -119.3200, 50.4774, -29.5111,  -112.4028, 36.8906, -29.5119,  0, 0, 0
L -112.4028, 36.8906, -29.5119,  -110.8378, 37.9132, -30.5868,  0, 0, 0
L -110.8378, 37.9132, -30.5868,  -109.0649, 37.3543, -30.9897,  0, 0, 0
L -109.0649, 37.3543, -30.9897,  -108.0830, 35.9960, -30.9897,  0, 0, 0
L -108.0830, 35.9960, -30.9897,  -107.3769, 34.1510, -30.9897,  0, 0, 0
L -107.3769, 34.1510, -30.9897,  -108.7202, 32.9922, -30.3934,  0, 0, 0
L -108.7202, 32.9922, -30.3934,  -108.0673, 31.3995, -29.5016,  0, 0, 0
L -108.0673, 31.3995, -29.5016,  -106.8992, 30.2312, -29.5020,  0, 0, 0
L -106.8992, 30.2312, -29.5020,  -96.0545, 19.4281, -29.5113,  0, 0, 0
L -96.0545, 19.4281, -29.5113,  -94.8135, 20.8735, -30.5784,  0, 0, 0
L -94.8135, 20.8735, -30.5784,  -92.8158, 20.8851, -30.9897,  0, 0, 0
L -92.8158, 20.8851, -30.9897,  -91.7210, 19.5342, -30.9875,  0, 0, 0
L -91.7210, 19.5342, -30.9875,  -90.8610, 17.7445, -30.9897,  0, 0, 0
L -90.8610, 17.7445, -30.9897,  -90.7637, 15.7543, -29.5077,  0, 0, 0
L -90.7637, 15.7543, -29.5077,  -89.0072, 14.8617, -29.5007,  0, 0, 0
L -89.0072, 14.8617, -29.5007,  -75.0135, 7.8449, -29.5481,  0, 0, 0
L -75.0135, 7.8449, -29.5481,  -74.2635, 9.6832, -30.8048,  0, 0, 0
L -74.2635, 9.6832, -30.8048,  -72.4726, 9.9518, -30.9897,  0, 0, 0
L -72.4726, 9.9518, -30.9897,  -70.6095, 9.2332, -30.9897,  0, 0, 0
L -70.6095, 9.2332, -30.9897,  -69.6281, 7.7938, -30.9886,  0, 0, 0
L -69.6281, 7.7938, -30.9886,  -69.2578, 5.9997, -29.5110,  0, 0, 0
L -69.2578, 5.9997, -29.5110,  -67.5753, 5.7346, -29.5052,  0, 0, 0
L -67.5753, 5.7346, -29.5052,  -51.4981, 3.3311, -29.5492,  0, 0, 0
L -51.4981, 3.3311, -29.5492,  -51.4076, 5.0874, -30.5288,  0, 0, 0
L -51.4076, 5.0874, -30.5288,  -49.6988, 6.1056, -30.9897,  0, 0, 0
L -49.6988, 6.1056, -30.9897,  -48.0711, 5.8529, -30.9874,  0, 0, 0
L -48.0711, 5.8529, -30.9874,  -46.3369, 4.9801, -30.9875,  0, 0, 0
L -46.3369, 4.9801, -30.9875,  -46.2248, 3.1432, -29.8896,  0, 0, 0
L -46.2248, 3.1432, -29.8896,  -44.4486, 2.9758, -29.4953,  0, 0, 0
L -44.4486, 2.9758, -29.4953,  -42.7956, 2.9760, -29.4948,  0, 0, 0
L -42.7956, 2.9760, -29.4948,  -26.5486, 3.1015, -29.5403,  0, 0, 0
L -26.5486, 3.1015, -29.5403,  -26.4707, 5.0836, -30.8649,  0, 0, 0
L -26.4707, 5.0836, -30.8649,  -25.0924, 6.1386, -30.9897,  0, 0, 0
L -25.0924, 6.1386, -30.9897,  -23.1426, 6.4278, -30.9897,  0, 0, 0
L -23.1426, 6.4278, -30.9897,  -21.2935, 5.7425, -30.9868,  0, 0, 0
L -21.2935, 5.7425, -30.9868,  -20.0605, 7.1817, -30.9892,  0, 0, 0
L -20.0605, 7.1817, -30.9892,  -20.0624, 8.7892, -30.9890,  0, 0, 0
L -20.0624, 8.7892, -30.9890,  -19.5916, 12.2319, -30.9893,  0, 0, 0
L -19.5916, 12.2319, -30.9893,  -17.7161, 12.6596, -29.0002,  0, 0, 0
L -17.7161, 12.6596, -29.0002,  -15.9791, 12.4528, -28.9500,  0, 0, 0
L -15.9791, 12.4528, -28.9500,  -14.0391, 12.4551, -28.9034,  0, 0, 0
L -14.0391, 12.4551, -28.9034,  -9.7133, 12.3038, -29.3275,  0, 0, 0
L -9.7133, 12.3038, -29.3275,  -9.1001, 10.5618, -30.9897,  0, 0, 0
L -9.1001, 10.5618, -30.9897,  -9.0961, 8.7851, -30.9896,  0, 0, 0
L -9.0961, 8.7851, -30.9896,  -8.6571, 5.9587, -30.9650,  0, 0, 0
L -8.6571, 5.9587, -30.9650,  -7.4612, 4.4079, -30.9896,  0, 0, 0
L -7.4612, 4.4079, -30.9896,  -5.8905, 3.3207, -30.9957,  0, 0, 0
L -5.8905, 3.3207, -30.9957,  -3.9450, 3.3234, -30.9933,  0, 0, 0
L -3.9450, 3.3234, -30.9933,  9.0132, 3.4249, -30.9868,  0, 0, 0
L 9.0132, 3.4249, -30.9868,  10.2239, 4.9457, -30.9917,  0, 0, 0
L 10.2239, 4.9457, -30.9917,  11.3624, 6.5318, -30.9895,  0, 0, 0
L 11.3624, 6.5318, -30.9895,  11.3604, 8.4595, -30.9891,  0, 0, 0
L 11.3604, 8.4595, -30.9891,  11.6828, 12.0936, -30.9895,  0, 0, 0
L 11.6828, 12.0936, -30.9895,  13.5823, 12.4559, -28.8976,  0, 0, 0
L 13.5823, 12.4559, -28.8976,  15.2980, 12.4548, -28.8981,  0, 0, 0
L 15.2980, 12.4548, -28.8981,  21.9116, 12.1878, -29.0350,  0, 0, 0
L 21.9116, 12.1878, -29.0350,  22.5978, 10.5860, -29.5017,  0, 0, 0
L 22.5978, 10.5860, -29.5017,  22.7367, 8.9139, -30.9897,  0, 0, 0
L 22.7367, 8.9139, -30.9897,  23.2044, 5.7526, -30.9875,  0, 0, 0
L 23.2044, 5.7526, -30.9875,  25.0311, 5.7932, -30.9876,  0, 0, 0
L 25.0311, 5.7932, -30.9876,  34.5174, 5.7174, -30.9875,  0, 0, 0
L 34.5174, 5.7174, -30.9875,  38.8145, 5.6727, -30.9785,  0, 0, 0
L 38.8145, 5.6727, -30.9785,  40.6495, 5.6786, -30.9776,  0, 0, 0
L 40.6495, 5.6786, -30.9776,  63.7141, 5.6768, -30.9814,  0, 0, 0
L 63.7141, 5.6768, -30.9814,  73.4709, 6.0382, -30.9784,  0, 0, 0
L 73.4709, 6.0382, -30.9784,  76.0186, 5.9459, -30.9750,  0, 0, 0
L 76.0186, 5.9459, -30.9750,  77.8067, 6.2354, -30.9845,  0, 0, 0
L 77.8067, 6.2354, -30.9845,  79.6669, 5.7133, -30.9884,  0, 0, 0
L 79.6669, 5.7133, -30.9884,  81.4724, 5.7159, -30.9876,  0, 0, 0
L 81.4724, 5.7159, -30.9876,  88.8212, 5.6727, -30.9772,  0, 0, 0
L 88.8212, 5.6727, -30.9772,  90.5022, 5.6782, -30.9780,  0, 0, 0
L 90.5022, 5.6782, -30.9780,  119.1942, 5.8827, -30.9764,  0, 0, 0
L 119.1942, 5.8827, -30.9764,  126.0189, 5.9459, -30.9749,  0, 0, 0
L 126.0189, 5.9459, -30.9749,  127.7886, 6.1985, -30.9847,  0, 0, 0
L 127.7886, 6.1985, -30.9847,  129.3430, 5.7155, -30.9874,  0, 0, 0
L 129.3430, 5.7155, -30.9874,  130.8182, 5.7152, -30.9878,  0, 0, 0
L 130.8182, 5.7152, -30.9878,  138.7966, 5.6728, -30.9793,  0, 0, 0
L 138.7966, 5.6728, -30.9793,  148.3890, 5.6782, -30.9781,  0, 0, 0
L 148.3890, 5.6782, -30.9781,  174.9151, 5.7202, -25.4398,  0, 0, 0
L -31.3270, 251.6848, -30.5517,  -31.3269, 251.6841, -30.5460,  0, 0, 240
L 59.6538, 416.3864, -26.8037,  60.1369, 369.0620, -26.5060,  0, 0, 240
L 60.1369, 369.0620, -26.5060,  60.1570, 367.1906, -26.4300,  0, 0, 240
L 60.1570, 367.1906, -26.4300,  59.7109, 263.5513, -30.2211,  0, 0, 240
L 59.7109, 263.5513, -30.2211,  58.8558, 262.2009, -30.5590,  0, 0, 240
L 58.8558, 262.2009, -30.5590,  57.3906, 259.9422, -30.5589,  0, 0, 240
L 57.3906, 259.9422, -30.5589,  56.5144, 258.6978, -30.5590,  0, 0, 240
L 56.5144, 258.6978, -30.5590,  55.1224, 256.7673, -30.5588,  0, 0, 240
L 55.1224, 256.7673, -30.5588,  53.8389, 255.3511, -30.5590,  0, 0, 240
L 53.8389, 255.3511, -30.5590,  52.6390, 254.4501, -30.5590,  0, 0, 240
L 52.6390, 254.4501, -30.5590,  51.1426, 253.8939, -30.5590,  0, 0, 240
L 51.1426, 253.8939, -30.5590,  44.7357, 251.7446, -30.5590,  0, 0, 240
L 44.7357, 251.7446, -30.5590,  42.9279, 251.6780, -30.5590,  0, 0, 240
L 42.9279, 251.6780, -30.5590,  33.0536, 251.4510, -30.5417,  0, 0, 240
L 33.0536, 251.4510, -30.5417,  23.3173, 251.3310, -30.2691,  0, 0, 240
L 23.3173, 251.3310, -30.2691,  13.6726, 251.3086, -30.5479,  0, 0, 240
L 13.6726, 251.3086, -30.5479,  -15.9983, 251.3084, -30.3860,  0, 0, 240
L -15.9983, 251.3084, -30.3860,  -31.3270, 251.3067, -30.5580,  0, 0, 240
L -122.9929, 250.7686, -26.4914,  -88.7545, 251.5980, -26.3105,  0, 0, 240
L -88.7545, 251.5980, -26.3105,  -79.3485, 251.6646, -26.6387,  0, 0, 240
L -79.3485, 251.6646, -26.6387,  -37.7042, 251.4475, -25.0010,  0, 0, 240
L -37.7042, 251.4475, -25.0010,  -30.1635, 251.2469, -26.2823,  0, 0, 240
L -123.1554, 278.8395, -27.2014,  -79.9318, 278.8058, -27.1214,  0, 0, 240
L -79.9318, 278.8058, -27.1214,  -71.6110, 278.5928, -27.1206,  0, 0, 240
L -71.6110, 278.5928, -27.1206,  -52.5596, 277.9545, -25.3126,  0, 0, 240
L -52.5596, 277.9545, -25.3126,  -44.1390, 277.7723, -25.0986,  0, 0, 240
L -44.1390, 277.7723, -25.0986,  -34.8305, 277.7367, -25.1736,  0, 0, 240
L -34.8305, 277.7367, -25.1736,  -15.7708, 277.8903, -26.9013,  0, 0, 240
L -15.7708, 277.8903, -26.9013,  -6.9572, 278.0995, -27.8271,  0, 0, 240
L -6.9572, 278.0995, -27.8271,  26.2877, 278.8759, -30.5493,  0, 0, 240
L 26.2877, 278.8759, -30.5493,  27.8938, 279.2991, -30.5590,  0, 0, 240
L 27.8938, 279.2991, -30.5590,  31.0954, 280.2577, -30.5590,  0, 0, 240
L 31.0954, 280.2577, -30.5590,  32.8649, 281.0945, -30.5331,  0, 0, 240
L 32.8649, 281.0945, -30.5331,  33.9314, 282.3311, -30.6098,  0, 0, 240
L 33.9314, 282.3311, -30.6098,  34.7639, 283.8435, -30.5590,  0, 0, 240
L 34.7639, 283.8435, -30.5590,  35.2459, 285.6100, -30.2063,  0, 0, 240
L 35.2459, 285.6100, -30.2063,  35.1288, 330.7084, -30.4372,  0, 0, 240
L 34.6078, 416.5601, -26.5549,  35.0812, 382.0146, -26.7340,  0, 0, 240
L 35.0812, 382.0146, -26.7340,  35.1337, 379.7008, -26.8121,  0, 0, 240
L 35.1337, 379.7008, -26.8121,  35.6258, 359.3641, -27.4820,  0, 0, 240
L 35.6258, 359.3641, -27.4820,  35.6710, 357.0987, -27.5000,  0, 0, 240
L 35.6710, 357.0987, -27.5000,  35.2036, 330.2675, -26.4032,  0, 0, 240
L 35.2036, 330.2675, -26.4032,  35.0993, 328.8541, -27.2601,  0, 0, 240
L 68.0811, 335.5511, -30.7802,  63.3714, 335.3995, -30.4721,  0, 0, 0
L 63.3714, 335.3995, -30.4721,  61.8683, 334.6315, -30.4721,  0, 0, 0
L 61.8683, 334.6315, -30.4721,  60.1598, 334.6349, -30.4721,  0, 0, 0
L 60.1598, 334.6349, -30.4721,  34.7308, 334.6933, -30.4706,  0, 0, 0
L 34.7308, 334.6933, -30.4706,  33.4447, 335.8987, -30.4719,  0, 0, 0
L 33.4447, 335.8987, -30.4719,  31.5676, 335.5598, -30.4539,  0, 0, 0
L 31.5676, 335.5598, -30.4539,  29.7081, 335.5559, -30.5369,  0, 0, 0
L 29.7081, 335.5559, -30.5369,  28.6489, 335.2613, -30.4691,  0, 0, 0
L 29.4108, 355.1758, -30.3183,  31.9413, 355.1757, -30.3316,  0, 0, 0
L 31.9413, 355.1757, -30.3316,  34.3447, 355.3543, -30.4721,  0, 0, 0
L 34.3447, 355.3543, -30.4721,  35.9710, 356.1593, -30.3753,  0, 0, 0
L 35.9710, 356.1593, -30.3753,  37.8010, 356.2442, -30.4721,  0, 0, 0
L 37.8010, 356.2442, -30.4721,  46.8574, 356.2436, -30.4721,  0, 0, 0
L 46.8574, 356.2436, -30.4721,  62.9057, 356.0844, -30.4721,  0, 0, 0
L 62.9057, 356.0844, -30.4721,  64.3811, 354.7873, -30.3716,  0, 0, 0
L 64.3811, 354.7873, -30.3716,  66.1361, 355.1705, -30.6364,  0, 0, 0
L 66.1361, 355.1705, -30.6364,  68.0943, 355.1739, -30.9192,  0, 0, 0
L 68.0943, 355.1739, -30.9192,  68.3895, 355.1899, -30.8218,  0, 0, 0
L -55.9451, 244.9491, -30.9180,  -55.9453, 244.9458, -30.7300,  0, 0, 0
L -55.9445, 245.3665, -30.9018,  -56.4000, 250.0700, -30.4721,  0, 0, 0
L -56.4000, 250.0700, -30.4721,  -56.8612, 252.0097, -30.4721,  0, 0, 0
L -56.8612, 252.0097, -30.4721,  -56.3746, 278.6503, -30.4721,  0, 0, 0
L -56.3746, 278.6503, -30.4721,  -55.9384, 280.0495, -30.4721,  0, 0, 0
L -55.9384, 280.0495, -30.4721,  -55.9446, 283.6907, -30.3800,  0, 0, 0
L -36.3200, 283.3050, -30.4281,  -35.8283, 278.6487, -30.3903,  0, 0, 0
L -35.8283, 278.6487, -30.3903,  -35.2463, 276.8471, -30.2667,  0, 0, 0
L -35.2463, 276.8471, -30.2667,  -35.2490, 274.9638, -30.4721,  0, 0, 0
L -35.2490, 274.9638, -30.4721,  -35.7376, 250.1586, -30.4721,  0, 0, 0
L -35.7376, 250.1586, -30.4721,  -36.5266, 248.4395, -30.4721,  0, 0, 0
L -36.5266, 248.4395, -30.4721,  -36.5266, 246.4719, -30.3858,  0, 0, 0
L 1.6324, 8.8329, -30.9118,  1.6324, 8.8329, -30.8885,  0, 0, 0
P 1.6324, 8.8329, -30.9538,  0, 0, 240,  2,  West_Freeport
