L 19.4555, -175.1687, -15.9388,  19.4565, -178.8503, -15.9388,  0, 0, 0
L 19.7665, -173.2657, -15.9388,  19.4555, -175.1687, -15.9388,  0, 0, 0
L 27.7295, -172.8656, -13.3187,  19.7665, -173.2657, -15.9388,  0, 0, 0
L 29.6526, -172.8701, -12.2186,  27.7295, -172.8656, -13.3187,  0, 0, 0
L 30.8371, -174.4810, -12.2186,  29.6526, -172.8701, -12.2186,  0, 0, 0
L 30.9768, -176.4448, -11.3244,  30.8371, -174.4810, -12.2186,  0, 0, 0
L 32.2805, -177.9341, -11.2552,  30.9768, -176.4448, -11.3244,  0, 0, 0
L 33.2204, -179.6561, -10.1959,  32.2805, -177.9341, -11.2552,  0, 0, 0
L 33.9417, -181.4218, -8.9735,  33.2204, -179.6561, -10.1959,  0, 0, 0
L 34.6351, -183.2509, -8.2464,  33.9417, -181.4218, -8.9735,  0, 0, 0
L 35.0949, -185.0079, -7.5595,  34.6351, -183.2509, -8.2464,  0, 0, 0
L 35.4626, -186.8787, -6.4418,  35.0949, -185.0079, -7.5595,  0, 0, 0
L 35.9464, -190.5000, -4.8142,  35.4626, -186.8787, -6.4418,  0, 0, 0
L -36.1474, -189.6895, -5.3355,  -36.3132, -191.1681, -4.4820,  0, 0, 0
L -35.9371, -187.8267, -6.2583,  -36.1474, -189.6895, -5.3355,  0, 0, 0
L -35.4577, -185.3704, -7.4570,  -35.9371, -187.8267, -6.2583,  0, 0, 0
L -35.0501, -183.5841, -8.2328,  -35.4577, -185.3704, -7.4570,  0, 0, 0
L -34.3498, -181.7263, -9.0232,  -35.0501, -183.5841, -8.2328,  0, 0, 0
L -33.6243, -179.8632, -10.3184,  -34.3498, -181.7263, -9.0232,  0, 0, 0
L -32.7948, -178.3436, -11.2552,  -33.6243, -179.8632, -10.3184,  0, 0, 0
L -31.6194, -176.8473, -11.2552,  -32.7948, -178.3436, -11.2552,  0, 0, 0
L -31.1268, -174.3053, -12.2186,  -31.6194, -176.8473, -11.2552,  0, 0, 0
L -28.7824, -172.8661, -12.6336,  -27.5512, -172.8692, -15.0021,  0, 0, 0
L -30.6429, -173.0871, -12.2186,  -28.7824, -172.8661, -12.6336,  0, 0, 0
L -31.1269, -175.1655, -12.2186,  -30.6429, -173.0871, -12.2186,  0, 0, 0
L -24.0281, -172.8653, -15.0021,  -28.7042, -172.8690, -15.0021,  0, 0, 0
L -22.0861, -172.8677, -15.0021,  -24.0281, -172.8653, -15.0021,  0, 0, 0
L -20.2375, -173.0908, -15.9388,  -22.0861, -172.8677, -15.0021,  0, 0, 0
L -19.7474, -182.1614, -15.9388,  -20.2375, -173.0908, -15.9388,  0, 0, 0
L -20.2045, -184.0237, -15.9388,  -19.7474, -182.1614, -15.9388,  0, 0, 0
L -27.4222, -184.2515, -15.9388,  -20.2045, -184.0237, -15.9388,  0, 0, 0
L -29.2300, -184.2487, -15.9388,  -27.4222, -184.2515, -15.9388,  0, 0, 0
L -30.9861, -185.0660, -15.9388,  -29.2300, -184.2487, -15.9388,  0, 0, 0
L -31.3923, -187.1843, -15.9388,  -30.9861, -185.0660, -15.9388,  0, 0, 0
L -31.6852, -188.8867, -15.9388,  -31.3923, -187.1843, -15.9388,  0, 0, 0
L -32.1705, -198.0804, -15.9388,  -31.6852, -188.8867, -15.9388,  0, 0, 0
L -32.0343, -199.8565, -15.9388,  -32.1705, -198.0804, -15.9388,  0, 0, 0
L -31.5587, -202.9589, -15.9388,  -32.0343, -199.8565, -15.9388,  0, 0, 0
L -31.1552, -204.7508, -15.9388,  -31.5587, -202.9589, -15.9388,  0, 0, 0
L -30.6043, -206.6172, -15.9388,  -31.1552, -204.7508, -15.9388,  0, 0, 0
L -29.9366, -208.3485, -15.9388,  -30.6043, -206.6172, -15.9388,  0, 0, 0
L -29.0553, -209.8219, -15.9388,  -29.9366, -208.3485, -15.9388,  0, 0, 0
L -27.5446, -211.0892, -15.9388,  -29.0553, -209.8219, -15.9388,  0, 0, 0
L 24.1314, -211.0825, -15.9388,  -27.5446, -211.0892, -15.9388,  0, 0, 0
L 26.0077, -211.0840, -15.9388,  24.1314, -211.0825, -15.9388,  0, 0, 0
L 27.7690, -210.9219, -15.9388,  26.0077, -211.0840, -15.9388,  0, 0, 0
L 29.0855, -209.4236, -15.9388,  27.7690, -210.9219, -15.9388,  0, 0, 0
L 29.9172, -207.6492, -15.9388,  29.0855, -209.4236, -15.9388,  0, 0, 0
L 30.4108, -205.8589, -15.9388,  29.9172, -207.6492, -15.9388,  0, 0, 0
L 31.0117, -204.1086, -15.9388,  30.4108, -205.8589, -15.9388,  0, 0, 0
L 31.5104, -189.9021, -15.9388,  31.0117, -204.1086, -15.9388,  0, 0, 0
L 31.2802, -188.1140, -15.9388,  31.5104, -189.9021, -15.9388,  0, 0, 0
L 30.8241, -186.0085, -15.9388,  31.2802, -188.1140, -15.9388,  0, 0, 0
L 30.4601, -184.4535, -15.9388,  30.8241, -186.0085, -15.9388,  0, 0, 0
L 23.4799, -184.2531, -15.9388,  30.4601, -184.4535, -15.9388,  0, 0, 0
L 21.6971, -184.2521, -15.9388,  23.4799, -184.2531, -15.9388,  0, 0, 0
L 19.8591, -183.9496, -15.9388,  21.6971, -184.2521, -15.9388,  0, 0, 0
L 19.4564, -178.3040, -15.9388,  19.8591, -183.9496, -15.9388,  0, 0, 0
L 25.2063, -215.4343, 9.4532,  20.4366, -215.4237, 10.3918,  0, 0, 0
L 27.0558, -215.4274, 8.4156,  25.2063, -215.4343, 9.4532,  0, 0, 0
L 28.9620, -215.0049, 7.4789,  27.0558, -215.4274, 8.4156,  0, 0, 0
L 30.6181, -214.1433, 6.5427,  28.9620, -215.0049, 7.4789,  0, 0, 0
L 32.0856, -212.8606, 6.5428,  30.6181, -214.1433, 6.5427,  0, 0, 0
L 33.1502, -211.2363, 5.6060,  32.0856, -212.8606, 6.5428,  0, 0, 0
L 33.8386, -209.5230, 4.4075,  33.1502, -211.2363, 5.6060,  0, 0, 0
L 34.5058, -207.7956, 3.6177,  33.8386, -209.5230, 4.4075,  0, 0, 0
L 35.0508, -205.8957, 2.7641,  34.5058, -207.7956, 3.6177,  0, 0, 0
L 35.4580, -204.1084, 1.8142,  35.0508, -205.8957, 2.7641,  0, 0, 0
L 35.8999, -190.0915, -5.0184,  35.4580, -204.1084, 1.8142,  0, 0, 0
L -16.2348, -215.4289, 10.3918,  22.0414, -215.4234, 10.3918,  0, 0, 0
L -26.0517, -215.4272, 8.4162,  -16.2348, -215.4289, 10.3918,  0, 0, 0
L -27.8878, -215.4591, 7.4795,  -26.0517, -215.4272, 8.4162,  0, 0, 0
L -29.4180, -214.9450, 7.4795,  -27.8878, -215.4591, 7.4795,  0, 0, 0
L -31.0222, -214.0559, 6.5428,  -29.4180, -214.9450, 7.4795,  0, 0, 0
L -32.4121, -212.8074, 6.5427,  -31.0222, -214.0559, 6.5428,  0, 0, 0
L -33.5030, -211.1401, 5.6060,  -32.4121, -212.8074, 6.5427,  0, 0, 0
L -34.2631, -209.1754, 4.2530,  -33.5030, -211.1401, 5.6060,  0, 0, 0
L -34.9149, -207.4852, 3.5061,  -34.2631, -209.1754, 4.2530,  0, 0, 0
L -35.3749, -205.7497, 2.6773,  -34.9149, -207.4852, 3.5061,  0, 0, 0
L -35.8084, -203.8265, 1.8427,  -35.3749, -205.7497, 2.6773,  0, 0, 0
L -36.2690, -190.7833, -4.6745,  -35.8084, -203.8265, 1.8427,  0, 0, 0
L -23.4450, -133.9306, -12.1974,  -30.9882, -133.5793, -12.7689,  0, 0, 0
L -21.5601, -133.9280, -12.1921,  -23.4450, -133.9306, -12.1974,  0, 0, 0
L -19.9013, -133.6077, -12.1919,  -21.5601, -133.9280, -12.1921,  0, 0, 0
L -19.5380, -123.0497, -12.1919,  -19.9013, -133.6077, -12.1919,  0, 0, 0
L -19.5494, -121.2502, -12.1734,  -19.5380, -123.0497, -12.1919,  0, 0, 0
L -20.0396, -118.3638, -12.0689,  -19.5494, -121.2502, -12.1734,  0, 0, 0
L -19.9198, -116.6394, -12.1919,  -20.0396, -118.3638, -12.0689,  0, 0, 0
L -18.4667, -115.6646, -12.1919,  -19.9198, -116.6394, -12.1919,  0, 0, 0
L -16.5369, -115.2032, -12.1919,  -18.4667, -115.6646, -12.1919,  0, 0, 0
L -6.5614, -114.9235, -11.1849,  -16.5369, -115.2032, -12.1919,  0, 0, 0
L 5.1220, -114.7565, -11.1683,  -6.5614, -114.9235, -11.1849,  0, 0, 0
L 14.5049, -114.8127, -11.1684,  5.1220, -114.7565, -11.1683,  0, 0, 0
L 16.0684, -114.8517, -11.1740,  14.5049, -114.8127, -11.1684,  0, 0, 0
L 17.7804, -115.1470, -12.1919,  16.0684, -114.8517, -11.1740,  0, 0, 0
L 19.2057, -116.5005, -12.1919,  17.7804, -115.1470, -12.1919,  0, 0, 0
L 19.6942, -118.0942, -12.1774,  19.2057, -116.5005, -12.1919,  0, 0, 0
L 19.2482, -132.1760, -12.1919,  19.6942, -118.0942, -12.1774,  0, 0, 0
L 19.6087, -133.6045, -12.1919,  19.2482, -132.1760, -12.1919,  0, 0, 0
L 29.5900, -133.9277, -12.2178,  19.6087, -133.6045, -12.1919,  0, 0, 0
L 53.2566, -159.1240, -12.2186,  53.4736, -150.2460, -16.0351,  0, 0, 0
L 53.2575, -160.9317, -12.2186,  53.2566, -159.1240, -12.2186,  0, 0, 0
L 53.9574, -162.7633, -12.2186,  53.2575, -160.9317, -12.2186,  0, 0, 0
L 66.4694, -162.8693, -18.6469,  53.9574, -162.7633, -12.2186,  0, 0, 0
L 68.3075, -162.8674, -19.5836,  66.4694, -162.8693, -18.6469,  0, 0, 0
L 70.1735, -162.6462, -20.5203,  68.3075, -162.8674, -19.5836,  0, 0, 0
L 70.6716, -154.3176, -20.5128,  70.1735, -162.6462, -20.5203,  0, 0, 0
L 70.6726, -152.3389, -20.5109,  70.6716, -154.3176, -20.5128,  0, 0, 0
L 70.0984, -150.4316, -20.5074,  70.6726, -152.3389, -20.5109,  0, 0, 0
L 53.7895, -150.2525, -20.5021,  70.0984, -150.4316, -20.5074,  0, 0, 0
L 55.1042, -148.0716, -14.3537,  44.9699, -151.8386, -12.2186,  0, 0, 0
L 56.9248, -147.3949, -14.8506,  55.1042, -148.0716, -14.3537,  0, 0, 0
L 58.4869, -146.6994, -15.2494,  56.9248, -147.3949, -14.8506,  0, 0, 0
L 60.7105, -145.4291, -15.7440,  58.4869, -146.6994, -15.2494,  0, 0, 0
L 62.1585, -144.5367, -15.9855,  60.7105, -145.4291, -15.7440,  0, 0, 0
L 70.5801, -137.6304, -17.7067,  62.1585, -144.5367, -15.9855,  0, 0, 0
L 71.9411, -136.5014, -17.9051,  70.5801, -137.6304, -17.7067,  0, 0, 0
L 75.2526, -132.3308, -18.7406,  71.9411, -136.5014, -17.9051,  0, 0, 0
L 76.4350, -130.8049, -18.9613,  75.2526, -132.3308, -18.7406,  0, 0, 0
L 77.7035, -129.2975, -19.2321,  76.4350, -130.8049, -18.9613,  0, 0, 0
L 78.7610, -127.7527, -19.5016,  77.7035, -129.2975, -19.2321,  0, 0, 0
L 79.6018, -126.1407, -19.6756,  78.7610, -127.7527, -19.5016,  0, 0, 0
L 81.0081, -123.0208, -19.8272,  79.6018, -126.1407, -19.6756,  0, 0, 0
L 81.7549, -121.3364, -19.9233,  81.0081, -123.0208, -19.8272,  0, 0, 0
L 82.3403, -119.7877, -20.0252,  81.7549, -121.3364, -19.9233,  0, 0, 0
L 84.2784, -113.1957, -20.3857,  82.3403, -119.7877, -20.0252,  0, 0, 0
L -53.9040, -150.7442, -13.7841,  -55.7682, -150.1204, -20.5020,  0, 0, 0
L -53.5478, -159.5163, -12.2186,  -53.9040, -150.7442, -13.7841,  0, 0, 0
L -53.4285, -161.2787, -12.2186,  -53.5478, -159.5163, -12.2186,  0, 0, 0
L -54.3924, -162.8075, -12.2186,  -53.4285, -161.2787, -12.2186,  0, 0, 0
L -66.8594, -162.8686, -18.6469,  -54.3924, -162.8075, -12.2186,  0, 0, 0
L -68.7628, -162.8689, -19.5836,  -66.8594, -162.8686, -18.6469,  0, 0, 0
L -70.5299, -162.6376, -20.5203,  -68.7628, -162.8689, -19.5836,  0, 0, 0
L -70.9635, -154.0622, -20.5125,  -70.5299, -162.6376, -20.5203,  0, 0, 0
L -70.9622, -152.0970, -20.5107,  -70.9635, -154.0622, -20.5125,  0, 0, 0
L -70.2319, -150.3482, -20.5073,  -70.9622, -152.0970, -20.5107,  0, 0, 0
L -54.0799, -150.2527, -20.5021,  -70.2319, -150.3482, -20.5073,  0, 0, 0
L -51.5767, -149.5559, -13.3962,  -46.8084, -151.2844, -12.2186,  0, 0, 0
L -57.0817, -147.6873, -14.7643,  -51.5767, -149.5559, -13.3962,  0, 0, 0
L -58.8619, -147.1839, -15.2356,  -57.0817, -147.6873, -14.7643,  0, 0, 0
L -62.8523, -144.2919, -16.1085,  -58.8619, -147.1839, -15.2356,  0, 0, 0
L -70.9046, -138.0888, -17.6520,  -62.8523, -144.2919, -16.1085,  0, 0, 0
L -72.2329, -137.0782, -17.8907,  -70.9046, -138.0888, -17.6520,  0, 0, 0
L -73.5403, -135.7837, -18.1493,  -72.2329, -137.0782, -17.8907,  0, 0, 0
L -74.7850, -134.2668, -18.4928,  -73.5403, -135.7837, -18.1493,  0, 0, 0
L -78.2792, -129.3085, -19.2475,  -74.7850, -134.2668, -18.4928,  0, 0, 0
L -79.3300, -127.7771, -19.5186,  -78.2792, -129.3085, -19.2475,  0, 0, 0
L -80.2276, -126.3151, -19.6769,  -79.3300, -127.7771, -19.5186,  0, 0, 0
L -81.0224, -124.8179, -19.7633,  -80.2276, -126.3151, -19.6769,  0, 0, 0
L -81.8044, -123.1647, -19.8292,  -81.0224, -124.8179, -19.7633,  0, 0, 0
L -82.4471, -121.3356, -19.9289,  -81.8044, -123.1647, -19.8292,  0, 0, 0
L -83.5028, -117.7316, -20.1536,  -82.4471, -121.3356, -19.9289,  0, 0, 0
L -84.0381, -115.8866, -20.2308,  -83.5028, -117.7316, -20.1536,  0, 0, 0
L -85.7328, -111.1713, -20.5021,  -84.0381, -115.8866, -20.2308,  0, 0, 0
L -49.4467, -112.2016, -25.2006,  -48.2543, -111.9008, -25.2040,  0, 0, 0
L -63.8856, -112.3456, -25.2040,  -49.4467, -112.2016, -25.2006,  0, 0, 0
L -65.7626, -112.3459, -25.2040,  -63.8856, -112.3456, -25.2040,  0, 0, 0
L -64.9528, -115.7039, -25.2040,  -65.7626, -112.3459, -25.2040,  0, 0, 0
L -64.4700, -117.7010, -25.2040,  -64.9528, -115.7039, -25.2040,  0, 0, 0
L -64.1227, -119.1665, -25.2040,  -64.4700, -117.7010, -25.2040,  0, 0, 0
L -59.6727, -125.5417, -25.2040,  -64.1227, -119.1665, -25.2040,  0, 0, 0
L -58.5305, -127.1300, -25.2040,  -59.6727, -125.5417, -25.2040,  0, 0, 0
L -57.1581, -128.6863, -25.2040,  -58.5305, -127.1300, -25.2040,  0, 0, 0
L -55.9374, -130.0211, -25.2298,  -57.1581, -128.6863, -25.2040,  0, 0, 0
L -54.2294, -131.7431, -25.2327,  -55.9374, -130.0211, -25.2298,  0, 0, 0
L -52.9926, -132.9972, -25.2208,  -54.2294, -131.7431, -25.2327,  0, 0, 0
L -50.3486, -133.8273, -25.2316,  -52.9926, -132.9972, -25.2208,  0, 0, 0
L -48.4820, -134.4404, -25.2123,  -50.3486, -133.8273, -25.2316,  0, 0, 0
L -46.2064, -135.2611, -25.2040,  -48.4820, -134.4404, -25.2123,  0, 0, 0
L -44.4949, -135.9121, -25.2040,  -46.2064, -135.2611, -25.2040,  0, 0, 0
L -33.5372, -136.1311, -25.2048,  -44.4949, -135.9121, -25.2040,  0, 0, 0
L -31.6545, -136.1704, -25.2046,  -33.5372, -136.1311, -25.2048,  0, 0, 0
L -31.3337, -116.4846, -25.2040,  -31.6545, -136.1704, -25.2046,  0, 0, 0
L -30.8527, -114.8917, -24.3533,  -31.3337, -116.4846, -25.2040,  0, 0, 0
L -25.2021, -114.6422, -25.2040,  -30.8527, -114.8917, -24.3533,  0, 0, 0
L -23.3276, -114.6437, -25.2040,  -25.2021, -114.6422, -25.2040,  0, 0, 0
L -21.4729, -114.3885, -25.2040,  -23.3276, -114.6437, -25.2040,  0, 0, 0
L -20.2363, -113.1524, -25.2040,  -21.4729, -114.3885, -25.2040,  0, 0, 0
L -18.9560, -111.9543, -24.5194,  -20.2363, -113.1524, -25.2040,  0, 0, 0
L 0.9725, -111.8344, -25.2040,  -18.9560, -111.9543, -24.5194,  0, 0, 0
L 48.4456, -111.8974, -25.0752,  47.9415, -111.8921, -25.2014,  0, 0, 0
L 50.5657, -112.3452, -25.2035,  48.4456, -111.8974, -25.0752,  0, 0, 0
L 45.4388, -111.1145, -25.2040,  45.4388, -111.1145, -25.2040,  0, 0, 0
L 63.4720, -112.3468, -25.2040,  49.3639, -112.2420, -25.1801,  0, 0, 0
L 65.4662, -112.3461, -25.2040,  63.4720, -112.3468, -25.2040,  0, 0, 0
L 64.1625, -117.7649, -25.2040,  65.4662, -112.3461, -25.2040,  0, 0, 0
L 63.7711, -119.4273, -25.2040,  64.1625, -117.7649, -25.2040,  0, 0, 0
L 59.0364, -126.0136, -25.2040,  63.7711, -119.4273, -25.2040,  0, 0, 0
L 58.0720, -127.3672, -25.2040,  59.0364, -126.0136, -25.2040,  0, 0, 0
L 56.2849, -129.2750, -25.2040,  58.0720, -127.3672, -25.2040,  0, 0, 0
L 54.9322, -130.7404, -25.2254,  56.2849, -129.2750, -25.2040,  0, 0, 0
L 53.7472, -131.9381, -25.2179,  54.9322, -130.7404, -25.2254,  0, 0, 0
L 46.0862, -135.1952, -25.2040,  53.7472, -131.9381, -25.2179,  0, 0, 0
L 44.4228, -135.8268, -25.2040,  46.0862, -135.1952, -25.2040,  0, 0, 0
L 33.1603, -136.1319, -25.2049,  44.4228, -135.8268, -25.2040,  0, 0, 0
L 31.4180, -136.1691, -25.2046,  33.1603, -136.1319, -25.2049,  0, 0, 0
L 31.0410, -116.9754, -25.2040,  31.4180, -136.1691, -25.2046,  0, 0, 0
L 30.6968, -115.0107, -24.3708,  31.0410, -116.9754, -25.2040,  0, 0, 0
L 23.2952, -114.6418, -25.2040,  30.6968, -115.0107, -24.3708,  0, 0, 0
L 21.5451, -114.6439, -25.2040,  23.2952, -114.6418, -25.2040,  0, 0, 0
L 19.9207, -113.1291, -25.2040,  21.5451, -114.6439, -25.2040,  0, 0, 0
L 18.7183, -111.9733, -24.4892,  19.9207, -113.1291, -25.2040,  0, 0, 0
L 0.5618, -111.8343, -25.2040,  18.7183, -111.9733, -24.4892,  0, 0, 0
L 54.3022, 20.5240, -11.7067,  54.3044, 20.0230, -11.7067,  0, 0, 0
L 54.9262, 22.3273, -11.7067,  54.3022, 20.5240, -11.7067,  0, 0, 0
L 56.8811, 22.4804, -11.7067,  54.9262, 22.3273, -11.7067,  0, 0, 0
L 58.6303, 22.4767, -11.7067,  56.8811, 22.4804, -11.7067,  0, 0, 0
L 59.0620, 61.4028, -20.7475,  58.6303, 22.4767, -11.7067,  0, 0, 0
L 59.0615, 63.3767, -20.7475,  59.0620, 61.4028, -20.7475,  0, 0, 0
L 50.6048, 63.7167, -20.7475,  59.0615, 63.3767, -20.7475,  0, 0, 0
L 34.6331, 20.0276, -11.7067,  54.3035, 20.1103, -11.7067,  0, 0, 0
L 32.8692, 20.0264, -11.7067,  34.6331, 20.0276, -11.7067,  0, 0, 0
L 31.0423, 20.3987, -11.7067,  32.8692, 20.0264, -11.7067,  0, 0, 0
L 30.5757, 22.2271, -11.7067,  31.0423, 20.3987, -11.7067,  0, 0, 0
L 25.3230, 22.4799, -11.7067,  30.5757, 22.2271, -11.7067,  0, 0, 0
L 23.3450, 22.4803, -11.7067,  25.3230, 22.4799, -11.7067,  0, 0, 0
L 21.6138, 22.7574, -11.7067,  23.3450, 22.4803, -11.7067,  0, 0, 0
L 19.7050, 22.2244, -11.7067,  21.6138, 22.7574, -11.7067,  0, 0, 0
L 19.2491, 16.3946, -11.7067,  19.7050, 22.2244, -11.7067,  0, 0, 0
L 19.2497, 14.5303, -11.7067,  19.2491, 16.3946, -11.7067,  0, 0, 0
L 19.8117, 12.8113, -11.7067,  19.2497, 14.5303, -11.7067,  0, 0, 0
L 19.9335, 10.8296, -11.5672,  19.8117, 12.8113, -11.7067,  0, 0, 0
L 26.8741, 10.6847, -11.7067,  19.9335, 10.8296, -11.5672,  0, 0, 0
L 28.8406, 10.6829, -11.7067,  26.8741, 10.6847, -11.7067,  0, 0, 0
L 30.6978, 11.0136, -11.7067,  28.8406, 10.6829, -11.7067,  0, 0, 0
L 31.0413, 12.9420, -11.7067,  30.6978, 11.0136, -11.7067,  0, 0, 0
L 50.4665, 13.1365, -11.7067,  31.0413, 12.9420, -11.7067,  0, 0, 0
L 52.3741, 13.1366, -11.7067,  50.4665, 13.1365, -11.7067,  0, 0, 0
L 54.3014, 12.8486, -11.7067,  52.3741, 13.1366, -11.7067,  0, 0, 0
L 54.7363, 10.9665, -11.7067,  54.3014, 12.8486, -11.7067,  0, 0, 0
L 56.6852, 10.6847, -11.7067,  54.7363, 10.9665, -11.7067,  0, 0, 0
L 58.6661, 10.6843, -11.7067,  56.6852, 10.6847, -11.7067,  0, 0, 0
L 59.0608, -12.0847, -19.5836,  58.6661, 10.6843, -11.7067,  0, 0, 0
L 59.4536, -13.9220, -20.5194,  59.0608, -12.0847, -19.5836,  0, 0, 0
L 82.4856, -14.0319, -20.5203,  59.4536, -13.9220, -20.5194,  0, 0, 0
L 84.1807, -14.0310, -20.5203,  82.4856, -14.0319, -20.5203,  0, 0, 0
L 85.2885, -15.5898, -20.5203,  84.1807, -14.0310, -20.5203,  0, 0, 0
L 85.2881, -17.3071, -20.5203,  85.2885, -15.5898, -20.5203,  0, 0, 0
L 85.9868, -19.0712, -20.5199,  85.2881, -17.3071, -20.5203,  0, 0, 0
L 89.1298, -19.1810, -20.5208,  85.9868, -19.0712, -20.5199,  0, 0, 0
L 91.0359, -19.1831, -20.5208,  89.1298, -19.1810, -20.5208,  0, 0, 0
L 92.8497, -19.0033, -20.5208,  91.0359, -19.1831, -20.5208,  0, 0, 0
L 93.3348, -16.0027, -20.5204,  92.8497, -19.0033, -20.5208,  0, 0, 0
L 93.5666, -14.0292, -20.5204,  93.3348, -16.0027, -20.5204,  0, 0, 0
L 95.5491, -14.0285, -20.5204,  93.5666, -14.0292, -20.5204,  0, 0, 0
L 95.9606, -30.4061, -20.5248,  95.5491, -14.0285, -20.5204,  0, 0, 0
L 95.9899, -32.2415, -20.5255,  95.9606, -30.4061, -20.5248,  0, 0, 0
L 96.5363, -33.9909, -20.5258,  95.9899, -32.2415, -20.5255,  0, 0, 0
L 96.7227, -35.9667, -20.5252,  96.5363, -33.9909, -20.5258,  0, 0, 0
L 97.2064, -15.4568, -11.4954,  96.7227, -35.9667, -20.5252,  0, 0, 0
L 97.5109, -13.5585, -11.4954,  97.2064, -15.4568, -11.4954,  0, 0, 0
L 99.4599, -13.9208, -11.4954,  97.5109, -13.5585, -11.4954,  0, 0, 0
L 101.4249, -13.7643, -11.4954,  99.4599, -13.9208, -11.4954,  0, 0, 0
L 102.1911, -11.9735, -11.4954,  101.4249, -13.7643, -11.4954,  0, 0, 0
L 101.4369, -10.2129, -11.4962,  102.1911, -11.9735, -11.4954,  0, 0, 0
L 99.5125, -10.0076, -11.4962,  101.4369, -10.2129, -11.4962,  0, 0, 0
L 96.3367, -10.1603, -11.4993,  99.5125, -10.0076, -11.4962,  0, 0, 0
L 66.3678, -10.1599, -11.5119,  96.3367, -10.1603, -11.4993,  0, 0, 0
L 64.4543, -10.1632, -11.5125,  66.3678, -10.1599, -11.5119,  0, 0, 0
L 64.2173, 65.7479, -11.5125,  64.4543, -10.1632, -11.5125,  0, 0, 0
L 64.2129, 67.2348, -11.5125,  64.2173, 65.7479, -11.5125,  0, 0, 0
L 129.5945, 67.2325, -11.5125,  64.2129, 67.2348, -11.5125,  0, 0, 0
L 131.4630, 67.2331, -11.5125,  129.5945, 67.2325, -11.5125,  0, 0, 0
L 131.8917, -8.1610, -11.5125,  131.4630, 67.2331, -11.5125,  0, 0, 0
L 131.8925, -9.9799, -11.5125,  131.8917, -8.1610, -11.5125,  0, 0, 0
L 112.4758, -10.1635, -11.5052,  131.8925, -9.9799, -11.5125,  0, 0, 0
L 110.5524, -10.1556, -11.5018,  112.4758, -10.1635, -11.5052,  0, 0, 0
L 108.7150, -9.8444, -11.4973,  110.5524, -10.1556, -11.5018,  0, 0, 0
L 107.4296, -11.3404, -11.4954,  108.7150, -9.8444, -11.4973,  0, 0, 0
L 107.6882, -13.2457, -11.4954,  107.4296, -11.3404, -11.4954,  0, 0, 0
L 109.4807, -14.1214, -11.5007,  107.6882, -13.2457, -11.4954,  0, 0, 0
L 111.3830, -13.5599, -11.5106,  109.4807, -14.1214, -11.5007,  0, 0, 0
L 111.7445, -30.5498, -17.3043,  111.3830, -13.5599, -11.5106,  0, 0, 0
L 111.6848, -32.5320, -18.2357,  111.7445, -30.5498, -17.3043,  0, 0, 0
L 112.9991, -33.9699, -20.5252,  111.6848, -32.5320, -18.2357,  0, 0, 0
L 113.4792, -15.8743, -20.5214,  112.9991, -33.9699, -20.5252,  0, 0, 0
L 113.4738, -14.0266, -20.5211,  113.4792, -15.8743, -20.5214,  0, 0, 0
L 118.3030, -14.0301, -20.5226,  113.4738, -14.0266, -20.5211,  0, 0, 0
L 120.0336, -14.0289, -20.5231,  118.3030, -14.0301, -20.5226,  0, 0, 0
L 120.4196, -54.8123, -20.5235,  120.0336, -14.0289, -20.5231,  0, 0, 0
L 120.4189, -56.7376, -20.5230,  120.4196, -54.8123, -20.5235,  0, 0, 0
L 115.3143, -56.9539, -20.5203,  120.4189, -56.7376, -20.5230,  0, 0, 0
L 113.3341, -56.9528, -20.5191,  115.3143, -56.9539, -20.5203,  0, 0, 0
L 111.4958, -57.1979, -20.5185,  113.3341, -56.9528, -20.5191,  0, 0, 0
L 111.0137, -65.1917, -18.3157,  111.4958, -57.1979, -20.5185,  0, 0, 0
L 110.8457, -67.0015, -20.4981,  111.0137, -65.1917, -18.3157,  0, 0, 0
L 111.7928, -68.6375, -20.5164,  110.8457, -67.0015, -20.4981,  0, 0, 0
L 124.0903, -68.7122, -20.5233,  111.7928, -68.6375, -20.5164,  0, 0, 0
L 125.8722, -68.7112, -20.5233,  124.0903, -68.7122, -20.5233,  0, 0, 0
L 126.1727, -80.4425, -20.5285,  125.8722, -68.7112, -20.5233,  0, 0, 0
L 126.1634, -82.3302, -20.5288,  126.1727, -80.4425, -20.5285,  0, 0, 0
L 127.9482, -83.2230, -20.5307,  126.1634, -82.3302, -20.5288,  0, 0, 0
L 129.9117, -82.8835, -20.5334,  127.9482, -83.2230, -20.5307,  0, 0, 0
L 130.3719, -53.5898, -20.5470,  129.9117, -82.8835, -20.5334,  0, 0, 0
L 130.3672, -52.0174, -20.5474,  130.3719, -53.5898, -20.5470,  0, 0, 0
L 156.4768, -52.0224, -20.5474,  130.3672, -52.0174, -20.5474,  0, 0, 0
L 186.2641, -52.0218, -20.5474,  156.4768, -52.0224, -20.5474,  0, 0, 0
L 187.9850, -52.0189, -20.5474,  186.2641, -52.0218, -20.5474,  0, 0, 0
L 188.1784, -117.9087, -20.5474,  187.9850, -52.0189, -20.5474,  0, 0, 0
L 188.1810, -119.6983, -20.5474,  188.1784, -117.9087, -20.5474,  0, 0, 0
L 132.7328, -119.6952, -20.5474,  188.1810, -119.6983, -20.5474,  0, 0, 0
L 131.0006, -119.6959, -20.5474,  132.7328, -119.6952, -20.5474,  0, 0, 0
L 130.5013, -91.1930, -20.5326,  131.0006, -119.6959, -20.5474,  0, 0, 0
L 130.4113, -89.2902, -20.5332,  130.5013, -91.1930, -20.5326,  0, 0, 0
L 128.1879, -88.4555, -20.5306,  130.4113, -89.2902, -20.5332,  0, 0, 0
L 126.3767, -89.1547, -20.5289,  128.1879, -88.4555, -20.5306,  0, 0, 0
L 126.0626, -91.0364, -20.5296,  126.3767, -89.1547, -20.5289,  0, 0, 0
L 126.5073, -102.9704, -20.5302,  126.0626, -91.0364, -20.5296,  0, 0, 0
L 111.0208, -113.1050, -20.0337,  111.0334, -113.6573, -20.5242,  0, 0, 0
L 115.2911, -102.9665, -20.5302,  126.5075, -102.9705, -20.5302,  0, 0, 0
L 113.4713, -102.9644, -20.5299,  115.2911, -102.9665, -20.5302,  0, 0, 0
L 111.5000, -103.2104, -20.5294,  113.4713, -102.9644, -20.5299,  0, 0, 0
L 111.0138, -113.3179, -20.5245,  111.5000, -103.2104, -20.5294,  0, 0, 0
L 111.4272, -114.4115, -20.5246,  111.0355, -113.6423, -20.5243,  0, 0, 0
L 118.2973, -114.7276, -20.5286,  111.4272, -114.4115, -20.5246,  0, 0, 0
L 120.1745, -114.7273, -20.5296,  118.2973, -114.7276, -20.5286,  0, 0, 0
L 120.4246, -173.3727, -20.5289,  120.1745, -114.7273, -20.5296,  0, 0, 0
L 120.4216, -175.3071, -20.5289,  120.4246, -173.3727, -20.5289,  0, 0, 0
L 115.5640, -175.5289, -20.5234,  120.4216, -175.3071, -20.5289,  0, 0, 0
L 113.8542, -175.5302, -20.5219,  115.5640, -175.5289, -20.5234,  0, 0, 0
L 113.5110, -159.4407, -20.5263,  113.8542, -175.5302, -20.5219,  0, 0, 0
L 113.4808, -157.5262, -20.5266,  113.5110, -159.4407, -20.5263,  0, 0, 0
L 112.8916, -155.8432, -20.5263,  113.4808, -157.5262, -20.5266,  0, 0, 0
L 112.5912, -153.8731, -20.5262,  112.8916, -155.8432, -20.5263,  0, 0, 0
L 112.1597, -173.2970, -11.5199,  112.5912, -153.8731, -20.5262,  0, 0, 0
L 112.0914, -174.9996, -11.5154,  112.1597, -173.2970, -11.5199,  0, 0, 0
L 110.2997, -175.7480, -11.5028,  112.0914, -174.9996, -11.5154,  0, 0, 0
L 108.3714, -175.6285, -11.4968,  110.2997, -175.7480, -11.5028,  0, 0, 0
L 107.4221, -177.3544, -11.4954,  108.3714, -175.6285, -11.4968,  0, 0, 0
L 108.0734, -179.2073, -11.4958,  107.4221, -177.3544, -11.4954,  0, 0, 0
L 110.0238, -179.5872, -11.4991,  108.0734, -179.2073, -11.4958,  0, 0, 0
L 129.7562, -179.3984, -11.5118,  110.0238, -179.5872, -11.4991,  0, 0, 0
L 131.6647, -179.3954, -11.5125,  129.7562, -179.3984, -11.5118,  0, 0, 0
L 131.8925, -254.7597, -11.5125,  131.6647, -179.3954, -11.5125,  0, 0, 0
L 131.8929, -256.6918, -11.5125,  131.8925, -254.7597, -11.5125,  0, 0, 0
L 66.4422, -256.7908, -11.5125,  131.8929, -256.6918, -11.5125,  0, 0, 0
L 64.5535, -256.7919, -11.5125,  66.4422, -256.7908, -11.5125,  0, 0, 0
L 64.2167, -181.1630, -11.5125,  64.5535, -256.7919, -11.5125,  0, 0, 0
L 64.2141, -179.5717, -11.5125,  64.2167, -181.1630, -11.5125,  0, 0, 0
L 67.9070, -179.3988, -11.5107,  64.2141, -179.5717, -11.5125,  0, 0, 0
L 97.3591, -179.3935, -11.4981,  67.9070, -179.3988, -11.5107,  0, 0, 0
L 99.2147, -179.3860, -11.4961,  97.3591, -179.3935, -11.4981,  0, 0, 0
L 101.0551, -179.6542, -11.4957,  99.2147, -179.3860, -11.4961,  0, 0, 0
L 102.1875, -178.1246, -11.4954,  101.0551, -179.6542, -11.4957,  0, 0, 0
L 101.7967, -176.1643, -11.4954,  102.1875, -178.1246, -11.4954,  0, 0, 0
L 99.6708, -175.5179, -11.4954,  101.7967, -176.1643, -11.4954,  0, 0, 0
L 97.7409, -175.9995, -11.4954,  99.6708, -175.5179, -11.4954,  0, 0, 0
L 97.2739, -159.3648, -17.2994,  97.7409, -175.9995, -11.4954,  0, 0, 0
L 97.4127, -157.5769, -18.2353,  97.2739, -159.3648, -17.2994,  0, 0, 0
L 96.3857, -155.8994, -20.5252,  97.4127, -157.5769, -18.2353,  0, 0, 0
L 95.9594, -172.7554, -20.5210,  96.3857, -155.8994, -20.5252,  0, 0, 0
L 95.9600, -174.5286, -20.5206,  95.9594, -172.7554, -20.5210,  0, 0, 0
L 94.2703, -175.5301, -20.5204,  95.9600, -174.5286, -20.5206,  0, 0, 0
L 93.3378, -173.8521, -20.5204,  94.2703, -175.5301, -20.5204,  0, 0, 0
L 93.3369, -172.1848, -20.5206,  93.3378, -173.8521, -20.5204,  0, 0, 0
L 92.6273, -170.4744, -20.5208,  93.3369, -172.1848, -20.5206,  0, 0, 0
L 89.4301, -170.3790, -20.5208,  92.6273, -170.4744, -20.5208,  0, 0, 0
L 87.4732, -170.3775, -20.5205,  89.4301, -170.3790, -20.5208,  0, 0, 0
L 85.6845, -170.6502, -20.5202,  87.4732, -170.3775, -20.5205,  0, 0, 0
L 85.2892, -173.4954, -20.5203,  85.6845, -170.6502, -20.5202,  0, 0, 0
L 85.2904, -175.4612, -20.5203,  85.2892, -173.4954, -20.5203,  0, 0, 0
L 81.7307, -175.5282, -20.5203,  85.2904, -175.4612, -20.5203,  0, 0, 0
L 61.7681, -175.5291, -15.8367,  81.7307, -175.5282, -20.5203,  0, 0, 0
L 59.9111, -175.5498, -13.1208,  61.7681, -175.5291, -15.8367,  0, 0, 0
L 59.5278, -210.8308, 5.5612,  59.9111, -175.5498, -13.1208,  0, 0, 0
L 59.5295, -212.7903, 6.2696,  59.5278, -210.8308, 5.5612,  0, 0, 0
L 52.0483, -213.0002, 6.2693,  59.5295, -212.7903, 6.2696,  0, 0, 0
L 50.1275, -213.0003, 6.2694,  52.0483, -213.0002, 6.2693,  0, 0, 0
L 48.1684, -212.6127, 6.0922,  50.1275, -213.0003, 6.2694,  0, 0, 0
L 49.0133, -210.3854, 4.9349,  48.1684, -212.6127, 6.0922,  0, 0, 0
L 49.6543, -208.7207, 4.1025,  49.0133, -210.3854, 4.9349,  0, 0, 0
L 50.2544, -207.2318, 3.2931,  49.6543, -208.7207, 4.1025,  0, 0, 0
L 50.6833, -205.3347, 2.4121,  50.2544, -207.2318, 3.2931,  0, 0, 0
L 51.1358, -203.4487, 1.4323,  50.6833, -205.3347, 2.4121,  0, 0, 0
L 51.3658, -201.7812, 0.5607,  51.1358, -203.4487, 1.4323,  0, 0, 0
L 51.8315, -186.7049, -6.9867,  51.3658, -201.7812, 0.5607,  0, 0, 0
L 52.0179, -185.0469, -7.7588,  51.8315, -186.7049, -6.9867,  0, 0, 0
L 52.4821, -183.1947, -8.5941,  52.0179, -185.0469, -7.7588,  0, 0, 0
L 53.0686, -181.3000, -9.5679,  52.4821, -183.1947, -8.5941,  0, 0, 0
L 54.1208, -179.6355, -10.2634,  53.0686, -181.3000, -9.5679,  0, 0, 0
L 55.3553, -178.2176, -10.9684,  54.1208, -179.6355, -10.2634,  0, 0, 0
L 56.5396, -176.6104, -13.0790,  55.3553, -178.2176, -10.9684,  0, 0, 0
L 55.1217, -175.5310, -13.0265,  56.5396, -176.6104, -13.0790,  0, 0, 0
L 53.2796, -176.1446, -11.5259,  55.1217, -175.5310, -13.0265,  0, 0, 0
L 51.9313, -177.4289, -11.2552,  53.2796, -176.1446, -11.5259,  0, 0, 0
L 50.6959, -179.0001, -10.3184,  51.9313, -177.4289, -11.2552,  0, 0, 0
L 49.8303, -180.6130, -9.2854,  50.6959, -179.0001, -10.3184,  0, 0, 0
L 49.2761, -182.4014, -8.5675,  49.8303, -180.6130, -9.2854,  0, 0, 0
L 48.7636, -184.1702, -7.8079,  49.2761, -182.4014, -8.5675,  0, 0, 0
L 48.2639, -199.8705, 0.0151,  48.7636, -184.1702, -7.8079,  0, 0, 0
L 47.9969, -201.8133, 0.9913,  48.2639, -199.8705, 0.0151,  0, 0, 0
L 47.4980, -204.3895, 2.2090,  47.9969, -201.8133, 0.9913,  0, 0, 0
L 47.0583, -206.3355, 3.2821,  47.4980, -204.3895, 2.2090,  0, 0, 0
L 46.1680, -208.6434, 4.2807,  47.0583, -206.3355, 3.2821,  0, 0, 0
L 45.5358, -210.3004, 5.5470,  46.1680, -208.6434, 4.2807,  0, 0, 0
L 44.8664, -212.0952, 6.5428,  45.5358, -210.3004, 5.5470,  0, 0, 0
L 44.4009, -234.8112, 6.5428,  44.8664, -212.0952, 6.5428,  0, 0, 0
L 44.3814, -236.4196, 6.5428,  44.4009, -234.8112, 6.5428,  0, 0, 0
L 24.6739, -236.4164, 10.2981,  44.3814, -236.4196, 6.5428,  0, 0, 0
L 14.6809, -236.4166, 10.3918,  24.6739, -236.4164, 10.2981,  0, 0, 0
L 12.8378, -236.3924, 10.3918,  14.6809, -236.4166, 10.3918,  0, 0, 0
L 11.5538, -237.7185, 10.3918,  12.8378, -236.3924, 10.3918,  0, 0, 0
L 11.5328, -239.6055, 10.3918,  11.5538, -237.7185, 10.3918,  0, 0, 0
L 12.9773, -240.7170, 10.3918,  11.5328, -239.6055, 10.3918,  0, 0, 0
L 42.9571, -240.7200, 10.3918,  12.9773, -240.7170, 10.3918,  0, 0, 0
L 44.5604, -240.7156, 10.3918,  42.9571, -240.7200, 10.3918,  0, 0, 0
L 40.8106, -252.3418, 10.3918,  44.5604, -240.7156, 10.3918,  0, 0, 0
L 40.2079, -254.2149, 10.3918,  40.8106, -252.3418, 10.3918,  0, 0, 0
L 39.4465, -255.7289, 10.3918,  40.2079, -254.2149, 10.3918,  0, 0, 0
L 37.2693, -255.6385, 10.3925,  39.4465, -255.7289, 10.3918,  0, 0, 0
L 33.9814, -255.7489, 10.3925,  37.2693, -255.6385, 10.3925,  0, 0, 0
L 32.2076, -255.7505, 10.3925,  33.9814, -255.7489, 10.3925,  0, 0, 0
L 29.9893, -255.3640, 10.3925,  32.2076, -255.7505, 10.3925,  0, 0, 0
L 28.0988, -255.8918, 10.3920,  29.9893, -255.3640, 10.3925,  0, 0, 0
L -24.9834, -255.8922, 10.3918,  28.0988, -255.8918, 10.3920,  0, 0, 0
L -26.8989, -255.8927, 10.3918,  -24.9834, -255.8922, 10.3918,  0, 0, 0
L -28.7380, -255.4910, 10.3918,  -26.8989, -255.8927, 10.3918,  0, 0, 0
L -30.6382, -255.5830, 10.3918,  -28.7380, -255.4910, 10.3918,  0, 0, 0
L -34.0894, -255.7497, 10.3918,  -30.6382, -255.5830, 10.3918,  0, 0, 0
L -36.0597, -255.7506, 10.3918,  -34.0894, -255.7497, 10.3918,  0, 0, 0
L -38.3081, -255.2507, 10.3918,  -36.0597, -255.7506, 10.3918,  0, 0, 0
L -39.9617, -255.8949, 10.3918,  -38.3081, -255.2507, 10.3918,  0, 0, 0
L -40.6544, -253.7338, 10.3918,  -39.9617, -255.8949, 10.3918,  0, 0, 0
L -44.2359, -242.6148, 10.3918,  -40.6544, -253.7338, 10.3918,  0, 0, 0
L -44.8077, -240.8465, 10.3918,  -44.2359, -242.6148, 10.3918,  0, 0, 0
L -25.0821, -240.7211, 10.3918,  -44.8077, -240.8465, 10.3918,  0, 0, 0
L -15.0871, -240.7188, 10.3918,  -25.0821, -240.7211, 10.3918,  0, 0, 0
L -13.1997, -240.7496, 10.3918,  -15.0871, -240.7188, 10.3918,  0, 0, 0
L -11.8955, -239.8473, 10.3918,  -13.1997, -240.7496, 10.3918,  0, 0, 0
L -11.8270, -237.9015, 10.3918,  -11.8955, -239.8473, 10.3918,  0, 0, 0
L -13.0321, -236.4186, 10.3918,  -11.8270, -237.9015, 10.3918,  0, 0, 0
L -42.9648, -236.4158, 6.5427,  -13.0321, -236.4186, 10.3918,  0, 0, 0
L -44.6720, -236.4196, 6.5427,  -42.9648, -236.4158, 6.5427,  0, 0, 0
L -45.0306, -213.3993, 6.5427,  -44.6720, -236.4196, 6.5427,  0, 0, 0
L -45.3548, -211.5502, 5.6060,  -45.0306, -213.3993, 6.5427,  0, 0, 0
L -46.2227, -209.2594, 4.3098,  -45.3548, -211.5502, 5.6060,  0, 0, 0
L -46.8673, -207.5885, 3.5793,  -46.2227, -209.2594, 4.3098,  0, 0, 0
L -47.4774, -205.7603, 2.7562,  -46.8673, -207.5885, 3.5793,  0, 0, 0
L -47.9076, -203.8567, 1.7069,  -47.4774, -205.7603, 2.7562,  0, 0, 0
L -48.3911, -201.0741, 0.4057,  -47.9076, -203.8567, 1.7069,  0, 0, 0
L -48.6548, -199.1689, -0.6669,  -48.3911, -201.0741, 0.4057,  0, 0, 0
L -48.8909, -185.6003, -7.4213,  -48.6548, -199.1689, -0.6669,  0, 0, 0
L -49.1101, -183.8749, -8.2155,  -48.8909, -185.6003, -7.4213,  0, 0, 0
L -49.6777, -182.0428, -8.8549,  -49.1101, -183.8749, -8.2155,  0, 0, 0
L -50.2367, -180.1513, -10.3184,  -49.6777, -182.0428, -8.8549,  0, 0, 0
L -51.3253, -178.5200, -10.3385,  -50.2367, -180.1513, -10.3184,  0, 0, 0
L -52.6030, -177.0664, -11.2552,  -51.3253, -178.5200, -10.3385,  0, 0, 0
L -53.8587, -175.8408, -12.2186,  -52.6030, -177.0664, -11.2552,  0, 0, 0
L -55.6618, -175.5139, -13.0265,  -53.8587, -175.8408, -12.2186,  0, 0, 0
L -56.7946, -177.0411, -11.5026,  -55.6618, -175.5139, -13.0265,  0, 0, 0
L -55.5108, -178.5175, -10.7253,  -56.7946, -177.0411, -11.5026,  0, 0, 0
L -54.1882, -179.9588, -10.0472,  -55.5108, -178.5175, -10.7253,  0, 0, 0
L -53.2345, -181.7071, -8.9781,  -54.1882, -179.9588, -10.0472,  0, 0, 0
L -52.6800, -183.5018, -8.0028,  -53.2345, -181.7071, -8.9781,  0, 0, 0
L -52.1833, -186.1665, -6.7404,  -52.6800, -183.5018, -8.0028,  0, 0, 0
L -51.9641, -188.0359, -5.9730,  -52.1833, -186.1665, -6.7404,  0, 0, 0
L -51.7546, -201.0465, 0.5006,  -51.9641, -188.0359, -5.9730,  0, 0, 0
L -51.5237, -202.7264, 1.3464,  -51.7546, -201.0465, 0.5006,  0, 0, 0
L -51.0312, -205.0846, 2.5868,  -51.5237, -202.7264, 1.3464,  0, 0, 0
L -50.6799, -206.8147, 3.5132,  -51.0312, -205.0846, 2.5868,  0, 0, 0
L -49.7916, -209.1074, 4.5071,  -50.6799, -206.8147, 3.5132,  0, 0, 0
L -49.1011, -210.9020, 5.5059,  -49.7916, -209.1074, 4.5071,  0, 0, 0
L -48.4637, -212.5891, 6.2453,  -49.1011, -210.9020, 5.5059,  0, 0, 0
L -57.7884, -212.9969, 6.2686,  -48.4637, -212.5891, 6.2453,  0, 0, 0
L -59.2400, -212.9982, 6.2692,  -57.7884, -212.9969, 6.2686,  0, 0, 0
L -59.3540, -179.2411, -10.4569,  -59.2400, -212.9982, 6.2692,  0, 0, 0
L -59.3277, -177.2492, -11.7771,  -59.3540, -179.2411, -10.4569,  0, 0, 0
L -60.0902, -175.5700, -14.9074,  -59.3277, -177.2492, -11.7771,  0, 0, 0
L -83.5553, -175.5259, -20.5203,  -60.0902, -175.5700, -14.9074,  0, 0, 0
L -85.3005, -175.5295, -20.5203,  -83.5553, -175.5259, -20.5203,  0, 0, 0
L -85.4277, -173.5238, -20.5203,  -85.3005, -175.5295, -20.5203,  0, 0, 0
L -85.2762, -171.8955, -20.5203,  -85.4277, -173.5238, -20.5203,  0, 0, 0
L -86.1901, -170.5370, -20.5196,  -85.2762, -171.8955, -20.5203,  0, 0, 0
L -89.6366, -170.3716, -20.5208,  -86.1901, -170.5370, -20.5196,  0, 0, 0
L -91.3541, -170.3743, -20.5208,  -89.6366, -170.3716, -20.5208,  0, 0, 0
L -93.1655, -170.5716, -20.5208,  -91.3541, -170.3743, -20.5208,  0, 0, 0
L -93.6273, -172.7497, -20.5204,  -93.1655, -170.5716, -20.5208,  0, 0, 0
L -93.6284, -174.4875, -20.5204,  -93.6273, -172.7497, -20.5204,  0, 0, 0
L -95.2987, -175.5293, -20.5204,  -93.6284, -174.4875, -20.5204,  0, 0, 0
L -95.7761, -165.7693, -20.5229,  -95.2987, -175.5293, -20.5204,  0, 0, 0
L -95.6379, -163.8724, -20.5235,  -95.7761, -165.7693, -20.5229,  0, 0, 0
L -96.2840, -162.1958, -20.5123,  -95.6379, -163.8724, -20.5235,  0, 0, 0
L -96.0148, -155.7854, -20.5238,  -96.2840, -162.1958, -20.5123,  0, 0, 0
L -95.9264, -153.9801, -20.5223,  -96.0148, -155.7854, -20.5238,  0, 0, 0
L -97.4558, -152.9659, -20.5252,  -95.9264, -153.9801, -20.5223,  0, 0, 0
L -97.8152, -172.6015, -11.4954,  -97.4558, -152.9659, -20.5252,  0, 0, 0
L -97.7721, -174.3593, -11.4954,  -97.8152, -172.6015, -11.4954,  0, 0, 0
L -98.8373, -175.9990, -11.4954,  -97.7721, -174.3593, -11.4954,  0, 0, 0
L -100.6544, -175.3495, -11.4954,  -98.8373, -175.9990, -11.4954,  0, 0, 0
L -102.2992, -176.4116, -11.4954,  -100.6544, -175.3495, -11.4954,  0, 0, 0
L -102.5324, -178.1533, -11.4954,  -102.2992, -176.4116, -11.4954,  0, 0, 0
L -101.3488, -179.6393, -11.4957,  -102.5324, -178.1533, -11.4954,  0, 0, 0
L -99.3556, -179.1586, -7.0548,  -101.3488, -179.6393, -11.4957,  0, 0, 0
L -89.3258, -179.1726, -8.5820,  -99.3176, -179.1583, -7.0548,  0, 0, 0
L -88.2093, -179.1664, -9.4822,  -89.3258, -179.1726, -8.5820,  0, 0, 0
L -87.1567, -179.4072, -10.4651,  -88.2093, -179.1664, -9.4822,  0, 0, 0
L -64.5034, -179.3936, -11.5125,  -87.1567, -179.4072, -10.4651,  0, 0, 0
L -64.5032, -256.7935, -11.5125,  -64.5031, -255.0481, -11.5125,  0, 0, 0
L -65.1377, -256.7936, -11.5125,  -64.5032, -256.7935, -11.5125,  0, 0, 0
L -64.9173, -256.7922, -11.5125,  -65.1377, -256.7936, -11.5125,  0, 0, 0
L -64.5080, -255.3530, -11.5125,  -64.5034, -179.3937, -11.5125,  0, 0, 0
L -129.9816, -256.7908, -11.5125,  -64.7338, -256.7393, -11.5133,  0, 0, 0
L -131.8918, -256.7921, -11.5125,  -129.9816, -256.7908, -11.5125,  0, 0, 0
L -132.1806, -181.2373, -11.5125,  -131.8918, -256.7921, -11.5125,  0, 0, 0
L -132.1831, -179.5452, -11.5125,  -132.1806, -181.2373, -11.5125,  0, 0, 0
L -112.3605, -179.3961, -11.5044,  -132.1831, -179.5452, -11.5125,  0, 0, 0
L -110.7647, -179.4011, -11.5013,  -112.3605, -179.3961, -11.5044,  0, 0, 0
L -108.8094, -179.7018, -11.4962,  -110.7647, -179.4011, -11.5013,  0, 0, 0
L -107.7123, -178.1074, -11.4954,  -108.8094, -179.7018, -11.4962,  0, 0, 0
L -107.8470, -176.2766, -11.4954,  -107.7123, -178.1074, -11.4954,  0, 0, 0
L -109.6494, -175.4166, -11.5006,  -107.8470, -176.2766, -11.4954,  0, 0, 0
L -111.5399, -176.0004, -11.5086,  -109.6494, -175.4166, -11.5006,  0, 0, 0
L -111.9733, -165.0999, -14.5217,  -111.5399, -176.0004, -11.5086,  0, 0, 0
L -112.0387, -163.3265, -15.4258,  -111.9733, -165.0999, -14.5217,  0, 0, 0
L -112.5109, -155.2847, -19.1720,  -112.0387, -163.3265, -15.4258,  0, 0, 0
L -112.8056, -157.1728, -20.5258,  -112.5109, -155.2847, -19.1720,  0, 0, 0
L -113.2863, -158.8304, -20.5259,  -112.8056, -157.1728, -20.5258,  0, 0, 0
L -113.7703, -174.0867, -20.5222,  -113.2863, -158.8304, -20.5259,  0, 0, 0
L -113.7643, -175.5324, -20.5227,  -113.7703, -174.0867, -20.5222,  0, 0, 0
L -119.0131, -175.5251, -20.5283,  -113.7643, -175.5324, -20.5227,  0, 0, 0
L -120.3423, -175.5288, -20.5293,  -119.0131, -175.5251, -20.5283,  0, 0, 0
L -120.7098, -114.7253, -20.5294,  -120.3423, -175.5288, -20.5293,  0, 0, 0
L -111.7733, -103.2143, -20.5293,  -113.5792, -102.9676, -20.5301,  0, 0, 0
L -111.3110, -108.4302, -18.3157,  -111.7733, -103.2143, -20.5293,  0, 0, 0
L -111.3107, -106.2829, -18.3157,  -111.6237, -114.3415, -20.5248,  0, 0, 0
L -118.5912, -114.7253, -20.5285,  -111.6950, -114.3977, -20.5247,  0, 0, 0
L -119.6421, -114.7326, -20.5286,  -120.7098, -114.7253, -20.5292,  0, 0, 0
L -118.0547, -114.7325, -20.5278,  -119.6421, -114.7326, -20.5286,  0, 0, 0
L -126.7978, -102.9704, -20.5302,  -111.9551, -103.0842, -20.5296,  0, 0, 0
L -126.7993, -91.6672, -20.5296,  -126.6697, -91.4606, -20.5296,  0, 0, 0
L -126.7992, -91.5807, -20.5296,  -126.7979, -102.9703, -20.5302,  0, 0, 0
L -130.6563, -91.4618, -20.5319,  -130.6577, -91.5863, -20.5316,  0, 0, 0
L -130.8611, -89.5105, -20.5331,  -130.6563, -91.4618, -20.5319,  0, 0, 0
L -129.1816, -88.4577, -20.5328,  -130.8611, -89.5105, -20.5331,  0, 0, 0
L -127.2132, -88.6358, -20.5296,  -129.1816, -88.4577, -20.5328,  0, 0, 0
L -126.7256, -91.5126, -20.5296,  -127.2132, -88.6358, -20.5296,  0, 0, 0
L -130.6627, -117.9887, -20.5468,  -130.6863, -91.3213, -20.5321,  0, 0, 0
L -130.6578, -119.6981, -20.5474,  -130.6627, -117.9887, -20.5468,  0, 0, 0
L -157.0333, -119.6930, -20.5474,  -130.6578, -119.6981, -20.5474,  0, 0, 0
L -186.6253, -119.6939, -20.5474,  -157.0333, -119.6930, -20.5474,  0, 0, 0
L -188.2815, -119.6968, -20.5474,  -186.6253, -119.6939, -20.5474,  0, 0, 0
L -188.4694, -53.9432, -20.5474,  -188.2815, -119.6968, -20.5474,  0, 0, 0
L -188.4714, -52.0175, -20.5474,  -188.4694, -53.9432, -20.5474,  0, 0, 0
L -133.1120, -52.0206, -20.5474,  -188.4714, -52.0175, -20.5474,  0, 0, 0
L -131.3212, -52.0198, -20.5474,  -133.1120, -52.0206, -20.5474,  0, 0, 0
L -130.8839, -80.5935, -20.5346,  -131.3212, -52.0198, -20.5474,  0, 0, 0
L -130.5303, -82.5359, -20.5335,  -130.8839, -80.5935, -20.5346,  0, 0, 0
L -128.6696, -83.2249, -20.5309,  -130.5303, -82.5359, -20.5335,  0, 0, 0
L -126.8414, -82.6547, -20.5295,  -128.6696, -83.2249, -20.5309,  0, 0, 0
L -126.3097, -80.7580, -20.5286,  -126.8414, -82.6547, -20.5295,  0, 0, 0
L -126.7941, -70.5061, -20.5235,  -126.3097, -80.7580, -20.5286,  0, 0, 0
L -126.7966, -68.9007, -20.5233,  -126.7941, -70.5061, -20.5235,  0, 0, 0
L -122.6515, -68.7150, -20.5234,  -126.7966, -68.9007, -20.5233,  0, 0, 0
L -113.3145, -68.7093, -20.5168,  -122.6515, -68.7150, -20.5234,  0, 0, 0
L -111.5257, -68.6078, -20.5160,  -113.3145, -68.7093, -20.5168,  0, 0, 0
L -111.3019, -58.7541, -19.3056,  -111.5257, -68.6078, -20.5160,  0, 0, 0
L -111.7142, -57.2474, -20.5188,  -111.3019, -58.7541, -19.3056,  0, 0, 0
L -118.5271, -56.9471, -20.5222,  -111.7142, -57.2474, -20.5188,  0, 0, 0
L -120.4009, -56.9511, -20.5229,  -118.5271, -56.9471, -20.5222,  0, 0, 0
L -120.7153, -16.1818, -20.5190,  -120.4009, -56.9511, -20.5229,  0, 0, 0
L -120.7121, -14.2554, -20.5212,  -120.7153, -16.1818, -20.5190,  0, 0, 0
L -115.5871, -14.0290, -20.5195,  -120.7121, -14.2554, -20.5212,  0, 0, 0
L -113.7644, -14.0267, -20.5200,  -115.5871, -14.0290, -20.5195,  0, 0, 0
L -113.3211, -31.8876, -20.5250,  -113.7644, -14.0267, -20.5200,  0, 0, 0
L -113.1490, -33.8633, -20.5256,  -113.3211, -31.8876, -20.5250,  0, 0, 0
L -112.5669, -35.6580, -20.5257,  -113.1490, -33.8633, -20.5256,  0, 0, 0
L -112.1162, -13.5583, -11.5124,  -112.5669, -35.6580, -20.5257,  0, 0, 0
L -111.7193, -13.5581, -11.5098,  -111.7193, -13.5581, -11.5098,  0, 0, 0
L -113.1380, -10.1637, -11.5052,  -132.1208, -10.1650, -11.5125,  0, 0, 0
L -111.2572, -10.1643, -11.5032,  -113.1380, -10.1637, -11.5052,  0, 0, 0
L -109.3358, -9.7802, -11.4974,  -111.2572, -10.1643, -11.5032,  0, 0, 0
L -107.7896, -10.9482, -11.4954,  -109.3358, -9.7802, -11.4974,  0, 0, 0
L -107.7514, -12.7854, -11.4954,  -107.7896, -10.9482, -11.4954,  0, 0, 0
L -109.1749, -14.1784, -11.4999,  -107.7514, -12.7854, -11.4954,  0, 0, 0
L -112.1660, -13.5583, -11.5128,  -109.1749, -14.1784, -11.4999,  0, 0, 0
L -131.9608, -10.1634, -11.5125,  -130.0180, -10.1604, -11.5118,  0, 0, 0
L -132.1805, 65.6572, -11.5125,  -131.9608, -10.1634, -11.5125,  0, 0, 0
L -132.1842, 67.2351, -11.5125,  -132.1805, 65.6572, -11.5125,  0, 0, 0
L -66.9212, 67.2322, -11.5125,  -132.1842, 67.2351, -11.5125,  0, 0, 0
L -65.0039, 67.2331, -11.5125,  -66.9212, 67.2322, -11.5125,  0, 0, 0
L -64.5069, -8.5206, -11.5125,  -65.0039, 67.2331, -11.5125,  0, 0, 0
L -64.5034, -10.1651, -11.5123,  -64.5069, -8.5206, -11.5125,  0, 0, 0
L -97.2423, -10.1611, -11.4980,  -64.5034, -10.1651, -11.5123,  0, 0, 0
L -99.1367, -10.1621, -11.4967,  -97.2423, -10.1611, -11.4980,  0, 0, 0
L -101.0522, -9.7797, -11.4962,  -99.1367, -10.1621, -11.4967,  0, 0, 0
L -102.4381, -11.0879, -11.4954,  -101.0522, -9.7797, -11.4962,  0, 0, 0
L -102.4063, -12.9019, -11.4954,  -102.4381, -11.0879, -11.4954,  0, 0, 0
L -100.9194, -14.1615, -11.4954,  -102.4063, -12.9019, -11.4954,  0, 0, 0
L -98.4815, -13.5580, -11.4954,  -100.9194, -14.1615, -11.4954,  0, 0, 0
L -98.0327, -31.2352, -18.2353,  -98.4818, -13.5604, -11.4954,  0, 0, 0
L -97.8869, -33.0602, -19.1720,  -98.0327, -31.2352, -18.2353,  0, 0, 0
L -96.7412, -34.6819, -20.5257,  -97.8869, -33.0602, -19.1720,  0, 0, 0
L -96.2495, -15.6757, -20.5207,  -96.7412, -34.6819, -20.5257,  0, 0, 0
L -96.0195, -14.0279, -20.5204,  -96.2495, -15.6757, -20.5207,  0, 0, 0
L -94.0662, -14.0278, -20.5204,  -96.0195, -14.0279, -20.5204,  0, 0, 0
L -93.6275, -16.2493, -20.5204,  -94.0662, -14.0278, -20.5204,  0, 0, 0
L -93.6257, -18.1955, -20.5208,  -93.6275, -16.2493, -20.5204,  0, 0, 0
L -91.8500, -19.1786, -20.5208,  -93.6257, -18.1955, -20.5208,  0, 0, 0
L -89.4045, -19.1822, -20.5208,  -92.9936, -19.1061, -20.5208,  0, 0, 0
L -87.7464, -19.1815, -20.5206,  -89.4045, -19.1822, -20.5208,  0, 0, 0
L -85.9765, -18.9033, -20.5200,  -87.7464, -19.1815, -20.5206,  0, 0, 0
L -85.5787, -15.8381, -20.5203,  -85.9765, -18.9033, -20.5200,  0, 0, 0
L -85.5807, -14.1278, -20.5203,  -85.5787, -15.8381, -20.5203,  0, 0, 0
L -71.6672, -14.0305, -20.5203,  -85.5807, -14.1278, -20.5203,  0, 0, 0
L -62.0575, -14.0269, -20.5212,  -71.6672, -14.0305, -20.5203,  0, 0, 0
L -60.1900, -14.0001, -20.5199,  -62.0575, -14.0269, -20.5212,  0, 0, 0
L -59.8221, 7.5468, -12.7443,  -60.1900, -14.0001, -20.5199,  0, 0, 0
L -59.8164, 9.3840, -11.7067,  -59.8221, 7.5468, -12.7443,  0, 0, 0
L -58.5962, 10.6840, -11.7067,  -59.8164, 9.3840, -11.7067,  0, 0, 0
L -56.6989, 10.6849, -11.7067,  -58.5962, 10.6840, -11.7067,  0, 0, 0
L -54.8658, 11.0892, -11.7067,  -56.6989, 10.6849, -11.7067,  0, 0, 0
L -54.5941, 12.9803, -11.7067,  -54.8658, 11.0892, -11.7067,  0, 0, 0
L -34.7702, 13.1354, -11.7067,  -54.5941, 12.9803, -11.7067,  0, 0, 0
L -33.0434, 13.1358, -11.7067,  -34.7702, 13.1354, -11.7067,  0, 0, 0
L -31.3336, 12.8118, -11.7067,  -33.0434, 13.1358, -11.7067,  0, 0, 0
L -31.0060, 11.0563, -11.7067,  -31.3336, 12.8118, -11.7067,  0, 0, 0
L -23.5666, 10.6847, -11.7067,  -31.0060, 11.0563, -11.7067,  0, 0, 0
L -21.7808, 10.6826, -11.7067,  -23.5666, 10.6847, -11.7067,  0, 0, 0
L -19.9615, 10.9576, -11.7067,  -21.7808, 10.6826, -11.7067,  0, 0, 0
L -19.5369, 16.5382, -11.7067,  -19.9615, 10.9576, -11.7067,  0, 0, 0
L -19.5390, 18.5055, -11.7067,  -19.5369, 16.5382, -11.7067,  0, 0, 0
L -20.1740, 20.2943, -11.7067,  -19.5390, 18.5055, -11.7067,  0, 0, 0
L -20.2966, 22.2507, -11.8934,  -20.1740, 20.2943, -11.7067,  0, 0, 0
L -27.2062, 22.4771, -11.7067,  -20.2966, 22.2507, -11.8934,  0, 0, 0
L -29.0441, 22.4758, -11.7067,  -27.2062, 22.4771, -11.7067,  0, 0, 0
L -30.9970, 22.1102, -11.7067,  -29.0441, 22.4758, -11.7067,  0, 0, 0
L -31.3329, 20.2232, -11.7067,  -30.9970, 22.1102, -11.7067,  0, 0, 0
L -50.9821, 20.0266, -11.7067,  -31.3329, 20.2232, -11.7067,  0, 0, 0
L -52.8821, 20.0266, -11.7067,  -50.9821, 20.0266, -11.7067,  0, 0, 0
L -54.5933, 20.4151, -11.7067,  -52.8821, 20.0266, -11.7067,  0, 0, 0
L -55.1047, 22.2617, -11.7067,  -54.5933, 20.4151, -11.7067,  0, 0, 0
L -57.0553, 22.4794, -11.7067,  -55.1047, 22.2617, -11.7067,  0, 0, 0
L -58.9150, 22.4793, -11.7067,  -57.0553, 22.4794, -11.7067,  0, 0, 0
L -59.3511, 61.4714, -20.7475,  -58.9150, 22.4793, -11.7067,  0, 0, 0
L -59.3504, 63.3903, -20.7475,  -59.3511, 61.4714, -20.7475,  0, 0, 0
L -49.5131, 63.7165, -20.7475,  -59.3504, 63.3903, -20.7475,  0, 0, 0
L -34.6304, 63.8806, -20.9912,  -33.8290, 65.3135, -25.6856,  0, 0, 0
L -51.2778, 63.7165, -20.7475,  -34.6304, 63.8806, -20.9912,  0, 0, 0
L -24.0135, 64.9047, -24.7494,  -34.0613, 65.3139, -25.6860,  0, 0, 0
L -22.6751, 64.9704, -24.7529,  -24.0135, 64.9047, -24.7494,  0, 0, 0
L -21.1427, 65.7917, -25.6870,  -22.6751, 64.9704, -24.7529,  0, 0, 0
L -15.8661, 65.9602, -25.6865,  -21.1427, 65.7917, -25.6870,  0, 0, 0
L -14.2654, 65.9644, -25.6891,  -15.8661, 65.9602, -25.6865,  0, 0, 0
L -12.6303, 65.0814, -24.8004,  -14.2654, 65.9644, -25.6891,  0, 0, 0
L -10.8026, 64.8726, -24.8613,  -12.6303, 65.0814, -24.8004,  0, 0, 0
L -8.6433, 64.9899, -24.7493,  -10.8026, 64.8726, -24.8613,  0, 0, 0
L -6.6657, 64.8613, -24.7500,  -8.6433, 64.9899, -24.7493,  0, 0, 0
L -4.9637, 65.4430, -25.6868,  -6.6657, 64.8613, -24.7500,  0, 0, 0
L -3.3296, 65.3762, -24.8710,  -4.9637, 65.4430, -25.6868,  0, 0, 0
L -1.5847, 64.8703, -24.7493,  -3.3296, 65.3762, -24.8710,  0, 0, 0
L 0.2981, 64.5077, -24.7493,  -1.5847, 64.8703, -24.7493,  0, 0, 0
L 2.0223, 65.5037, -25.6865,  0.2981, 64.5077, -24.7493,  0, 0, 0
L 7.0938, 64.8819, -24.7493,  2.0223, 65.5037, -25.6865,  0, 0, 0
L 9.3592, 65.3129, -25.4108,  7.0938, 64.8819, -24.7493,  0, 0, 0
L 11.0322, 64.8549, -24.7493,  9.3592, 65.3129, -25.4108,  0, 0, 0
L 12.7402, 65.8415, -25.6916,  11.0322, 64.8549, -24.7493,  0, 0, 0
L 17.8013, 65.9597, -25.6861,  12.7402, 65.8415, -25.6916,  0, 0, 0
L 19.3121, 65.9646, -25.6863,  17.8013, 65.9597, -25.6861,  0, 0, 0
L 21.0536, 65.3663, -24.7529,  19.3121, 65.9646, -25.6863,  0, 0, 0
L 31.4976, 65.3115, -25.6862,  21.0536, 65.3663, -24.7529,  0, 0, 0
L 33.2176, 65.3118, -21.7565,  31.4976, 65.3115, -25.6862,  0, 0, 0
L 34.4334, 63.8185, -20.7987,  33.2176, 65.3118, -21.7565,  0, 0, 0
L 51.2182, 63.7165, -20.7475,  34.4334, 63.8185, -20.7987,  0, 0, 0
L 37.2182, 47.5878, -19.2869,  34.8895, 47.5830, -19.2861,  0, 0, 0
L 39.1423, 47.5893, -19.2866,  37.2182, 47.5878, -19.2869,  0, 0, 0
L 40.9784, 47.7700, -19.3537,  39.1423, 47.5893, -19.2866,  0, 0, 0
L 42.5386, 47.1257, -19.0773,  40.9784, 47.7700, -19.3537,  0, 0, 0
L 42.7498, 43.9888, -18.2784,  42.5386, 47.1257, -19.0773,  0, 0, 0
L -29.8403, 40.7063, -17.3285,  -21.3693, 40.7150, -17.3310,  0, 0, 0
L -39.1309, 40.7149, -17.3309,  -29.8403, 40.7063, -17.3285,  0, 0, 0
L -41.1221, 40.6220, -17.2841,  -39.1309, 40.7149, -17.3309,  0, 0, 0
L -42.6572, 40.9730, -17.4904,  -41.1221, 40.6220, -17.2841,  0, 0, 0
L -43.0497, 44.1693, -18.5077,  -42.6572, 40.9730, -17.4904,  0, 0, 0
L -43.0416, 45.8760, -18.8958,  -43.0497, 44.1693, -18.5077,  0, 0, 0
L -42.2912, 47.5268, -19.2854,  -43.0416, 45.8760, -18.8958,  0, 0, 0
L 34.5460, 47.5913, -19.2886,  -42.2912, 47.5268, -19.2854,  0, 0, 0
L 36.3421, 47.5893, -19.3021,  34.5460, 47.5913, -19.2886,  0, 0, 0
L 43.0786, 43.4541, -17.8492,  42.6782, 46.8864, -19.0078,  0, 0, 0
L 43.2088, 41.9419, -17.6276,  43.0786, 43.4541, -17.8492,  0, 0, 0
L 41.9086, 40.7106, -17.3299,  43.2088, 41.9419, -17.6276,  0, 0, 0
L 4.3393, 40.7080, -17.3287,  41.9086, 40.7106, -17.3299,  0, 0, 0
L -25.6087, 40.7149, -17.3309,  4.3393, 40.7080, -17.3287,  0, 0, 0
P 0.4700, 62.5377, -23.8127,  0, 0, 240,  2,  West_Freeport
