P 1005.0000, 2140.0000, 0.0000,  255, 255, 255,  2,  Succor_Point
P -2321.0000, -1955.0000, 0.0000,  255, 255, 255,  2,  Twilight_Sea
P -463.0000, -276.0000, 0.0000,  255, 255, 255,  2,  Bandit_Camp
P 451.0000, -234.0000, 0.0000,  255, 255, 255,  2,  Tarmok_Huts
P 613.0000, 169.0000, 0.0000,  255, 255, 255,  2,  Tarmok_Huts
P 424.0000, -373.0000, 0.0000,  255, 255, 255,  2,  Tarmok_Huts
P 206.0000, -354.0000, 0.0000,  255, 255, 255,  2,  Bandit_Camp
P 238.0000, -456.0000, 0.0000,  255, 255, 255,  2,  Bandit_Camp
P 45.0000, -646.0000, 0.0000,  255, 255, 255,  2,  Mushroom_Huts
P -462.0000, -32.0000, 0.0000,  255, 255, 255,  2,  Bandit_Camp
P 550.0000, 1360.0000, 0.0000,  255, 255, 255,  2,  Outpost
