L -2507.0000, -142.0000, -533.0000,  -2507.0000, -134.0000, -53.0000,  153, 153, 153
L -2507.0000, -134.0000, -53.0000,  -2447.0000, -133.0000, -53.0000,  153, 153, 153
L -2447.0000, -133.0000, -53.0000,  -2447.0000, -3.0000, -53.0000,  153, 153, 153
L -2447.0000, -3.0000, -53.0000,  -2449.0000, -1.0000, -53.0000,  153, 153, 153
L -2449.0000, -1.0000, -53.0000,  -2448.0000, 6.0000, -53.0000,  153, 153, 153
L -2448.0000, 6.0000, -53.0000,  -2443.0000, 6.0000, -53.0000,  153, 153, 153
L -2443.0000, 6.0000, -53.0000,  -2443.0000, 20.0000, -53.0000,  153, 153, 153
L -2443.0000, 20.0000, -53.0000,  -2494.0000, 20.0000, -53.0000,  153, 153, 153
L -2494.0000, 20.0000, -53.0000,  -2493.0000, 30.0000, -53.0000,  153, 153, 153
L -2493.0000, 30.0000, -53.0000,  -2443.0000, 30.0000, -53.0000,  153, 153, 153
L -2443.0000, 30.0000, -53.0000,  -2443.0000, 175.0000, -53.0000,  153, 153, 153
L -2443.0000, 175.0000, -53.0000,  -2467.0000, 176.0000, -53.0000,  153, 153, 153
L -2467.0000, 176.0000, -53.0000,  -2466.0000, 185.0000, -53.0000,  153, 153, 153
L -2466.0000, 185.0000, -53.0000,  -2427.0000, 188.0000, -53.0000,  153, 153, 153
L -2427.0000, 188.0000, -53.0000,  -2426.0000, 192.0000, -53.0000,  153, 153, 153
L -2426.0000, 192.0000, -53.0000,  -2418.0000, 192.0000, -53.0000,  153, 153, 153
L -2418.0000, 192.0000, -53.0000,  -2417.0000, 180.0000, -53.0000,  153, 153, 153
L -2417.0000, 180.0000, -53.0000,  -2389.0000, 179.0000, -53.0000,  153, 153, 153
L -2389.0000, 179.0000, -53.0000,  -2390.0000, 106.0000, -53.0000,  153, 153, 153
L -2390.0000, 106.0000, -53.0000,  -2398.0000, 107.0000, -53.0000,  153, 153, 153
L -2398.0000, 107.0000, -53.0000,  -2399.0000, 170.0000, -49.0000,  153, 153, 153
L -2399.0000, 170.0000, -49.0000,  -2433.0000, 170.0000, -48.0000,  153, 153, 153
L -2433.0000, 170.0000, -48.0000,  -2433.0000, 32.0000, -48.0000,  153, 153, 153
L -2433.0000, 32.0000, -48.0000,  -2399.0000, 32.0000, -47.0000,  153, 153, 153
L -2399.0000, 32.0000, -47.0000,  -2396.0000, 96.0000, -53.0000,  153, 153, 153
L -2396.0000, 96.0000, -53.0000,  -2390.0000, 96.0000, -53.0000,  153, 153, 153
L -2390.0000, 96.0000, -53.0000,  -2389.0000, -133.0000, -53.0000,  153, 153, 153
L -2389.0000, -133.0000, -53.0000,  -2277.0000, -133.0000, -53.0000,  153, 153, 153
L -2277.0000, -133.0000, -53.0000,  -2276.0000, -121.0000, -53.0000,  153, 153, 153
L -2276.0000, -121.0000, -53.0000,  -2268.0000, -121.0000, -53.0000,  153, 153, 153
L -2268.0000, -121.0000, -53.0000,  -2267.0000, -142.0000, -53.0000,  153, 153, 153
L -2267.0000, -142.0000, -53.0000,  -2329.0000, -143.0000, -53.0000,  153, 153, 153
L -2329.0000, -143.0000, -53.0000,  -2329.0000, -165.0000, -53.0000,  153, 153, 153
L -2329.0000, -165.0000, -53.0000,  -2223.0000, -166.0000, -53.0000,  153, 153, 153
L -2223.0000, -166.0000, -53.0000,  -2224.0000, -175.0000, -53.0000,  153, 153, 153
L -2224.0000, -175.0000, -53.0000,  -2329.0000, -175.0000, -53.0000,  153, 153, 153
L -2329.0000, -175.0000, -53.0000,  -2329.0000, -186.0000, -53.0000,  153, 153, 153
L -2329.0000, -186.0000, -53.0000,  -2338.0000, -187.0000, -53.0000,  153, 153, 153
L -2338.0000, -187.0000, -53.0000,  -2339.0000, -175.0000, -53.0000,  153, 153, 153
L -2339.0000, -175.0000, -53.0000,  -2437.0000, -175.0000, -53.0000,  153, 153, 153
L -2437.0000, -175.0000, -53.0000,  -2437.0000, -209.0000, -53.0000,  153, 153, 153
L -2437.0000, -209.0000, -53.0000,  -2339.0000, -209.0000, -53.0000,  153, 153, 153
L -2339.0000, -209.0000, -533.0000,  -2339.0000, -199.0000, -53.0000,  153, 153, 153
L -2339.0000, -199.0000, -53.0000,  -2330.0000, -198.0000, -53.0000,  153, 153, 153
L -2330.0000, -198.0000, -53.0000,  -2329.0000, -209.0000, -53.0000,  153, 153, 153
L -2329.0000, -209.0000, -53.0000,  -2181.0000, -209.0000, -53.0000,  153, 153, 153
L -2181.0000, -209.0000, -53.0000,  -2179.0000, -175.0000, -53.0000,  153, 153, 153
L -2179.0000, -175.0000, -53.0000,  -2212.0000, -175.0000, -53.0000,  153, 153, 153
L -2212.0000, -175.0000, -53.0000,  -2212.0000, -165.0000, -53.0000,  153, 153, 153
L -2212.0000, -165.0000, -53.0000,  -2179.0000, -165.0000, -53.0000,  153, 153, 153
L -2179.0000, -165.0000, -53.0000,  -2179.0000, -143.0000, -53.0000,  153, 153, 153
L -2179.0000, -143.0000, -53.0000,  -2212.0000, -143.0000, -53.0000,  153, 153, 153
L -2212.0000, -143.0000, -53.0000,  -2213.0000, -134.0000, -53.0000,  153, 153, 153
L -2213.0000, -134.0000, -53.0000,  -2179.0000, -133.0000, -53.0000,  153, 153, 153
L -2179.0000, -133.0000, -53.0000,  -2178.0000, 136.0000, -53.0000,  153, 153, 153
L -2178.0000, 136.0000, -53.0000,  -2169.0000, 135.0000, -53.0000,  153, 153, 153
L -2169.0000, 135.0000, -53.0000,  -2169.0000, 34.0000, -53.0000,  153, 153, 153
L -2169.0000, 34.0000, -53.0000,  -2139.0000, 32.0000, -53.0000,  153, 153, 153
L -2139.0000, 32.0000, -53.0000,  -2139.0000, 25.0000, -53.0000,  153, 153, 153
L -2139.0000, 25.0000, -53.0000,  -2169.0000, 24.0000, -47.0000,  153, 153, 153
L -2169.0000, 24.0000, -47.0000,  -2168.0000, -207.0000, -53.0000,  153, 153, 153
L -2168.0000, -207.0000, -53.0000,  -2099.0000, -209.0000, -53.0000,  153, 153, 153
L -2099.0000, -209.0000, -53.0000,  -2099.0000, -176.0000, -53.0000,  153, 153, 153
L -2099.0000, -176.0000, -53.0000,  -2095.0000, -175.0000, -53.0000,  153, 153, 153
L -2095.0000, -175.0000, -53.0000,  -2093.0000, -169.0000, -53.0000,  153, 153, 153
L -2093.0000, -169.0000, -53.0000,  -2085.0000, -170.0000, -53.0000,  153, 153, 153
L -2085.0000, -170.0000, -53.0000,  -2085.0000, -177.0000, -53.0000,  153, 153, 153
L -2085.0000, -177.0000, -53.0000,  -2048.0000, -178.0000, -53.0000,  153, 153, 153
L -2048.0000, -178.0000, -53.0000,  -2047.0000, -193.0000, -53.0000,  153, 153, 153
L -2047.0000, -193.0000, -53.0000,  -1891.0000, -193.0000, -53.0000,  153, 153, 153
L -1891.0000, -193.0000, -53.0000,  -1890.0000, -47.0000, -53.0000,  153, 153, 153
L -1890.0000, -47.0000, -53.0000,  -1839.0000, -51.0000, -62.0000,  153, 153, 153
L -1839.0000, -51.0000, -62.0000,  -1839.0000, -193.0000, -62.0000,  153, 153, 153
L -1839.0000, -193.0000, -62.0000,  -1820.0000, -193.0000, -62.0000,  153, 153, 153
L -1820.0000, -193.0000, -62.0000,  -1817.0000, -222.0000, -62.0000,  153, 153, 153
L -1817.0000, -222.0000, -62.0000,  -1949.0000, -223.0000, -62.0000,  153, 153, 153
L -1949.0000, -223.0000, -62.0000,  -1949.0000, -333.0000, -62.0000,  153, 153, 153
L -1949.0000, -333.0000, -62.0000,  -1635.0000, -333.0000, -62.0000,  153, 153, 153
L -1635.0000, -333.0000, -62.0000,  -1635.0000, -223.0000, -62.0000,  153, 153, 153
L -1635.0000, -223.0000, -62.0000,  -1807.0000, -221.0000, -62.0000,  153, 153, 153
L -1807.0000, -221.0000, -62.0000,  -1804.0000, -193.0000, -62.0000,  153, 153, 153
L -1804.0000, -193.0000, -62.0000,  -1785.0000, -193.0000, -62.0000,  153, 153, 153
L -1785.0000, -193.0000, -62.0000,  -1785.0000, -114.0000, -62.0000,  153, 153, 153
L -1785.0000, -114.0000, -62.0000,  -1742.0000, -114.0000, -62.0000,  153, 153, 153
L -1742.0000, -114.0000, -62.0000,  -1742.0000, -123.0000, -62.0000,  153, 153, 153
L -1742.0000, -123.0000, -62.0000,  -1775.0000, -123.0000, -62.0000,  153, 153, 153
L -1775.0000, -123.0000, -62.0000,  -1775.0000, -202.0000, -62.0000,  153, 153, 153
L -1775.0000, -202.0000, -62.0000,  -1795.0000, -203.0000, -55.0000,  153, 153, 153
L -1795.0000, -203.0000, -55.0000,  -1795.0000, -213.0000, -55.0000,  153, 153, 153
L -1795.0000, -213.0000, -55.0000,  -1643.0000, -211.0000, -58.0000,  153, 153, 153
L -1643.0000, -211.0000, -58.0000,  -1643.0000, -63.0000, -62.0000,  153, 153, 153
L -1643.0000, -63.0000, -62.0000,  -1689.0000, -63.0000, -62.0000,  153, 153, 153
L -1689.0000, -63.0000, -62.0000,  -1691.0000, -123.0000, -62.0000,  153, 153, 153
L -1691.0000, -123.0000, -62.0000,  -1730.0000, -123.0000, -62.0000,  153, 153, 153
L -1730.0000, -123.0000, -62.0000,  -1730.0000, -114.0000, -62.0000,  153, 153, 153
L -1730.0000, -114.0000, -62.0000,  -1699.0000, -113.0000, -62.0000,  153, 153, 153
L -1699.0000, -113.0000, -62.0000,  -1698.0000, -53.0000, -62.0000,  153, 153, 153
L -1698.0000, -53.0000, -62.0000,  -1634.0000, -53.0000, -62.0000,  153, 153, 153
L -1634.0000, -53.0000, -62.0000,  -1633.0000, -193.0000, -62.0000,  153, 153, 153
L -1633.0000, -193.0000, -62.0000,  -1599.0000, -193.0000, -62.0000,  153, 153, 153
L -1599.0000, -193.0000, -62.0000,  -1589.0000, -213.0000, -62.0000,  153, 153, 153
L -1589.0000, -213.0000, -62.0000,  -1491.0000, -213.0000, -62.0000,  153, 153, 153
L -1491.0000, -213.0000, -623.0000,  -1490.0000, -93.0000, -62.0000,  153, 153, 153
L -1490.0000, -93.0000, -62.0000,  -1462.0000, -95.0000, -62.0000,  153, 153, 153
L -1462.0000, -95.0000, -62.0000,  -1460.0000, -234.0000, -62.0000,  153, 153, 153
L -1460.0000, -234.0000, -62.0000,  -1589.0000, -243.0000, -62.0000,  153, 153, 153
L -1589.0000, -243.0000, -62.0000,  -1589.0000, -317.0000, -62.0000,  153, 153, 153
L -1589.0000, -317.0000, -62.0000,  -1363.0000, -317.0000, -56.0000,  153, 153, 153
L -1363.0000, -317.0000, -56.0000,  -1363.0000, -243.0000, -62.0000,  153, 153, 153
L -1363.0000, -243.0000, -62.0000,  -1449.0000, -242.0000, -62.0000,  153, 153, 153
L -1449.0000, -242.0000, -62.0000,  -1446.0000, 48.0000, -62.0000,  153, 153, 153
L -1446.0000, 48.0000, -62.0000,  -1379.0000, 48.0000, -71.0000,  153, 153, 153
L -1379.0000, 48.0000, -71.0000,  -1369.0000, -45.0000, -72.0000,  153, 153, 153
L -1369.0000, -45.0000, -72.0000,  -1341.0000, -46.0000, -72.0000,  153, 153, 153
L -1341.0000, -46.0000, -72.0000,  -1343.0000, -89.0000, -78.0000,  153, 153, 153
L -1343.0000, -89.0000, -78.0000,  -1383.0000, -99.0000, -79.0000,  153, 153, 153
L -1383.0000, -99.0000, -79.0000,  -1383.0000, -233.0000, -79.0000,  153, 153, 153
L -1383.0000, -233.0000, -79.0000,  -1309.0000, -233.0000, -79.0000,  153, 153, 153
L -1309.0000, -233.0000, -79.0000,  -1309.0000, -99.0000, -79.0000,  153, 153, 153
L -1309.0000, -99.0000, -79.0000,  -1330.0000, -99.0000, -79.0000,  153, 153, 153
L -1330.0000, -99.0000, -79.0000,  -1331.0000, -48.0000, -72.0000,  153, 153, 153
L -1331.0000, -48.0000, -72.0000,  -1277.0000, -46.0000, -72.0000,  153, 153, 153
L -1277.0000, -46.0000, -72.0000,  -1279.0000, -141.0000, -79.0000,  153, 153, 153
L -1279.0000, -141.0000, -79.0000,  -1299.0000, -151.0000, -79.0000,  153, 153, 153
L -1299.0000, -151.0000, -79.0000,  -1299.0000, -237.0000, -79.0000,  153, 153, 153
L -1299.0000, -237.0000, -79.0000,  -1203.0000, -237.0000, -79.0000,  153, 153, 153
L -1203.0000, -237.0000, -79.0000,  -1201.0000, -189.0000, -79.0000,  153, 153, 153
L -1201.0000, -189.0000, -79.0000,  -1159.0000, -191.0000, -79.0000,  153, 153, 153
L -1159.0000, -191.0000, -79.0000,  -1159.0000, -7.0000, -79.0000,  153, 153, 153
L -1159.0000, -7.0000, -79.0000,  -1091.0000, 4.0000, -75.0000,  153, 153, 153
L -1091.0000, 4.0000, -75.0000,  -1091.0000, 59.0000, -79.0000,  153, 153, 153
L -1091.0000, 59.0000, -79.0000,  -1087.0000, 61.0000, -79.0000,  153, 153, 153
L -1087.0000, 61.0000, -79.0000,  -1086.0000, 66.0000, -79.0000,  153, 153, 153
L -1086.0000, 66.0000, -79.0000,  -1078.0000, 67.0000, -79.0000,  153, 153, 153
L -1078.0000, 67.0000, -79.0000,  -1077.0000, 50.0000, -79.0000,  153, 153, 153
L -1077.0000, 50.0000, -79.0000,  -911.0000, 50.0000, -79.0000,  153, 153, 153
L -911.0000, 50.0000, -79.0000,  -911.0000, 147.0000, -79.0000,  153, 153, 153
L -911.0000, 147.0000, -79.0000,  -851.0000, 150.0000, -79.0000,  153, 153, 153
L -851.0000, 150.0000, -79.0000,  -850.0000, 156.0000, -79.0000,  153, 153, 153
L -850.0000, 156.0000, -79.0000,  -841.0000, 157.0000, -79.0000,  153, 153, 153
L -841.0000, 157.0000, -79.0000,  -841.0000, 187.0000, -79.0000,  153, 153, 153
L -841.0000, 187.0000, -79.0000,  -850.0000, 187.0000, -79.0000,  153, 153, 153
L -850.0000, 187.0000, -79.0000,  -851.0000, 194.0000, -79.0000,  153, 153, 153
L -851.0000, 194.0000, -79.0000,  -955.0000, 194.0000, -79.0000,  153, 153, 153
L -955.0000, 194.0000, -793.0000,  -955.0000, 95.0000, -79.0000,  153, 153, 153
L -955.0000, 95.0000, -79.0000,  -1077.0000, 94.0000, -79.0000,  153, 153, 153
L -1077.0000, 94.0000, -79.0000,  -1077.0000, 78.0000, -79.0000,  153, 153, 153
L -1077.0000, 78.0000, -79.0000,  -1086.0000, 77.0000, -79.0000,  153, 153, 153
L -1086.0000, 77.0000, -79.0000,  -1087.0000, 83.0000, -79.0000,  153, 153, 153
L -1087.0000, 83.0000, -79.0000,  -1091.0000, 85.0000, -79.0000,  153, 153, 153
L -1091.0000, 85.0000, -79.0000,  -1090.0000, 137.0000, -80.0000,  153, 153, 153
L -1090.0000, 137.0000, -80.0000,  -1187.0000, 138.0000, -80.0000,  153, 153, 153
L -1187.0000, 138.0000, -80.0000,  -1185.0000, 204.0000, -80.0000,  153, 153, 153
L -1185.0000, 204.0000, -80.0000,  -1166.0000, 205.0000, -84.0000,  153, 153, 153
L -1166.0000, 205.0000, -84.0000,  -1158.0000, 149.0000, -84.0000,  153, 153, 153
L -1158.0000, 149.0000, -84.0000,  -1090.0000, 149.0000, -84.0000,  153, 153, 153
L -1090.0000, 149.0000, -84.0000,  -1090.0000, 285.0000, -84.0000,  153, 153, 153
L -1090.0000, 285.0000, -84.0000,  -1158.0000, 285.0000, -84.0000,  153, 153, 153
L -1158.0000, 285.0000, -84.0000,  -1159.0000, 220.0000, -84.0000,  153, 153, 153
L -1159.0000, 220.0000, -84.0000,  -1269.0000, 222.0000, -80.0000,  153, 153, 153
L -1269.0000, 222.0000, -80.0000,  -1270.0000, 241.0000, -80.0000,  153, 153, 153
L -1270.0000, 241.0000, -80.0000,  -1186.0000, 249.0000, -80.0000,  153, 153, 153
L -1186.0000, 249.0000, -80.0000,  -1186.0000, 305.0000, -80.0000,  153, 153, 153
L -1186.0000, 305.0000, -80.0000,  -1306.0000, 305.0000, -80.0000,  153, 153, 153
L -1306.0000, 305.0000, -80.0000,  -1308.0000, 283.0000, -80.0000,  153, 153, 153
L -1308.0000, 283.0000, -80.0000,  -1350.0000, 285.0000, -80.0000,  153, 153, 153
L -1350.0000, 285.0000, -80.0000,  -1350.0000, 165.0000, -73.0000,  153, 153, 153
L -1350.0000, 165.0000, -73.0000,  -1370.0000, 157.0000, -73.0000,  153, 153, 153
L -1370.0000, 157.0000, -73.0000,  -1372.0000, 61.0000, -73.0000,  153, 153, 153
L -1372.0000, 61.0000, -73.0000,  -1445.0000, 65.0000, -63.0000,  153, 153, 153
L -1445.0000, 65.0000, -63.0000,  -1446.0000, 381.0000, -63.0000,  153, 153, 153
L -1446.0000, 381.0000, -63.0000,  -1362.0000, 389.0000, -63.0000,  153, 153, 153
L -1362.0000, 389.0000, -63.0000,  -1362.0000, 509.0000, -63.0000,  153, 153, 153
L -1362.0000, 509.0000, -63.0000,  -1582.0000, 509.0000, -59.0000,  153, 153, 153
L -1582.0000, 509.0000, -59.0000,  -1582.0000, 389.0000, -63.0000,  153, 153, 153
L -1582.0000, 389.0000, -63.0000,  -1461.0000, 388.0000, -63.0000,  153, 153, 153
L -1461.0000, 388.0000, -63.0000,  -1463.0000, 254.0000, -63.0000,  153, 153, 153
L -1463.0000, 254.0000, -63.0000,  -1468.0000, 253.0000, -63.0000,  153, 153, 153
L -1468.0000, 253.0000, -63.0000,  -1470.0000, 333.0000, -63.0000,  153, 153, 153
L -1470.0000, 333.0000, -63.0000,  -1590.0000, 333.0000, -63.0000,  153, 153, 153
L -1590.0000, 333.0000, -63.0000,  -1592.0000, 319.0000, -63.0000,  153, 153, 153
L -1592.0000, 319.0000, -63.0000,  -1634.0000, 321.0000, -63.0000,  153, 153, 153
L -1634.0000, 321.0000, -63.0000,  -1635.0000, 20.0000, -63.0000,  153, 153, 153
L -1635.0000, 20.0000, -63.0000,  -1697.0000, 20.0000, -63.0000,  153, 153, 153
L -1697.0000, 20.0000, -63.0000,  -1698.0000, 79.0000, -63.0000,  153, 153, 153
L -1698.0000, 79.0000, -63.0000,  -1729.0000, 80.0000, -63.0000,  153, 153, 153
L -1729.0000, 80.0000, -63.0000,  -1729.0000, 86.0000, -63.0000,  153, 153, 153
L -1729.0000, 86.0000, -63.0000,  -1691.0000, 86.0000, -63.0000,  153, 153, 153
L -1691.0000, 86.0000, -63.0000,  -1690.0000, 27.0000, -63.0000,  153, 153, 153
L -1690.0000, 27.0000, -63.0000,  -1642.0000, 27.0000, -63.0000,  153, 153, 153
L -1642.0000, 27.0000, -63.0000,  -1642.0000, 185.0000, -63.0000,  153, 153, 153
L -1642.0000, 185.0000, -63.0000,  -1776.0000, 185.0000, -56.0000,  153, 153, 153
L -1776.0000, 185.0000, -56.0000,  -1776.0000, 87.0000, -63.0000,  153, 153, 153
L -1776.0000, 87.0000, -63.0000,  -1743.0000, 86.0000, -63.0000,  153, 153, 153
L -1743.0000, 86.0000, -63.0000,  -1744.0000, 79.0000, -63.0000,  153, 153, 153
L -1744.0000, 79.0000, -63.0000,  -1783.0000, 80.0000, -63.0000,  153, 153, 153
L -1783.0000, 80.0000, -63.0000,  -1784.0000, 159.0000, -63.0000,  153, 153, 153
L -1784.0000, 159.0000, -63.0000,  -1805.0000, 160.0000, -63.0000,  153, 153, 153
L -1805.0000, 160.0000, -63.0000,  -1803.0000, 226.0000, -69.0000,  153, 153, 153
L -1803.0000, 226.0000, -69.0000,  -1777.0000, 228.0000, -74.0000,  153, 153, 153
L -1777.0000, 228.0000, -74.0000,  -1776.0000, 193.0000, -74.0000,  153, 153, 153
L -1776.0000, 193.0000, -748.0000,  -1698.0000, 193.0000, -74.0000,  153, 153, 153
L -1698.0000, 193.0000, -74.0000,  -1698.0000, 301.0000, -74.0000,  153, 153, 153
L -1698.0000, 301.0000, -74.0000,  -1776.0000, 301.0000, -74.0000,  153, 153, 153
L -1776.0000, 301.0000, -74.0000,  -1778.0000, 241.0000, -74.0000,  153, 153, 153
L -1778.0000, 241.0000, -74.0000,  -1820.0000, 243.0000, -69.0000,  153, 153, 153
L -1820.0000, 243.0000, -69.0000,  -1820.0000, 167.0000, -64.0000,  153, 153, 153
L -1820.0000, 167.0000, -64.0000,  -1840.0000, 159.0000, -63.0000,  153, 153, 153
L -1840.0000, 159.0000, -63.0000,  -1840.0000, 3.0000, -63.0000,  153, 153, 153
L -1840.0000, 3.0000, -63.0000,  -1889.0000, 0.0000, -54.0000,  153, 153, 153
L -1889.0000, 0.0000, -54.0000,  -1890.0000, 157.0000, -54.0000,  153, 153, 153
L -1890.0000, 157.0000, -54.0000,  -2048.0000, 157.0000, -54.0000,  153, 153, 153
L -2048.0000, 157.0000, -54.0000,  -2049.0000, -149.0000, -54.0000,  153, 153, 153
L -2049.0000, -149.0000, -54.0000,  -2086.0000, -150.0000, -54.0000,  153, 153, 153
L -2086.0000, -150.0000, -54.0000,  -2088.0000, -158.0000, -54.0000,  153, 153, 153
L -2088.0000, -158.0000, -54.0000,  -2093.0000, -157.0000, -54.0000,  153, 153, 153
L -2093.0000, -157.0000, -54.0000,  -2094.0000, -152.0000, -54.0000,  153, 153, 153
L -2094.0000, -152.0000, -54.0000,  -2097.0000, -151.0000, -54.0000,  153, 153, 153
L -2097.0000, -151.0000, -54.0000,  -2098.0000, 25.0000, -54.0000,  153, 153, 153
L -2098.0000, 25.0000, -54.0000,  -2127.0000, 26.0000, -54.0000,  153, 153, 153
L -2127.0000, 26.0000, -54.0000,  -2127.0000, 32.0000, -54.0000,  153, 153, 153
L -2127.0000, 32.0000, -54.0000,  -2098.0000, 33.0000, -54.0000,  153, 153, 153
L -2098.0000, 33.0000, -54.0000,  -2098.0000, 193.0000, -54.0000,  153, 153, 153
L -2098.0000, 193.0000, -54.0000,  -2170.0000, 193.0000, -54.0000,  153, 153, 153
L -2170.0000, 193.0000, -54.0000,  -2171.0000, 148.0000, -54.0000,  153, 153, 153
L -2171.0000, 148.0000, -54.0000,  -2177.0000, 148.0000, -54.0000,  153, 153, 153
L -2177.0000, 148.0000, -54.0000,  -2178.0000, 193.0000, -54.0000,  153, 153, 153
L -2178.0000, 193.0000, -54.0000,  -2246.0000, 193.0000, -54.0000,  153, 153, 153
L -2246.0000, 193.0000, -54.0000,  -2246.0000, -134.0000, -54.0000,  153, 153, 153
L -2246.0000, -134.0000, -54.0000,  -2225.0000, -135.0000, -54.0000,  153, 153, 153
L -2225.0000, -135.0000, -54.0000,  -2225.0000, -142.0000, -54.0000,  153, 153, 153
L -2225.0000, -142.0000, -54.0000,  -2254.0000, -140.0000, -54.0000,  153, 153, 153
L -2254.0000, -140.0000, -54.0000,  -2253.0000, 536.0000, -54.0000,  153, 153, 153
L -2253.0000, 536.0000, -54.0000,  -2225.0000, 536.0000, -54.0000,  153, 153, 153
L -2225.0000, 536.0000, -54.0000,  -2225.0000, 530.0000, -54.0000,  153, 153, 153
L -2225.0000, 530.0000, -54.0000,  -2246.0000, 529.0000, -54.0000,  153, 153, 153
L -2246.0000, 529.0000, -54.0000,  -2246.0000, 201.0000, -54.0000,  153, 153, 153
L -2246.0000, 201.0000, -54.0000,  -2178.0000, 201.0000, -44.0000,  153, 153, 153
L -2178.0000, 201.0000, -44.0000,  -2177.0000, 246.0000, -54.0000,  153, 153, 153
L -2177.0000, 246.0000, -54.0000,  -2170.0000, 245.0000, -54.0000,  153, 153, 153
L -2170.0000, 245.0000, -54.0000,  -2170.0000, 201.0000, -54.0000,  153, 153, 153
L -2170.0000, 201.0000, -54.0000,  -2098.0000, 201.0000, -54.0000,  153, 153, 153
L -2098.0000, 201.0000, -54.0000,  -2098.0000, 361.0000, -54.0000,  153, 153, 153
L -2098.0000, 361.0000, -54.0000,  -2127.0000, 362.0000, -54.0000,  153, 153, 153
L -2127.0000, 362.0000, -54.0000,  -2127.0000, 368.0000, -54.0000,  153, 153, 153
L -2127.0000, 368.0000, -54.0000,  -2098.0000, 369.0000, -54.0000,  153, 153, 153
L -2098.0000, 369.0000, -54.0000,  -2098.0000, 545.0000, -54.0000,  153, 153, 153
L -2098.0000, 545.0000, -54.0000,  -2094.0000, 547.0000, -54.0000,  153, 153, 153
L -2094.0000, 547.0000, -54.0000,  -2093.0000, 552.0000, -54.0000,  153, 153, 153
L -2093.0000, 552.0000, -54.0000,  -2086.0000, 551.0000, -54.0000,  153, 153, 153
L -2086.0000, 551.0000, -54.0000,  -2086.0000, 545.0000, -54.0000,  153, 153, 153
L -2086.0000, 545.0000, -54.0000,  -2047.0000, 544.0000, -54.0000,  153, 153, 153
L -2047.0000, 544.0000, -54.0000,  -2046.0000, 433.0000, -54.0000,  153, 153, 153
L -2046.0000, 433.0000, -54.0000,  -1970.0000, 433.0000, -54.0000,  153, 153, 153
L -1970.0000, 433.0000, -54.0000,  -1969.0000, 448.0000, -54.0000,  153, 153, 153
L -1969.0000, 448.0000, -54.0000,  -1902.0000, 447.0000, -63.0000,  153, 153, 153
L -1902.0000, 447.0000, -63.0000,  -1902.0000, 483.0000, -63.0000,  153, 153, 153
L -1902.0000, 483.0000, -63.0000,  -1874.0000, 491.0000, -63.0000,  153, 153, 153
L -1874.0000, 491.0000, -63.0000,  -1873.0000, 640.0000, -63.0000,  153, 153, 153
L -1873.0000, 640.0000, -63.0000,  -1823.0000, 640.0000, -71.0000,  153, 153, 153
L -1823.0000, 640.0000, -71.0000,  -1822.0000, 589.0000, -71.0000,  153, 153, 153
L -1822.0000, 589.0000, -71.0000,  -1762.0000, 589.0000, -71.0000,  153, 153, 153
L -1762.0000, 589.0000, -71.0000,  -1762.0000, 669.0000, -71.0000,  153, 153, 153
L -1762.0000, 669.0000, -71.0000,  -1822.0000, 669.0000, -71.0000,  153, 153, 153
L -1822.0000, 669.0000, -71.0000,  -1822.0000, 655.0000, -71.0000,  153, 153, 153
L -1822.0000, 655.0000, -71.0000,  -1873.0000, 654.0000, -63.0000,  153, 153, 153
L -1873.0000, 654.0000, -63.0000,  -1874.0000, 669.0000, -63.0000,  153, 153, 153
L -1874.0000, 669.0000, -63.0000,  -1934.0000, 669.0000, -63.0000,  153, 153, 153
L -1934.0000, 669.0000, -63.0000,  -1934.0000, 491.0000, -63.0000,  153, 153, 153
L -1934.0000, 491.0000, -63.0000,  -1916.0000, 490.0000, -63.0000,  153, 153, 153
L -1916.0000, 490.0000, -63.0000,  -1919.0000, 464.0000, -63.0000,  153, 153, 153
L -1919.0000, 464.0000, -63.0000,  -1969.0000, 462.0000, -54.0000,  153, 153, 153
L -1969.0000, 462.0000, -54.0000,  -1970.0000, 605.0000, -54.0000,  153, 153, 153
L -1970.0000, 605.0000, -54.0000,  -2046.0000, 605.0000, -54.0000,  153, 153, 153
L -2046.0000, 605.0000, -54.0000,  -2047.0000, 574.0000, -54.0000,  153, 153, 153
L -2047.0000, 574.0000, -54.0000,  -2086.0000, 573.0000, -54.0000,  153, 153, 153
L -2086.0000, 573.0000, -54.0000,  -2086.0000, 566.0000, -54.0000,  153, 153, 153
L -2086.0000, 566.0000, -54.0000,  -2093.0000, 566.0000, -54.0000,  153, 153, 153
L -2093.0000, 566.0000, -54.0000,  -2098.0000, 605.0000, -54.0000,  153, 153, 153
L -2098.0000, 605.0000, -54.0000,  -2170.0000, 605.0000, -54.0000,  153, 153, 153
L -2170.0000, 605.0000, -54.0000,  -2170.0000, 369.0000, -54.0000,  153, 153, 153
L -2170.0000, 369.0000, -54.0000,  -2140.0000, 366.0000, -54.0000,  153, 153, 153
L -2140.0000, 366.0000, -54.0000,  -2140.0000, 361.0000, -54.0000,  153, 153, 153
L -2140.0000, 361.0000, -54.0000,  -2170.0000, 361.0000, -54.0000,  153, 153, 153
L -2170.0000, 361.0000, -54.0000,  -2171.0000, 260.0000, -54.0000,  153, 153, 153
L -2171.0000, 260.0000, -54.0000,  -2176.0000, 259.0000, -54.0000,  153, 153, 153
L -2176.0000, 259.0000, -54.0000,  -2178.0000, 529.0000, -54.0000,  153, 153, 153
L -2178.0000, 529.0000, -54.0000,  -2211.0000, 530.0000, -54.0000,  153, 153, 153
L -2211.0000, 530.0000, -54.0000,  -2211.0000, 536.0000, -54.0000,  153, 153, 153
L -2211.0000, 536.0000, -54.0000,  -2178.0000, 537.0000, -54.0000,  153, 153, 153
L -2178.0000, 537.0000, -54.0000,  -2178.0000, 561.0000, -54.0000,  153, 153, 153
L -2178.0000, 561.0000, -54.0000,  -2211.0000, 562.0000, -54.0000,  153, 153, 153
L -2211.0000, 562.0000, -54.0000,  -2211.0000, 568.0000, -54.0000,  153, 153, 153
L -2211.0000, 568.0000, -54.0000,  -2178.0000, 569.0000, -54.0000,  153, 153, 153
L -2178.0000, 569.0000, -54.0000,  -2178.0000, 605.0000, -54.0000,  153, 153, 153
L -2178.0000, 605.0000, -54.0000,  -2330.0000, 605.0000, -54.0000,  153, 153, 153
L -2330.0000, 605.0000, -54.0000,  -2331.0000, 594.0000, -54.0000,  153, 153, 153
L -2331.0000, 594.0000, -54.0000,  -2338.0000, 593.0000, -54.0000,  153, 153, 153
L -2338.0000, 593.0000, -54.0000,  -2338.0000, 605.0000, -54.0000,  153, 153, 153
L -2338.0000, 605.0000, -54.0000,  -2449.0000, 615.0000, -54.0000,  153, 153, 153
L -2449.0000, 615.0000, -54.0000,  -2438.0000, 569.0000, -54.0000,  153, 153, 153
L -2438.0000, 569.0000, -54.0000,  -2338.0000, 569.0000, -54.0000,  153, 153, 153
L -2338.0000, 569.0000, -54.0000,  -2336.0000, 581.0000, -54.0000,  153, 153, 153
L -2336.0000, 581.0000, -54.0000,  -2331.0000, 580.0000, -54.0000,  153, 153, 153
L -2331.0000, 580.0000, -54.0000,  -2330.0000, 569.0000, -54.0000,  153, 153, 153
L -2330.0000, 569.0000, -54.0000,  -2225.0000, 568.0000, -54.0000,  153, 153, 153
L -2225.0000, 568.0000, -54.0000,  -2225.0000, 561.0000, -54.0000,  153, 153, 153
L -2225.0000, 561.0000, -54.0000,  -2330.0000, 561.0000, -54.0000,  153, 153, 153
L -2330.0000, 561.0000, -54.0000,  -2330.0000, 537.0000, -54.0000,  153, 153, 153
L -2330.0000, 537.0000, -54.0000,  -2269.0000, 536.0000, -54.0000,  153, 153, 153
L -2269.0000, 536.0000, -54.0000,  -2269.0000, 518.0000, -54.0000,  153, 153, 153
L -2269.0000, 518.0000, -54.0000,  -2276.0000, 518.0000, -54.0000,  153, 153, 153
L -2276.0000, 518.0000, -54.0000,  -2276.0000, 529.0000, -54.0000,  153, 153, 153
L -2276.0000, 529.0000, -54.0000,  -2390.0000, 529.0000, -54.0000,  153, 153, 153
L -2390.0000, 529.0000, -54.0000,  -2391.0000, 300.0000, -54.0000,  153, 153, 153
L -2391.0000, 300.0000, -54.0000,  -2398.0000, 301.0000, -54.0000,  153, 153, 153
L -2398.0000, 301.0000, -54.0000,  -2398.0000, 363.0000, -54.0000,  153, 153, 153
L -2398.0000, 363.0000, -54.0000,  -2433.0000, 363.0000, -54.0000,  153, 153, 153
L -2433.0000, 363.0000, -54.0000,  -2434.0000, 223.0000, -54.0000,  153, 153, 153
L -2434.0000, 223.0000, -54.0000,  -2398.0000, 223.0000, -54.0000,  153, 153, 153
L -2398.0000, 223.0000, -54.0000,  -2397.0000, 287.0000, -54.0000,  153, 153, 153
L -2397.0000, 287.0000, -54.0000,  -2391.0000, 287.0000, -54.0000,  153, 153, 153
L -2391.0000, 287.0000, -54.0000,  -2391.0000, 216.0000, -54.0000,  153, 153, 153
L -2391.0000, 216.0000, -54.0000,  -2418.0000, 215.0000, -54.0000,  153, 153, 153
L -2418.0000, 215.0000, -54.0000,  -2418.0000, 205.0000, -54.0000,  153, 153, 153
L -2418.0000, 205.0000, -54.0000,  -2425.0000, 204.0000, -54.0000,  153, 153, 153
L -2425.0000, 204.0000, -54.0000,  -2426.0000, 208.0000, -54.0000,  153, 153, 153
L -2426.0000, 208.0000, -54.0000,  -2464.0000, 211.0000, -54.0000,  153, 153, 153
L -2464.0000, 211.0000, -54.0000,  -2466.0000, 216.0000, -54.0000,  153, 153, 153
L -2466.0000, 216.0000, -54.0000,  -2442.0000, 217.0000, -54.0000,  153, 153, 153
L -2442.0000, 217.0000, -54.0000,  -2442.0000, 365.0000, -54.0000,  153, 153, 153
L -2442.0000, 365.0000, -54.0000,  -2493.0000, 366.0000, -54.0000,  153, 153, 153
L -2493.0000, 366.0000, -54.0000,  -2493.0000, 372.0000, -54.0000,  153, 153, 153
L -2493.0000, 372.0000, -54.0000,  -2442.0000, 373.0000, -54.0000,  153, 153, 153
L -2442.0000, 373.0000, -54.0000,  -2442.0000, 389.0000, -54.0000,  153, 153, 153
L -2442.0000, 389.0000, -54.0000,  -2447.0000, 390.0000, -54.0000,  153, 153, 153
L -2447.0000, 390.0000, -54.0000,  -2446.0000, 529.0000, -54.0000,  153, 153, 153
L -2446.0000, 529.0000, -54.0000,  -2505.0000, 530.0000, -54.0000,  153, 153, 153
L -2505.0000, 530.0000, -54.0000,  -2505.0000, 536.0000, -54.0000,  153, 153, 153
L -2505.0000, 536.0000, -54.0000,  -2446.0000, 537.0000, -54.0000,  153, 153, 153
L -2446.0000, 537.0000, -54.0000,  -2445.0000, 546.0000, -54.0000,  153, 153, 153
L -2445.0000, 546.0000, -54.0000,  -2438.0000, 545.0000, -54.0000,  153, 153, 153
L -2438.0000, 545.0000, -54.0000,  -2438.0000, 537.0000, -54.0000,  153, 153, 153
L -2438.0000, 537.0000, -54.0000,  -2417.0000, 536.0000, -54.0000,  153, 153, 153
L -2417.0000, 536.0000, -54.0000,  -2417.0000, 530.0000, -54.0000,  153, 153, 153
L -2417.0000, 530.0000, -54.0000,  -2438.0000, 530.0000, -54.0000,  153, 153, 153
L -2438.0000, 530.0000, -54.0000,  -2438.0000, 397.0000, -54.0000,  153, 153, 153
L -2438.0000, 397.0000, -54.0000,  -2402.0000, 397.0000, -54.0000,  153, 153, 153
L -2402.0000, 397.0000, -54.0000,  -2402.0000, 529.0000, -54.0000,  153, 153, 153
L -2402.0000, 529.0000, -54.0000,  -2338.0000, 537.0000, -54.0000,  153, 153, 153
L -2338.0000, 537.0000, -54.0000,  -2338.0000, 561.0000, -54.0000,  153, 153, 153
L -2338.0000, 561.0000, -54.0000,  -2438.0000, 561.0000, -54.0000,  153, 153, 153
L -2438.0000, 561.0000, -54.0000,  -2446.0000, 605.0000, -54.0000,  153, 153, 153
L -2446.0000, 605.0000, -54.0000,  -2558.0000, 605.0000, -54.0000,  153, 153, 153
L -2558.0000, 605.0000, -548.0000,  -2558.0000, 537.0000, -54.0000,  153, 153, 153
L -2558.0000, 537.0000, -54.0000,  -2519.0000, 536.0000, -54.0000,  153, 153, 153
L -2519.0000, 536.0000, -54.0000,  -2519.0000, 530.0000, -54.0000,  153, 153, 153
L -2519.0000, 530.0000, -54.0000,  -2558.0000, 529.0000, -54.0000,  153, 153, 153
L -2558.0000, 529.0000, -54.0000,  -2558.0000, 513.0000, -54.0000,  153, 153, 153
L -2558.0000, 513.0000, -54.0000,  -2519.0000, 512.0000, -54.0000,  153, 153, 153
L -2519.0000, 512.0000, -54.0000,  -2519.0000, 505.0000, -54.0000,  153, 153, 153
L -2519.0000, 505.0000, -54.0000,  -2558.0000, 505.0000, -54.0000,  153, 153, 153
L -2558.0000, 505.0000, -54.0000,  -2558.0000, 397.0000, -54.0000,  153, 153, 153
L -2558.0000, 397.0000, -54.0000,  -2470.0000, 397.0000, -54.0000,  153, 153, 153
L -2470.0000, 397.0000, -54.0000,  -2470.0000, 505.0000, -54.0000,  153, 153, 153
L -2470.0000, 505.0000, -54.0000,  -2506.0000, 508.0000, -54.0000,  153, 153, 153
L -2506.0000, 508.0000, -54.0000,  -2504.0000, 513.0000, -54.0000,  153, 153, 153
L -2504.0000, 513.0000, -54.0000,  -2462.0000, 512.0000, -54.0000,  153, 153, 153
L -2462.0000, 512.0000, -54.0000,  -2462.0000, 397.0000, -54.0000,  153, 153, 153
L -2462.0000, 397.0000, -54.0000,  -2558.0000, 389.0000, -54.0000,  153, 153, 153
L -2558.0000, 389.0000, -54.0000,  -2558.0000, 373.0000, -54.0000,  153, 153, 153
L -2558.0000, 373.0000, -54.0000,  -2506.0000, 372.0000, -54.0000,  153, 153, 153
L -2506.0000, 372.0000, -54.0000,  -2507.0000, 366.0000, -54.0000,  153, 153, 153
L -2507.0000, 366.0000, -54.0000,  -2558.0000, 365.0000, -54.0000,  153, 153, 153
L -2558.0000, 365.0000, -54.0000,  -2559.0000, 211.0000, -54.0000,  153, 153, 153
L -2559.0000, 211.0000, -54.0000,  -2609.0000, 216.0000, -54.0000,  153, 153, 153
L -2609.0000, 216.0000, -54.0000,  -2610.0000, 297.0000, -54.0000,  153, 153, 153
L -2610.0000, 297.0000, -54.0000,  -2646.0000, 297.0000, -54.0000,  153, 153, 153
L -2646.0000, 297.0000, -54.0000,  -2654.0000, 365.0000, -54.0000,  153, 153, 153
L -2654.0000, 365.0000, -54.0000,  -2676.0000, 367.0000, -54.0000,  153, 153, 153
L -2676.0000, 367.0000, -54.0000,  -2675.0000, 372.0000, -54.0000,  153, 153, 153
L -2675.0000, 372.0000, -54.0000,  -2654.0000, 373.0000, -54.0000,  153, 153, 153
L -2654.0000, 373.0000, -54.0000,  -2654.0000, 573.0000, -54.0000,  153, 153, 153
L -2654.0000, 573.0000, -54.0000,  -2702.0000, 573.0000, -54.0000,  153, 153, 153
L -2702.0000, 573.0000, -54.0000,  -2703.0000, 396.0000, -54.0000,  153, 153, 153
L -2703.0000, 396.0000, -54.0000,  -2709.0000, 396.0000, -54.0000,  153, 153, 153
L -2709.0000, 396.0000, -54.0000,  -2710.0000, 573.0000, -54.0000,  153, 153, 153
L -2710.0000, 573.0000, -54.0000,  -2758.0000, 573.0000, -54.0000,  153, 153, 153
L -2758.0000, 573.0000, -54.0000,  -2759.0000, 558.0000, -54.0000,  153, 153, 153
L -2759.0000, 558.0000, -54.0000,  -2793.0000, 558.0000, -54.0000,  153, 153, 153
L -2793.0000, 558.0000, -54.0000,  -2794.0000, 573.0000, -54.0000,  153, 153, 153
L -2794.0000, 573.0000, -54.0000,  -2840.0000, 573.0000, -54.0000,  153, 153, 153
L -2840.0000, 573.0000, -54.0000,  -2840.0000, 469.0000, -54.0000,  153, 153, 153
L -2840.0000, 469.0000, -54.0000,  -2823.0000, 468.0000, -54.0000,  153, 153, 153
L -2823.0000, 468.0000, -54.0000,  -2823.0000, 462.0000, -54.0000,  153, 153, 153
L -2823.0000, 462.0000, -54.0000,  -2865.0000, 463.0000, -54.0000,  153, 153, 153
L -2865.0000, 463.0000, -54.0000,  -2865.0000, 468.0000, -54.0000,  153, 153, 153
L -2865.0000, 468.0000, -54.0000,  -2848.0000, 469.0000, -54.0000,  153, 153, 153
L -2848.0000, 469.0000, -54.0000,  -2848.0000, 573.0000, -54.0000,  153, 153, 153
L -2848.0000, 573.0000, -54.0000,  -2894.0000, 573.0000, -54.0000,  153, 153, 153
L -2894.0000, 573.0000, -54.0000,  -2894.0000, 469.0000, -54.0000,  153, 153, 153
L -2894.0000, 469.0000, -54.0000,  -2878.0000, 467.0000, -54.0000,  153, 153, 153
L -2878.0000, 467.0000, -54.0000,  -2878.0000, 462.0000, -54.0000,  153, 153, 153
L -2878.0000, 462.0000, -54.0000,  -2894.0000, 461.0000, -54.0000,  153, 153, 153
L -2894.0000, 461.0000, -54.0000,  -2894.0000, 373.0000, -54.0000,  153, 153, 153
L -2894.0000, 373.0000, -54.0000,  -2852.0000, 372.0000, -54.0000,  153, 153, 153
L -2852.0000, 372.0000, -54.0000,  -2853.0000, 365.0000, -54.0000,  153, 153, 153
L -2853.0000, 365.0000, -54.0000,  -2894.0000, 365.0000, -54.0000,  153, 153, 153
L -2894.0000, 365.0000, -54.0000,  -2894.0000, 117.0000, -54.0000,  153, 153, 153
L -2894.0000, 117.0000, -54.0000,  -2794.0000, 117.0000, -54.0000,  153, 153, 153
L -2794.0000, 117.0000, -54.0000,  -2793.0000, 226.0000, -54.0000,  153, 153, 153
L -2793.0000, 226.0000, -54.0000,  -2785.0000, 225.0000, -54.0000,  153, 153, 153
L -2785.0000, 225.0000, -54.0000,  -2787.0000, -65.0000, -54.0000,  153, 153, 153
L -2787.0000, -65.0000, -54.0000,  -2812.0000, -64.0000, -54.0000,  153, 153, 153
L -2812.0000, -64.0000, -54.0000,  -2810.0000, -58.0000, -54.0000,  153, 153, 153
L -2810.0000, -58.0000, -54.0000,  -2794.0000, -58.0000, -54.0000,  153, 153, 153
L -2794.0000, -58.0000, -54.0000,  -2794.0000, 109.0000, -54.0000,  153, 153, 153
L -2794.0000, 109.0000, -54.0000,  -2846.0000, 109.0000, -54.0000,  153, 153, 153
L -2846.0000, 109.0000, -54.0000,  -2846.0000, -58.0000, -54.0000,  153, 153, 153
L -2846.0000, -58.0000, -54.0000,  -2824.0000, -60.0000, -54.0000,  153, 153, 153
L -2824.0000, -60.0000, -54.0000,  -2825.0000, -66.0000, -54.0000,  153, 153, 153
L -2825.0000, -66.0000, -54.0000,  -2853.0000, -67.0000, -54.0000,  153, 153, 153
L -2853.0000, -67.0000, -54.0000,  -2854.0000, 109.0000, -54.0000,  153, 153, 153
L -2854.0000, 109.0000, -54.0000,  -2958.0000, 110.0000, -46.0000,  153, 153, 153
L -2958.0000, 110.0000, -46.0000,  -2958.0000, 341.0000, -46.0000,  153, 153, 153
L -2958.0000, 341.0000, -46.0000,  -3026.0000, 341.0000, -46.0000,  153, 153, 153
L -3026.0000, 341.0000, -46.0000,  -3028.0000, 339.0000, -46.0000,  153, 153, 153
L -3028.0000, 339.0000, -46.0000,  -3032.0000, 339.0000, -46.0000,  153, 153, 153
L -3032.0000, 339.0000, -46.0000,  -3034.0000, 349.0000, -46.0000,  153, 153, 153
L -3034.0000, 349.0000, -46.0000,  -3088.0000, 349.0000, -46.0000,  153, 153, 153
L -3088.0000, 349.0000, -46.0000,  -3090.0000, 339.0000, -46.0000,  153, 153, 153
L -3090.0000, 339.0000, -46.0000,  -3141.0000, 340.0000, -46.0000,  153, 153, 153
L -3141.0000, 340.0000, -46.0000,  -3142.0000, 397.0000, -46.0000,  153, 153, 153
L -3142.0000, 397.0000, -46.0000,  -3246.0000, 397.0000, -46.0000,  153, 153, 153
L -3246.0000, 397.0000, -46.0000,  -3246.0000, 247.0000, -46.0000,  153, 153, 153
L -3246.0000, 247.0000, -46.0000,  -3142.0000, 247.0000, -46.0000,  153, 153, 153
L -3142.0000, 247.0000, -46.0000,  -3139.0000, 327.0000, -46.0000,  153, 153, 153
L -3139.0000, 327.0000, -46.0000,  -3088.0000, 325.0000, -46.0000,  153, 153, 153
L -3088.0000, 325.0000, -46.0000,  -3089.0000, 254.0000, -46.0000,  153, 153, 153
L -3089.0000, 254.0000, -46.0000,  -3124.0000, 253.0000, -46.0000,  153, 153, 153
L -3124.0000, 253.0000, -46.0000,  -3125.0000, 182.0000, -46.0000,  153, 153, 153
L -3125.0000, 182.0000, -46.0000,  -3142.0000, 181.0000, -46.0000,  153, 153, 153
L -3142.0000, 181.0000, -46.0000,  -3143.0000, 174.0000, -46.0000,  153, 153, 153
L -3143.0000, 174.0000, -46.0000,  -3191.0000, 173.0000, -33.0000,  153, 153, 153
L -3191.0000, 173.0000, -33.0000,  -3192.0000, 237.0000, -33.0000,  153, 153, 153
L -3192.0000, 237.0000, -33.0000,  -3302.0000, 237.0000, -33.0000,  153, 153, 153
L -3302.0000, 237.0000, -33.0000,  -3302.0000, 105.0000, -33.0000,  153, 153, 153
L -3302.0000, 105.0000, -33.0000,  -3192.0000, 105.0000, -33.0000,  153, 153, 153
L -3192.0000, 105.0000, -33.0000,  -3192.0000, 159.0000, -33.0000,  153, 153, 153
L -3192.0000, 159.0000, -33.0000,  -3143.0000, 160.0000, -46.0000,  153, 153, 153
L -3143.0000, 160.0000, -46.0000,  -3142.0000, 61.0000, -46.0000,  153, 153, 153
L -3142.0000, 61.0000, -46.0000,  -3101.0000, 60.0000, -46.0000,  153, 153, 153
L -3101.0000, 60.0000, -46.0000,  -3100.0000, -16.0000, -46.0000,  153, 153, 153
L -3100.0000, -16.0000, -46.0000,  -3122.0000, -18.0000, -46.0000,  153, 153, 153
L -3122.0000, -18.0000, -46.0000,  -3123.0000, -31.0000, -46.0000,  153, 153, 153
L -3123.0000, -31.0000, -46.0000,  -3192.0000, -32.0000, -24.0000,  153, 153, 153
L -3192.0000, -32.0000, -24.0000,  -3194.0000, -18.0000, -24.0000,  153, 153, 153
L -3194.0000, -18.0000, -24.0000,  -3238.0000, -18.0000, -24.0000,  153, 153, 153
L -3238.0000, -18.0000, -24.0000,  -3239.0000, -32.0000, -24.0000,  153, 153, 153
L -3239.0000, -32.0000, -24.0000,  -3247.0000, -28.0000, -24.0000,  153, 153, 153
L -3247.0000, -28.0000, -24.0000,  -3246.0000, 93.0000, -24.0000,  153, 153, 153
L -3246.0000, 93.0000, -24.0000,  -3354.0000, 93.0000, -24.0000,  153, 153, 153
L -3354.0000, 93.0000, -24.0000,  -3354.0000, 71.0000, -24.0000,  153, 153, 153
L -3354.0000, 71.0000, -24.0000,  -3361.0000, 64.0000, -6.0000,  153, 153, 153
L -3361.0000, 64.0000, -6.0000,  -3362.0000, 109.0000, -1.0000,  153, 153, 153
L -3362.0000, 109.0000, -1.0000,  -3391.0000, 110.0000, -6.0000,  153, 153, 153
L -3391.0000, 110.0000, -6.0000,  -3391.0000, 192.0000, -6.0000,  153, 153, 153
L -3391.0000, 192.0000, -6.0000,  -3378.0000, 193.0000, -6.0000,  153, 153, 153
L -3378.0000, 193.0000, -6.0000,  -3378.0000, 269.0000, -6.0000,  153, 153, 153
L -3378.0000, 269.0000, -68.0000,  -3518.0000, 269.0000, -6.0000,  153, 153, 153
L -3518.0000, 269.0000, -6.0000,  -3518.0000, 193.0000, -6.0000,  153, 153, 153
L -3518.0000, 193.0000, -6.0000,  -3491.0000, 192.0000, -6.0000,  153, 153, 153
L -3491.0000, 192.0000, -6.0000,  -3491.0000, 110.0000, -6.0000,  153, 153, 153
L -3491.0000, 110.0000, -6.0000,  -3494.0000, 109.0000, -6.0000,  153, 153, 153
L -3494.0000, 109.0000, -6.0000,  -3494.0000, 41.0000, -6.0000,  153, 153, 153
L -3494.0000, 41.0000, -6.0000,  -3467.0000, 40.0000, -6.0000,  153, 153, 153
L -3467.0000, 40.0000, -6.0000,  -3467.0000, 5.0000, -4.0000,  153, 153, 153
L -3467.0000, 5.0000, -4.0000,  -3501.0000, 6.0000, -4.0000,  153, 153, 153
L -3501.0000, 6.0000, -4.0000,  -3502.0000, 21.0000, -4.0000,  153, 153, 153
L -3502.0000, 21.0000, -4.0000,  -3546.0000, 21.0000, -4.0000,  153, 153, 153
L -3546.0000, 21.0000, -4.0000,  -3547.0000, 6.0000, -4.0000,  153, 153, 153
L -3547.0000, 6.0000, -4.0000,  -3676.0000, 5.0000, -4.0000,  153, 153, 153
L -3676.0000, 5.0000, -4.0000,  -3676.0000, -6.0000, -4.0000,  153, 153, 153
L -3676.0000, -6.0000, -4.0000,  -3534.0000, -6.0000, -4.0000,  153, 153, 153
L -3534.0000, -6.0000, -4.0000,  -3530.0000, 9.0000, -4.0000,  153, 153, 153
L -3530.0000, 9.0000, -4.0000,  -3515.0000, 8.0000, -4.0000,  153, 153, 153
L -3515.0000, 8.0000, -4.0000,  -3514.0000, -6.0000, -4.0000,  153, 153, 153
L -3514.0000, -6.0000, -4.0000,  -3454.0000, -6.0000, -4.0000,  153, 153, 153
L -3454.0000, -6.0000, -4.0000,  -3452.0000, 41.0000, -6.0000,  153, 153, 153
L -3452.0000, 41.0000, -6.0000,  -3445.0000, 40.0000, -6.0000,  153, 153, 153
L -3445.0000, 40.0000, -6.0000,  -3446.0000, -26.0000, -6.0000,  153, 153, 153
L -3446.0000, -26.0000, -6.0000,  -3486.0000, -26.0000, -2.0000,  153, 153, 153
L -3486.0000, -26.0000, -2.0000,  -3482.0000, -94.0000, -6.0000,  153, 153, 153
L -3482.0000, -94.0000, -6.0000,  -3443.0000, -97.0000, -6.0000,  153, 153, 153
L -3443.0000, -97.0000, -6.0000,  -3444.0000, -142.0000, -12.0000,  153, 153, 153
L -3444.0000, -142.0000, -12.0000,  -3426.0000, -145.0000, -12.0000,  153, 153, 153
L -3426.0000, -145.0000, -12.0000,  -3427.0000, -149.0000, -12.0000,  153, 153, 153
L -3427.0000, -149.0000, -12.0000,  -3470.0000, -150.0000, -7.0000,  153, 153, 153
L -3470.0000, -150.0000, -7.0000,  -3470.0000, -222.0000, -12.0000,  153, 153, 153
L -3470.0000, -222.0000, -12.0000,  -3378.0000, -222.0000, -12.0000,  153, 153, 153
L -3378.0000, -222.0000, -12.0000,  -3378.0000, -150.0000, -12.0000,  153, 153, 153
L -3378.0000, -150.0000, -12.0000,  -3413.0000, -149.0000, -12.0000,  153, 153, 153
L -3413.0000, -149.0000, -12.0000,  -3412.0000, -142.0000, -12.0000,  153, 153, 153
L -3412.0000, -142.0000, -12.0000,  -3400.0000, -142.0000, -12.0000,  153, 153, 153
L -3400.0000, -142.0000, -12.0000,  -3400.0000, -96.0000, -12.0000,  153, 153, 153
L -3400.0000, -96.0000, -12.0000,  -3378.0000, -94.0000, -12.0000,  153, 153, 153
L -3378.0000, -94.0000, -12.0000,  -3377.0000, -49.0000, -12.0000,  153, 153, 153
L -3377.0000, -49.0000, -12.0000,  -3370.0000, -94.0000, -24.0000,  153, 153, 153
L -3370.0000, -94.0000, -24.0000,  -3246.0000, -94.0000, -24.0000,  153, 153, 153
L -3246.0000, -94.0000, -24.0000,  -3246.0000, -55.0000, -24.0000,  153, 153, 153
L -3246.0000, -55.0000, -24.0000,  -3194.0000, -58.0000, -24.0000,  153, 153, 153
L -3194.0000, -58.0000, -24.0000,  -3193.0000, -45.0000, -24.0000,  153, 153, 153
L -3193.0000, -45.0000, -24.0000,  -3123.0000, -45.0000, -46.0000,  153, 153, 153
L -3123.0000, -45.0000, -46.0000,  -3122.0000, -58.0000, -46.0000,  153, 153, 153
L -3122.0000, -58.0000, -46.0000,  -3101.0000, -59.0000, -46.0000,  153, 153, 153
L -3101.0000, -59.0000, -46.0000,  -3102.0000, -114.0000, -46.0000,  153, 153, 153
L -3102.0000, -114.0000, -46.0000,  -3168.0000, -113.0000, -24.0000,  153, 153, 153
L -3168.0000, -113.0000, -24.0000,  -3168.0000, -76.0000, -24.0000,  153, 153, 153
L -3168.0000, -76.0000, -24.0000,  -3233.0000, -73.0000, -24.0000,  153, 153, 153
L -3233.0000, -73.0000, -24.0000,  -3230.0000, -182.0000, -24.0000,  153, 153, 153
L -3230.0000, -182.0000, -24.0000,  -3168.0000, -182.0000, -24.0000,  153, 153, 153
L -3168.0000, -182.0000, -24.0000,  -3166.0000, -126.0000, -24.0000,  153, 153, 153
L -3166.0000, -126.0000, -24.0000,  -3088.0000, -126.0000, -46.0000,  153, 153, 153
L -3088.0000, -126.0000, -46.0000,  -3088.0000, -60.0000, -46.0000,  153, 153, 153
L -3088.0000, -60.0000, -46.0000,  -3066.0000, -58.0000, -46.0000,  153, 153, 153
L -3066.0000, -58.0000, -46.0000,  -3066.0000, -18.0000, -46.0000,  153, 153, 153
L -3066.0000, -18.0000, -46.0000,  -3087.0000, -17.0000, -46.0000,  153, 153, 153
L -3087.0000, -17.0000, -46.0000,  -3087.0000, 60.0000, -46.0000,  153, 153, 153
L -3087.0000, 60.0000, -46.0000,  -3050.0000, 61.0000, -46.0000,  153, 153, 153
L -3050.0000, 61.0000, -46.0000,  -3049.0000, 70.0000, -46.0000,  153, 153, 153
L -3049.0000, 70.0000, -46.0000,  -2980.0000, 69.0000, -46.0000,  153, 153, 153
L -2980.0000, 69.0000, -46.0000,  -2977.0000, 10.0000, -46.0000,  153, 153, 153
L -2977.0000, 10.0000, -46.0000,  -3022.0000, 9.0000, -46.0000,  153, 153, 153
L -3022.0000, 9.0000, -46.0000,  -3022.0000, -78.0000, -46.0000,  153, 153, 153
L -3022.0000, -78.0000, -46.0000,  -3007.0000, -79.0000, -46.0000,  153, 153, 153
L -3007.0000, -79.0000, -46.0000,  -3008.0000, -86.0000, -46.0000,  153, 153, 153
L -3008.0000, -86.0000, -46.0000,  -3022.0000, -86.0000, -43.0000,  153, 153, 153
L -3022.0000, -86.0000, -43.0000,  -3022.0000, -144.0000, -46.0000,  153, 153, 153
L -3022.0000, -144.0000, -46.0000,  -3058.0000, -145.0000, -42.0000,  153, 153, 153
L -3058.0000, -145.0000, -42.0000,  -3058.0000, -136.0000, -42.0000,  153, 153, 153
L -3058.0000, -136.0000, -42.0000,  -3158.0000, -136.0000, -42.0000,  153, 153, 153
L -3158.0000, -136.0000, -42.0000,  -3158.0000, -286.0000, -42.0000,  153, 153, 153
L -2871.0000, -143.0000, -548.0000,  -2926.0000, -146.0000, -46.0000,  153, 153, 153
L -2926.0000, -146.0000, -46.0000,  -2928.0000, -86.0000, -46.0000,  153, 153, 153
L -2928.0000, -86.0000, -46.0000,  -2945.0000, -85.0000, -46.0000,  153, 153, 153
L -2945.0000, -85.0000, -46.0000,  -2944.0000, -78.0000, -46.0000,  153, 153, 153
L -2944.0000, -78.0000, -46.0000,  -2928.0000, -78.0000, -46.0000,  153, 153, 153
L -2928.0000, -78.0000, -46.0000,  -2928.0000, 9.0000, -46.0000,  153, 153, 153
L -2928.0000, 9.0000, -46.0000,  -2963.0000, 10.0000, -46.0000,  153, 153, 153
L -2963.0000, 10.0000, -46.0000,  -2962.0000, 85.0000, -46.0000,  153, 153, 153
L -2962.0000, 85.0000, -46.0000,  -3042.0000, 85.0000, -46.0000,  153, 153, 153
L -3042.0000, 85.0000, -46.0000,  -3050.0000, 181.0000, -46.0000,  153, 153, 153
L -3050.0000, 181.0000, -46.0000,  -3110.0000, 181.0000, -46.0000,  153, 153, 153
L -3110.0000, 181.0000, -46.0000,  -3110.0000, 241.0000, -46.0000,  153, 153, 153
L -3110.0000, 241.0000, -46.0000,  -3090.0000, 241.0000, -46.0000,  153, 153, 153
L -3090.0000, 241.0000, -46.0000,  -3088.0000, 225.0000, -46.0000,  153, 153, 153
L -3088.0000, 225.0000, -46.0000,  -3034.0000, 225.0000, -43.0000,  153, 153, 153
L -3034.0000, 225.0000, -43.0000,  -3034.0000, 325.0000, -46.0000,  153, 153, 153
L -3034.0000, 325.0000, -46.0000,  -2975.0000, 324.0000, -46.0000,  153, 153, 153
L -2975.0000, 324.0000, -46.0000,  -2975.0000, 174.0000, -46.0000,  153, 153, 153
L -2975.0000, 174.0000, -46.0000,  -2982.0000, 175.0000, -46.0000,  153, 153, 153
L -2982.0000, 175.0000, -46.0000,  -2982.0000, 215.0000, -41.0000,  153, 153, 153
L -2982.0000, 215.0000, -41.0000,  -3038.0000, 215.0000, -46.0000,  153, 153, 153
L -3038.0000, 215.0000, -46.0000,  -3038.0000, 97.0000, -46.0000,  153, 153, 153
L -3038.0000, 97.0000, -46.0000,  -2982.0000, 97.0000, -46.0000,  153, 153, 153
L -2982.0000, 97.0000, -46.0000,  -2981.0000, 161.0000, -46.0000,  153, 153, 153
L -2981.0000, 161.0000, -46.0000,  -2974.0000, 158.0000, -46.0000,  153, 153, 153
L -2974.0000, 158.0000, -46.0000,  -2974.0000, 93.0000, -46.0000,  153, 153, 153
L -2974.0000, 93.0000, -46.0000,  -2870.0000, 92.0000, -54.0000,  153, 153, 153
L -2870.0000, 92.0000, -54.0000,  -2872.0000, -37.0000, -54.0000,  153, 153, 153
L -2872.0000, -37.0000, -548.0000,  -2877.0000, -35.0000, -54.0000,  153, 153, 153
L -2877.0000, -35.0000, -54.0000,  -2878.0000, 85.0000, -54.0000,  153, 153, 153
L -2878.0000, 85.0000, -54.0000,  -2920.0000, 85.0000, -54.0000,  153, 153, 153
L -2920.0000, 85.0000, -54.0000,  -2920.0000, -136.0000, -54.0000,  153, 153, 153
L -2920.0000, -136.0000, -54.0000,  -2878.0000, -136.0000, -54.0000,  153, 153, 153
L -2878.0000, -136.0000, -54.0000,  -2877.0000, -48.0000, -54.0000,  153, 153, 153
L -2877.0000, -48.0000, -54.0000,  -2870.0000, -50.0000, -54.0000,  153, 153, 153
L -2870.0000, -50.0000, -54.0000,  -2870.0000, -142.0000, -54.0000,  153, 153, 153
L -2182.0000, -360.0000, 1531.0000,  -2186.0000, -411.0000, 153.0000,  255, 255, 255
L -2186.0000, -411.0000, 153.0000,  -2191.0000, -476.0000, 153.0000,  255, 255, 255
L -2191.0000, -476.0000, 153.0000,  -2209.0000, -543.0000, 153.0000,  255, 255, 255
L -2209.0000, -543.0000, 153.0000,  -2243.0000, -609.0000, 153.0000,  255, 255, 255
L -2243.0000, -609.0000, 153.0000,  -2303.0000, -665.0000, 153.0000,  255, 255, 255
L -2303.0000, -665.0000, 153.0000,  -2344.0000, -676.0000, 153.0000,  255, 255, 255
L -2344.0000, -676.0000, 153.0000,  -2383.0000, -665.0000, 153.0000,  255, 255, 255
L -2383.0000, -665.0000, 153.0000,  -2443.0000, -608.0000, 153.0000,  255, 255, 255
L -2443.0000, -608.0000, 153.0000,  -2476.0000, -544.0000, 153.0000,  255, 255, 255
L -2476.0000, -544.0000, 153.0000,  -2494.0000, -478.0000, 153.0000,  255, 255, 255
L -2494.0000, -478.0000, 153.0000,  -2500.0000, -413.0000, 153.0000,  255, 255, 255
L -2500.0000, -413.0000, 153.0000,  -2504.0000, -360.0000, 153.0000,  255, 255, 255
L -2504.0000, -360.0000, 153.0000,  -2356.0000, -359.0000, 153.0000,  255, 255, 255
L -2356.0000, -359.0000, 153.0000,  -2355.0000, -356.0000, 153.0000,  255, 255, 255
L -2355.0000, -356.0000, 153.0000,  -2350.0000, -355.0000, 153.0000,  255, 255, 255
L -2350.0000, -355.0000, 153.0000,  -2350.0000, -349.0000, 153.0000,  255, 255, 255
L -2350.0000, -349.0000, 153.0000,  -2356.0000, -348.0000, 153.0000,  255, 255, 255
L -2356.0000, -348.0000, 153.0000,  -2358.0000, -280.0000, 137.0000,  255, 255, 255
L -2358.0000, -280.0000, 137.0000,  -2453.0000, -280.0000, 121.0000,  255, 255, 255
L -2453.0000, -280.0000, 121.0000,  -2453.0000, -202.0000, 112.0000,  255, 255, 255
L -2453.0000, -202.0000, 112.0000,  -2446.0000, -201.0000, 112.0000,  255, 255, 255
L -2446.0000, -201.0000, 112.0000,  -2446.0000, -194.0000, 112.0000,  255, 255, 255
L -2446.0000, -194.0000, 112.0000,  -2453.0000, -194.0000, 112.0000,  255, 255, 255
L -2453.0000, -194.0000, 112.0000,  -2453.0000, -134.0000, 112.0000,  255, 255, 255
L -2453.0000, -134.0000, 112.0000,  -2370.0000, -134.0000, 115.0000,  255, 255, 255
L -2370.0000, -134.0000, 115.0000,  -2370.0000, -194.0000, 115.0000,  255, 255, 255
L -2370.0000, -194.0000, 115.0000,  -2432.0000, -195.0000, 112.0000,  255, 255, 255
L -2432.0000, -195.0000, 112.0000,  -2431.0000, -201.0000, 112.0000,  255, 255, 255
L -2431.0000, -201.0000, 112.0000,  -2425.0000, -202.0000, 112.0000,  255, 255, 255
L -2425.0000, -202.0000, 112.0000,  -2424.0000, -251.0000, 121.0000,  255, 255, 255
L -2424.0000, -251.0000, 121.0000,  -2329.0000, -252.0000, 137.0000,  255, 255, 255
L -2329.0000, -252.0000, 137.0000,  -2332.0000, -348.0000, 153.0000,  255, 255, 255
L -2332.0000, -348.0000, 153.0000,  -2337.0000, -350.0000, 153.0000,  255, 255, 255
L -2337.0000, -350.0000, 153.0000,  -2336.0000, -355.0000, 153.0000,  255, 255, 255
L -2336.0000, -355.0000, 153.0000,  -2331.0000, -356.0000, 153.0000,  255, 255, 255
L -2331.0000, -356.0000, 153.0000,  -2329.0000, -360.0000, 153.0000,  255, 255, 255
L -2329.0000, -360.0000, 153.0000,  -2182.0000, -360.0000, 153.0000,  255, 255, 255
L -3426.0000, 109.0000, -62.0000,  -3426.0000, 41.0000, -1.0000,  153, 153, 153
L -3426.0000, 41.0000, -1.0000,  -3431.0000, 40.0000, -6.0000,  153, 153, 153
L -3431.0000, 40.0000, -6.0000,  -3431.0000, -25.0000, -6.0000,  153, 153, 153
L -3431.0000, -25.0000, -6.0000,  -3426.0000, -26.0000, -6.0000,  153, 153, 153
L -3426.0000, -26.0000, -6.0000,  -3426.0000, -94.0000, -6.0000,  153, 153, 153
L -3426.0000, -94.0000, -6.0000,  -3432.0000, -96.0000, -6.0000,  153, 153, 153
L -3432.0000, -96.0000, -6.0000,  -3432.0000, -128.0000, -12.0000,  153, 153, 153
L -3432.0000, -128.0000, -12.0000,  -3413.0000, -129.0000, -12.0000,  153, 153, 153
L -3413.0000, -129.0000, -12.0000,  -3412.0000, -28.0000, -12.0000,  153, 153, 153
L -3412.0000, -28.0000, -12.0000,  -3378.0000, -28.0000, -12.0000,  153, 153, 153
L -3378.0000, -28.0000, -12.0000,  -3377.0000, -35.0000, -12.0000,  153, 153, 153
L -3377.0000, -35.0000, -12.0000,  -3372.0000, -36.0000, -12.0000,  153, 153, 153
L -3372.0000, -36.0000, -12.0000,  -3371.0000, -21.0000, -24.0000,  153, 153, 153
L -3371.0000, -21.0000, -24.0000,  -3406.0000, -20.0000, -16.0000,  153, 153, 153
L -3406.0000, -20.0000, -16.0000,  -3406.0000, 25.0000, -24.0000,  153, 153, 153
L -3406.0000, 25.0000, -24.0000,  -3355.0000, 26.0000, -24.0000,  153, 153, 153
L -3355.0000, 26.0000, -24.0000,  -3354.0000, 43.0000, -24.0000,  153, 153, 153
L -3354.0000, 43.0000, -24.0000,  -3356.0000, 50.0000, -7.0000,  153, 153, 153
L -3356.0000, 50.0000, -7.0000,  -3361.0000, 50.0000, -6.0000,  153, 153, 153
L -3361.0000, 50.0000, -6.0000,  -3362.0000, 41.0000, -6.0000,  153, 153, 153
L -3362.0000, 41.0000, -6.0000,  -3414.0000, 41.0000, -6.0000,  153, 153, 153
L -3414.0000, 41.0000, -6.0000,  -3414.0000, 109.0000, -6.0000,  153, 153, 153
L -3414.0000, 109.0000, -6.0000,  -3404.0000, 110.0000, -6.0000,  153, 153, 153
L -3404.0000, 110.0000, -6.0000,  -3405.0000, 192.0000, -6.0000,  153, 153, 153
L -3405.0000, 192.0000, -6.0000,  -3477.0000, 192.0000, -6.0000,  153, 153, 153
L -3477.0000, 192.0000, -6.0000,  -3477.0000, 110.0000, -6.0000,  153, 153, 153
L -3477.0000, 110.0000, -6.0000,  -3426.0000, 109.0000, -6.0000,  153, 153, 153
L -2854.0000, -160.0000, -548.0000,  -2920.0000, -160.0000, -46.0000,  153, 153, 153
L -2920.0000, -160.0000, -46.0000,  -2922.0000, -158.0000, -46.0000,  153, 153, 153
L -2922.0000, -158.0000, -46.0000,  -2927.0000, -159.0000, -46.0000,  153, 153, 153
L -2927.0000, -159.0000, -46.0000,  -2928.0000, -170.0000, -46.0000,  153, 153, 153
L -2928.0000, -170.0000, -46.0000,  -2972.0000, -170.0000, -46.0000,  153, 153, 153
L -2972.0000, -170.0000, -46.0000,  -2972.0000, -86.0000, -46.0000,  153, 153, 153
L -2972.0000, -86.0000, -46.0000,  -2959.0000, -85.0000, -46.0000,  153, 153, 153
L -2959.0000, -85.0000, -46.0000,  -2959.0000, -79.0000, -46.0000,  153, 153, 153
L -2959.0000, -79.0000, -46.0000,  -2993.0000, -79.0000, -46.0000,  153, 153, 153
L -2993.0000, -79.0000, -46.0000,  -2993.0000, -85.0000, -46.0000,  153, 153, 153
L -2993.0000, -85.0000, -46.0000,  -2980.0000, -86.0000, -46.0000,  153, 153, 153
L -2980.0000, -86.0000, -46.0000,  -2980.0000, -170.0000, -46.0000,  153, 153, 153
L -2980.0000, -170.0000, -46.0000,  -3022.0000, -170.0000, -46.0000,  153, 153, 153
L -3022.0000, -170.0000, -46.0000,  -3023.0000, -159.0000, -46.0000,  153, 153, 153
L -3023.0000, -159.0000, -46.0000,  -3058.0000, -160.0000, -42.0000,  153, 153, 153
L -3058.0000, -160.0000, -42.0000,  -3058.0000, -286.0000, -42.0000,  153, 153, 153
L -3058.0000, -286.0000, -42.0000,  -3158.0000, -286.0000, -42.0000,  153, 153, 153
L -2854.0000, -160.0000, -548.0000,  -2853.0000, -81.0000, -54.0000,  153, 153, 153
L -2853.0000, -81.0000, -54.0000,  -2848.0000, -80.0000, -54.0000,  153, 153, 153
L -2848.0000, -80.0000, -54.0000,  -2846.0000, -82.0000, -54.0000,  153, 153, 153
L -2846.0000, -82.0000, -54.0000,  -2785.0000, -83.0000, -54.0000,  153, 153, 153
L -2785.0000, -83.0000, -54.0000,  -2785.0000, -89.0000, -54.0000,  153, 153, 153
L -2785.0000, -89.0000, -54.0000,  -2846.0000, -90.0000, -54.0000,  153, 153, 153
L -2846.0000, -90.0000, -54.0000,  -2846.0000, -230.0000, -54.0000,  153, 153, 153
L -2846.0000, -230.0000, -54.0000,  -2770.0000, -230.0000, -54.0000,  153, 153, 153
L -2770.0000, -230.0000, -54.0000,  -2769.0000, -209.0000, -54.0000,  153, 153, 153
L -2769.0000, -209.0000, -54.0000,  -2763.0000, -209.0000, -54.0000,  153, 153, 153
L -2763.0000, -209.0000, -54.0000,  -2762.0000, -230.0000, -54.0000,  153, 153, 153
L -2762.0000, -230.0000, -54.0000,  -2710.0000, -230.0000, -54.0000,  153, 153, 153
L -2710.0000, -230.0000, -54.0000,  -2708.0000, -208.0000, -54.0000,  153, 153, 153
L -2708.0000, -208.0000, -54.0000,  -2702.0000, -210.0000, -54.0000,  153, 153, 153
L -2702.0000, -210.0000, -54.0000,  -2702.0000, -230.0000, -54.0000,  153, 153, 153
L -2702.0000, -230.0000, -54.0000,  -2654.0000, -230.0000, -54.0000,  153, 153, 153
L -2654.0000, -230.0000, -54.0000,  -2654.0000, 29.0000, -54.0000,  153, 153, 153
L -2654.0000, 29.0000, -54.0000,  -2673.0000, 30.0000, -54.0000,  153, 153, 153
L -2673.0000, 30.0000, -54.0000,  -2673.0000, 36.0000, -54.0000,  153, 153, 153
L -2673.0000, 36.0000, -54.0000,  -2654.0000, 37.0000, -54.0000,  153, 153, 153
L -2654.0000, 37.0000, -54.0000,  -2653.0000, 100.0000, -54.0000,  153, 153, 153
L -2653.0000, 100.0000, -54.0000,  -2610.0000, 99.0000, -54.0000,  153, 153, 153
L -2610.0000, 99.0000, -54.0000,  -2610.0000, 177.0000, -54.0000,  153, 153, 153
L -2610.0000, 177.0000, -54.0000,  -2570.0000, 179.0000, -54.0000,  153, 153, 153
L -2570.0000, 179.0000, -54.0000,  -2569.0000, 182.0000, -54.0000,  153, 153, 153
L -2569.0000, 182.0000, -54.0000,  -2559.0000, 182.0000, -54.0000,  153, 153, 153
L -2559.0000, 182.0000, -54.0000,  -2558.0000, 29.0000, -54.0000,  153, 153, 153
L -2558.0000, 29.0000, -54.0000,  -2507.0000, 28.0000, -54.0000,  153, 153, 153
L -2507.0000, 28.0000, -54.0000,  -2507.0000, 22.0000, -54.0000,  153, 153, 153
L -2507.0000, 22.0000, -54.0000,  -2558.0000, 21.0000, -54.0000,  153, 153, 153
L -2558.0000, 21.0000, -54.0000,  -2558.0000, 5.0000, -54.0000,  153, 153, 153
L -2558.0000, 5.0000, -54.0000,  -2461.0000, 4.0000, -54.0000,  153, 153, 153
L -2461.0000, 4.0000, -54.0000,  -2462.0000, -116.0000, -54.0000,  153, 153, 153
L -2462.0000, -116.0000, -54.0000,  -2505.0000, -117.0000, -54.0000,  153, 153, 153
L -2505.0000, -117.0000, -54.0000,  -2505.0000, -111.0000, -54.0000,  153, 153, 153
L -2505.0000, -111.0000, -54.0000,  -2470.0000, -110.0000, -54.0000,  153, 153, 153
L -2470.0000, -110.0000, -54.0000,  -2470.0000, -2.0000, -54.0000,  153, 153, 153
L -2470.0000, -2.0000, -54.0000,  -2558.0000, -2.0000, -54.0000,  153, 153, 153
L -2558.0000, -2.0000, -54.0000,  -2558.0000, -110.0000, -54.0000,  153, 153, 153
L -2558.0000, -110.0000, -54.0000,  -2518.0000, -112.0000, -54.0000,  153, 153, 153
L -2518.0000, -112.0000, -54.0000,  -2519.0000, -118.0000, -54.0000,  153, 153, 153
L -2519.0000, -118.0000, -54.0000,  -2558.0000, -118.0000, -54.0000,  153, 153, 153
L -2558.0000, -118.0000, -54.0000,  -2558.0000, -134.0000, -54.0000,  153, 153, 153
L -2558.0000, -134.0000, -54.0000,  -2519.0000, -135.0000, -54.0000,  153, 153, 153
L -2519.0000, -135.0000, -54.0000,  -2519.0000, -141.0000, -54.0000,  153, 153, 153
L -2519.0000, -141.0000, -54.0000,  -2558.0000, -142.0000, -54.0000,  153, 153, 153
L -2558.0000, -142.0000, -54.0000,  -2558.0000, -210.0000, -54.0000,  153, 153, 153
L -2558.0000, -210.0000, -54.0000,  -2446.0000, -210.0000, -54.0000,  153, 153, 153
L -2446.0000, -210.0000, -54.0000,  -2445.0000, -165.0000, -54.0000,  153, 153, 153
L -2445.0000, -165.0000, -54.0000,  -2438.0000, -166.0000, -54.0000,  153, 153, 153
L -2438.0000, -166.0000, -54.0000,  -2338.0000, -166.0000, -54.0000,  153, 153, 153
L -2338.0000, -166.0000, -54.0000,  -2338.0000, -142.0000, -54.0000,  153, 153, 153
L -2338.0000, -142.0000, -54.0000,  -2403.0000, -141.0000, -54.0000,  153, 153, 153
L -2403.0000, -141.0000, -54.0000,  -2402.0000, -2.0000, -54.0000,  153, 153, 153
L -2402.0000, -2.0000, -54.0000,  -2438.0000, -2.0000, -54.0000,  153, 153, 153
L -2438.0000, -2.0000, -54.0000,  -2438.0000, -134.0000, -54.0000,  153, 153, 153
L -2438.0000, -134.0000, -54.0000,  -2417.0000, -135.0000, -54.0000,  153, 153, 153
L -2417.0000, -135.0000, -54.0000,  -2438.0000, -142.0000, -54.0000,  153, 153, 153
L -2438.0000, -142.0000, -54.0000,  -2439.0000, -151.0000, -54.0000,  153, 153, 153
L -2439.0000, -151.0000, -54.0000,  -2445.0000, -151.0000, -54.0000,  153, 153, 153
L -2445.0000, -151.0000, -54.0000,  -2446.0000, -142.0000, -54.0000,  153, 153, 153
L -2446.0000, -142.0000, -54.0000,  -2505.0000, -141.0000, -54.0000,  153, 153, 153
L -2269.0000, -123.0000, -548.0000,  -2275.0000, -123.0000, -54.0000,  153, 153, 153
L -2275.0000, -123.0000, -54.0000,  -2276.0000, -134.0000, -54.0000,  153, 153, 153
L -2276.0000, -134.0000, -54.0000,  -2390.0000, -134.0000, -54.0000,  153, 153, 153
L -1889.0000, -35.0000, -548.0000,  -1883.0000, -35.0000, -55.0000,  153, 153, 153
L -1883.0000, -35.0000, -55.0000,  -1882.0000, -34.0000, -55.0000,  153, 153, 153
L -1882.0000, -34.0000, -55.0000,  -1824.0000, -34.0000, -63.0000,  153, 153, 153
L -1824.0000, -34.0000, -63.0000,  -1824.0000, -176.0000, -63.0000,  153, 153, 153
L -1824.0000, -176.0000, -63.0000,  -1801.0000, -177.0000, -63.0000,  153, 153, 153
L -1801.0000, -177.0000, -63.0000,  -1800.0000, -98.0000, -63.0000,  153, 153, 153
L -1800.0000, -98.0000, -63.0000,  -1715.0000, -97.0000, -63.0000,  153, 153, 153
L -1715.0000, -97.0000, -63.0000,  -1714.0000, -38.0000, -63.0000,  153, 153, 153
L -1714.0000, -38.0000, -63.0000,  -1618.0000, -38.0000, -63.0000,  153, 153, 153
L -1618.0000, -38.0000, -63.0000,  -1617.0000, -177.0000, -63.0000,  153, 153, 153
L -1617.0000, -177.0000, -63.0000,  -1598.0000, -178.0000, -63.0000,  153, 153, 153
L -1598.0000, -178.0000, -63.0000,  -1597.0000, -179.0000, -63.0000,  153, 153, 153
L -1597.0000, -179.0000, -63.0000,  -1591.0000, -179.0000, -63.0000,  153, 153, 153
L -1591.0000, -179.0000, -63.0000,  -1590.0000, 47.0000, -63.0000,  153, 153, 153
L -1590.0000, 47.0000, -63.0000,  -1490.0000, 47.0000, -63.0000,  153, 153, 153
L -1490.0000, 47.0000, -63.0000,  -1489.0000, -81.0000, -63.0000,  153, 153, 153
L -1489.0000, -81.0000, -63.0000,  -1464.0000, -79.0000, -63.0000,  153, 153, 153
L -1464.0000, -79.0000, -63.0000,  -1463.0000, 240.0000, -63.0000,  153, 153, 153
L -1463.0000, 240.0000, -63.0000,  -1470.0000, 165.0000, -57.0000,  153, 153, 153
L -1470.0000, 165.0000, -57.0000,  -1590.0000, 165.0000, -63.0000,  153, 153, 153
L -1590.0000, 165.0000, -63.0000,  -1591.0000, 306.0000, -63.0000,  153, 153, 153
L -1591.0000, 306.0000, -63.0000,  -1616.0000, 305.0000, -63.0000,  153, 153, 153
L -1616.0000, 305.0000, -63.0000,  -1618.0000, 3.0000, -63.0000,  153, 153, 153
L -1618.0000, 3.0000, -63.0000,  -1714.0000, 3.0000, -63.0000,  153, 153, 153
L -1714.0000, 3.0000, -63.0000,  -1715.0000, 62.0000, -63.0000,  153, 153, 153
L -1715.0000, 62.0000, -63.0000,  -1800.0000, 63.0000, -63.0000,  153, 153, 153
L -1800.0000, 63.0000, -63.0000,  -1800.0000, 141.0000, -63.0000,  153, 153, 153
L -1800.0000, 141.0000, -63.0000,  -1823.0000, 142.0000, -63.0000,  153, 153, 153
L -1823.0000, 142.0000, -63.0000,  -1824.0000, -14.0000, -63.0000,  153, 153, 153
L -1824.0000, -14.0000, -63.0000,  -1882.0000, -14.0000, -55.0000,  153, 153, 153
L -1882.0000, -14.0000, -55.0000,  -1884.0000, -12.0000, -54.0000,  153, 153, 153
L -1884.0000, -12.0000, -54.0000,  -1888.0000, -12.0000, -54.0000,  153, 153, 153
L -1888.0000, -12.0000, -54.0000,  -1889.0000, -35.0000, -54.0000,  153, 153, 153
L -1250.0000, -46.0000, -738.0000,  -1250.0000, 157.0000, -73.0000,  153, 153, 153
L -1250.0000, 157.0000, -73.0000,  -1335.0000, 158.0000, -73.0000,  153, 153, 153
L -1335.0000, 158.0000, -73.0000,  -1333.0000, 268.0000, -80.0000,  153, 153, 153
L -1333.0000, 268.0000, -80.0000,  -1314.0000, 269.0000, -80.0000,  153, 153, 153
L -1314.0000, 269.0000, -80.0000,  -1306.0000, 264.0000, -80.0000,  153, 153, 153
L -1306.0000, 264.0000, -80.0000,  -1306.0000, 249.0000, -80.0000,  153, 153, 153
L -1306.0000, 249.0000, -80.0000,  -1286.0000, 249.0000, -80.0000,  153, 153, 153
L -1286.0000, 249.0000, -80.0000,  -1286.0000, 205.0000, -80.0000,  153, 153, 153
L -1286.0000, 205.0000, -80.0000,  -1203.0000, 204.0000, -80.0000,  153, 153, 153
L -1203.0000, 204.0000, -80.0000,  -1202.0000, 137.0000, -80.0000,  153, 153, 153
L -1202.0000, 137.0000, -80.0000,  -1222.0000, 137.0000, -80.0000,  153, 153, 153
L -1222.0000, 137.0000, -80.0000,  -1222.0000, 1.0000, -80.0000,  153, 153, 153
L -1222.0000, 1.0000, -80.0000,  -1174.0000, 1.0000, -80.0000,  153, 153, 153
L -1174.0000, 1.0000, -80.0000,  -1175.0000, -175.0000, -80.0000,  153, 153, 153
L -1175.0000, -175.0000, -80.0000,  -1202.0000, -175.0000, -80.0000,  153, 153, 153
L -1202.0000, -175.0000, -80.0000,  -1202.0000, -150.0000, -80.0000,  153, 153, 153
L -1202.0000, -150.0000, -80.0000,  -1264.0000, -150.0000, -80.0000,  153, 153, 153
L -1264.0000, -150.0000, -80.0000,  -1264.0000, -54.0000, -73.0000,  153, 153, 153
L -1264.0000, -54.0000, -73.0000,  -1265.0000, -53.0000, -73.0000,  153, 153, 153
L -1265.0000, -53.0000, -73.0000,  -1264.0000, -46.0000, -73.0000,  153, 153, 153
L -1264.0000, -46.0000, -73.0000,  -1250.0000, -46.0000, -73.0000,  153, 153, 153
L -2627.0000, 116.0000, -548.0000,  -2646.0000, 115.0000, -54.0000,  153, 153, 153
L -2646.0000, 115.0000, -54.0000,  -2654.0000, 116.0000, -54.0000,  153, 153, 153
L -2654.0000, 116.0000, -54.0000,  -2654.0000, 197.0000, -54.0000,  153, 153, 153
L -2654.0000, 197.0000, -54.0000,  -2702.0000, 197.0000, -54.0000,  153, 153, 153
L -2702.0000, 197.0000, -54.0000,  -2702.0000, 37.0000, -54.0000,  153, 153, 153
L -2702.0000, 37.0000, -54.0000,  -2687.0000, 36.0000, -54.0000,  153, 153, 153
L -2687.0000, 36.0000, -54.0000,  -2687.0000, 30.0000, -54.0000,  153, 153, 153
L -2687.0000, 30.0000, -54.0000,  -2702.0000, 29.0000, -54.0000,  153, 153, 153
L -2702.0000, 29.0000, -54.0000,  -2703.0000, -195.0000, -54.0000,  153, 153, 153
L -2703.0000, -195.0000, -54.0000,  -2709.0000, -195.0000, -54.0000,  153, 153, 153
L -2709.0000, -195.0000, -54.0000,  -2710.0000, 41.0000, -54.0000,  153, 153, 153
L -2710.0000, 41.0000, -54.0000,  -2719.0000, 42.0000, -54.0000,  153, 153, 153
L -2719.0000, 42.0000, -54.0000,  -2719.0000, 48.0000, -54.0000,  153, 153, 153
L -2719.0000, 48.0000, -54.0000,  -2710.0000, 49.0000, -54.0000,  153, 153, 153
L -2710.0000, 49.0000, -54.0000,  -2710.0000, 197.0000, -54.0000,  153, 153, 153
L -2771.0000, -195.0000, -536.0000,  -2762.0000, -196.0000, -53.0000,  153, 153, 153
L -2762.0000, -196.0000, -53.0000,  -2761.0000, -176.0000, -53.0000,  153, 153, 153
L -2761.0000, -176.0000, -53.0000,  -2757.0000, -146.0000, -53.0000,  153, 153, 153
L -2757.0000, -146.0000, -53.0000,  -2757.0000, 40.0000, -53.0000,  153, 153, 153
L -2757.0000, 40.0000, -53.0000,  -2732.0000, 40.0000, -53.0000,  153, 153, 153
L -2732.0000, 40.0000, -53.0000,  -2731.0000, 48.0000, -53.0000,  153, 153, 153
L -2731.0000, 48.0000, -53.0000,  -2757.0000, 50.0000, -53.0000,  153, 153, 153
L -2757.0000, 50.0000, -53.0000,  -2757.0000, 196.0000, -53.0000,  153, 153, 153
L -2757.0000, 196.0000, -53.0000,  -2743.0000, 196.0000, -53.0000,  153, 153, 153
L -2743.0000, 196.0000, -53.0000,  -2741.0000, 204.0000, -53.0000,  153, 153, 153
L -2741.0000, 204.0000, -53.0000,  -2757.0000, 206.0000, -53.0000,  153, 153, 153
L -2757.0000, 206.0000, -53.0000,  -2757.0000, 280.0000, -53.0000,  153, 153, 153
L -2757.0000, 280.0000, -53.0000,  -2711.0000, 280.0000, -53.0000,  153, 153, 153
L -2711.0000, 280.0000, -53.0000,  -2709.0000, 228.0000, -53.0000,  153, 153, 153
L -2709.0000, 228.0000, -53.0000,  -2702.0000, 229.0000, -53.0000,  153, 153, 153
L -2702.0000, 229.0000, -53.0000,  -2701.0000, 364.0000, -53.0000,  153, 153, 153
L -2701.0000, 364.0000, -53.0000,  -2689.0000, 364.0000, -53.0000,  153, 153, 153
L -2689.0000, 364.0000, -53.0000,  -2687.0000, 371.0000, -53.0000,  153, 153, 153
L -2687.0000, 371.0000, -53.0000,  -2701.0000, 374.0000, -53.0000,  153, 153, 153
L -2701.0000, 374.0000, -53.0000,  -2701.0000, 383.0000, -53.0000,  153, 153, 153
L -2701.0000, 383.0000, -53.0000,  -2708.0000, 384.0000, -53.0000,  153, 153, 153
L -2708.0000, 384.0000, -53.0000,  -2711.0000, 374.0000, -53.0000,  153, 153, 153
L -2711.0000, 374.0000, -53.0000,  -2724.0000, 374.0000, -53.0000,  153, 153, 153
L -2724.0000, 374.0000, -53.0000,  -2727.0000, 365.0000, -53.0000,  153, 153, 153
L -2727.0000, 365.0000, -53.0000,  -2711.0000, 364.0000, -53.0000,  153, 153, 153
L -2711.0000, 364.0000, -53.0000,  -2711.0000, 290.0000, -53.0000,  153, 153, 153
L -2711.0000, 290.0000, -53.0000,  -2757.0000, 290.0000, -53.0000,  153, 153, 153
L -2757.0000, 290.0000, -53.0000,  -2757.0000, 364.0000, -53.0000,  153, 153, 153
L -2757.0000, 364.0000, -53.0000,  -2739.0000, 364.0000, -53.0000,  153, 153, 153
L -2739.0000, 364.0000, -53.0000,  -2737.0000, 372.0000, -53.0000,  153, 153, 153
L -2737.0000, 372.0000, -53.0000,  -2757.0000, 374.0000, -53.0000,  153, 153, 153
L -2757.0000, 374.0000, -53.0000,  -2757.0000, 544.0000, -53.0000,  153, 153, 153
L -2757.0000, 544.0000, -53.0000,  -2793.0000, 546.0000, -53.0000,  153, 153, 153
L -2793.0000, 546.0000, -53.0000,  -2795.0000, 470.0000, -53.0000,  153, 153, 153
L -2795.0000, 470.0000, -53.0000,  -2809.0000, 470.0000, -53.0000,  153, 153, 153
L -2809.0000, 470.0000, -53.0000,  -2811.0000, 461.0000, -53.0000,  153, 153, 153
L -2811.0000, 461.0000, -53.0000,  -2795.0000, 460.0000, -53.0000,  153, 153, 153
L -2795.0000, 460.0000, -53.0000,  -2795.0000, 374.0000, -53.0000,  153, 153, 153
L -2795.0000, 374.0000, -53.0000,  -2839.0000, 374.0000, -53.0000,  153, 153, 153
L -2839.0000, 374.0000, -53.0000,  -2841.0000, 367.0000, -53.0000,  153, 153, 153
L -2841.0000, 367.0000, -53.0000,  -2795.0000, 364.0000, -53.0000,  153, 153, 153
L -2795.0000, 364.0000, -53.0000,  -2795.0000, 241.0000, -53.0000,  153, 153, 153
L -2795.0000, 241.0000, -53.0000,  -2771.0000, 240.0000, -53.0000,  153, 153, 153
L -2771.0000, 240.0000, -53.0000,  -2771.0000, -195.0000, -53.0000,  153, 153, 153
L -2711.0000, 196.0000, -536.0000,  -2728.0000, 196.0000, -53.0000,  153, 153, 153
L -2728.0000, 196.0000, -53.0000,  -2731.0000, 205.0000, -53.0000,  153, 153, 153
L -2731.0000, 205.0000, -53.0000,  -2711.0000, 206.0000, -53.0000,  153, 153, 153
L -2711.0000, 206.0000, -53.0000,  -2711.0000, 216.0000, -53.0000,  153, 153, 153
L -2711.0000, 216.0000, -53.0000,  -2703.0000, 218.0000, -53.0000,  153, 153, 153
L -2703.0000, 218.0000, -53.0000,  -2701.0000, 206.0000, -53.0000,  153, 153, 153
L -2701.0000, 206.0000, -53.0000,  -2655.0000, 206.0000, -53.0000,  153, 153, 153
L -2655.0000, 206.0000, -53.0000,  -2655.0000, 283.0000, -53.0000,  153, 153, 153
L -2655.0000, 283.0000, -53.0000,  -2627.0000, 282.0000, -53.0000,  153, 153, 153
L -2627.0000, 282.0000, -53.0000,  -2625.0000, 117.0000, -53.0000,  153, 153, 153
L -2625.0000, 117.0000, -53.0000,  -2655.0000, 117.0000, -53.0000,  153, 153, 153
P -1805.2385, -303.5347, -66.9980,  0, 240, 0,  2,  GOOD_DROPS
P -2108.7559, 574.3181, -57.9980,  0, 240, 0,  2,  SOLO_NAMMED
