P -37.1440, 6.6400, 0.4850,  0, 0, 0,  3,  Banker
P -42.2190, -9.4440, 0.4850,  0, 0, 0,  3,  Banker
P 46.9180, -11.8620, 0.4850,  0, 0, 0,  3,  Guild_Banker
P 39.0130, 2.2410, 0.4850,  0, 0, 0,  3,  Guild_Banker
P 119.8070, -65.7600, 0.9010,  0, 0, 0,  3,  Healing_Pool
P 134.3780, 21.8400, -0.7570,  0, 0, 0,  3,  Portal_Stone
P -85.8710, 56.6720, -0.2470,  0, 0, 0,  3,  Oven
P -112.4530, 45.3020, -0.2470,  0, 0, 0,  3,  Forge
P -100.4580, 14.3470, -0.2470,  0, 0, 0,  3,  Pottery_Wheel
P -99.3140, -14.6060, -0.2470,  0, 0, 0,  3,  Kiln
P -108.6560, -36.5150, -0.2470,  0, 0, 0,  3,  Brew_Barrel
P -94.1920, -59.8280, -0.2470,  0, 0, 0,  3,  Loom
P 102.7830, 70.7690, 3.3420,  240, 240, 0,  3,  Zeflmin_Werlikanin
P 82.8470, -67.4260, -0.2470,  240, 240, 0,  3,  Yenny_Werlikanin
P 31.4010, 22.8710, -0.3200,  240, 240, 240,  3,  Guild_Tribute_Master
