P 730.9030, -511.6610, -195.9040,  0, 0, 0,  2,  Ghoul_Sage
P 774.9370, -638.0790, -111.8520,  0, 0, 0,  2,  Ghoul_Assassin
P 1056.4340, -1063.4340, -193.9350,  0, 0, 0,  2,  Frenzied_Ghoul
P 603.2490, -582.5690, -167.9350,  0, 0, 0,  2,  Ghoul_Savant
P 105.4750, -368.0600, -235.1890,  0, 0, 0,  2,  a_Froglok_Noble
P 884.0000, -625.0000, 0.0000,  0, 0, 0,  2,  Ghoul_Executioner
P 1117.0000, -833.0000, 0.0000,  0, 0, 0,  2,  Ghoul_Sentinel
P 609.0000, -578.0000, 0.0000,  0, 0, 0,  2,  Ghoul_Cavalier
P 611.0000, -924.0000, 0.0000,  0, 0, 0,  2,  Froglok_Slaves
P 554.5800, -684.3730, -144.3950,  0, 0, 0,  1,  Ladder
P 714.2610, -634.7940, -167.9360,  0, 0, 0,  3,  Stairs_up
P 217.0000, -1197.0000, 0.0000,  255, 255, 255,  2,  Succor_Point
P 666.1640, -633.5590, -195.9050,  0, 0, 0,  1,  Bottom_of_stairs
P -19.7140, 106.6080, -232.9050,  240, 240, 240,  2,  Froglok_King
P 749.7380, -1075.2500, -251.9050,  0, 0, 0,  2,  Corrupted_Gnome_Explorer
P 689.3650, -1145.3979, -125.9370,  0, 0, 0,  2,  Reanimated_Hand
P 832.4410, -1170.5240, -194.3870,  0, 0, 0,  2,  Arch_Mage
P 747.2430, -1525.3640, -181.9370,  0, 0, 0,  2,  Ghoul_Lord
P -105.1230, -656.1250, -209.9050,  0, 0, 0,  2,  Patriarch
P 368.6750, -947.5320, -197.3160,  0, 0, 0,  2,  Raster
P 450.3690, -621.4590, -196.5300,  0, 0, 0,  2,  Evil_Eye
P -359.6200, -946.1960, -224.9680,  255, 255, 255,  3,  Safe_Hall
P 713.1730, -539.6160, -195.9050,  0, 255, 0,  3,  Scribe
P 693.8410, -596.8950, -139.9370,  0, 255, 255,  3,  Down
P 646.8740, -759.7520, -139.9370,  0, 255, 255,  3,  Bridge
P 734.4970, -629.2490, -167.5450,  0, 255, 255,  3,  Up
P 614.3390, -580.7220, -167.8090,  0, 255, 255,  3,  Down
P 707.7200, -667.2970, -169.6620,  0, 255, 255,  3,  Pit
P 749.8360, -1114.0880, -251.9050,  0, 255, 255,  3,  Trap
P 903.5710, -903.7690, -223.9050,  0, 255, 255,  3,  Trap
