P 1382.0480, -26.2260, -141.3810,  240, 240, 240,  2,  Retind_Oaln
P 1755.7061, 323.7340, 65.8920,  240, 240, 240,  2,  Trainer_Dysarth
P 1421.4910, -313.1580, 86.2560,  240, 240, 240,  2,  Varin_Deathclaw
P 1398.6510, 402.1030, 236.3870,  240, 240, 240,  2,  Foreman_Guppu
P 1546.3860, -104.5620, 264.2800,  240, 240, 240,  2,  Builder_Gorb
P 1228.5389, -177.6670, 389.3570,  240, 240, 240,  2,  Girplan_Arcitect
P 1451.9611, -782.0370, 413.3870,  240, 240, 240,  2,  Taskmaster_Yarln
P 22.1870, 234.1220, -14.5510,  127, 0, 0,  2,  Revolter_Yernom
P 30.9610, 246.1700, -14.5510,  127, 0, 0,  2,  Inventor_Krang
P 187.0630, -362.1300, -40.0950,  127, 0, 0,  2,  Loyal_Servant
P 317.6770, 400.4740, -36.6810,  127, 0, 0,  2,  Guardsman_Quilm
P 818.2400, 103.1910, -77.6730,  127, 0, 0,  2,  Toiler_Opian
P 669.9110, -420.9580, -64.0220,  127, 0, 0,  2,  Trainer_Cyrum
P 1019.5970, -358.0090, -95.7300,  127, 0, 0,  2,  Overseer_Rowgar
P -120.0000, 66.0000, 7.0000,  0, 240, 0,  3,  to_Dranik's_Scar
