P -340.7220, -1969.3990, 12.0020,  0, 0, 0,  2,  NW_Basement_Entrance
P -1452.6340, -1127.2920, -117.9980,  0, 0, 0,  2,  NW_Basement_Area
P 1576.5750, -2882.4260, -117.9980,  0, 0, 0,  2,  NE_Basement_Area
P 1598.3040, -2067.0850, -118.9980,  240, 0, 0,  3,  Trydan_Faye
P 2321.8020, -1762.4500, 12.0020,  0, 0, 0,  2,  NE_Basement_Entrance
P -465.1250, -1374.5811, -117.9980,  240, 0, 0,  3,  Rhaliq_Trell
P -66.2450, -0.1150, 0.0020,  0, 0, 0,  2,  To_HoH_B
P 2681.8889, 328.7870, 0.0020,  0, 0, 0,  1,  GY_/_Succor_point
P 2765.7971, 0.6320, 0.0020,  0, 0, 0,  2,  Zone_in
P 3429.4250, 1974.2280, -117.9980,  0, 0, 0,  2,  SE_Basement_Area
P 2335.8379, 1724.7550, -118.0000,  240, 0, 0,  3,  Alekson_Garn
P 2219.5669, 1130.5649, 12.0020,  0, 0, 0,  2,  SE_Basement_Entrance
P 1932.0000, 4.0000, 0.0000,  0, 0, 0,  2,  Paladin
