L -118.7818, 10.2674, -32.6379,  -118.9492, -12.4531, -32.6379,  255, 0, 255
L 1631.4108, 962.2517, -175.1986,  1631.5603, 957.6304, -174.8995,  255, 0, 255
L 1630.9156, 962.7484, -175.6960,  1627.4032, 966.6097, -177.3526,  255, 0, 255
L 1640.3578, 949.3041, -176.5879,  1630.6484, 957.0471, -174.9863,  255, 0, 255
L 1640.3605, 949.3050, -176.5851,  1640.3591, 949.3045, -176.5866,  0, 0, 0
L 1649.1373, 950.4980, -177.5407,  1640.3605, 949.3050, -176.5851,  255, 0, 255
L 1651.8085, 958.9194, -175.1641,  1649.1500, 950.5349, -177.4055,  255, 0, 255
L 1654.3153, 963.9570, -177.5693,  1651.8612, 958.9004, -175.1738,  255, 0, 255
L 1656.4182, 976.1558, -177.4296,  1654.3153, 963.9570, -177.5693,  255, 0, 255
L 1656.3407, 976.4594, -177.4214,  1651.3301, 985.4819, -177.3559,  255, 0, 255
L 1647.4539, 988.1333, -177.3162,  1653.7474, 983.6604, -177.3828,  255, 0, 255
L 1639.6182, 989.9055, -177.3958,  1647.4039, 988.1469, -177.3143,  255, 0, 255
L 1628.5598, 985.8758, -177.5760,  1639.6178, 989.9055, -177.3959,  255, 0, 255
L 1626.5907, 978.3912, -177.4749,  1628.5598, 985.8758, -177.5760,  255, 0, 255
L 1627.4272, 966.2362, -177.3637,  1626.5905, 978.3896, -177.4749,  255, 0, 255
L -253.6224, -472.0318, -39.5922,  -253.6221, -354.7173, -39.5924,  0, 0, 0
L -253.6227, -476.5203, -39.5922,  37.5360, -476.5080, -39.5922,  0, 0, 0
L 37.5360, -476.5080, -39.5922,  256.1037, -500.4642, -39.5922,  0, 0, 0
L 256.1041, -500.4743, -39.5922,  256.0489, -140.0842, -39.5922,  0, 0, 0
L 256.0151, -140.0840, -39.5922,  183.4336, -140.1298, -39.5922,  0, 0, 0
L 183.4336, -140.1298, -39.5922,  182.7610, -46.2234, -39.5922,  0, 0, 0
L 182.7610, -46.2234, -39.5922,  110.4043, -46.2051, -39.5922,  0, 0, 0
L 110.4043, -46.2051, -39.5922,  110.4344, -49.2764, -39.5922,  0, 0, 0
L 110.4347, -49.3128, -39.5922,  86.3942, -49.7562, -39.5922,  0, 0, 0
L 86.3942, -49.7562, -39.5922,  88.4273, -28.6684, -39.5922,  0, 0, 0
L 88.4273, -28.6684, -39.5922,  196.3555, -31.2187, -70.0669,  0, 0, 0
L 196.3555, -31.2187, -70.0669,  197.7710, -125.0802, -87.9220,  0, 0, 0
L 197.7710, -125.0802, -87.9220,  330.3872, -125.0083, -105.6903,  0, 0, 0
L 330.8926, -123.5445, -105.6903,  488.9572, -123.6433, -105.6903,  0, 0, 0
L 488.9572, -123.6433, -105.6903,  627.7401, -121.9851, -105.6903,  0, 0, 0
L 627.7401, -121.9851, -105.6903,  774.8387, -123.6415, -105.6903,  0, 0, 0
L 774.8387, -123.6415, -105.6903,  906.7922, -127.2557, -105.6903,  0, 0, 0
L 906.7922, -127.2557, -105.6903,  905.3970, -24.5629, -105.6903,  0, 0, 0
L 905.3970, -24.5629, -105.6903,  1000.4655, -26.2397, -65.0901,  0, 0, 0
L 1000.4655, -26.2397, -65.0901,  1012.9807, -26.2673, -65.6074,  0, 0, 0
L 1013.0355, -26.2681, -65.6074,  1011.1564, -46.2427, -65.3686,  0, 0, 0
L 1011.1564, -46.2427, -65.3686,  1040.3790, -84.7490, -65.3735,  0, 0, 0
L 1040.3790, -84.7490, -65.3735,  1059.6454, -125.3344, -65.3241,  0, 0, 0
L 1059.7709, -125.4329, -65.3243,  1097.8501, -164.3515, -65.3810,  0, 0, 0
L 1097.8502, -164.3517, -65.3810,  1133.6705, -207.0561, -65.3129,  0, 0, 0
L 1133.7169, -207.0728, -65.3130,  1176.2982, -250.6542, -65.1108,  0, 0, 0
L 1176.8290, -250.9141, -65.1296,  1248.0951, -262.4242, -65.4477,  0, 0, 0
L 1248.0957, -262.4243, -65.4478,  1244.9705, -279.1525, -65.2106,  0, 0, 0
L 1244.9705, -279.1525, -65.2106,  1264.9075, -279.2146, -65.6238,  0, 0, 0
L 1264.9075, -279.2146, -65.6238,  1263.7733, -384.4310, -105.6331,  0, 0, 0
L 1263.7733, -384.4350, -105.6331,  1189.6088, -383.5307, -105.6470,  0, 0, 0
L 1189.6049, -383.5321, -105.6470,  1094.7737, -448.3835, -130.2099,  0, 0, 0
L 1094.6945, -448.4378, -130.2099,  1010.9186, -578.2201, -144.3229,  0, 0, 0
L 1010.9186, -578.2201, -144.3229,  1005.6981, -633.6358, -144.3137,  0, 0, 0
L 1005.6981, -633.6358, -144.3137,  998.1884, -636.3045, -144.2926,  0, 0, 0
L 998.1868, -636.3046, -144.2926,  982.0156, -635.2830, -144.3069,  0, 0, 0
L 981.9818, -635.2827, -144.3069,  991.6100, -563.4899, -144.3046,  0, 0, 0
L 991.6100, -563.4899, -144.3045,  1088.4225, -426.0347, -149.1928,  0, 0, 0
L 1088.4225, -426.0347, -149.1928,  1196.3662, -364.8441, -111.2451,  0, 0, 0
L 1196.3662, -364.8441, -111.2451,  1242.8022, -364.8865, -106.7176,  0, 0, 0
L 1242.8022, -364.8865, -106.7176,  1245.7856, -301.1259, -72.8833,  0, 0, 0
L 1245.7856, -301.1259, -72.8833,  1242.7240, -281.1844, -65.1304,  0, 0, 0
L 1242.7240, -281.1844, -65.1304,  1175.5151, -272.7383, -65.1013,  0, 0, 0
L 1175.3837, -272.7312, -65.0964,  1056.9868, -151.3893, -65.0109,  0, 0, 0
L 1056.7380, -151.1833, -65.0109,  1020.4661, -103.4514, -65.1382,  0, 0, 0
L 990.5140, -46.6411, -65.3509,  929.1078, -44.2665, -105.6643,  0, 0, 0
L 990.5140, -46.6411, -70.3979,  1020.4661, -103.4514, -65.1277,  0, 0, 0
L 929.0983, -44.2896, -105.6673,  925.5608, -123.5166, -119.1898,  0, 0, 0
L 925.5608, -123.5084, -119.1877,  927.8173, -148.8188, -121.8502,  0, 0, 0
L 927.8173, -148.8188, -121.8502,  768.6241, -145.6355, -144.3046,  0, 0, 0
L 768.4891, -145.6358, -144.3046,  715.0352, -143.8886, -143.6785,  0, 0, 0
L 715.0340, -143.8886, -143.6783,  716.1594, 140.5690, -143.1122,  0, 0, 0
L 716.8397, 143.6447, -143.1508,  774.9720, 145.3123, -143.7737,  0, 0, 0
L 775.0293, 145.3122, -143.7741,  889.8668, 141.9367, -140.7588,  0, 0, 0
L 889.9511, 141.9364, -140.7578,  930.1625, 141.2325, -120.5907,  0, 0, 0
L 930.1625, 141.2325, -120.5907,  925.5591, 46.9001, -106.2801,  0, 0, 0
L 925.5591, 46.9001, -106.2801,  989.3198, 43.9202, -71.5825,  0, 0, 0
L 989.3198, 43.9202, -71.5825,  1007.5286, 46.8903, -65.1789,  0, 0, 0
L 1007.5286, 46.8903, -65.1789,  1010.0040, 91.9949, -65.1252,  0, 0, 0
L 1010.0045, 92.0052, -65.1251,  1041.4320, 148.8920, -65.0782,  0, 0, 0
L 1042.6460, 150.0784, -65.0178,  1095.5010, 200.1698, -65.1703,  0, 0, 0
L 1095.5206, 200.1923, -65.1701,  1158.1971, 252.9229, -65.0990,  0, 0, 0
L 1148.4808, 248.1140, -65.0575,  1242.8790, 283.1439, -65.3631,  0, 0, 0
L 1242.8790, 283.1439, -65.3631,  1245.8032, 361.8822, -105.5660,  0, 0, 0
L 1245.8032, 361.8822, -105.5660,  1218.6376, 365.4392, -109.0480,  0, 0, 0
L 1218.6479, 363.8786, -108.5084,  1197.2723, 362.0914, -111.0349,  0, 0, 0
L 1197.2723, 362.0914, -111.0349,  1070.8314, 420.6501, -145.3079,  0, 0, 0
L 1070.7480, 420.6883, -145.3005,  910.0616, 466.2387, -143.7922,  0, 0, 0
L 909.9078, 466.2790, -143.7922,  770.4238, 529.0112, -143.7922,  0, 0, 0
L 770.4193, 529.0100, -143.7922,  755.5237, 541.9124, -143.7922,  0, 0, 0
L 755.5504, 541.8794, -143.7922,  667.1979, 642.1117, -143.7922,  0, 0, 0
L 667.1775, 642.1348, -143.7922,  656.4531, 654.8917, -143.1921,  0, 0, 0
L 656.4531, 654.8917, -143.1919,  644.0726, 741.0540, -143.7389,  0, 0, 0
L 644.0726, 741.0540, -143.7281,  632.4321, 787.2565, -143.5801,  0, 0, 0
L 632.4321, 787.2565, -143.5801,  652.7484, 790.1733, -143.6558,  0, 0, 0
L 652.7484, 790.1733, -143.6558,  671.9656, 668.7294, -144.0480,  0, 0, 0
L 672.2365, 668.8038, -144.0480,  771.4349, 555.2678, -140.3334,  0, 0, 0
L 771.4376, 555.2664, -140.3332,  926.6274, 484.5948, -131.5690,  0, 0, 0
L 926.7812, 484.5537, -131.5689,  1072.1993, 444.2277, -122.6668,  0, 0, 0
L 1072.2264, 444.2144, -122.6667,  1207.2838, 384.0369, -105.6221,  0, 0, 0
L 1207.2876, 384.0368, -105.6221,  1262.5680, 384.1573, -105.6340,  0, 0, 0
L 1262.5645, 384.1604, -105.6339,  1263.7921, 281.0781, -65.6070,  0, 0, 0
L 1263.7921, 281.0781, -65.4475,  1168.8163, 238.9615, -65.2965,  0, 0, 0
L 1168.8163, 238.9615, -65.2965,  1040.7136, 118.7603, -65.0109,  0, 0, 0
L 1040.7095, 118.7555, -65.0109,  1011.2617, 42.8463, -65.3139,  0, 0, 0
L 1011.2617, 42.8463, -65.3139,  1011.2845, 25.6968, -65.6020,  0, 0, 0
L 1011.2845, 25.6963, -65.6019,  998.7082, 25.9371, -65.0250,  0, 0, 0
L 998.6907, 25.9369, -65.0250,  908.9116, 25.9497, -105.6903,  0, 0, 0
L 907.4653, 25.9353, -105.6903,  910.5682, 123.3680, -105.6903,  0, 0, 0
L 910.5682, 123.3680, -105.6903,  283.8472, 124.6820, -105.6903,  0, 0, 0
L 283.8454, 124.6819, -105.6903,  197.7710, 124.8319, -87.9220,  0, 0, 0
L 197.7710, 124.8319, -87.9220,  198.4728, 31.9856, -70.0669,  0, 0, 0
L 198.4728, 31.9856, -70.0669,  105.9341, 27.3266, -39.5922,  0, 0, 0
L 105.9040, 27.3367, -39.5922,  85.1973, 27.4971, -39.5922,  0, 0, 0
L 85.1973, 27.4971, -39.5922,  88.4264, 51.1797, -39.5922,  0, 0, 0
L 88.4264, 51.1797, -39.5922,  182.7576, 45.9137, -39.5922,  0, 0, 0
L 182.7576, 45.9137, -39.5922,  182.7780, 141.7459, -39.5922,  0, 0, 0
L 182.7778, 141.7628, -39.5922,  256.0626, 139.7927, -39.5922,  0, 0, 0
L 256.0626, 139.7927, -39.5922,  256.1038, 500.1783, -39.5922,  0, 0, 0
L 256.1038, 500.1783, -39.5922,  166.6256, 496.8046, -39.5922,  0, 0, 0
L 166.5005, 496.8049, -39.5922,  -249.6526, 479.2285, -39.5922,  0, 0, 0
L -249.6526, 479.2285, -39.5922,  -253.6937, 353.8963, -39.5925,  0, 0, 0
L -253.6937, 353.8963, -39.5925,  -228.6061, 353.9381, -39.1809,  0, 0, 0
L -228.6054, 353.9381, -39.1808,  -228.1138, 258.4866, -38.5416,  0, 0, 0
L -215.5175, 239.7145, -38.6246,  -194.7539, 224.9654, -38.5034,  0, 0, 0
L -194.7539, 224.9654, -38.5034,  -177.5780, 206.7197, -38.1310,  0, 0, 0
L -177.5776, 206.7786, -38.1296,  -177.5926, 184.3116, -38.0829,  0, 0, 0
L -177.5926, 184.3116, -38.0829,  -194.7570, 162.7987, -38.5953,  0, 0, 0
L -194.7552, 162.3842, -38.5852,  -197.3323, 153.8915, -38.2917,  0, 0, 0
L -197.3323, 153.8915, -38.2917,  -215.6131, 154.1134, -38.3610,  0, 0, 0
L -215.6131, 154.1134, -38.3610,  -197.3323, 153.8915, -38.2917,  0, 0, 0
L -197.3323, 153.8915, -38.2917,  -215.6135, 154.1755, -38.3676,  0, 0, 0
L -215.6135, 154.1755, -38.3676,  -215.5986, 125.7033, -35.9561,  0, 0, 0
L -215.5986, 125.7033, -35.9561,  -198.5292, 125.7439, -36.2343,  0, 0, 0
L -198.5292, 125.7439, -36.2343,  -192.3881, 106.9522, -35.0830,  0, 0, 0
L -192.3881, 106.9522, -35.0830,  -185.9849, 106.9566, -35.2902,  0, 0, 0
L -183.6495, 106.9704, -35.2671,  -184.1954, 74.6774, -32.6379,  0, 0, 0
L -184.1954, 74.6774, -32.6379,  -151.3543, 79.2078, -32.6379,  0, 0, 0
L -151.1295, 79.2075, -32.6379,  -119.4089, 73.4263, -32.6379,  0, 0, 0
L -119.2991, 73.2273, -32.6379,  -118.6107, 43.5828, -32.6379,  0, 0, 0
L -118.6107, 43.5828, -32.6379,  -111.9368, 43.5601, -32.6541,  0, 0, 0
L -111.9368, 43.5601, -32.6541,  -112.7913, 31.3764, -32.6470,  0, 0, 0
L -112.7910, 31.3420, -32.6470,  -118.5811, 33.5161, -32.6379,  0, 0, 0
L -118.5811, 33.5161, -32.6379,  -118.4125, 4.9916, -32.6379,  0, 0, 0
L -118.4125, 4.9916, -32.6379,  -118.0462, -33.9724, -32.6379,  0, 0, 0
L -118.0316, -33.9723, -32.6379,  -114.2083, -33.9635, -32.6379,  0, 0, 0
L -113.1490, -47.3739, -32.6441,  -118.5935, -50.6634, -32.6379,  0, 0, 0
L -118.5935, -50.6635, -32.6379,  -118.6334, -75.9535, -32.6379,  0, 0, 0
L -118.6334, -75.9584, -32.6379,  -148.4454, -73.8793, -32.6379,  0, 0, 0
L -148.4454, -73.8793, -32.6379,  -148.4131, -81.0387, -32.6379,  0, 0, 0
L -148.4131, -81.0398, -32.6379,  -184.3635, -75.1521, -32.6379,  0, 0, 0
L -184.3635, -75.1521, -32.6379,  -184.3567, -108.5508, -35.1062,  0, 0, 0
L -184.3567, -108.5528, -35.1068,  -203.1108, -107.4144, -34.1798,  0, 0, 0
L -203.1108, -107.4144, -34.1798,  -205.4714, -126.3931, -36.0049,  0, 0, 0
L -205.4754, -126.3864, -36.0037,  -215.6136, -126.1884, -35.9648,  0, 0, 0
L -215.6136, -126.1884, -35.9648,  -215.5659, -154.6489, -38.3767,  0, 0, 0
L -215.5659, -154.6489, -38.3767,  -197.1856, -154.4914, -38.3129,  0, 0, 0
L -194.7832, -175.2850, -38.6245,  -177.8392, -185.1709, -38.1000,  0, 0, 0
L -177.5527, -209.6794, -38.0913,  -192.7720, -225.7225, -38.3853,  0, 0, 0
L -194.7543, -232.4575, -38.5048,  -194.7840, -236.9997, -38.5049,  0, 0, 0
L -194.7840, -236.9997, -38.5049,  -206.7882, -240.1748, -38.6245,  0, 0, 0
L -206.7882, -240.1748, -38.6245,  -215.2572, -258.9000, -38.1803,  0, 0, 0
L -215.2572, -258.9000, -38.1803,  -228.1132, -260.3916, -38.5416,  0, 0, 0
L -228.1132, -260.3916, -38.5416,  -228.1143, -293.1604, -38.5407,  0, 0, 0
L -228.1143, -293.1604, -38.5407,  -228.1085, -328.0239, -39.2721,  0, 0, 0
L -253.5272, -354.7122, -39.5922,  -228.9037, -354.7448, -39.1859,  0, 0, 0
L -228.8861, -354.7448, -39.1851,  -228.1145, -302.7516, -38.6328,  0, 0, 0
L -194.7555, -234.6629, -38.5034,  -186.6298, -219.5807, -38.2985,  0, 0, 0
L -177.8131, -209.6968, -38.1012,  -177.6361, -184.5217, -38.0824,  0, 0, 0
L -194.5142, -175.3044, -38.6246,  -198.5583, -154.6683, -38.3794,  0, 0, 0
L -113.6542, -46.4325, -32.6399,  -114.6289, -33.9655, -32.6379,  0, 0, 0
L -188.6479, 106.9597, -35.2207,  -183.7910, 106.5735, -35.2375,  0, 0, 0
L -215.2516, 239.7344, -38.6246,  -213.9478, 257.7004, -38.1436,  0, 0, 0
L -213.9478, 257.7004, -38.1436,  -228.1092, 258.4659, -38.5405,  0, 0, 0
L 234.5007, -78.1349, -87.9220,  235.8401, -34.1786, -70.0669,  0, 0, 0
L 235.8401, -34.1782, -70.0669,  235.4001, 33.3640, -70.0669,  0, 0, 0
L 235.3917, 33.3178, -70.0669,  235.8443, 79.7246, -87.9220,  0, 0, 0
L 235.8443, 79.7246, -87.9220,  291.6609, 78.6332, -105.6903,  0, 0, 0
L 291.6704, 78.6331, -105.6903,  290.4411, -79.7847, -105.6903,  0, 0, 0
L 290.4411, -79.8158, -105.6903,  234.5007, -78.1349, -87.9220,  0, 0, 0
L 1316.0544, -279.3822, -65.6288,  1334.5900, -275.7784, -65.4060,  0, 0, 0
L 1334.5900, -275.7784, -65.4060,  1335.2623, -268.4022, -65.3908,  0, 0, 0
L 1335.2623, -268.4019, -65.3908,  1443.9088, -209.7315, -65.0109,  0, 0, 0
L 1443.9181, -209.7212, -65.0109,  1505.2849, -154.7588, -65.2661,  0, 0, 0
L 1505.2938, -154.7497, -65.2661,  1544.4829, -111.6588, -65.1808,  0, 0, 0
L 1544.4841, -111.6519, -65.1811,  1555.2848, -55.3665, -65.2176,  0, 0, 0
L 1555.3375, -54.4084, -65.2071,  1558.6254, -43.8096, -65.3601,  0, 0, 0
L 1558.6254, -43.8096, -65.3601,  1570.4659, -45.5319, -65.2065,  0, 0, 0
L 1570.4659, -45.5319, -65.2065,  1570.4855, -23.9922, -65.6238,  0, 0, 0
L 1570.4855, -23.9917, -65.6238,  1673.1479, -26.3234, -105.6344,  0, 0, 0
L 1673.1479, -26.3234, -105.6344,  1674.7762, -85.9721, -105.6562,  0, 0, 0
L 1674.7762, -85.9721, -105.6561,  1683.4371, -189.2761, -130.4889,  0, 0, 0
L 1767.4243, -306.7917, -147.7264,  1683.4612, -189.8198, -130.5622,  0, 0, 0
L 1766.6379, -305.2747, -147.7263,  1914.4193, -397.8628, -166.8418,  0, 0, 0
L 1914.4276, -397.8678, -166.8445,  2085.0352, -458.8826, -192.5263,  0, 0, 0
L 2085.0352, -458.8826, -192.5263,  2156.0349, -593.7019, -192.4847,  0, 0, 0
L 2282.4490, -688.6478, -235.2653,  2156.3735, -594.2992, -192.4847,  0, 0, 0
L 2281.9417, -688.2791, -235.2863,  2269.3469, -706.8279, -233.1818,  0, 0, 0
L 2269.3469, -706.8279, -233.1818,  2138.6780, -608.9557, -217.8807,  0, 0, 0
L 2070.1643, -477.5305, -204.3001,  2140.1584, -610.3451, -218.3065,  0, 0, 0
L 2068.7588, -476.3017, -204.0318,  1896.2250, -412.6814, -193.7091,  0, 0, 0
L 1896.0969, -412.6080, -193.7091,  1752.7385, -324.9594, -185.0228,  0, 0, 0
L 1752.7385, -324.9594, -184.5043,  1661.5839, -191.6819, -164.6700,  0, 0, 0
L 1661.5839, -191.6819, -164.6700,  1656.7742, -98.2562, -111.7310,  0, 0, 0
L 1656.7721, -98.2425, -111.7218,  1656.2039, -47.3061, -106.9874,  0, 0, 0
L 1656.2039, -47.3061, -106.9874,  1575.5048, -47.2919, -66.3328,  0, 0, 0
L 1575.5046, -47.2919, -66.3326,  1536.8243, -152.8832, -65.0409,  0, 0, 0
L 1536.8181, -152.8909, -65.0408,  1430.4884, -250.1860, -65.0499,  0, 0, 0
L 1430.4851, -250.1893, -65.0499,  1365.1602, -278.4352, -65.0109,  0, 0, 0
L 1365.1602, -278.4352, -65.0109,  1336.8799, -285.5428, -65.3576,  0, 0, 0
L 1336.8799, -285.5428, -65.3576,  1333.9965, -361.3484, -107.3387,  0, 0, 0
L 1333.9965, -361.3484, -107.3386,  1384.9219, -361.7012, -118.4557,  0, 0, 0
L 1384.9219, -361.7012, -118.4557,  1372.6219, -459.5968, -144.8474,  0, 0, 0
L 1372.6219, -459.5968, -144.8474,  1352.9963, -458.5838, -141.3247,  0, 0, 0
L 1352.9963, -458.5838, -141.3246,  1209.7445, -458.6390, -145.1565,  0, 0, 0
L 1209.7445, -458.6390, -145.1565,  1147.5234, -503.5915, -167.0831,  0, 0, 0
L 1147.4038, -503.6741, -167.1178,  1074.0968, -601.3960, -182.4477,  0, 0, 0
L 1074.0782, -601.4278, -182.4424,  1073.1907, -723.0787, -181.6139,  0, 0, 0
L 1073.1973, -723.0934, -181.6153,  1144.0618, -826.8304, -177.9378,  0, 0, 0
L 1144.0797, -826.8332, -177.9383,  1308.7981, -852.4977, -193.7091,  0, 0, 0
L 1308.7981, -852.4977, -193.7091,  1302.3937, -875.8917, -193.7195,  0, 0, 0
L 1302.3933, -875.8929, -193.7195,  1130.8175, -848.5711, -144.2501,  0, 0, 0
L 1130.8171, -848.5713, -144.2501,  1049.8649, -725.1663, -144.2942,  0, 0, 0
L 1049.8649, -725.1663, -144.2942,  1058.5540, -581.0833, -143.9789,  0, 0, 0
L 1058.5752, -581.0348, -143.9671,  1134.5984, -485.8026, -130.2033,  0, 0, 0
L 1134.6754, -485.7474, -130.2033,  1211.4935, -434.1195, -105.6522,  0, 0, 0
L 1211.4949, -434.1235, -105.6522,  1350.6918, -440.2153, -105.6246,  0, 0, 0
L 1350.6918, -440.2153, -105.6246,  1363.0673, -383.4908, -105.5986,  0, 0, 0
L 1363.0673, -383.4908, -105.5986,  1315.1179, -382.4552, -105.6173,  0, 0, 0
L 1315.1168, -382.4547, -105.6173,  1315.9355, -280.0479, -65.6291,  0, 0, 0
L 1578.8696, 26.1784, -65.6276,  1674.4401, 26.2154, -105.6218,  0, 0, 0
L 1674.4401, 26.2154, -105.6218,  1673.8507, 71.3718, -105.6046,  0, 0, 0
L 1673.8507, 71.3718, -105.6046,  1728.9996, 58.9718, -105.6263,  0, 0, 0
L 1727.5591, 64.7702, -105.6258,  1728.1925, -80.9156, -105.6529,  0, 0, 0
L 1728.1924, -80.9161, -105.6529,  1736.6329, -179.6513, -130.6494,  0, 0, 0
L 1736.6329, -179.6516, -130.6495,  1808.3440, -284.9092, -147.9402,  0, 0, 0
L 1808.3450, -284.9110, -147.9407,  1934.4332, -358.7705, -166.7311,  0, 0, 0
L 1934.5638, -358.8445, -166.7727,  2099.7585, -418.5655, -192.4534,  0, 0, 0
L 2099.7585, -418.5655, -192.4534,  2148.5525, -279.0071, -235.0555,  0, 0, 0
L 2148.5525, -279.0070, -235.0554,  2127.5396, -272.8334, -235.2568,  0, 0, 0
L 2127.5396, -272.8334, -235.2568,  2089.3328, -392.1469, -219.3813,  0, 0, 0
L 2089.3328, -392.1469, -219.3813,  1943.2144, -342.4109, -204.5086,  0, 0, 0
L 1943.2144, -342.4109, -204.5086,  1824.6344, -274.6611, -183.8838,  0, 0, 0
L 1824.6343, -274.6612, -183.8791,  1756.1650, -178.9993, -166.5420,  0, 0, 0
L 1756.1525, -178.9811, -166.4676,  1746.2234, -83.1176, -140.3617,  0, 0, 0
L 1746.2234, -83.1176, -140.3617,  1746.2830, 60.9475, -137.0366,  0, 0, 0
L 1746.2827, 60.9475, -137.0364,  1749.2427, 82.8840, -141.3083,  0, 0, 0
L 1749.2427, 82.8840, -141.3082,  1668.9832, 92.9081, -122.7296,  0, 0, 0
L 1653.1646, 91.8748, -113.6746,  1656.4630, 46.4499, -109.6995,  0, 0, 0
L 1653.1732, 88.9031, -113.6969,  1671.6383, 92.6715, -124.2171,  0, 0, 0
L 1656.5448, 46.4597, -109.7236,  1630.7457, 43.5280, -101.5298,  0, 0, 0
L 1593.2662, 43.5677, -71.8542,  1571.4751, 46.3713, -65.3704,  0, 0, 0
L 1592.8647, 43.5542, -71.6253,  1632.7183, 43.5506, -102.0968,  0, 0, 0
L 1571.5098, 46.4067, -65.3691,  1565.4255, 81.3678, -65.0377,  0, 0, 0
L 1565.4255, 81.3678, -65.0377,  1547.2389, 123.1933, -65.1319,  0, 0, 0
L 1527.7948, 147.2533, -65.0230,  1486.0437, 196.5387, -65.1972,  0, 0, 0
L 1486.0435, 196.5399, -65.1971,  1441.9573, 239.9154, -65.0986,  0, 0, 0
L 1526.7797, 146.9250, -65.0214,  1549.1860, 119.0937, -65.1505,  0, 0, 0
L 1442.6938, 238.9830, -65.0970,  1396.5769, 274.0573, -65.1519,  0, 0, 0
L 1396.5769, 274.0573, -65.1519,  1336.5815, 280.9636, -65.1532,  0, 0, 0
L 1336.5815, 280.9636, -65.1532,  1333.6597, 362.2255, -105.2526,  0, 0, 0
L 1333.6597, 362.2255, -105.2526,  1367.5553, 360.9449, -107.6743,  0, 0, 0
L 1369.1697, 361.5540, -108.3214,  1483.3900, 371.3752, -157.6911,  0, 0, 0
L 1483.3900, 371.3752, -157.6911,  1602.4595, 458.0655, -176.0546,  0, 0, 0
L 1602.4595, 458.0655, -176.0546,  1620.0261, 470.0402, -178.4291,  0, 0, 0
L 1620.0261, 470.0402, -178.4291,  1692.4919, 595.7682, -188.2066,  0, 0, 0
L 1692.8042, 595.5834, -188.2078,  1702.7111, 615.0012, -190.6031,  0, 0, 0
L 1702.7111, 615.0012, -190.6031,  1758.1425, 767.3926, -216.5983,  0, 0, 0
L 1758.1425, 767.3926, -216.5983,  1860.6335, 751.8104, -231.0723,  0, 0, 0
L 1902.9506, 743.5626, -225.9797,  1923.6364, 738.3751, -224.3959,  0, 0, 0
L 1923.6364, 738.3751, -224.3959,  1969.8356, 723.5618, -232.3873,  0, 0, 0
L 1969.8356, 723.5618, -232.3873,  2041.0725, 697.5947, -236.6180,  0, 0, 0
L 1923.9552, 740.2606, -224.3353,  1855.6769, 752.6996, -230.7065,  0, 0, 0
L 2041.0608, 697.6364, -236.6165,  2059.7065, 687.6147, -236.7474,  0, 0, 0
L 2059.7065, 687.6147, -236.7474,  2067.0632, 707.9436, -236.4987,  0, 0, 0
L 2067.0632, 707.9436, -236.4987,  2045.9845, 711.0898, -235.8279,  0, 0, 0
L 2045.9845, 711.0898, -235.8279,  1926.5679, 759.2271, -203.6947,  0, 0, 0
L 1926.5679, 759.2271, -203.6947,  1767.3510, 782.8184, -180.0514,  0, 0, 0
L 1767.3510, 782.8184, -180.0514,  1747.8975, 793.8068, -179.0223,  0, 0, 0
L 1747.8975, 793.8068, -179.0223,  1689.9716, 621.7687, -153.2361,  0, 0, 0
L 1689.9716, 621.7687, -153.2361,  1610.8707, 483.1129, -141.5222,  0, 0, 0
L 1610.8707, 483.1129, -141.5222,  1482.2781, 391.4341, -130.6285,  0, 0, 0
L 1482.2781, 391.4341, -130.6285,  1461.3142, 387.1651, -129.8001,  0, 0, 0
L 1461.3142, 387.1651, -129.8001,  1383.0503, 380.2795, -106.7027,  0, 0, 0
L 1383.0498, 380.2794, -106.7025,  1315.0023, 383.5024, -105.6430,  0, 0, 0
L 1315.0023, 383.5024, -105.6430,  1316.3120, 287.1463, -65.5985,  0, 0, 0
L 1316.3120, 287.1463, -65.5985,  1316.3201, 264.0503, -65.6013,  0, 0, 0
L 1316.3201, 264.0503, -65.4324,  1401.3716, 250.8075, -65.1729,  0, 0, 0
L 1401.3778, 250.7986, -65.1726,  1466.3944, 183.6869, -65.4744,  0, 0, 0
L 1466.5890, 183.3697, -65.4722,  1530.5796, 115.2335, -65.3279,  0, 0, 0
L 1530.5814, 115.2308, -65.3279,  1552.6443, 53.5130, -65.1303,  0, 0, 0
L 1552.6443, 53.5126, -65.1304,  1558.4524, 38.4380, -65.5437,  0, 0, 0
L 1558.4524, 38.4380, -65.5437,  1570.8107, 45.2600, -65.4084,  0, 0, 0
L 1570.8107, 45.2600, -65.4084,  1570.8347, 25.3710, -65.6298,  0, 0, 0
L 1570.8347, 25.3710, -65.6298,  1583.8419, 26.1647, -65.0250,  0, 0, 0
L 2144.5076, -441.9127, -192.4533,  2191.0964, -312.1402, -234.9976,  0, 0, 0
L 2191.0964, -312.1402, -234.9976,  2193.5405, -305.2883, -234.9154,  0, 0, 0
L 2193.5405, -305.2883, -234.9154,  2213.5823, -313.2324, -234.7205,  0, 0, 0
L 2213.5823, -313.2324, -234.7205,  2198.7104, -344.2011, -230.9798,  0, 0, 0
L 2198.7104, -344.2011, -230.9798,  2162.3909, -446.3291, -218.2146,  0, 0, 0
L 2162.3909, -446.3291, -218.2146,  2201.7500, -530.4440, -219.3201,  0, 0, 0
L 2201.7500, -530.4440, -219.3201,  2250.4031, -575.1801, -229.1283,  0, 0, 0
L 2250.4031, -575.1801, -229.1283,  2294.3135, -606.9516, -234.0624,  0, 0, 0
L 2294.3135, -606.9516, -234.0624,  2328.2627, -627.2980, -235.5722,  0, 0, 0
L 2328.2627, -627.2980, -235.5722,  2317.4351, -643.9106, -235.5175,  0, 0, 0
L 2317.4351, -643.9106, -235.5175,  2296.2749, -630.1569, -233.8385,  0, 0, 0
L 2296.2744, -630.1566, -233.8382,  2198.2976, -556.6868, -192.9887,  0, 0, 0
L 2198.2976, -556.6868, -192.9887,  2191.6165, -551.3248, -192.4926,  0, 0, 0
L 2191.6165, -551.3248, -192.4926,  2137.7798, -460.1562, -192.4728,  0, 0, 0
L 2137.7798, -460.1562, -192.4728,  2145.6641, -439.8404, -192.4518,  0, 0, 0
L 1845.3551, 494.9573, -239.2798,  1931.0286, 530.2104, -241.1277,  0, 127, 127
L 1931.0286, 530.2104, -241.1277,  2024.1953, 520.4213, -239.5549,  0, 127, 127
L 2024.1953, 520.4213, -239.5549,  2050.5898, 508.8154, -239.4383,  0, 127, 127
L 2050.5898, 508.8154, -239.4383,  2098.4670, 456.8122, -240.8332,  0, 127, 127
L 2100.2749, 455.6872, -240.1748,  2125.0935, 387.1671, -239.1463,  0, 127, 127
L 2125.0935, 387.1671, -239.1463,  2163.2915, 333.2545, -236.7457,  0, 127, 127
L 2163.2915, 333.2540, -236.7462,  2174.9321, 282.3966, -239.0197,  0, 127, 127
L 2174.9331, 282.3860, -239.0208,  2191.4253, 238.5744, -240.5209,  0, 127, 127
L 2191.4253, 238.5744, -240.5209,  2220.6157, 176.7273, -241.3199,  0, 127, 127
L 2220.7786, 176.2993, -241.3553,  2259.6101, 101.7712, -239.8522,  0, 127, 127
L 2259.6101, 101.7712, -239.8522,  2243.3293, 18.4860, -242.8460,  0, 127, 127
L 2243.3154, 18.4284, -242.8443,  2233.2847, -32.8569, -241.6933,  0, 127, 127
L 2233.2031, -32.9237, -241.7570,  2227.3333, -62.2585, -242.4676,  0, 127, 127
L 2227.0994, -63.2980, -241.8841,  2203.9395, -81.5243, -242.4787,  0, 127, 127
L 2203.6499, -81.6031, -241.7735,  2143.0747, -98.8758, -240.8252,  0, 127, 127
L 2142.9041, -98.8947, -240.8684,  2094.4175, -99.9485, -239.3734,  0, 127, 127
L 2094.4175, -99.9485, -239.3733,  1988.7142, -34.5687, -243.0931,  0, 127, 127
L 1988.7141, -34.5687, -243.0931,  1970.1952, -11.4809, -243.1488,  0, 127, 127
L 1970.1952, -11.4809, -243.1488,  1966.3362, 23.1248, -241.4184,  0, 127, 127
L 1966.3367, 23.1296, -241.4191,  1997.6025, 109.6114, -247.1692,  0, 0, 0
L 1997.5980, 108.7493, -247.1692,  2000.4523, 168.5130, -247.1692,  0, 0, 0
L 2000.8978, 168.5473, -247.1692,  2124.4231, 181.8741, -247.1692,  0, 0, 0
L 2124.4541, 182.1847, -247.1692,  2122.1147, 219.0168, -247.1689,  0, 0, 0
L 2122.1147, 219.0168, -247.1689,  2123.7080, 221.7867, -248.6741,  0, 0, 0
L 2123.8030, 221.6096, -247.7268,  2000.2479, 213.8951, -246.8741,  0, 0, 0
L 1995.1307, 213.4596, -248.0444,  1977.4160, 281.3666, -248.2568,  0, 0, 0
L 1977.3613, 281.4728, -248.2568,  1941.3901, 347.6494, -247.6838,  0, 0, 0
L 1943.9358, 343.2350, -247.6838,  1933.7773, 342.3427, -244.4900,  0, 0, 0
L 1933.7773, 342.3427, -244.4899,  1912.1357, 360.6103, -244.3330,  0, 127, 127
L 1912.1354, 360.6103, -244.3328,  1861.6497, 383.2432, -242.4975,  0, 127, 127
L 1861.6428, 383.2461, -242.4941,  1831.7518, 455.3427, -244.6686,  0, 127, 127
L 1831.7457, 455.3631, -244.6272,  1856.3318, 492.1760, -243.2338,  0, 127, 127
L 1856.3350, 492.1805, -243.2292,  1845.2679, 494.9621, -239.2716,  0, 127, 127
L 1941.3901, 347.6494, -242.7758,  1878.6188, 343.2030, -236.8506,  0, 0, 0
L 1851.5336, 261.4853, -233.3761,  1849.0142, 176.0095, -236.9110,  0, 0, 0
L 1849.0140, 176.0097, -236.9109,  1865.0664, 99.6853, -233.2919,  0, 0, 0
L 1865.0664, 99.6853, -233.2919,  1903.2253, 23.7595, -234.6703,  0, 0, 0
L 1903.2253, 23.7595, -234.6703,  1907.2588, 21.9113, -233.2919,  0, 0, 0
L 1907.2625, 21.9095, -233.2919,  1968.5491, 24.2069, -242.5491,  0, 0, 0
L 1851.9194, 261.1549, -233.2919,  1878.8320, 343.7732, -236.9555,  0, 0, 0
L 2083.9404, 758.8601, -236.0480,  2068.6155, 765.7520, -235.8279,  0, 0, 0
L 2068.6130, 765.7525, -235.8279,  1949.4323, 810.0705, -204.1981,  0, 0, 0
L 1949.4294, 810.0708, -204.1968,  1755.2760, 844.4811, -178.9299,  0, 0, 0
L 1755.0182, 844.5259, -178.9296,  1671.0436, 828.8385, -178.9428,  0, 0, 0
L 1671.0436, 828.8385, -178.9428,  1664.0383, 848.8699, -178.9428,  0, 0, 0
L 1664.0383, 848.8699, -178.9428,  1685.0647, 853.3757, -178.9723,  0, 0, 0
L 1685.2167, 852.9592, -179.0102,  1742.7855, 862.7735, -187.2280,  0, 0, 0
L 1742.7855, 862.7735, -187.2280,  1931.0940, 831.5093, -213.2378,  0, 0, 0
L 1931.1791, 831.4937, -213.2539,  1973.9496, 819.2231, -219.9960,  0, 0, 0
L 1973.9496, 819.2231, -219.9961,  2072.4841, 783.4214, -235.5873,  0, 0, 0
L 2072.4841, 783.4212, -235.5873,  2093.8201, 779.2496, -236.0785,  0, 0, 0
L 2083.9363, 758.0374, -236.0447,  2093.2131, 778.2245, -236.0763,  0, 0, 0
L 1889.5673, 963.0869, -206.5397,  1764.3693, 961.3264, -185.9847,  0, 0, 0
L 1764.3693, 961.3264, -185.9845,  1740.6719, 949.5989, -184.0891,  0, 0, 0
L 1740.6719, 949.5989, -184.0891,  1685.4248, 1086.2528, -178.9428,  0, 0, 0
L 1685.2323, 1086.2506, -178.9429,  1602.6211, 1086.2397, -178.9428,  0, 0, 0
L 1602.6211, 1086.2397, -178.9428,  1488.4070, 820.3461, -178.9429,  0, 0, 0
L 1488.4066, 820.3458, -178.9428,  1373.5486, 756.8897, -178.9429,  0, 0, 0
L 1373.5392, 756.8895, -178.9428,  1221.5352, 756.8457, -178.9429,  0, 0, 0
L 1221.5343, 756.8456, -178.9428,  1148.7212, 754.5047, -178.9428,  0, 0, 0
L 1148.7212, 754.5047, -178.9428,  1137.3862, 756.4742, -178.9429,  0, 0, 0
L 1137.3857, 756.4754, -178.9428,  1134.1172, 775.1331, -178.9428,  0, 0, 0
L 1134.1172, 775.1331, -178.9428,  1225.7560, 779.4031, -178.5838,  0, 0, 0
L 1225.8152, 779.3948, -178.5842,  1356.5690, 774.7303, -178.9428,  0, 0, 0
L 1356.5690, 774.7303, -178.9428,  1380.7163, 778.1940, -179.0176,  0, 0, 0
L 1380.7277, 778.1940, -179.0175,  1472.9972, 831.1327, -178.9428,  0, 0, 0
L 1472.9972, 831.1327, -178.9428,  1526.7223, 957.4774, -178.9428,  0, 0, 0
L 1526.7223, 957.4774, -178.9428,  1419.7626, 958.2906, -178.6588,  0, 0, 0
L 1419.7531, 958.2565, -178.6561,  1399.7872, 962.4575, -178.8981,  0, 0, 0
L 1399.7823, 962.4586, -178.8982,  1296.9249, 1026.2985, -178.5443,  0, 0, 0
L 1296.9249, 1026.2985, -178.5443,  1157.0640, 1030.7089, -179.1034,  0, 0, 0
L 1157.0640, 1030.7089, -179.1034,  1015.4982, 1030.6179, -178.9519,  0, 0, 0
L 1015.4982, 1030.6179, -178.9519,  980.0256, 1021.1740, -178.3383,  0, 0, 0
L 979.9547, 1021.1472, -178.3353,  881.7769, 985.2338, -172.6934,  0, 0, 0
L 881.7769, 985.2338, -172.6934,  931.4116, 871.5461, -176.1167,  0, 0, 0
L 931.4116, 871.5461, -176.1167,  992.1718, 741.0157, -178.9428,  0, 0, 0
L 992.1718, 741.0157, -178.9428,  1082.8983, 762.6913, -178.9429,  0, 0, 0
L 1082.8511, 762.6594, -178.9428,  1085.6738, 745.2984, -178.9428,  0, 0, 0
L 1078.5321, 742.1279, -178.9428,  1002.8559, 726.2216, -178.9428,  0, 0, 0
L 1002.8559, 726.2216, -178.9428,  998.1148, 720.3218, -178.9429,  0, 0, 0
L 998.1039, 720.3167, -178.9428,  984.9510, 714.1589, -178.9428,  0, 0, 0
L 927.3557, 846.2004, -176.0526,  985.0739, 713.9661, -178.9428,  0, 0, 0
L 1085.3751, 747.0511, -178.9428,  1078.5322, 742.1280, -178.9428,  0, 0, 0
L 927.2042, 846.1289, -176.0352,  866.4592, 976.4387, -169.8530,  0, 0, 0
L 866.4592, 976.4387, -169.8530,  747.6470, 936.4265, -144.2035,  0, 0, 0
L 747.6553, 936.4083, -144.2078,  622.6140, 866.3677, -143.4830,  0, 0, 0
L 622.6140, 866.3677, -143.4830,  583.4191, 843.6556, -143.7482,  0, 0, 0
L 583.4191, 843.6556, -143.7482,  592.3464, 827.1315, -143.6328,  0, 0, 0
L 592.3464, 827.1315, -143.6328,  522.3391, 787.9278, -143.7921,  0, 0, 0
L 522.3391, 787.9278, -143.7921,  519.8903, 806.4673, -143.7912,  0, 0, 0
L 519.8903, 806.4673, -143.7912,  504.0328, 797.1840, -143.7922,  0, 0, 0
L 504.0328, 797.1840, -143.7922,  483.7657, 760.0366, -143.7932,  0, 0, 0
L 483.7370, 759.9784, -143.7932,  496.2104, 756.6883, -143.7921,  0, 0, 0
L 496.2104, 756.6883, -143.7921,  487.4601, 718.0593, -143.7922,  0, 0, 0
L 487.4530, 718.0421, -143.7921,  474.8653, 685.8476, -143.7922,  0, 0, 0
L 474.8631, 685.8428, -143.7921,  457.4019, 687.6212, -143.7921,  0, 0, 0
L 457.4019, 687.6212, -143.7921,  448.9482, 659.3618, -143.7922,  0, 0, 0
L 448.8573, 659.2357, -143.7922,  435.6990, 645.2034, -143.7922,  0, 0, 0
L 435.6429, 645.1823, -143.7922,  352.9413, 564.6860, -143.7922,  0, 0, 0
L 352.9405, 564.6852, -143.7921,  348.6029, 499.4144, -143.7912,  0, 0, 0
L 348.6029, 499.4144, -143.7912,  356.4322, 529.6633, -143.7921,  0, 0, 0
L 356.4322, 529.6633, -143.7921,  365.4121, 524.7621, -143.7922,  0, 0, 0
L 368.2605, 460.8667, -143.7922,  365.4121, 524.7621, -143.7921,  0, 0, 0
L 368.2605, 460.8667, -143.7922,  348.6367, 451.0634, -143.7922,  0, 0, 0
L 348.6370, 451.1203, -143.7922,  351.8571, 424.9703, -143.7922,  0, 0, 0
L 351.8571, 424.9597, -143.7921,  348.7418, 386.6123, -143.7922,  0, 0, 0
L 348.7418, 386.6123, -143.7921,  366.8744, 381.2989, -143.7922,  0, 0, 0
L 366.8814, 381.2921, -143.7921,  369.8627, 311.4230, -143.7922,  0, 0, 0
L 369.8634, 311.4218, -143.7921,  350.1172, 307.7986, -143.7922,  0, 0, 0
L 350.0992, 307.8030, -143.7921,  348.7580, 285.7576, -143.7922,  0, 0, 0
L 355.1301, 282.6270, -143.7921,  348.7900, 244.0845, -143.7922,  0, 0, 0
L 348.7900, 244.0588, -143.7921,  366.0848, 249.4292, -143.7922,  0, 0, 0
L 354.0519, 282.7996, -143.7921,  348.7076, 285.7691, -143.7921,  0, 0, 0
L 366.0621, 250.5563, -143.7921,  368.3330, 211.9668, -143.7922,  0, 0, 0
L 368.3330, 211.9668, -143.7921,  367.2227, 177.5949, -143.7922,  0, 0, 0
L 367.2221, 177.5900, -143.7921,  348.7687, 176.4475, -143.7922,  0, 0, 0
L 348.7687, 176.4504, -143.7921,  348.8122, 144.9672, -143.7921,  0, 0, 0
L 348.8122, 144.9672, -143.7921,  374.7299, 141.6091, -143.7922,  0, 0, 0
L 374.7420, 141.6092, -143.7921,  380.1154, 157.1767, -143.7921,  0, 0, 0
L 380.1154, 157.1767, -143.7921,  417.2259, 162.9858, -143.7922,  0, 0, 0
L 417.2377, 162.9939, -143.7921,  450.5438, 161.4522, -143.7922,  0, 0, 0
L 450.5439, 161.4523, -143.7921,  456.8889, 141.5908, -143.7921,  0, 0, 0
L 456.8889, 141.5908, -143.7921,  474.8780, 141.6211, -143.7921,  0, 0, 0
L 474.8780, 141.6211, -143.7921,  485.7776, 145.0032, -143.7922,  0, 0, 0
L 485.8276, 145.0035, -143.7922,  516.8593, 141.5929, -143.7922,  0, 0, 0
L 516.8785, 141.5929, -143.7921,  521.2985, 158.4053, -143.7922,  0, 0, 0
L 521.3071, 158.4059, -143.7921,  557.2297, 160.7393, -143.7922,  0, 0, 0
L 557.2402, 160.7373, -143.7921,  596.3942, 162.7155, -143.7922,  0, 0, 0
L 596.3942, 162.7155, -143.7922,  596.3942, 162.7155, -143.7921,  0, 0, 0
L 596.3942, 162.7155, -143.7921,  594.2647, 141.5903, -143.7921,  0, 0, 0
L 618.9661, 141.5902, -143.7921,  594.4651, 142.3186, -143.7921,  0, 0, 0
L 618.9651, 141.5967, -143.7921,  676.6501, 141.6245, -143.7607,  0, 0, 0
L 676.6496, 141.7082, -143.7592,  684.2569, 143.3103, -143.4629,  0, 0, 0
L 684.2569, 143.3103, -143.4629,  683.6177, -141.6222, -143.5504,  0, 0, 0
L 716.5132, 144.8011, -143.1388,  716.5856, 136.4848, -143.1845,  0, 0, 0
L 684.3223, -140.9913, -143.5149,  597.2263, -141.9001, -144.2679,  0, 0, 0
L 597.2055, -141.9001, -144.2682,  589.4022, -159.4924, -144.3046,  0, 0, 0
L 589.4022, -159.4924, -144.3046,  516.3867, -156.9483, -144.3045,  0, 0, 0
L 516.3867, -156.9483, -144.3045,  516.2224, -143.6087, -144.3046,  0, 0, 0
L 516.2220, -143.5957, -144.3045,  459.0263, -141.8816, -144.3046,  0, 0, 0
L 459.0767, -142.0937, -144.3046,  454.4695, -158.6305, -144.3046,  0, 0, 0
L 454.4587, -158.6450, -144.3046,  381.4231, -157.4072, -144.3046,  0, 0, 0
L 380.7763, -156.5397, -144.3814,  379.3910, -141.8892, -144.3046,  0, 0, 0
L 379.3939, -141.8892, -144.3045,  352.9898, -142.7231, -144.3046,  0, 0, 0
L 352.9894, -142.7231, -144.3046,  348.5706, -162.9991, -144.3046,  0, 0, 0
L 348.5706, -162.9991, -144.3045,  363.9362, -168.2355, -144.3046,  0, 0, 0
L 363.9362, -168.2355, -144.3046,  367.5134, -245.7283, -144.3046,  0, 0, 0
L 367.5110, -245.7395, -144.3046,  351.6993, -245.6516, -144.3046,  0, 0, 0
L 351.6639, -245.6494, -144.3045,  348.8160, -307.4938, -144.3046,  0, 0, 0
L 348.8160, -307.4938, -144.3046,  365.4740, -310.8115, -144.3046,  0, 0, 0
L 365.4756, -310.8116, -144.3046,  368.4857, -385.8837, -144.3046,  0, 0, 0
L 368.4857, -385.8837, -144.3046,  348.9255, -389.2580, -144.3046,  0, 0, 0
L 348.9255, -389.2575, -144.3046,  349.9259, -441.2472, -144.3046,  0, 0, 0
L 349.9237, -441.2538, -144.3045,  365.1315, -444.0338, -144.3046,  0, 0, 0
L 365.1361, -444.0349, -144.3046,  368.6103, -518.2458, -144.3046,  0, 0, 0
L 368.6103, -518.2458, -144.3045,  352.1602, -521.8022, -144.3045,  0, 0, 0
L 352.1602, -521.8022, -144.3045,  352.4511, -564.7093, -144.3046,  0, 0, 0
L 352.4511, -564.7093, -144.3045,  374.5695, -586.2551, -144.3046,  0, 0, 0
L 374.6278, -586.3384, -144.3046,  388.5294, -576.8099, -144.3045,  0, 0, 0
L 388.5294, -576.8099, -144.3045,  411.6913, -595.5786, -144.3046,  0, 0, 0
L 411.6913, -595.5786, -144.3045,  438.8830, -621.4272, -144.3045,  0, 0, 0
L 434.5138, -638.6281, -144.3045,  436.5801, -620.1143, -144.3045,  0, 0, 0
L 433.7422, -639.3867, -144.3045,  459.6571, -684.4438, -144.3046,  0, 0, 0
L 459.6576, -684.4460, -144.3045,  472.4282, -687.4085, -144.3045,  0, 0, 0
L 472.4282, -687.4085, -144.3045,  500.3723, -755.6216, -144.3046,  0, 0, 0
L 500.3769, -755.8745, -144.3046,  487.1239, -769.1348, -144.3046,  0, 0, 0
L 487.1241, -769.1352, -144.3045,  512.9843, -803.3642, -144.3046,  0, 0, 0
L 513.0011, -803.3737, -144.3045,  525.1265, -792.6187, -144.3046,  0, 0, 0
L 525.1265, -792.6185, -144.3045,  591.5417, -829.1770, -144.3046,  0, 0, 0
L 591.5883, -829.2571, -144.3045,  585.2495, -845.0826, -144.3046,  0, 0, 0
L 585.2474, -845.0813, -144.3045,  642.4615, -876.4950, -144.3046,  0, 0, 0
L 642.4688, -876.5005, -144.3045,  651.9971, -862.9849, -144.3045,  0, 0, 0
L 651.9971, -862.9849, -144.3045,  718.9519, -903.9393, -144.3046,  0, 0, 0
L 718.9534, -903.9405, -144.3045,  708.3450, -916.3079, -144.3045,  0, 0, 0
L 708.3450, -916.3079, -144.3045,  756.1538, -938.9229, -144.3046,  0, 0, 0
L 756.1585, -938.9258, -144.3045,  767.1508, -926.9913, -144.3046,  0, 0, 0
L 767.1516, -926.9892, -144.3045,  838.7054, -949.5181, -144.3046,  0, 0, 0
L 838.7068, -949.5182, -144.3045,  838.3862, -969.7464, -144.3046,  0, 0, 0
L 856.9028, -976.3969, -144.3045,  837.1751, -969.3121, -144.3045,  0, 0, 0
L 856.9028, -976.3969, -144.3045,  1000.6379, -977.0975, -147.4070,  0, 0, 0
L 1144.5458, -977.2478, -169.0855,  1287.8749, -977.4517, -193.4929,  0, 0, 0
L 1287.8749, -977.4517, -193.4929,  1412.4000, -975.8862, -193.7091,  0, 0, 0
L 1412.4064, -975.8433, -193.7091,  1436.6143, -976.9793, -193.7091,  0, 0, 0
L 1436.6158, -976.9796, -193.7091,  1522.5625, -1030.5850, -193.7090,  0, 0, 0
L 1522.5625, -1030.5850, -193.7090,  1643.2627, -1026.3314, -193.7091,  0, 0, 0
L 1643.6664, -1026.2928, -193.7091,  1787.3617, -1036.8656, -193.7091,  0, 0, 0
L 1787.3617, -1036.8656, -193.7091,  1922.1267, -1004.1838, -193.7090,  0, 0, 0
L 1165.8094, -977.2595, -172.6882,  1000.6297, -977.1154, -147.4042,  0, 0, 0
L 1922.1268, -1004.1839, -193.7090,  1952.7719, -986.9633, -193.7091,  0, 0, 0
L 1952.7719, -986.9633, -193.7091,  1950.4233, -968.7598, -193.7091,  0, 0, 0
L 1950.4308, -968.7640, -193.7091,  1983.3185, -944.1060, -193.7091,  0, 0, 0
L 1983.3223, -944.1035, -193.7091,  2008.9108, -927.6135, -193.8889,  0, 0, 0
L 2008.9282, -927.6078, -193.8890,  2021.1224, -937.6364, -193.9381,  0, 0, 0
L 2021.1637, -937.7253, -193.9380,  2044.9153, -917.0228, -194.1792,  0, 0, 0
L 2044.9153, -917.0228, -194.1792,  2083.2131, -895.2525, -195.3469,  0, 0, 0
L 2083.2253, -895.2429, -195.3509,  2157.2725, -843.1287, -213.4922,  0, 0, 0
L 2157.2664, -843.1144, -213.4910,  2178.1448, -831.6097, -219.3154,  0, 0, 0
L 2178.1458, -831.6091, -219.3161,  2298.6912, -825.8945, -235.2890,  0, 0, 0
L 2298.6912, -825.8945, -235.2890,  2335.6897, -818.2061, -235.7597,  0, 0, 0
L 2335.6943, -818.2046, -235.7596,  2337.8464, -797.7239, -235.7597,  0, 0, 0
L 2337.8469, -797.7253, -235.7596,  2408.6448, -780.1873, -235.7597,  0, 0, 0
L 2408.9333, -781.8422, -235.7597,  2412.8918, -797.4929, -235.7597,  0, 0, 0
L 2412.8743, -797.4969, -235.7596,  2471.7305, -780.6971, -235.7597,  0, 0, 0
L 2471.7375, -780.6961, -235.7596,  2476.6230, -765.2651, -235.7597,  0, 0, 0
L 2476.6216, -765.2610, -235.7596,  2547.3530, -744.0773, -235.7596,  0, 0, 0
L 2547.3530, -744.0773, -235.7596,  2555.1509, -759.0361, -235.7596,  0, 0, 0
L 2555.1509, -759.0361, -235.7596,  2571.0300, -754.7411, -235.7597,  0, 0, 0
L 2571.0300, -754.7411, -235.7597,  2597.0845, -731.4318, -235.3533,  0, 0, 0
L 2595.4531, -733.3993, -235.3526,  2588.6367, -713.8079, -234.4294,  0, 0, 0
L 2588.6367, -713.8079, -234.4294,  2633.2295, -660.7028, -235.0445,  0, 0, 0
L 2634.8577, -660.8192, -235.0445,  2649.5247, -668.5171, -235.5538,  0, 0, 0
L 2649.5242, -668.5174, -235.5537,  2662.3125, -653.1021, -235.5706,  0, 0, 0
L 2662.3145, -653.0988, -235.5705,  2682.1333, -609.1489, -235.7597,  0, 0, 0
L 2682.1445, -609.1111, -235.7597,  2664.7107, -602.8752, -235.7597,  0, 0, 0
L 2664.7102, -602.8751, -235.7596,  2691.6973, -533.1460, -234.4026,  0, 0, 0
L 2691.8044, -533.0343, -234.4088,  2708.1567, -534.9523, -235.3152,  0, 0, 0
L 2708.1624, -534.9540, -235.3158,  2716.0010, -513.1934, -235.3460,  0, 0, 0
L 2716.0010, -513.1934, -235.3460,  2720.1467, -479.2979, -235.3558,  0, 0, 0
L 2720.1467, -479.2832, -235.3557,  2720.2344, -359.1639, -235.4581,  0, 0, 0
L 2720.2344, -359.1639, -235.4581,  2683.9216, -188.1496, -234.6524,  0, 0, 0
L 2683.7234, -188.1509, -234.6201,  2685.5879, -83.2570, -235.7597,  0, 0, 0
L 2685.5879, -83.2581, -235.7596,  2682.1460, -61.3976, -235.7597,  0, 0, 0
L 2682.1460, -61.3973, -235.7596,  2670.0034, -61.7652, -235.7596,  0, 0, 0
L 2670.0034, -61.7652, -235.7596,  2665.7781, 87.9005, -235.7597,  0, 0, 0
L 2665.7922, 87.9973, -235.7597,  2676.5100, 94.1118, -235.7596,  0, 0, 0
L 2676.5100, 94.1118, -235.7596,  2669.0547, 135.7647, -235.7597,  0, 0, 0
L 2668.9929, 135.9910, -235.7596,  2648.3225, 134.9548, -235.7597,  0, 0, 0
L 2648.3193, 134.9554, -235.7596,  2634.7603, 208.6256, -235.7597,  0, 0, 0
L 2647.2908, 212.5630, -235.7596,  2597.9338, 396.5024, -235.7597,  0, 0, 0
L 2609.6230, 437.0539, -235.7607,  2597.9338, 396.5024, -235.7596,  0, 0, 0
L 2648.0193, 212.9119, -235.7596,  2634.7603, 208.6256, -235.7597,  0, 0, 0
L 2609.6230, 437.0539, -235.7596,  2597.3135, 449.2390, -235.7597,  0, 0, 0
L 2609.3215, 488.9633, -235.7596,  2595.9092, 454.3447, -235.7596,  0, 0, 0
L 2595.7368, 454.1070, -235.7596,  2598.0505, 449.1710, -235.7596,  0, 0, 0
L 2608.4709, 487.6073, -235.7596,  2623.4673, 520.9073, -235.7596,  0, 0, 0
L 2623.4673, 520.9073, -235.7596,  2637.6938, 516.7222, -235.7596,  0, 0, 0
L 2637.6938, 516.7222, -235.7596,  2637.7671, 562.7600, -235.7597,  0, 0, 0
L 2637.7595, 562.7772, -235.7596,  2614.3640, 562.6761, -235.7597,  0, 0, 0
L 2614.3640, 562.6761, -235.7596,  2595.5776, 634.4456, -235.7597,  0, 0, 0
L 2609.5461, 641.0623, -235.7597,  2595.7476, 633.2869, -235.7597,  0, 0, 0
L 2608.7854, 640.8836, -235.7597,  2589.4670, 693.0240, -235.7596,  0, 0, 0
L 2570.2207, 694.2367, -235.7597,  2582.1875, 697.0035, -235.7587,  0, 0, 0
L 2582.1875, 697.0035, -235.7596,  2589.4670, 693.0240, -235.7597,  0, 0, 0
L 2542.4353, 755.7430, -235.7596,  2570.2207, 694.2367, -235.7596,  0, 0, 0
L 2542.4353, 755.7430, -235.7596,  2553.1545, 768.2073, -235.7597,  0, 0, 0
L 2553.1633, 768.2096, -235.7596,  2518.9890, 807.8845, -235.7597,  0, 0, 0
L 2518.9790, 807.8894, -235.7596,  2505.3777, 796.5845, -235.7596,  0, 0, 0
L 2505.3777, 796.5845, -235.7596,  2442.7402, 834.8710, -235.7596,  0, 0, 0
L 2442.7402, 834.8710, -235.7596,  2441.7349, 852.4338, -235.7597,  0, 0, 0
L 2441.7173, 852.4428, -235.7596,  2428.8240, 859.7881, -235.7532,  0, 0, 0
L 2428.7742, 859.7007, -235.7510,  2306.4792, 930.7924, -235.7596,  0, 0, 0
L 2306.4792, 930.7924, -235.7596,  2269.3164, 941.4365, -234.7912,  0, 0, 0
L 2269.3093, 941.4376, -234.7906,  2261.8633, 925.6252, -235.3689,  0, 0, 0
L 2261.8560, 925.6132, -235.3695,  2184.9160, 941.9734, -230.5714,  0, 0, 0
L 2184.9160, 941.9734, -230.5714,  2190.2815, 955.4174, -230.5496,  0, 0, 0
L 2190.2815, 955.4174, -229.3022,  2028.7389, 983.7412, -216.1104,  0, 0, 0
L 2028.7389, 983.7412, -216.1104,  1889.5834, 963.0900, -206.5412,  0, 0, 0
L 2391.0276, -212.7650, -235.7596,  2379.3030, -225.8109, -234.9041,  0, 0, 0
L 2379.3027, -225.8110, -234.9042,  2361.0530, -213.3621, -235.0305,  0, 0, 0
L 2393.1240, -213.0634, -235.7597,  2374.5466, -196.5034, -234.7934,  0, 0, 0
L 2374.5466, -196.5034, -234.7934,  2361.0413, -214.7506, -235.7597,  0, 0, 0
L 1289.6997, -945.2662, -193.7091,  1101.6908, -914.6567, -161.3687,  0, 0, 0
L 1101.5245, -914.7717, -161.3010,  995.3301, -764.1453, -144.3046,  0, 0, 0
L 984.2244, -740.7847, -144.3045,  983.8054, -690.5046, -144.3045,  0, 0, 0
L 987.5987, -742.7386, -144.3046,  997.0881, -767.5287, -144.3045,  0, 0, 0
L 984.0882, -688.9796, -144.3045,  1005.4175, -688.5937, -144.3088,  0, 0, 0
L 1005.4175, -688.5937, -144.3088,  1001.9100, -737.6094, -144.2957,  0, 0, 0
L 1102.2115, -888.3265, -144.0392,  1001.9102, -737.6094, -144.2955,  0, 0, 0
L 1102.2047, -888.3268, -144.0385,  1292.9966, -923.7662, -193.7091,  0, 0, 0
L 1292.9966, -923.7662, -193.7091,  1289.6997, -945.2662, -193.7091,  0, 0, 0
L 1640.2319, -693.3722, -193.7096,  1634.1084, -678.5297, -193.7103,  0, 127, 0
L 1760.1265, -624.8887, -193.0993,  1720.7555, -527.4537, -193.7090,  0, 127, 0
L 1720.7555, -527.4537, -193.7090,  1732.4049, -520.5561, -193.7308,  0, 127, 0
L 1732.4053, -520.5561, -193.7307,  1786.5781, -638.4561, -193.6819,  0, 127, 0
L 1786.5781, -638.4561, -193.6819,  1845.2855, -609.9156, -193.7091,  0, 127, 0
L 1845.2845, -609.9141, -193.7091,  1824.3400, -556.9341, -193.8196,  0, 127, 0
L 1824.3400, -556.9341, -193.8196,  1841.0930, -552.6056, -193.7091,  0, 127, 0
L 1841.0930, -552.6056, -193.7091,  1855.7399, -584.4085, -193.7091,  0, 127, 0
L 1855.7413, -584.4094, -193.7091,  1871.0686, -618.6891, -193.7091,  0, 127, 0
L 1870.3947, -620.2095, -193.7091,  1781.8262, -662.8357, -193.6840,  0, 127, 0
L 1781.8242, -662.8360, -193.6840,  1768.0510, -639.2556, -193.6819,  0, 127, 0
L 1768.0510, -639.2556, -193.6819,  1733.2496, -655.8253, -193.7091,  0, 127, 0
L 1733.2179, -655.8351, -193.7091,  1650.8883, -688.8657, -193.7091,  0, 127, 0
L 1650.8846, -688.8673, -193.7091,  1640.3132, -692.7358, -193.7090,  0, 127, 0
L 1632.6409, -677.9879, -193.9327,  1638.3536, -674.7297, -193.9085,  0, 127, 0
L 1638.3536, -674.7297, -193.9085,  1673.2798, -658.3221, -193.9966,  0, 127, 0
L 1673.3545, -658.2849, -193.9975,  1736.6444, -632.0099, -193.8059,  0, 127, 0
L 1736.6447, -632.0098, -193.8058,  1759.7173, -624.3638, -193.6810,  0, 127, 0
L 1692.5980, -621.1061, -193.7987,  1619.9772, -660.7516, -193.7091,  0, 127, 0
L 1619.9772, -660.7516, -193.7091,  1588.2498, -610.2820, -193.6822,  0, 127, 0
L 1588.2498, -610.2820, -193.6822,  1541.0209, -641.0282, -193.6848,  0, 127, 0
L 1541.0455, -640.9790, -193.6849,  1569.6477, -694.7669, -193.9393,  0, 127, 0
L 1569.6473, -694.7689, -193.9399,  1558.3363, -700.4458, -193.7992,  0, 127, 0
L 1558.3358, -700.4460, -193.7991,  1526.4263, -650.6614, -193.6824,  0, 127, 0
L 1526.4263, -650.6614, -193.6824,  1475.9868, -690.9020, -193.7073,  0, 127, 0
L 1475.9940, -690.9088, -193.7073,  1500.9888, -725.9725, -193.7091,  0, 127, 0
L 1500.9888, -725.9725, -193.7091,  1490.5959, -736.1264, -193.7786,  0, 127, 0
L 1490.5959, -736.1264, -193.7786,  1441.3411, -675.5369, -193.9061,  0, 127, 0
L 1441.3383, -675.5318, -193.9084,  1456.2539, -666.0802, -194.0911,  0, 127, 0
L 1456.2833, -666.0649, -194.0930,  1461.5663, -673.6683, -193.6700,  0, 127, 0
L 1461.5663, -673.6683, -193.6699,  1516.7900, -637.4290, -193.7802,  0, 127, 0
L 1516.7900, -637.4290, -193.7802,  1480.9254, -578.1862, -193.7077,  0, 127, 0
L 1480.9254, -578.1862, -193.7077,  1434.3810, -610.4762, -194.0416,  0, 127, 0
L 1433.3287, -608.8978, -193.7091,  1423.4088, -595.1330, -193.7093,  0, 127, 0
L 1423.4088, -595.1330, -193.7093,  1458.4634, -570.5600, -193.7506,  0, 127, 0
L 1458.4688, -570.5554, -193.7510,  1489.0757, -554.5027, -193.7095,  0, 127, 0
L 1529.0997, -626.5462, -193.7032,  1591.2832, -586.8471, -193.7500,  0, 127, 0
L 1591.2832, -586.8471, -193.7500,  1621.6532, -635.1190, -193.7081,  0, 127, 0
L 1528.5873, -625.4837, -193.7043,  1489.9144, -555.7455, -193.7206,  0, 127, 0
L 1621.6530, -635.1188, -193.7081,  1686.6229, -608.0864, -193.7092,  0, 127, 0
L 1686.6405, -608.0939, -193.7091,  1692.6552, -620.9193, -193.8185,  0, 127, 0
L 1708.7860, -603.3417, -193.7091,  1696.4073, -580.2878, -193.6840,  0, 127, 0
L 1696.4073, -580.2878, -193.6840,  1635.8840, -609.1155, -193.9434,  0, 127, 0
L 1635.8840, -609.1155, -193.9433,  1626.5219, -594.4913, -193.6974,  0, 127, 0
L 1626.5219, -594.4913, -193.6974,  1688.8138, -565.5461, -193.7077,  0, 127, 0
L 1688.8136, -565.5461, -193.7077,  1676.8363, -530.3625, -194.0299,  0, 127, 0
L 1676.8363, -530.3625, -194.0299,  1692.0884, -527.2973, -193.7091,  0, 127, 0
L 1692.0887, -527.2972, -193.7091,  1723.1825, -595.8644, -193.9447,  0, 127, 0
L 1721.8842, -596.8817, -193.9437,  1711.1237, -602.9912, -193.7091,  0, 127, 0
L 1744.7755, -482.7885, -193.6840,  1675.9811, -511.7430, -193.8030,  0, 127, 0
L 1675.9791, -511.7435, -193.8036,  1645.7548, -433.9922, -193.7091,  0, 127, 0
L 1646.7446, -432.8042, -193.7424,  1658.1970, -427.1634, -193.7091,  0, 127, 0
L 1658.1986, -427.1636, -193.7091,  1666.1537, -429.9460, -194.4718,  0, 127, 0
L 1666.1537, -429.9460, -194.4718,  1691.9760, -487.3014, -193.6817,  0, 127, 0
L 1692.0122, -487.2776, -193.6818,  1750.6694, -458.3703, -193.6966,  0, 127, 0
L 1781.1467, -522.9964, -193.7205,  1750.3512, -459.0957, -193.6974,  0, 127, 0
L 1781.1469, -522.9966, -193.7205,  1801.6194, -512.4858, -193.7091,  0, 127, 0
L 1801.6381, -512.4762, -193.7091,  1755.0347, -392.4181, -193.6824,  0, 127, 0
L 1754.9432, -392.3507, -193.6826,  1702.1740, -385.9838, -193.7019,  0, 127, 0
L 1702.1740, -385.9838, -193.7019,  1725.7004, -447.4948, -193.8082,  0, 127, 0
L 1725.7004, -447.4948, -193.8082,  1709.7224, -452.6407, -193.7525,  0, 127, 0
L 1709.7178, -452.6422, -193.7541,  1680.7811, -389.0983, -193.6831,  0, 127, 0
L 1680.7555, -389.1073, -193.6831,  1600.1876, -428.3410, -193.7081,  0, 127, 0
L 1600.1876, -428.3410, -193.7081,  1628.6095, -484.8078, -193.7091,  0, 127, 0
L 1628.6097, -484.8079, -193.7091,  1658.2743, -551.5778, -193.7091,  0, 127, 0
L 1649.1788, -558.5703, -193.8331,  1641.5326, -555.9355, -193.7025,  0, 127, 0
L 1641.5326, -555.9355, -193.7024,  1635.8146, -540.7441, -193.6848,  0, 127, 0
L 1650.5358, -557.5082, -193.7279,  1656.8336, -547.9763, -193.7091,  0, 127, 0
L 1635.8149, -540.7433, -193.6828,  1570.6710, -574.0289, -193.7298,  0, 127, 0
L 1570.1171, -572.4255, -193.7318,  1563.1798, -558.6327, -193.7674,  0, 127, 0
L 1563.1705, -558.6147, -193.7744,  1625.4962, -525.1918, -193.7495,  0, 127, 0
L 1599.4211, -468.3958, -193.7081,  1625.6132, -525.3802, -193.7460,  0, 127, 0
L 1599.4210, -468.3963, -193.7081,  1536.3076, -501.8199, -193.7091,  0, 127, 0
L 1536.3076, -501.8199, -193.7091,  1530.7050, -490.4283, -193.7091,  0, 127, 0
L 1588.3062, -452.7880, -193.7149,  1530.4150, -487.3895, -193.7091,  0, 127, 0
L 1591.4103, -451.6173, -193.7164,  1582.9779, -434.0653, -193.7091,  0, 127, 0
L 1582.9779, -434.0653, -193.7091,  1441.5044, -515.5193, -193.7091,  0, 127, 0
L 1441.5044, -515.5193, -193.7090,  1434.0774, -500.5966, -193.7091,  0, 127, 0
L 1434.0774, -500.5948, -193.7091,  1661.1251, -377.5333, -193.6938,  0, 127, 0
L 1661.1251, -377.5333, -193.6938,  1759.8003, -373.7321, -193.6908,  0, 127, 0
L 1759.8003, -373.7321, -193.6908,  1821.4423, -507.4395, -193.7081,  0, 127, 0
L 1837.0713, -503.4821, -193.7091,  1821.4424, -507.4388, -193.7081,  0, 127, 0
L 1836.3904, -504.8109, -193.7091,  1840.8563, -519.2809, -193.7091,  0, 127, 0
L 1840.8563, -519.2809, -193.7090,  1788.4143, -537.8137, -193.6967,  0, 127, 0
L 1788.4135, -537.8132, -193.6714,  1817.4252, -605.2100, -194.1426,  0, 127, 0
L 1817.4248, -605.2118, -194.1432,  1801.9165, -610.6427, -193.7213,  0, 127, 0
L 1801.9073, -610.6458, -193.7208,  1744.7754, -482.7884, -193.6840,  0, 127, 0
L 1532.6835, -549.8014, -193.6866,  1547.9200, -578.6514, -193.9022,  0, 127, 0
L 1547.9200, -578.6514, -193.9022,  1533.2264, -584.7665, -193.7395,  0, 127, 0
L 1533.2145, -584.7690, -193.7385,  1494.5532, -521.4296, -193.7152,  0, 127, 0
L 1494.5531, -521.4295, -193.7151,  1508.3566, -511.5068, -193.7091,  0, 127, 0
L 1508.3566, -511.5068, -193.7091,  1524.3578, -535.4946, -193.7065,  0, 127, 0
L 1524.3569, -535.4941, -193.7065,  1582.6998, -500.1608, -193.8362,  0, 127, 0
L 1582.7040, -500.1595, -193.8357,  1592.9263, -515.8158, -193.7087,  0, 127, 0
L 1592.9271, -515.8202, -193.7086,  1533.0570, -550.7425, -193.6864,  0, 127, 0
L 1441.9707, -554.0997, -193.7085,  1392.9152, -593.1572, -193.6834,  0, 127, 0
L 1392.9717, -593.2458, -193.6837,  1427.1251, -637.5760, -193.9187,  0, 127, 0
L 1427.2224, -637.5262, -193.9520,  1452.8101, -621.3777, -193.7091,  0, 127, 0
L 1452.8101, -621.3777, -193.7091,  1462.9476, -630.5970, -194.1973,  0, 127, 0
L 1462.9465, -630.6013, -194.1961,  1409.5051, -675.9834, -193.6548,  0, 127, 0
L 1409.5594, -676.0348, -193.6547,  1476.7426, -762.3985, -193.6822,  0, 127, 0
L 1476.7426, -762.3985, -193.6822,  1538.1128, -737.3538, -193.7045,  0, 127, 0
L 1538.1128, -737.3538, -193.7045,  1502.7231, -689.3645, -194.0002,  0, 127, 0
L 1518.3303, -683.2476, -193.7091,  1504.4017, -690.6399, -193.7091,  0, 127, 0
L 1517.2118, -681.9412, -193.9356,  1551.7391, -727.5215, -193.6856,  0, 127, 0
L 1595.9100, -698.7247, -193.7081,  1550.8688, -727.9953, -193.6827,  0, 127, 0
L 1595.8912, -699.0664, -193.7081,  1566.6594, -647.5295, -193.8375,  0, 127, 0
L 1566.6526, -647.5742, -193.8475,  1581.0692, -638.2155, -193.8394,  0, 127, 0
L 1581.0828, -638.2096, -193.8383,  1617.4064, -705.6864, -193.7091,  0, 127, 0
L 1479.9303, -785.1595, -193.7020,  1617.1172, -707.2420, -193.7091,  0, 127, 0
L 1477.0184, -785.5678, -193.7011,  1444.9152, -756.1242, -193.6851,  0, 127, 0
L 1444.9152, -756.1242, -193.6851,  1386.2615, -675.6815, -193.6779,  0, 127, 0
L 1386.2615, -675.6815, -193.6779,  1388.1703, -661.5175, -193.7091,  0, 127, 0
L 1388.1703, -661.5175, -193.7091,  1412.4633, -648.7951, -193.7070,  0, 127, 0
L 1412.4633, -648.7951, -193.7070,  1390.6769, -625.1320, -193.7091,  0, 127, 0
L 1390.6693, -625.1272, -193.7091,  1370.4324, -593.4285, -193.6820,  0, 127, 0
L 1370.4324, -593.4285, -193.6819,  1372.7078, -579.0521, -193.6852,  0, 127, 0
L 1372.7078, -579.0521, -193.6852,  1437.1648, -539.9379, -194.3015,  0, 127, 0
L 1437.1648, -539.9379, -194.3015,  1442.7975, -554.5901, -193.7088,  0, 127, 0
L 1273.0345, -610.4756, -192.7021,  1259.5743, -626.4178, -192.6873,  0, 0, 0
L 1259.5743, -626.4178, -192.6873,  1243.1283, -612.0022, -193.0216,  0, 0, 0
L 1243.1146, -611.9830, -193.1104,  1258.1312, -595.5967, -193.7091,  0, 0, 0
L 1258.1378, -595.5882, -193.7091,  1274.5530, -610.1050, -193.2470,  0, 0, 0
L 2044.6849, -918.1929, -194.1660,  1928.5291, -740.0197, -193.1496,  127, 64, 0
L 1868.2552, -742.2317, -193.5183,  1708.6567, -783.2139, -193.7091,  127, 64, 0
L 1708.6362, -783.2211, -193.7090,  1456.6655, -888.6693, -193.7091,  127, 64, 0
L 1456.6543, -888.6772, -193.7090,  1435.4845, -910.6400, -193.7091,  127, 64, 0
L 1435.4806, -910.6491, -193.7091,  1421.6908, -974.3835, -193.7091,  127, 64, 0
L 1868.2552, -742.2317, -193.5795,  1929.5923, -741.2913, -193.1909,  127, 64, 0
L 1866.0352, -825.2361, -193.7091,  1864.0798, -811.0900, -193.7091,  0, 0, 0
L 1864.0790, -811.0864, -193.7091,  1877.5699, -799.4534, -190.9838,  0, 0, 0
L 1877.5701, -799.4530, -190.9843,  1883.0441, -796.9436, -193.7091,  0, 0, 0
L 1883.0441, -796.9436, -193.7091,  1903.8215, -799.2156, -193.7091,  0, 0, 0
L 1903.8215, -799.2156, -193.7091,  1910.3678, -794.5317, -193.7091,  0, 0, 0
L 1910.3678, -794.5317, -193.7091,  1916.6868, -800.0507, -193.7091,  0, 0, 0
L 1916.6879, -800.0513, -193.7091,  1917.4712, -804.2245, -193.7091,  0, 0, 0
L 1917.4712, -804.2245, -193.7091,  1913.6578, -811.9556, -193.7091,  0, 0, 0
L 1913.6578, -811.9556, -193.7091,  1915.8168, -820.6632, -193.7091,  0, 0, 0
L 1915.8165, -820.6651, -193.7091,  1914.0691, -836.9367, -193.7091,  0, 0, 0
L 1914.0685, -836.9388, -193.7091,  1900.8972, -847.8331, -193.7091,  0, 0, 0
L 1900.8855, -847.8401, -193.7090,  1889.1661, -847.6701, -193.7091,  0, 0, 0
L 1889.1661, -847.6701, -193.7090,  1880.7593, -845.7191, -193.7091,  0, 0, 0
L 1880.7588, -845.7190, -193.7091,  1873.8499, -850.9732, -193.7091,  0, 0, 0
L 1873.8494, -850.9735, -193.7091,  1862.7468, -837.1022, -193.7091,  0, 0, 0
L 1862.7404, -837.0940, -193.7091,  1867.2183, -832.5610, -193.7091,  0, 0, 0
L 1867.2183, -832.5610, -193.7091,  1866.0349, -824.1665, -193.7091,  0, 0, 0
L 2471.2795, -295.5437, -228.2933,  2496.0066, -308.8875, -228.7306,  0, 0, 0
L 2496.0066, -308.8871, -228.7307,  2519.7214, -342.4012, -228.7465,  0, 0, 0
L 2519.7273, -342.4033, -228.7465,  2547.5251, -352.4052, -228.7597,  0, 0, 0
L 2547.5256, -352.4054, -228.7596,  2544.0784, -361.4933, -228.7596,  0, 0, 0
L 2544.0784, -361.4933, -228.7596,  2608.7910, -361.4521, -228.7597,  0, 0, 0
L 2608.7910, -361.4521, -228.7597,  2608.2661, -523.6417, -228.7597,  0, 0, 0
L 2608.2661, -523.6417, -228.7596,  2544.0366, -524.3805, -228.7597,  0, 0, 0
L 2544.0366, -524.3805, -228.7597,  2544.0691, -535.4777, -228.7596,  0, 0, 0
L 2544.0691, -535.4777, -228.7596,  2518.9106, -543.6909, -228.7597,  0, 0, 0
L 2518.9106, -543.6909, -228.7596,  2509.5037, -563.2617, -228.7596,  0, 0, 0
L 2509.5037, -563.2617, -228.7596,  2479.0596, -587.2827, -228.7649,  0, 0, 0
L 2479.0596, -587.2827, -228.7649,  2466.2556, -589.3909, -229.0134,  0, 0, 0
L 2466.2556, -589.3909, -229.0134,  2466.4661, -585.0254, -228.9128,  0, 0, 0
L 2466.4661, -585.0236, -228.9129,  2493.7268, -570.3228, -225.0835,  0, 0, 0
L 2493.7268, -570.3228, -225.0835,  2508.8201, -548.7073, -221.9682,  0, 0, 0
L 2508.8206, -548.7056, -221.9677,  2514.6187, -536.8177, -220.7933,  0, 0, 0
L 2514.6228, -536.8073, -220.7933,  2535.6580, -530.3142, -220.7933,  0, 0, 0
L 2535.6624, -530.3127, -220.7933,  2536.3064, -503.7427, -220.1692,  0, 0, 0
L 2536.3064, -503.7219, -220.1691,  2514.8252, -501.5548, -220.1692,  0, 0, 0
L 2514.8196, -501.5546, -220.1691,  2520.0483, -496.8587, -220.1691,  0, 0, 0
L 2520.0483, -496.8587, -220.1691,  2520.0630, -453.0075, -220.1691,  0, 0, 0
L 2520.0630, -453.0075, -220.1691,  2545.5549, -454.0908, -220.1691,  0, 0, 0
L 2545.5549, -454.0908, -220.1691,  2545.4539, -459.5081, -220.1692,  0, 0, 0
L 2545.4502, -459.5155, -220.1691,  2527.2832, -458.8227, -220.1691,  0, 0, 0
L 2527.2832, -458.8227, -220.1691,  2531.1375, -494.1074, -220.1692,  0, 0, 0
L 2531.2317, -494.1068, -220.1691,  2544.1140, -494.1185, -220.1692,  0, 0, 0
L 2544.1384, -494.1186, -220.1691,  2540.4426, -515.0114, -220.1691,  0, 0, 0
L 2540.4426, -515.0114, -220.1691,  2590.9631, -515.0117, -220.1691,  0, 0, 0
L 2590.9631, -515.0117, -220.1691,  2587.9236, -458.8246, -220.1692,  0, 0, 0
L 2587.9326, -458.8246, -220.1691,  2586.3662, -450.6656, -220.1692,  0, 0, 0
L 2588.0171, -450.9712, -220.1692,  2600.3591, -454.0972, -220.1691,  0, 0, 0
L 2600.3591, -454.0972, -220.1691,  2600.3755, -431.7476, -220.1691,  0, 0, 0
L 2600.3755, -431.7476, -220.1691,  2582.7563, -431.7187, -220.1692,  0, 0, 0
L 2582.7561, -431.7186, -220.1691,  2590.9631, -370.8503, -220.1691,  0, 0, 0
L 2590.9631, -370.8503, -220.1691,  2540.4189, -370.8304, -220.1692,  0, 0, 0
L 2540.4189, -370.8304, -220.1692,  2540.4011, -392.1943, -220.1692,  0, 0, 0
L 2540.4009, -392.1947, -220.1691,  2527.2764, -391.7593, -220.1691,  0, 0, 0
L 2527.2764, -391.7593, -220.1691,  2531.1875, -427.0109, -220.1692,  0, 0, 0
L 2531.2056, -427.0107, -220.1691,  2547.1785, -427.0442, -220.1692,  0, 0, 0
L 2547.2605, -427.0453, -220.1691,  2546.0383, -433.9615, -220.1691,  0, 0, 0
L 2546.0383, -433.9615, -220.1691,  2521.3435, -431.7556, -220.1692,  0, 0, 0
L 2521.3379, -431.7556, -220.1691,  2520.0486, -388.9867, -220.1691,  0, 0, 0
L 2520.0486, -388.9867, -220.1691,  2513.7039, -386.3248, -220.1691,  0, 0, 0
L 2513.7039, -386.3248, -220.1691,  2516.3047, -383.9087, -220.1692,  0, 0, 0
L 2516.3057, -383.9031, -220.1691,  2536.4336, -384.2579, -220.1691,  0, 0, 0
L 2536.4336, -384.2579, -220.1691,  2538.0056, -354.7722, -218.6245,  0, 0, 0
L 2538.0056, -354.7722, -218.6245,  2513.2283, -347.5598, -220.7933,  0, 0, 0
L 2513.2212, -347.5523, -220.7933,  2502.5444, -328.1694, -223.7963,  0, 0, 0
L 2502.5413, -328.1649, -223.7963,  2486.2632, -313.0492, -227.3985,  0, 0, 0
L 2486.2632, -313.0492, -227.3985,  2469.7090, -297.5898, -228.7330,  0, 0, 0
L 2469.7087, -297.5898, -228.7330,  2471.2415, -293.4553, -228.7358,  0, 0, 0
L 2460.1162, -557.5016, -228.7616,  2479.2251, -543.0974, -228.7597,  0, 0, 0
L 2479.2712, -543.0590, -228.7597,  2485.8672, -521.4064, -228.7597,  0, 0, 0
L 2485.8672, -521.4064, -228.7597,  2485.9683, -503.8621, -228.7596,  0, 0, 0
L 2485.9683, -503.8621, -228.7596,  2473.9292, -503.8666, -228.7597,  0, 0, 0
L 2473.9185, -503.8666, -228.7597,  2471.6604, -470.0250, -228.8429,  0, 0, 0
L 2471.6604, -470.0250, -228.8429,  2482.8311, -471.0552, -228.7596,  0, 0, 0
L 2482.8311, -471.0552, -228.7596,  2482.8201, -414.7507, -228.7596,  0, 0, 0
L 2482.8201, -414.7507, -228.7596,  2470.6926, -415.0103, -228.8593,  0, 0, 0
L 2470.6926, -415.0103, -228.8595,  2469.9700, -395.4731, -228.7596,  0, 0, 0
L 2469.9700, -395.4731, -228.7596,  2473.0854, -391.2805, -228.7597,  0, 0, 0
L 2473.0842, -391.2650, -228.7596,  2473.0769, -383.3774, -228.7592,  0, 0, 0
L 2473.0764, -383.3759, -228.7591,  2485.9680, -381.9801, -228.7590,  0, 0, 0
L 2485.9680, -381.9801, -228.7590,  2482.1057, -348.5033, -228.7474,  0, 0, 0
L 2482.1050, -348.5027, -228.7473,  2471.8362, -334.7070, -228.7427,  0, 0, 0
L 2471.8357, -334.7068, -228.7427,  2460.7168, -327.4759, -228.7499,  0, 0, 0
L 2460.7117, -327.4730, -228.7498,  2462.9524, -318.9518, -228.7596,  0, 0, 0
L 2462.9524, -318.9518, -228.7596,  2477.7158, -328.5512, -226.2392,  0, 0, 0
L 2477.7158, -328.5512, -226.2392,  2491.8130, -348.5229, -221.9369,  0, 0, 0
L 2494.3784, -391.1819, -220.1691,  2491.8130, -348.5229, -222.5873,  0, 0, 0
L 2494.3784, -391.1819, -220.1691,  2481.4399, -389.0229, -220.1691,  0, 0, 0
L 2481.4399, -389.0229, -220.1691,  2481.0305, -407.8123, -220.1691,  0, 0, 0
L 2481.0305, -407.8123, -220.1691,  2493.2271, -410.9351, -220.1692,  0, 0, 0
L 2493.3313, -411.0472, -220.1692,  2490.2988, -477.7915, -220.1692,  0, 0, 0
L 2490.3035, -477.7890, -220.1691,  2480.9951, -478.0419, -220.1691,  0, 0, 0
L 2480.9951, -478.0419, -220.1691,  2481.0627, -496.8593, -220.1692,  0, 0, 0
L 2481.0627, -496.8593, -220.1691,  2492.4800, -496.8452, -220.1691,  0, 0, 0
L 2492.4800, -496.8452, -220.1691,  2492.3396, -537.0851, -222.0988,  0, 0, 0
L 2492.3396, -537.0851, -222.0988,  2484.8821, -548.0430, -223.4933,  0, 0, 0
L 2484.8784, -548.0468, -223.4949,  2473.5332, -561.5347, -227.9034,  0, 0, 0
L 2463.9768, -563.4294, -228.2933,  2474.7773, -560.9797, -227.7274,  0, 0, 0
L 2463.9768, -563.4294, -228.7600,  2462.6228, -561.3501, -226.2731,  0, 0, 0
L 2462.6184, -561.3443, -228.2928,  2460.1162, -557.5016, -228.7621,  0, 0, 0
L 701.7264, 798.4384, -143.7027,  725.4625, 798.5981, -148.4877,  0, 0, 0
L 725.4625, 798.5981, -148.4877,  736.8058, 714.4476, -161.2282,  0, 0, 0
L 736.8058, 714.4476, -161.2282,  817.2867, 615.1958, -172.8649,  0, 0, 0
L 817.2867, 615.1958, -172.8656,  944.3553, 553.6790, -168.6872,  0, 0, 0
L 944.3553, 553.6790, -168.6872,  1083.8707, 517.6878, -161.2594,  0, 0, 0
L 1083.8723, 517.6919, -161.2623,  1207.4653, 457.1735, -143.6333,  0, 0, 0
L 1207.4653, 457.1735, -143.6333,  1351.5299, 455.4204, -140.7161,  0, 0, 0
L 1351.5299, 455.4204, -140.7161,  1447.6165, 461.9794, -164.1836,  0, 0, 0
L 1447.6165, 461.9794, -164.1836,  1547.3680, 520.4767, -177.3743,  0, 0, 0
L 1547.4116, 520.9998, -177.3750,  1622.0486, 633.7167, -178.9437,  0, 0, 0
L 1622.0486, 633.7167, -178.9437,  1671.4683, 770.2375, -178.9429,  0, 0, 0
L 1671.4685, 770.2384, -178.9428,  1691.3445, 761.8095, -178.9946,  0, 0, 0
L 1691.3445, 761.8095, -178.9946,  1645.3729, 644.8015, -153.3365,  0, 0, 0
L 1645.3810, 644.7963, -153.3362,  1577.0516, 515.8017, -141.2772,  0, 0, 0
L 1577.0647, 515.7821, -141.2766,  1470.2389, 447.3696, -130.6019,  0, 0, 0
L 1470.2390, 447.3669, -130.6018,  1372.7854, 441.0930, -106.1519,  0, 0, 0
L 1372.7854, 441.0930, -106.1519,  1230.3965, 441.0639, -105.6266,  0, 0, 0
L 1230.3960, 441.0639, -105.6266,  1208.3535, 437.4729, -105.9053,  0, 0, 0
L 1208.3535, 437.4729, -105.9053,  1096.0026, 493.3660, -122.5477,  0, 0, 0
L 966.6528, 532.2127, -130.8727,  1096.0023, 493.3720, -122.5478,  0, 0, 0
L 961.0612, 533.7582, -131.2710,  829.6375, 591.3874, -139.9904,  0, 0, 0
L 829.6375, 591.3874, -139.9904,  801.8594, 611.3083, -140.7542,  0, 0, 0
L 801.8594, 611.3083, -140.7542,  739.6568, 685.4068, -143.8033,  0, 0, 0
L 739.5588, 685.5218, -143.8109,  720.6469, 702.4714, -143.9889,  0, 0, 0
L 720.6367, 702.4830, -143.9890,  703.8439, 798.5823, -144.1761,  0, 0, 0
L 1291.6763, 889.0911, -179.4300,  1258.4969, 889.1549, -185.5625,  0, 0, 0
L 1258.4924, 889.1551, -185.5624,  1258.4924, 889.1551, -185.5624,  0, 0, 0
L 1258.0695, 888.8734, -185.5624,  1265.5426, 893.3792, -185.5625,  0, 0, 0
L 1265.5695, 893.3947, -185.5624,  1278.8812, 894.3958, -185.5624,  0, 0, 0
L 1278.8812, 894.3958, -185.5624,  1290.0314, 913.0462, -185.5625,  0, 0, 0
L 1290.0381, 913.0581, -185.5624,  1309.0465, 922.8477, -185.5528,  0, 0, 0
L 1309.0465, 922.8477, -185.5528,  1330.7758, 922.0693, -185.5509,  0, 0, 0
L 1330.7777, 922.0692, -185.5509,  1349.5793, 910.4548, -185.5438,  0, 0, 0
L 1359.1661, 891.9499, -185.5448,  1348.4719, 910.4799, -185.5446,  0, 0, 0
L 1359.4659, 891.5104, -185.5447,  1358.8452, 865.3244, -185.5474,  0, 0, 0
L 1358.8452, 865.2920, -185.5473,  1345.6387, 848.1324, -185.5484,  0, 0, 0
L 1345.6306, 848.1190, -185.5484,  1329.5813, 840.7669, -185.5448,  0, 0, 0
L 1329.5779, 840.7653, -185.5448,  1307.5585, 841.4556, -185.5512,  0, 0, 0
L 1307.5551, 841.4554, -185.5511,  1288.4751, 852.5541, -185.5612,  0, 0, 0
L 1288.4642, 852.5599, -185.5611,  1278.3816, 869.1874, -185.5625,  0, 0, 0
L 1278.3799, 869.1874, -185.5624,  1260.9565, 871.8565, -185.5624,  0, 0, 0
L 1259.9838, 876.1777, -185.5624,  1293.5503, 874.6691, -179.5597,  0, 0, 0
L 1299.0258, 861.3811, -182.4013,  1293.7522, 876.4641, -180.8584,  0, 0, 0
L 1299.1903, 861.2878, -182.4014,  1314.6199, 854.3867, -182.4014,  0, 0, 0
L 1314.6199, 854.3867, -182.4013,  1325.7999, 854.3757, -182.4014,  0, 0, 0
L 1325.8035, 854.3757, -182.4013,  1339.9312, 864.1235, -182.4014,  0, 0, 0
L 1339.9368, 864.1338, -182.4013,  1345.8613, 878.6448, -182.4014,  0, 0, 0
L 1345.8606, 878.6713, -182.4014,  1344.6239, 891.2889, -182.4014,  0, 0, 0
L 1344.6234, 891.2895, -182.4013,  1337.4988, 902.4359, -182.4013,  0, 0, 0
L 1337.4988, 902.4359, -182.4013,  1325.9670, 909.0800, -182.4014,  0, 0, 0
L 1310.7849, 908.9559, -182.4014,  1327.4822, 908.2095, -182.4014,  0, 0, 0
L 1312.1748, 909.1684, -182.4013,  1298.7371, 901.9686, -182.4014,  0, 0, 0
L 1298.7346, 901.9672, -182.4013,  1294.6971, 890.7060, -182.4014,  0, 0, 0
L 1294.6971, 890.7059, -182.4013,  1286.9561, 889.1875, -179.6519,  0, 0, 0
L 1262.6984, 871.9442, -185.5624,  1262.1400, 876.9925, -185.5624,  0, 0, 0
L 1490.3878, 706.3012, -178.9428,  1509.5145, 716.4688, -178.9429,  0, 0, 0
L 1509.5321, 716.4701, -178.9428,  1520.8942, 697.5383, -178.9429,  0, 0, 0
L 1520.9789, 697.4109, -178.9428,  1501.8326, 686.2521, -178.9429,  0, 0, 0
L 1501.8182, 686.2437, -178.9428,  1501.8182, 686.2437, -178.9428,  0, 0, 0
L 1501.8182, 686.2437, -178.9428,  1490.3196, 704.7792, -177.9760,  0, 0, 0
L 684.4884, 515.6581, -148.4522,  905.3071, 415.9211, -149.4327,  127, 64, 0
L 905.3071, 415.9211, -149.4327,  823.2103, 272.9597, -152.1015,  127, 64, 0
L 823.2083, 272.9568, -152.1008,  610.3800, 362.5434, -151.3006,  127, 64, 0
L 610.3779, 362.5432, -151.3010,  683.3989, 515.6430, -148.3082,  127, 64, 0
L -118.7818, 10.2674, -32.6379,  -118.9492, -12.4531, -32.6379,  255, 0, 255
