P 700.0000, 2750.0000, 0.0000,  0, 240, 0,  2,  Gukta_(Grobb)
P -928.0000, 1329.0000, 0.0000,  240, 240, 240,  2,  Yun_Trainer_Kintok_(Shaman)
P -794.0000, 1609.0000, 0.0000,  240, 240, 240,  2,  Kor_Trainer_Galdok_(Cleric)
P -1442.0000, 1542.0000, 0.0000,  240, 240, 240,  2,  Kolbolds
P 20.0000, 735.0000, 0.0000,  0, 240, 0,  2,  Knowledge_Portal
P 250.0000, 92.0000, 0.0000,  240, 240, 240,  2,  Ground_Spawn_(Vial_of_Swamp_Water)
P -1183.0000, -1359.0000, 0.0000,  240, 240, 240,  2,  Hollow_Log_(LDON)
P 156.0000, -1909.0000, 0.0000,  240, 240, 240,  2,  Undead_Tower
P -541.4900, -1185.4020, 13.7680,  240, 240, 240,  2,  Sugal_the_Fist
P -995.1170, 446.5980, -1.9220,  240, 240, 240,  2,  Igok
P -990.9890, 446.4040, -0.9410,  240, 240, 240,  2,  Anlut_Heavenfall
P -1141.9041, 1689.0370, -27.9590,  240, 240, 240,  2,  Deblik_Grumblok
P -984.7350, 1996.4150, -4.5150,  240, 240, 240,  2,  Fallen_Troll_&_Froglok
P -227.8750, 1754.2710, -23.4550,  240, 240, 240,  2,  Kobolds
P -147.3170, -1891.4960, -21.7220,  240, 240, 240,  2,  Dven_Tulvnek
P 588.0000, 2192.0000, 0.0000,  255, 255, 255,  2,  Succor_Point
P -2100.0000, 1000.0000, 0.0000,  0, 240, 0,  2,  Feerott
P -850.0000, -2400.0000, 0.0000,  0, 240, 0,  2,  South_Ro
P 7.0000, -1781.0000, 0.0000,  255, 255, 255,  2,  Skel_Tower
P -1237.0000, 1237.0000, 0.0000,  255, 255, 255,  2,  Submerged_Hut
P -881.0000, 1072.0000, 0.0000,  255, 255, 255,  2,  Ruined_Ferry
P 900.0000, -100.0000, 0.0000,  0, 240, 0,  2,  Guk
