P -3140.0000, 100.0000, 0.0000,  0, 0, 0,  2,  Wakening_Land
P 200.0000, 350.0000, 0.0000,  0, 0, 0,  2,  Eastern_Wastes
P 633.0000, 47.0000, 0.0000,  255, 255, 255,  2,  Succor_Point
P -1946.7830, -173.7140, -199.9050,  0, 0, 0,  3,  Svekk_(Händler)
P -1867.0000, -267.0000, -199.9050,  0, 0, 0,  3,  Kellek_(Händler)
P -1394.0000, 403.0000, -199.9050,  0, 0, 0,  3,  Weyrevar_(Rüstungen)
P -1442.0000, 404.0000, -199.9050,  0, 0, 0,  3,  Pollos_(Bankier)
P -1908.0000, 1679.0000, -159.9370,  0, 0, 0,  3,  Weyen_(Bankier)
P -1953.0000, 1658.0000, -159.9370,  0, 0, 0,  3,  Bendad_(Händler)
P -1932.0000, 1740.0000, -159.9370,  0, 0, 0,  3,  Ymik_(Händler)
P -828.0000, -238.0000, -139.9370,  0, 0, 0,  3,  Kevelak_(Händler)
P -848.0000, -254.0000, -139.9370,  0, 0, 0,  3,  Wevek_(Waffen)
P -872.0000, -245.0000, -139.9370,  0, 0, 0,  3,  Graggaz_(Rüstungen)
