P -441.1440, -479.1540, -92.1070,  240, 0, 0,  3,  Tisiana
P 13.5220, -2222.0171, 68.8960,  240, 0, 0,  3,  Youra_Neutral_Token_Taker
P -519.7940, -3679.1340, -18.1600,  240, 0, 0,  3,  Bianca_Creator
P 1662.0000, -1334.0000, -108.0000,  0, 240, 0,  3,  Temple_of_Solusek_Ro
P 1753.0000, -543.0000, -100.0000,  0, 240, 0,  3,  Najena
P -445.0000, -489.0000, -92.0000,  255, 255, 255,  3,  Druid_Ring
P -811.0000, -417.0000, -49.0000,  0, 255, 255,  3,  Gypsy_Camp
P 22.0000, -120.0000, -51.0000,  0, 240, 0,  3,  Nektulos_Forrest
P -114.0000, -2294.0000, 12.0000,  0, 240, 0,  3,  Sol_B
P -111.0000, -3829.0000, 9.0000,  0, 240, 0,  3,  The_Broodlands
P 673.0000, -2704.0000, -91.0000,  0, 240, 0,  3,  Lavaspinner's_Lair
P -941.0000, -1313.0000, -76.0000,  0, 240, 0,  3,  Sol_A
P 1289.0000, -1910.0000, 158.0000,  0, 0, 0,  3,  Shadowmen
P 25.0000, -182.0000, -76.0000,  255, 255, 255,  3,  Succor
