L -956.0000, -1298.0000, -68.0000,  -950.0000, -1286.0000, -70.0000,  0, 0, 0
L -966.0000, -1308.0000, -70.0000,  -956.0000, -1298.0000, -68.0000,  0, 0, 0
L -985.0000, -1314.0000, -68.0000,  -966.0000, -1308.0000, -70.0000,  0, 0, 0
L -1006.0000, -1319.0000, -70.0000,  -985.0000, -1314.0000, -68.0000,  0, 0, 0
L -1035.0000, -1324.0000, -70.0000,  -1006.0000, -1319.0000, -70.0000,  0, 0, 0
L -1054.0000, -1330.0000, -71.0000,  -1035.0000, -1324.0000, -70.0000,  0, 0, 0
L -1074.0000, -1340.0000, -69.0000,  -1054.0000, -1330.0000, -71.0000,  0, 0, 0
L -1097.0000, -1368.0000, -69.0000,  -1074.0000, -1340.0000, -69.0000,  0, 0, 0
L -1108.0000, -1390.0000, -70.0000,  -1097.0000, -1368.0000, -69.0000,  0, 0, 0
L -1117.0000, -1426.0000, -70.0000,  -1108.0000, -1390.0000, -70.0000,  0, 0, 0
L -1112.0000, -1453.0000, -70.0000,  -1117.0000, -1426.0000, -70.0000,  0, 0, 0
L -1100.0000, -1489.0000, -69.0000,  -1112.0000, -1453.0000, -70.0000,  0, 0, 0
L -1082.0000, -1510.0000, -66.0000,  -1100.0000, -1489.0000, -69.0000,  0, 0, 0
L -1049.0000, -1528.0000, -66.0000,  -1082.0000, -1510.0000, -66.0000,  0, 0, 0
L -1021.0000, -1536.0000, -62.0000,  -1049.0000, -1528.0000, -66.0000,  0, 0, 0
L -997.0000, -1536.0000, -58.0000,  -1021.0000, -1536.0000, -62.0000,  0, 0, 0
L -980.0000, -1535.0000, -54.0000,  -997.0000, -1536.0000, -58.0000,  0, 0, 0
L -962.0000, -1532.0000, -55.0000,  -980.0000, -1535.0000, -54.0000,  0, 0, 0
L -957.0000, -1533.0000, -55.0000,  -962.0000, -1532.0000, -55.0000,  0, 0, 0
L -945.0000, -1533.0000, -57.0000,  -957.0000, -1533.0000, -55.0000,  0, 0, 0
L -932.0000, -1530.0000, -56.0000,  -945.0000, -1533.0000, -57.0000,  0, 0, 0
L -922.0000, -1530.0000, -57.0000,  -932.0000, -1530.0000, -56.0000,  0, 0, 0
L -914.0000, -1497.0000, -57.0000,  -914.0000, -1497.0000, -57.0000,  0, 0, 0
L -917.0000, -1499.0000, -57.0000,  -914.0000, -1497.0000, -57.0000,  0, 0, 0
L -931.0000, -1500.0000, -57.0000,  -917.0000, -1499.0000, -57.0000,  0, 0, 0
L -948.0000, -1497.0000, -60.0000,  -931.0000, -1500.0000, -57.0000,  0, 0, 0
L -957.0000, -1495.0000, -60.0000,  -948.0000, -1497.0000, -60.0000,  0, 0, 0
L -970.0000, -1494.0000, -62.0000,  -957.0000, -1495.0000, -60.0000,  0, 0, 0
L -983.0000, -1494.0000, -66.0000,  -970.0000, -1494.0000, -62.0000,  0, 0, 0
L -994.0000, -1495.0000, -68.0000,  -983.0000, -1494.0000, -66.0000,  0, 0, 0
L -1006.0000, -1499.0000, -68.0000,  -994.0000, -1495.0000, -68.0000,  0, 0, 0
L -1011.0000, -1498.0000, -68.0000,  -1006.0000, -1499.0000, -68.0000,  0, 0, 0
L -1029.0000, -1495.0000, -69.0000,  -1011.0000, -1498.0000, -68.0000,  0, 0, 0
L -1058.0000, -1480.0000, -68.0000,  -1029.0000, -1495.0000, -69.0000,  0, 0, 0
L -1066.0000, -1471.0000, -68.0000,  -1058.0000, -1480.0000, -68.0000,  0, 0, 0
L -1074.0000, -1450.0000, -68.0000,  -1066.0000, -1471.0000, -68.0000,  0, 0, 0
L -1078.0000, -1429.0000, -68.0000,  -1074.0000, -1450.0000, -68.0000,  0, 0, 0
L -1073.0000, -1406.0000, -69.0000,  -1078.0000, -1429.0000, -68.0000,  0, 0, 0
L -1066.0000, -1390.0000, -68.0000,  -1073.0000, -1406.0000, -69.0000,  0, 0, 0
L -1057.0000, -1376.0000, -68.0000,  -1066.0000, -1390.0000, -68.0000,  0, 0, 0
L -1050.0000, -1370.0000, -67.0000,  -1057.0000, -1376.0000, -68.0000,  0, 0, 0
L -1031.0000, -1363.0000, -68.0000,  -1050.0000, -1370.0000, -67.0000,  0, 0, 0
L -1000.0000, -1356.0000, -68.0000,  -1031.0000, -1363.0000, -68.0000,  0, 0, 0
L -963.0000, -1348.0000, -66.0000,  -1000.0000, -1356.0000, -68.0000,  0, 0, 0
L -947.0000, -1341.0000, -66.0000,  -963.0000, -1348.0000, -66.0000,  0, 0, 0
L -933.0000, -1331.0000, -65.0000,  -947.0000, -1341.0000, -66.0000,  0, 0, 0
L -920.0000, -1314.0000, -66.0000,  -933.0000, -1331.0000, -65.0000,  0, 0, 0
L -907.0000, -1286.0000, -69.0000,  -920.0000, -1314.0000, -66.0000,  0, 0, 0
L -950.0000, -1286.0000, -71.0000,  -907.0000, -1286.0000, -69.0000,  240, 0, 140
L -29.0000, -76.0000, -33.0000,  58.0000, -77.0000, -37.0000,  240, 0, 140
L -43.0000, -61.0000, 6.0000,  -43.0000, -61.0000, 6.0000,  0, 0, 0
L -43.0000, -56.0000, 4.0000,  -42.0000, -54.0000, 7.0000,  0, 0, 0
L -43.0000, -58.0000, 2.0000,  -43.0000, -56.0000, 4.0000,  0, 0, 0
L -44.0000, -66.0000, 3.0000,  -43.0000, -58.0000, 2.0000,  0, 0, 0
L -45.0000, -77.0000, 5.0000,  -44.0000, -66.0000, 3.0000,  0, 0, 0
L 1783.0000, -583.0000, -102.0000,  1779.0000, -584.0000, -102.0000,  0, 0, 0
L 1782.0000, -514.0000, -101.0000,  1783.0000, -583.0000, -102.0000,  240, 0, 140
L 1777.0000, -514.0000, -101.0000,  1782.0000, -514.0000, -101.0000,  0, 0, 0
L 1677.0000, -1349.0000, -96.0000,  1675.0000, -1355.0000, -92.0000,  0, 0, 0
L 1680.0000, -1343.0000, -93.0000,  1678.0000, -1349.0000, -95.0000,  0, 0, 0
L 1690.0000, -1326.0000, -95.0000,  1680.0000, -1343.0000, -93.0000,  0, 0, 0
L 1705.0000, -1322.0000, -95.0000,  1690.0000, -1326.0000, -95.0000,  0, 0, 0
L 1725.0000, -1320.0000, -93.0000,  1705.0000, -1322.0000, -95.0000,  0, 0, 0
L 1744.0000, -1314.0000, -97.0000,  1725.0000, -1320.0000, -93.0000,  0, 0, 0
L 1777.0000, -1306.0000, -96.0000,  1744.0000, -1314.0000, -97.0000,  0, 0, 0
L 1803.0000, -1295.0000, -94.0000,  1777.0000, -1306.0000, -96.0000,  0, 0, 0
L 1822.0000, -1274.0000, -94.0000,  1803.0000, -1295.0000, -94.0000,  0, 0, 0
L 1837.0000, -1243.0000, -98.0000,  1822.0000, -1274.0000, -94.0000,  0, 0, 0
L 1845.0000, -1210.0000, -94.0000,  1837.0000, -1243.0000, -98.0000,  0, 0, 0
L 1838.0000, -1174.0000, -98.0000,  1845.0000, -1210.0000, -94.0000,  0, 0, 0
L 1828.0000, -1146.0000, -94.0000,  1838.0000, -1174.0000, -98.0000,  0, 0, 0
L 1812.0000, -1126.0000, -94.0000,  1828.0000, -1146.0000, -94.0000,  0, 0, 0
L 1790.0000, -1113.0000, -95.0000,  1812.0000, -1126.0000, -94.0000,  0, 0, 0
L 1788.0000, -1113.0000, -96.0000,  1790.0000, -1113.0000, -95.0000,  0, 0, 0
L 1763.0000, -1102.0000, -98.0000,  1788.0000, -1113.0000, -96.0000,  0, 0, 0
L 1730.0000, -1098.0000, -90.0000,  1763.0000, -1102.0000, -98.0000,  0, 0, 0
L 1701.0000, -1099.0000, -84.0000,  1730.0000, -1098.0000, -90.0000,  0, 0, 0
L 1656.0000, -1098.0000, -74.0000,  1701.0000, -1099.0000, -84.0000,  0, 0, 0
L 1628.0000, -1104.0000, -63.0000,  1656.0000, -1098.0000, -74.0000,  0, 0, 0
L 1609.0000, -1104.0000, -61.0000,  1628.0000, -1104.0000, -63.0000,  0, 0, 0
L 1591.0000, -1104.0000, -64.0000,  1609.0000, -1104.0000, -61.0000,  0, 0, 0
L 1585.0000, -1107.0000, -63.0000,  1591.0000, -1104.0000, -64.0000,  0, 0, 0
L 1647.0000, -1322.0000, -91.0000,  1637.0000, -1344.0000, -93.0000,  0, 0, 0
L 1650.0000, -1318.0000, -93.0000,  1647.0000, -1322.0000, -91.0000,  0, 0, 0
L 1654.0000, -1313.0000, -94.0000,  1650.0000, -1318.0000, -93.0000,  0, 0, 0
L 1663.0000, -1303.0000, -94.0000,  1654.0000, -1313.0000, -94.0000,  0, 0, 0
L 1670.0000, -1296.0000, -93.0000,  1663.0000, -1303.0000, -94.0000,  0, 0, 0
L 1678.0000, -1293.0000, -96.0000,  1670.0000, -1296.0000, -93.0000,  0, 0, 0
L 1692.0000, -1287.0000, -97.0000,  1678.0000, -1293.0000, -96.0000,  0, 0, 0
L 1699.0000, -1285.0000, -97.0000,  1692.0000, -1287.0000, -97.0000,  0, 0, 0
L 1748.0000, -1273.0000, -91.0000,  1699.0000, -1285.0000, -97.0000,  0, 0, 0
L 1765.0000, -1270.0000, -93.0000,  1748.0000, -1273.0000, -91.0000,  0, 0, 0
L 1779.0000, -1263.0000, -92.0000,  1765.0000, -1270.0000, -93.0000,  0, 0, 0
L 1787.0000, -1255.0000, -93.0000,  1779.0000, -1263.0000, -92.0000,  0, 0, 0
L 1791.0000, -1248.0000, -95.0000,  1787.0000, -1255.0000, -93.0000,  0, 0, 0
L 1806.0000, -1207.0000, -93.0000,  1791.0000, -1248.0000, -95.0000,  0, 0, 0
L 1803.0000, -1197.0000, -92.0000,  1806.0000, -1207.0000, -93.0000,  0, 0, 0
L 1795.0000, -1165.0000, -92.0000,  1803.0000, -1197.0000, -92.0000,  0, 0, 0
L 1780.0000, -1152.0000, -96.0000,  1795.0000, -1165.0000, -92.0000,  0, 0, 0
L 1741.0000, -1138.0000, -93.0000,  1780.0000, -1152.0000, -96.0000,  0, 0, 0
L 1725.0000, -1139.0000, -92.0000,  1741.0000, -1138.0000, -93.0000,  0, 0, 0
L 1667.0000, -1135.0000, -73.0000,  1725.0000, -1139.0000, -92.0000,  0, 0, 0
L 1650.0000, -1140.0000, -73.0000,  1667.0000, -1135.0000, -73.0000,  0, 0, 0
L 1633.0000, -1144.0000, -74.0000,  1650.0000, -1140.0000, -73.0000,  0, 0, 0
L 1603.0000, -1139.0000, -70.0000,  1633.0000, -1144.0000, -74.0000,  0, 0, 0
L 1565.0000, -1138.0000, -69.0000,  1603.0000, -1139.0000, -70.0000,  0, 0, 0
L 1784.0000, -464.0000, -103.0000,  1777.0000, -514.0000, -103.0000,  0, 0, 0
L 1777.0000, -399.0000, -104.0000,  1784.0000, -464.0000, -103.0000,  0, 0, 0
L 1715.0000, -394.0000, -103.0000,  1777.0000, -399.0000, -104.0000,  0, 0, 0
L 1608.0000, -403.0000, -89.0000,  1715.0000, -394.0000, -103.0000,  0, 0, 0
L 1611.0000, -432.0000, -88.0000,  1608.0000, -403.0000, -89.0000,  0, 0, 0
L 1596.0000, -434.0000, -88.0000,  1611.0000, -432.0000, -88.0000,  0, 0, 0
L -45.0000, -89.0000, 6.0000,  -45.0000, -76.0000, 2.0000,  0, 0, 0
L -45.0000, -96.0000, 7.0000,  -45.0000, -89.0000, 6.0000,  0, 0, 0
L -643.0000, -2285.0000, 47.0000,  -608.0000, -2229.0000, 71.0000,  0, 0, 0
L -627.0000, -2356.0000, 62.0000,  -643.0000, -2285.0000, 47.0000,  0, 0, 0
L -579.0000, -2452.0000, 52.0000,  -627.0000, -2356.0000, 62.0000,  0, 0, 0
L -368.0000, -2563.0000, 27.0000,  -579.0000, -2452.0000, 52.0000,  0, 0, 0
L -134.0000, -2536.0000, 74.0000,  -368.0000, -2563.0000, 27.0000,  0, 0, 0
L 25.0000, -2491.0000, 65.0000,  -134.0000, -2536.0000, 74.0000,  0, 0, 0
L 80.0000, -2457.0000, 51.0000,  25.0000, -2491.0000, 65.0000,  0, 0, 0
L 84.0000, -2450.0000, 51.0000,  80.0000, -2457.0000, 51.0000,  0, 0, 0
L 78.0000, -2382.0000, 107.0000,  84.0000, -2450.0000, 51.0000,  0, 0, 0
L 292.0000, -1501.0000, 113.0000,  404.0000, -1678.0000, 91.0000,  0, 0, 0
L 173.0000, -1421.0000, 69.0000,  292.0000, -1501.0000, 113.0000,  0, 0, 0
L -319.0000, -1381.0000, 133.0000,  173.0000, -1421.0000, 69.0000,  0, 0, 0
L -485.0000, -1421.0000, 120.0000,  -319.0000, -1381.0000, 133.0000,  0, 0, 0
L -500.0000, -1436.0000, 109.0000,  -485.0000, -1421.0000, 120.0000,  0, 0, 0
L -605.0000, -1501.0000, 69.0000,  -500.0000, -1436.0000, 109.0000,  0, 0, 0
L -645.0000, -1540.0000, 72.0000,  -605.0000, -1501.0000, 69.0000,  0, 0, 0
L -656.0000, -1575.0000, 75.0000,  -645.0000, -1540.0000, 72.0000,  0, 0, 0
L -659.0000, -1599.0000, 89.0000,  -656.0000, -1575.0000, 75.0000,  0, 0, 0
L -782.0000, -1520.0000, 29.0000,  -659.0000, -1599.0000, 89.0000,  0, 0, 0
L -752.0000, -1473.0000, 30.0000,  -782.0000, -1520.0000, 29.0000,  0, 0, 0
L -682.0000, -1404.0000, 49.0000,  -752.0000, -1473.0000, 30.0000,  0, 0, 0
L -607.0000, -1344.0000, 8.0000,  -682.0000, -1404.0000, 49.0000,  0, 0, 0
L -344.0000, -1264.0000, -19.0000,  -607.0000, -1344.0000, 8.0000,  0, 0, 0
L -284.0000, -1236.0000, -3.0000,  -344.0000, -1264.0000, -19.0000,  0, 0, 0
L 153.0000, -1265.0000, 17.0000,  -284.0000, -1236.0000, -3.0000,  0, 0, 0
L 270.0000, -1290.0000, -57.0000,  153.0000, -1265.0000, 17.0000,  0, 0, 0
L 347.0000, -1342.0000, -69.0000,  270.0000, -1290.0000, -57.0000,  0, 0, 0
L 548.0000, -1500.0000, -99.0000,  347.0000, -1342.0000, -69.0000,  0, 0, 0
L 591.0000, -1600.0000, -107.0000,  548.0000, -1500.0000, -99.0000,  0, 0, 0
L 511.0000, -1715.0000, 10.0000,  591.0000, -1600.0000, -107.0000,  0, 0, 0
L 493.0000, -1721.0000, 63.0000,  511.0000, -1715.0000, 10.0000,  0, 0, 0
L 446.0000, -1729.0000, 75.0000,  493.0000, -1721.0000, 63.0000,  0, 0, 0
L 404.0000, -1678.0000, 82.0000,  446.0000, -1729.0000, 75.0000,  0, 0, 0
L -608.0000, -2229.0000, 71.0000,  -612.0000, -2198.0000, 72.0000,  0, 0, 0
L -612.0000, -2198.0000, 72.0000,  -624.0000, -2129.0000, 81.0000,  0, 0, 0
L -624.0000, -2129.0000, 81.0000,  -622.0000, -2126.0000, 83.0000,  0, 0, 0
L -622.0000, -2126.0000, 83.0000,  -548.0000, -2119.0000, 67.0000,  0, 0, 0
L -548.0000, -2119.0000, 67.0000,  -527.0000, -2138.0000, 66.0000,  0, 0, 0
L -527.0000, -2138.0000, 66.0000,  -474.0000, -2220.0000, 149.0000,  0, 0, 0
L -474.0000, -2220.0000, 149.0000,  -466.0000, -2233.0000, 192.0000,  0, 0, 0
L -466.0000, -2233.0000, 192.0000,  -423.0000, -2247.0000, 208.0000,  0, 0, 0
L -423.0000, -2247.0000, 208.0000,  -380.0000, -2257.0000, 222.0000,  0, 0, 0
L -380.0000, -2257.0000, 222.0000,  -323.0000, -2244.0000, 128.0000,  0, 0, 0
L -323.0000, -2244.0000, 128.0000,  -266.0000, -2248.0000, 115.0000,  0, 0, 0
L -266.0000, -2248.0000, 115.0000,  50.0000, -2329.0000, 106.0000,  0, 0, 0
L 50.0000, -2329.0000, 106.0000,  78.0000, -2382.0000, 109.0000,  0, 0, 0
L -496.0000, -1862.0000, 21.0000,  -544.0000, -1821.0000, 27.0000,  255, 0, 0
L -544.0000, -1821.0000, 27.0000,  -555.0000, -1749.0000, 34.0000,  255, 0, 0
L -555.0000, -1749.0000, 34.0000,  -521.0000, -1581.0000, 24.0000,  255, 0, 0
L -521.0000, -1581.0000, 24.0000,  -489.0000, -1551.0000, 23.0000,  255, 0, 0
L -489.0000, -1551.0000, 23.0000,  -369.0000, -1515.0000, 21.0000,  255, 0, 0
L -369.0000, -1515.0000, 21.0000,  -309.0000, -1536.0000, 23.0000,  255, 0, 0
L -309.0000, -1536.0000, 23.0000,  -226.0000, -1551.0000, 24.0000,  255, 0, 0
L -226.0000, -1551.0000, 24.0000,  -201.0000, -1539.0000, 29.0000,  255, 0, 0
L -201.0000, -1539.0000, 29.0000,  -136.0000, -1507.0000, 27.0000,  255, 0, 0
L -136.0000, -1507.0000, 27.0000,  -131.0000, -1576.0000, -15.0000,  255, 0, 0
L -131.0000, -1576.0000, -15.0000,  -88.0000, -1519.0000, 17.0000,  255, 0, 0
L -88.0000, -1519.0000, 17.0000,  -32.0000, -1542.0000, 26.0000,  255, 0, 0
L -32.0000, -1542.0000, 26.0000,  13.0000, -1589.0000, 26.0000,  255, 0, 0
L 13.0000, -1589.0000, 26.0000,  81.0000, -1572.0000, 28.0000,  255, 0, 0
L 81.0000, -1572.0000, 28.0000,  367.0000, -1784.0000, 35.0000,  255, 0, 0
L 367.0000, -1784.0000, 35.0000,  438.0000, -1781.0000, 30.0000,  255, 0, 0
L 438.0000, -1781.0000, 30.0000,  528.0000, -1749.0000, -21.0000,  255, 0, 0
L 528.0000, -1749.0000, -21.0000,  635.0000, -1631.0000, -149.0000,  255, 0, 0
L 635.0000, -1631.0000, -149.0000,  636.0000, -1533.0000, -137.0000,  255, 0, 0
L 636.0000, -1533.0000, -137.0000,  664.0000, -1501.0000, -127.0000,  255, 0, 0
L 664.0000, -1501.0000, -127.0000,  654.0000, -1443.0000, -131.0000,  255, 0, 0
L 654.0000, -1443.0000, -131.0000,  671.0000, -1420.0000, -133.0000,  255, 0, 0
L 671.0000, -1420.0000, -133.0000,  676.0000, -1395.0000, -135.0000,  255, 0, 0
L 676.0000, -1395.0000, -135.0000,  715.0000, -1376.0000, -139.0000,  255, 0, 0
L 715.0000, -1376.0000, -139.0000,  809.0000, -1286.0000, -150.0000,  255, 0, 0
L 809.0000, -1286.0000, -150.0000,  917.0000, -1232.0000, -141.0000,  255, 0, 0
L 917.0000, -1232.0000, -141.0000,  953.0000, -1219.0000, -135.0000,  255, 0, 0
L 953.0000, -1219.0000, -135.0000,  1068.0000, -1177.0000, -151.0000,  255, 0, 0
L 1068.0000, -1177.0000, -151.0000,  1267.0000, -1120.0000, -151.0000,  255, 0, 0
L 1267.0000, -1120.0000, -151.0000,  1369.0000, -1116.0000, -155.0000,  255, 0, 0
L 1369.0000, -1116.0000, -155.0000,  1384.0000, -1142.0000, -147.0000,  255, 0, 0
L 1384.0000, -1142.0000, -147.0000,  1260.0000, -1142.0000, -155.0000,  255, 0, 0
L 1260.0000, -1142.0000, -155.0000,  889.0000, -1266.0000, -144.0000,  255, 0, 0
L 889.0000, -1266.0000, -144.0000,  777.0000, -1339.0000, -139.0000,  255, 0, 0
L 777.0000, -1339.0000, -139.0000,  674.0000, -1441.0000, -134.0000,  255, 0, 0
L 674.0000, -1441.0000, -134.0000,  695.0000, -1490.0000, -121.0000,  255, 0, 0
L 695.0000, -1490.0000, -121.0000,  650.0000, -1720.0000, -117.0000,  255, 0, 0
L 650.0000, -1720.0000, -117.0000,  401.0000, -1822.0000, 27.0000,  255, 0, 0
L 401.0000, -1822.0000, 27.0000,  379.0000, -1873.0000, 29.0000,  255, 0, 0
L 379.0000, -1873.0000, 29.0000,  450.0000, -1914.0000, 28.0000,  255, 0, 0
L 450.0000, -1914.0000, 28.0000,  470.0000, -1974.0000, -8.0000,  255, 0, 0
L 470.0000, -1974.0000, -8.0000,  680.0000, -2208.0000, -139.0000,  255, 0, 0
L 680.0000, -2208.0000, -139.0000,  658.0000, -2257.0000, -138.0000,  255, 0, 0
L 658.0000, -2257.0000, -138.0000,  634.0000, -2257.0000, -128.0000,  255, 0, 0
L 634.0000, -2257.0000, -128.0000,  389.0000, -1945.0000, 27.0000,  255, 0, 0
L 389.0000, -1945.0000, 27.0000,  299.0000, -1942.0000, 27.0000,  255, 0, 0
L 299.0000, -1942.0000, 27.0000,  235.0000, -1988.0000, 27.0000,  255, 0, 0
L 235.0000, -1988.0000, 27.0000,  -37.0000, -2080.0000, 35.0000,  255, 0, 0
L -37.0000, -2080.0000, 35.0000,  -258.0000, -2022.0000, 33.0000,  255, 0, 0
L -258.0000, -2022.0000, 33.0000,  -419.0000, -2031.0000, 33.0000,  255, 0, 0
L -419.0000, -2031.0000, 33.0000,  -487.0000, -1969.0000, 24.0000,  255, 0, 0
L -487.0000, -1969.0000, 24.0000,  -474.0000, -1896.0000, 38.0000,  255, 0, 0
L -474.0000, -1896.0000, 38.0000,  -496.0000, -1862.0000, 30.0000,  255, 0, 0
L 703.0000, -1761.0000, -95.0000,  735.0000, -1758.0000, -103.0000,  255, 0, 0
L 735.0000, -1758.0000, -103.0000,  752.0000, -1741.0000, -96.0000,  255, 0, 0
L 752.0000, -1741.0000, -96.0000,  772.0000, -1757.0000, -92.0000,  255, 0, 0
L 772.0000, -1757.0000, -92.0000,  773.0000, -1778.0000, -99.0000,  255, 0, 0
L 773.0000, -1778.0000, -99.0000,  791.0000, -1802.0000, -99.0000,  255, 0, 0
L 791.0000, -1802.0000, -99.0000,  779.0000, -1820.0000, -101.0000,  255, 0, 0
L 779.0000, -1820.0000, -101.0000,  753.0000, -1797.0000, -106.0000,  255, 0, 0
L 753.0000, -1797.0000, -106.0000,  716.0000, -1795.0000, -98.0000,  255, 0, 0
L 716.0000, -1795.0000, -98.0000,  697.0000, -1781.0000, -93.0000,  255, 0, 0
L 697.0000, -1781.0000, -93.0000,  703.0000, -1761.0000, -98.0000,  255, 0, 0
L 723.0000, -1871.0000, -73.0000,  745.0000, -1874.0000, -80.0000,  255, 0, 0
L 745.0000, -1874.0000, -80.0000,  764.0000, -1902.0000, -87.0000,  255, 0, 0
L 764.0000, -1902.0000, -87.0000,  752.0000, -1911.0000, -85.0000,  255, 0, 0
L 752.0000, -1911.0000, -85.0000,  721.0000, -1873.0000, -76.0000,  255, 0, 0
L 671.0000, -2000.0000, -61.0000,  640.0000, -1962.0000, -49.0000,  255, 0, 0
L 640.0000, -1962.0000, -49.0000,  621.0000, -1981.0000, -48.0000,  255, 0, 0
L 621.0000, -1981.0000, -48.0000,  655.0000, -2018.0000, -64.0000,  255, 0, 0
L 655.0000, -2018.0000, -64.0000,  671.0000, -2018.0000, -67.0000,  255, 0, 0
L 671.0000, -2018.0000, -67.0000,  671.0000, -2001.0000, -62.0000,  255, 0, 0
L 813.0000, -1946.0000, -102.0000,  834.0000, -1959.0000, -101.0000,  255, 0, 0
L 834.0000, -1959.0000, -101.0000,  831.0000, -2157.0000, -115.0000,  255, 0, 0
L 831.0000, -2157.0000, -115.0000,  793.0000, -2184.0000, -122.0000,  255, 0, 0
L 793.0000, -2184.0000, -122.0000,  781.0000, -2164.0000, -120.0000,  255, 0, 0
L 781.0000, -2164.0000, -120.0000,  794.0000, -2128.0000, -117.0000,  255, 0, 0
L 794.0000, -2128.0000, -117.0000,  757.0000, -2117.0000, -117.0000,  255, 0, 0
L 757.0000, -2117.0000, -117.0000,  717.0000, -2059.0000, -94.0000,  255, 0, 0
L 717.0000, -2059.0000, -94.0000,  734.0000, -2044.0000, -95.0000,  255, 0, 0
L 734.0000, -2044.0000, -95.0000,  793.0000, -2101.0000, -117.0000,  255, 0, 0
L 793.0000, -2101.0000, -117.0000,  798.0000, -2086.0000, -109.0000,  255, 0, 0
L 798.0000, -2086.0000, -109.0000,  796.0000, -1966.0000, -100.0000,  255, 0, 0
L 796.0000, -1966.0000, -100.0000,  814.0000, -1947.0000, -102.0000,  255, 0, 0
L 791.0000, -2225.0000, -131.0000,  778.0000, -2219.0000, -132.0000,  255, 0, 0
L 778.0000, -2219.0000, -132.0000,  778.0000, -2235.0000, -140.0000,  255, 0, 0
L 778.0000, -2235.0000, -140.0000,  762.0000, -2292.0000, -171.0000,  255, 0, 0
L 762.0000, -2292.0000, -171.0000,  719.0000, -2246.0000, -152.0000,  255, 0, 0
L 719.0000, -2246.0000, -152.0000,  756.0000, -2234.0000, -151.0000,  255, 0, 0
L 756.0000, -2234.0000, -151.0000,  714.0000, -2186.0000, -127.0000,  255, 0, 0
L 714.0000, -2186.0000, -127.0000,  677.0000, -2186.0000, -138.0000,  255, 0, 0
L 677.0000, -2186.0000, -138.0000,  708.0000, -2231.0000, -153.0000,  255, 0, 0
L 708.0000, -2231.0000, -153.0000,  700.0000, -2240.0000, -151.0000,  255, 0, 0
L 700.0000, -2240.0000, -151.0000,  702.0000, -2256.0000, -146.0000,  255, 0, 0
L 702.0000, -2256.0000, -146.0000,  693.0000, -2274.0000, -142.0000,  255, 0, 0
L 693.0000, -2274.0000, -142.0000,  717.0000, -2282.0000, -151.0000,  255, 0, 0
L 717.0000, -2282.0000, -151.0000,  736.0000, -2306.0000, -156.0000,  255, 0, 0
L 736.0000, -2306.0000, -156.0000,  737.0000, -2315.0000, -149.0000,  255, 0, 0
L 737.0000, -2315.0000, -149.0000,  823.0000, -2400.0000, -131.0000,  255, 0, 0
L 823.0000, -2400.0000, -131.0000,  839.0000, -2405.0000, -125.0000,  255, 0, 0
L 839.0000, -2405.0000, -125.0000,  812.0000, -2336.0000, -170.0000,  255, 0, 0
L 812.0000, -2336.0000, -170.0000,  822.0000, -2312.0000, -164.0000,  255, 0, 0
L 822.0000, -2312.0000, -164.0000,  813.0000, -2264.0000, -148.0000,  255, 0, 0
L 813.0000, -2264.0000, -148.0000,  780.0000, -2229.0000, -138.0000,  255, 0, 0
L 780.0000, -2229.0000, -138.0000,  791.0000, -2225.0000, -131.0000,  255, 0, 0
L 947.0000, -1285.0000, -118.0000,  949.0000, -1182.0000, -118.0000,  0, 0, 0
L 903.0000, -1184.0000, -114.0000,  903.0000, -1286.0000, -117.0000,  0, 0, 0
L 624.0000, -2067.0000, -52.0000,  471.0000, -2221.0000, -57.0000,  0, 0, 0
L 497.0000, -2258.0000, -65.0000,  660.0000, -2097.0000, -61.0000,  0, 0, 0
L 919.0000, -2570.0000, 140.0000,  981.0000, -2305.0000, 179.0000,  0, 0, 0
L 981.0000, -2305.0000, 179.0000,  1007.0000, -2303.0000, 204.0000,  0, 0, 0
L 1007.0000, -2303.0000, 204.0000,  1002.0000, -2271.0000, 195.0000,  0, 0, 0
L 1002.0000, -2271.0000, 195.0000,  1059.0000, -2248.0000, 226.0000,  0, 0, 0
L 1059.0000, -2248.0000, 226.0000,  1239.0000, -2233.0000, 146.0000,  0, 0, 0
L 1239.0000, -2233.0000, 146.0000,  1429.0000, -2177.0000, 117.0000,  0, 0, 0
L 1429.0000, -2177.0000, 117.0000,  1481.0000, -2152.0000, 126.0000,  0, 0, 0
L 1481.0000, -2152.0000, 126.0000,  1547.0000, -2141.0000, 90.0000,  0, 0, 0
L 1547.0000, -2141.0000, 90.0000,  1593.0000, -2120.0000, 94.0000,  0, 0, 0
L 1593.0000, -2120.0000, 94.0000,  1598.0000, -2056.0000, 113.0000,  0, 0, 0
L 1598.0000, -2056.0000, 113.0000,  1617.0000, -1975.0000, 129.0000,  0, 0, 0
L 1617.0000, -1975.0000, 129.0000,  1642.0000, -1901.0000, 136.0000,  0, 0, 0
L 1642.0000, -1901.0000, 136.0000,  1644.0000, -1856.0000, 160.0000,  0, 0, 0
L 1644.0000, -1856.0000, 160.0000,  1661.0000, -1802.0000, 148.0000,  0, 0, 0
L 1661.0000, -1802.0000, 148.0000,  1630.0000, -1722.0000, 222.0000,  0, 0, 0
L 1630.0000, -1722.0000, 222.0000,  1439.0000, -1638.0000, 569.0000,  0, 0, 0
L 1629.0000, -1721.0000, 225.0000,  1590.0000, -1716.0000, 215.0000,  0, 0, 0
L 1590.0000, -1716.0000, 215.0000,  1494.0000, -1694.0000, 86.0000,  0, 0, 0
L 1494.0000, -1694.0000, 86.0000,  1497.0000, -1665.0000, 78.0000,  0, 0, 0
L 1497.0000, -1665.0000, 78.0000,  1509.0000, -1654.0000, 54.0000,  0, 0, 0
L 1509.0000, -1654.0000, 54.0000,  1516.0000, -1645.0000, 40.0000,  0, 0, 0
L 1516.0000, -1645.0000, 40.0000,  1528.0000, -1637.0000, 16.0000,  0, 0, 0
L 1528.0000, -1637.0000, 16.0000,  1577.0000, -1567.0000, 15.0000,  0, 0, 0
L 1577.0000, -1567.0000, 15.0000,  1577.0000, -1543.0000, 14.0000,  0, 0, 0
L 1577.0000, -1543.0000, 14.0000,  1579.0000, -1521.0000, 17.0000,  0, 0, 0
L 1579.0000, -1521.0000, 17.0000,  1582.0000, -1505.0000, 22.0000,  0, 0, 0
L 1582.0000, -1505.0000, 22.0000,  1586.0000, -1497.0000, 22.0000,  0, 0, 0
L 1586.0000, -1497.0000, 22.0000,  1589.0000, -1479.0000, 30.0000,  0, 0, 0
L 1589.0000, -1479.0000, 30.0000,  1590.0000, -1469.0000, 35.0000,  0, 0, 0
L 1590.0000, -1469.0000, 35.0000,  1594.0000, -1451.0000, 41.0000,  0, 0, 0
L 1594.0000, -1451.0000, 41.0000,  1620.0000, -1401.0000, 36.0000,  0, 0, 0
L 1620.0000, -1401.0000, 36.0000,  1646.0000, -1354.0000, 31.0000,  0, 0, 0
L 1646.0000, -1354.0000, 31.0000,  1651.0000, -1332.0000, 39.0000,  0, 0, 0
L 1651.0000, -1332.0000, 39.0000,  1651.0000, -1284.0000, 54.0000,  0, 0, 0
L 1651.0000, -1284.0000, 54.0000,  1649.0000, -1156.0000, 68.0000,  0, 0, 0
L 1649.0000, -1156.0000, 68.0000,  1639.0000, -993.0000, 93.0000,  0, 0, 0
L 1639.0000, -993.0000, 93.0000,  1607.0000, -955.0000, 97.0000,  0, 0, 0
L 1607.0000, -955.0000, 97.0000,  1572.0000, -923.0000, 119.0000,  0, 0, 0
L 1572.0000, -923.0000, 119.0000,  1548.0000, -867.0000, 129.0000,  0, 0, 0
L 1548.0000, -867.0000, 129.0000,  1552.0000, -853.0000, 130.0000,  0, 0, 0
L 1552.0000, -853.0000, 130.0000,  1565.0000, -838.0000, 117.0000,  0, 0, 0
L 1565.0000, -838.0000, 117.0000,  1587.0000, -817.0000, 90.0000,  0, 0, 0
L 1587.0000, -817.0000, 90.0000,  1593.0000, -804.0000, 88.0000,  0, 0, 0
L 1593.0000, -804.0000, 88.0000,  1597.0000, -777.0000, 98.0000,  0, 0, 0
L 1597.0000, -777.0000, 98.0000,  1605.0000, -774.0000, 85.0000,  0, 0, 0
L 1605.0000, -774.0000, 85.0000,  1640.0000, -729.0000, 51.0000,  0, 0, 0
L 1640.0000, -729.0000, 51.0000,  1657.0000, -657.0000, 68.0000,  0, 0, 0
L 1657.0000, -657.0000, 68.0000,  1633.0000, -555.0000, 76.0000,  0, 0, 0
L 1633.0000, -555.0000, 76.0000,  1635.0000, -483.0000, 29.0000,  0, 0, 0
L 1635.0000, -483.0000, 29.0000,  1598.0000, -341.0000, -38.0000,  0, 0, 0
L 1598.0000, -341.0000, -38.0000,  1552.0000, -287.0000, -38.0000,  0, 0, 0
L 1552.0000, -287.0000, -38.0000,  1531.0000, -278.0000, -22.0000,  0, 0, 0
L 1531.0000, -278.0000, -22.0000,  1459.0000, -291.0000, 9.0000,  0, 0, 0
L 1459.0000, -291.0000, 9.0000,  1349.0000, -271.0000, 30.0000,  0, 0, 0
L 1349.0000, -271.0000, 30.0000,  1274.0000, -235.0000, -63.0000,  0, 0, 0
L 1274.0000, -235.0000, -63.0000,  1175.0000, -232.0000, -61.0000,  0, 0, 0
L 1175.0000, -232.0000, -61.0000,  1100.0000, -237.0000, -55.0000,  0, 0, 0
L 1100.0000, -237.0000, -55.0000,  1075.0000, -234.0000, -66.0000,  0, 0, 0
L 1075.0000, -234.0000, -66.0000,  1015.0000, -231.0000, -80.0000,  0, 0, 0
L 1015.0000, -231.0000, -80.0000,  964.0000, -236.0000, -72.0000,  0, 0, 0
L 964.0000, -236.0000, -72.0000,  888.0000, -250.0000, -49.0000,  0, 0, 0
L 888.0000, -250.0000, -49.0000,  702.0000, -275.0000, -4.0000,  0, 0, 0
L 702.0000, -275.0000, -4.0000,  497.0000, -265.0000, -66.0000,  0, 0, 0
L 497.0000, -265.0000, -66.0000,  382.0000, -285.0000, -40.0000,  0, 0, 0
L 382.0000, -285.0000, -40.0000,  224.0000, -291.0000, -1.0000,  0, 0, 0
L 224.0000, -291.0000, -1.0000,  158.0000, -243.0000, 93.0000,  0, 0, 0
L 158.0000, -243.0000, 93.0000,  149.0000, -198.0000, 118.0000,  0, 0, 0
L 149.0000, -198.0000, 118.0000,  132.0000, -134.0000, 166.0000,  0, 0, 0
L 132.0000, -134.0000, 166.0000,  91.0000, -93.0000, 78.0000,  0, 0, 0
L 91.0000, -93.0000, 78.0000,  80.0000, -78.0000, 44.0000,  0, 0, 0
L -45.0000, -96.0000, 8.0000,  -66.0000, -165.0000, 25.0000,  0, 0, 0
L -66.0000, -165.0000, 25.0000,  -75.0000, -177.0000, 16.0000,  0, 0, 0
L -75.0000, -177.0000, 16.0000,  -107.0000, -256.0000, 12.0000,  0, 0, 0
L -107.0000, -256.0000, 12.0000,  -120.0000, -283.0000, -66.0000,  0, 0, 0
L -120.0000, -283.0000, -66.0000,  -115.0000, -312.0000, -81.0000,  0, 0, 0
L -115.0000, -312.0000, -81.0000,  -189.0000, -342.0000, -64.0000,  0, 0, 0
L -189.0000, -342.0000, -64.0000,  -203.0000, -339.0000, -52.0000,  0, 0, 0
L -203.0000, -339.0000, -52.0000,  -262.0000, -319.0000, 19.0000,  0, 0, 0
L -262.0000, -319.0000, 19.0000,  -312.0000, -305.0000, 7.0000,  0, 0, 0
L -312.0000, -305.0000, 7.0000,  -382.0000, -294.0000, 22.0000,  0, 0, 0
L -382.0000, -294.0000, 22.0000,  -428.0000, -283.0000, 1.0000,  0, 0, 0
L -428.0000, -283.0000, 1.0000,  -548.0000, -256.0000, -50.0000,  0, 0, 0
L -548.0000, -256.0000, -50.0000,  -711.0000, -235.0000, -49.0000,  0, 0, 0
L -711.0000, -235.0000, -49.0000,  -776.0000, -241.0000, -69.0000,  0, 0, 0
L -776.0000, -241.0000, -69.0000,  -837.0000, -280.0000, -73.0000,  0, 0, 0
L -837.0000, -280.0000, -73.0000,  -887.0000, -302.0000, -59.0000,  0, 0, 0
L -887.0000, -302.0000, -59.0000,  -926.0000, -352.0000, -61.0000,  0, 0, 0
L -926.0000, -352.0000, -61.0000,  -931.0000, -491.0000, -21.0000,  0, 0, 0
L -931.0000, -491.0000, -21.0000,  -920.0000, -543.0000, -7.0000,  0, 0, 0
L -920.0000, -543.0000, -7.0000,  -918.0000, -627.0000, -43.0000,  0, 0, 0
L -918.0000, -627.0000, -43.0000,  -918.0000, -667.0000, -51.0000,  0, 0, 0
L -918.0000, -667.0000, -51.0000,  -927.0000, -737.0000, -63.0000,  0, 0, 0
L -927.0000, -737.0000, -63.0000,  -926.0000, -764.0000, -59.0000,  0, 0, 0
L -926.0000, -764.0000, -59.0000,  -922.0000, -778.0000, -49.0000,  0, 0, 0
L -922.0000, -778.0000, -49.0000,  -914.0000, -939.0000, -56.0000,  0, 0, 0
L -914.0000, -939.0000, -56.0000,  -909.0000, -968.0000, -48.0000,  0, 0, 0
L -909.0000, -968.0000, -48.0000,  -908.0000, -986.0000, -51.0000,  0, 0, 0
L -908.0000, -986.0000, -51.0000,  -908.0000, -1039.0000, -66.0000,  0, 0, 0
L -908.0000, -1039.0000, -66.0000,  -906.0000, -1080.0000, -75.0000,  0, 0, 0
L -906.0000, -1080.0000, -75.0000,  -907.0000, -1110.0000, -74.0000,  0, 0, 0
L -907.0000, -1110.0000, -74.0000,  -941.0000, -1174.0000, -8.0000,  0, 0, 0
L -941.0000, -1174.0000, -8.0000,  -946.0000, -1197.0000, -2.0000,  0, 0, 0
L -946.0000, -1197.0000, -2.0000,  -953.0000, -1264.0000, 13.0000,  0, 0, 0
L -953.0000, -1264.0000, 13.0000,  -958.0000, -1277.0000, 11.0000,  0, 0, 0
L -958.0000, -1277.0000, 11.0000,  -968.0000, -1330.0000, 16.0000,  0, 0, 0
L -968.0000, -1330.0000, 16.0000,  -1004.0000, -1498.0000, 25.0000,  0, 0, 0
L -1004.0000, -1498.0000, 25.0000,  -937.0000, -1605.0000, 17.0000,  0, 0, 0
L -937.0000, -1605.0000, 17.0000,  -875.0000, -1663.0000, 46.0000,  0, 0, 0
L -875.0000, -1663.0000, 46.0000,  -856.0000, -1773.0000, 70.0000,  0, 0, 0
L -856.0000, -1773.0000, 70.0000,  -867.0000, -1822.0000, 56.0000,  0, 0, 0
L -867.0000, -1822.0000, 56.0000,  -869.0000, -1839.0000, 60.0000,  0, 0, 0
L -869.0000, -1839.0000, 60.0000,  -872.0000, -1873.0000, 39.0000,  0, 0, 0
L -872.0000, -1873.0000, 39.0000,  -880.0000, -1904.0000, 17.0000,  0, 0, 0
L -880.0000, -1904.0000, 17.0000,  -892.0000, -1971.0000, -18.0000,  0, 0, 0
L -892.0000, -1971.0000, -18.0000,  -894.0000, -1994.0000, -26.0000,  0, 0, 0
L -894.0000, -1994.0000, -26.0000,  -901.0000, -2086.0000, -55.0000,  0, 0, 0
L -901.0000, -2086.0000, -55.0000,  -899.0000, -2105.0000, -53.0000,  0, 0, 0
L -899.0000, -2105.0000, -53.0000,  -883.0000, -2140.0000, -40.0000,  0, 0, 0
L -883.0000, -2140.0000, -40.0000,  -861.0000, -2198.0000, -39.0000,  0, 0, 0
L -861.0000, -2198.0000, -39.0000,  -846.0000, -2290.0000, -66.0000,  0, 0, 0
L -846.0000, -2290.0000, -66.0000,  -808.0000, -2337.0000, -31.0000,  0, 0, 0
L -808.0000, -2337.0000, -31.0000,  -805.0000, -2352.0000, -27.0000,  0, 0, 0
L -805.0000, -2352.0000, -27.0000,  -797.0000, -2455.0000, -25.0000,  0, 0, 0
L -797.0000, -2455.0000, -25.0000,  -771.0000, -2560.0000, 14.0000,  0, 0, 0
L -771.0000, -2560.0000, 14.0000,  -766.0000, -2603.0000, 17.0000,  0, 0, 0
L -766.0000, -2603.0000, 17.0000,  -753.0000, -2657.0000, 56.0000,  0, 0, 0
L -753.0000, -2657.0000, 56.0000,  -757.0000, -2695.0000, 59.0000,  0, 0, 0
L -757.0000, -2695.0000, 59.0000,  -752.0000, -2731.0000, 81.0000,  0, 0, 0
L -752.0000, -2731.0000, 81.0000,  -731.0000, -2768.0000, 142.0000,  0, 0, 0
L -731.0000, -2768.0000, 142.0000,  -699.0000, -2797.0000, 212.0000,  0, 0, 0
L -699.0000, -2797.0000, 212.0000,  -663.0000, -2796.0000, 213.0000,  0, 0, 0
L -663.0000, -2796.0000, 213.0000,  -591.0000, -2810.0000, 197.0000,  0, 0, 0
L -591.0000, -2810.0000, 197.0000,  -548.0000, -2801.0000, 200.0000,  0, 0, 0
L -548.0000, -2801.0000, 200.0000,  -487.0000, -2813.0000, 184.0000,  0, 0, 0
L -487.0000, -2813.0000, 184.0000,  -404.0000, -2801.0000, 186.0000,  0, 0, 0
L -404.0000, -2801.0000, 186.0000,  -380.0000, -2805.0000, 181.0000,  0, 0, 0
L -380.0000, -2805.0000, 181.0000,  -318.0000, -2813.0000, 165.0000,  0, 0, 0
L -318.0000, -2813.0000, 165.0000,  -272.0000, -2823.0000, 153.0000,  0, 0, 0
L -272.0000, -2823.0000, 153.0000,  -96.0000, -2797.0000, 158.0000,  0, 0, 0
L -96.0000, -2797.0000, 158.0000,  -48.0000, -2798.0000, 153.0000,  0, 0, 0
L -48.0000, -2798.0000, 153.0000,  6.0000, -2809.0000, 137.0000,  0, 0, 0
L 6.0000, -2809.0000, 137.0000,  100.0000, -2793.0000, 141.0000,  0, 0, 0
L 100.0000, -2793.0000, 141.0000,  201.0000, -2781.0000, 142.0000,  0, 0, 0
L 201.0000, -2781.0000, 142.0000,  246.0000, -2782.0000, 137.0000,  0, 0, 0
L 246.0000, -2782.0000, 137.0000,  305.0000, -2792.0000, 122.0000,  0, 0, 0
L 305.0000, -2792.0000, 122.0000,  333.0000, -2792.0000, 118.0000,  0, 0, 0
L 333.0000, -2792.0000, 118.0000,  361.0000, -2759.0000, 144.0000,  0, 0, 0
L 361.0000, -2759.0000, 144.0000,  422.0000, -2702.0000, 191.0000,  0, 0, 0
L 422.0000, -2702.0000, 191.0000,  464.0000, -2697.0000, 193.0000,  0, 0, 0
L 464.0000, -2697.0000, 193.0000,  491.0000, -2719.0000, 201.0000,  0, 0, 0
L 491.0000, -2719.0000, 201.0000,  528.0000, -2729.0000, 161.0000,  0, 0, 0
L 528.0000, -2729.0000, 161.0000,  568.0000, -2719.0000, 131.0000,  0, 0, 0
L 568.0000, -2719.0000, 131.0000,  621.0000, -2657.0000, 175.0000,  0, 0, 0
L 622.0000, -2657.0000, 176.0000,  674.0000, -2632.0000, 154.0000,  0, 0, 0
L 674.0000, -2632.0000, 154.0000,  724.0000, -2626.0000, 102.0000,  0, 0, 0
L 724.0000, -2626.0000, 102.0000,  802.0000, -2642.0000, 58.0000,  0, 0, 0
L 802.0000, -2642.0000, 58.0000,  859.0000, -2640.0000, 48.0000,  0, 0, 0
L 859.0000, -2640.0000, 48.0000,  874.0000, -2620.0000, 73.0000,  0, 0, 0
L 874.0000, -2620.0000, 73.0000,  887.0000, -2601.0000, 99.0000,  0, 0, 0
L 887.0000, -2601.0000, 99.0000,  898.0000, -2591.0000, 114.0000,  0, 0, 0
L 898.0000, -2591.0000, 114.0000,  919.0000, -2570.0000, 140.0000,  0, 0, 0
L 1467.0000, -1897.0000, 29.0000,  1567.0000, -1898.0000, 9.0000,  0, 0, 0
L 1564.0000, -1853.0000, 11.0000,  1461.0000, -1853.0000, 13.0000,  0, 0, 0
L 1153.0000, -2121.0000, 4.0000,  1177.0000, -2145.0000, 3.0000,  255, 0, 0
L 1177.0000, -2145.0000, 3.0000,  1182.0000, -2162.0000, 4.0000,  255, 0, 0
L 1182.0000, -2162.0000, 4.0000,  1173.0000, -2175.0000, 3.0000,  255, 0, 0
L 1173.0000, -2175.0000, 3.0000,  1154.0000, -2156.0000, 5.0000,  255, 0, 0
L 1154.0000, -2156.0000, 5.0000,  1149.0000, -2133.0000, 3.0000,  255, 0, 0
L 1149.0000, -2133.0000, 3.0000,  1152.0000, -2121.0000, 3.0000,  255, 0, 0
L 1152.0000, -2088.0000, 3.0000,  1148.0000, -2080.0000, 2.0000,  255, 0, 0
L 1148.0000, -2080.0000, 2.0000,  1148.0000, -2075.0000, 2.0000,  255, 0, 0
L 1148.0000, -2075.0000, 2.0000,  1184.0000, -2010.0000, 3.0000,  255, 0, 0
L 1184.0000, -2010.0000, 3.0000,  1250.0000, -1996.0000, 3.0000,  255, 0, 0
L 1250.0000, -1996.0000, 3.0000,  1428.0000, -1977.0000, 3.0000,  255, 0, 0
L 1428.0000, -1977.0000, 3.0000,  1457.0000, -1956.0000, 8.0000,  255, 0, 0
L 1457.0000, -1956.0000, 8.0000,  1482.0000, -1917.0000, 3.0000,  255, 0, 0
L 1482.0000, -1917.0000, 3.0000,  1459.0000, -1811.0000, 4.0000,  255, 0, 0
L 1459.0000, -1811.0000, 4.0000,  1433.0000, -1800.0000, 4.0000,  255, 0, 0
L 1433.0000, -1800.0000, 4.0000,  1309.0000, -1817.0000, 3.0000,  255, 0, 0
L 1309.0000, -1817.0000, 3.0000,  1281.0000, -1805.0000, 3.0000,  255, 0, 0
L 1281.0000, -1805.0000, 3.0000,  1278.0000, -1791.0000, 3.0000,  255, 0, 0
L 1278.0000, -1791.0000, 3.0000,  1286.0000, -1785.0000, 3.0000,  255, 0, 0
L 1286.0000, -1785.0000, 3.0000,  1311.0000, -1780.0000, 3.0000,  255, 0, 0
L 1311.0000, -1780.0000, 3.0000,  1356.0000, -1790.0000, 4.0000,  255, 0, 0
L 1356.0000, -1790.0000, 4.0000,  1380.0000, -1789.0000, 3.0000,  255, 0, 0
L 1380.0000, -1789.0000, 3.0000,  1407.0000, -1767.0000, 3.0000,  255, 0, 0
L 1407.0000, -1767.0000, 3.0000,  1398.0000, -1725.0000, 2.0000,  255, 0, 0
L 1399.0000, -1725.0000, 4.0000,  1418.0000, -1706.0000, 5.0000,  255, 0, 0
L 1418.0000, -1706.0000, 5.0000,  1404.0000, -1627.0000, 4.0000,  255, 0, 0
L 1404.0000, -1627.0000, 4.0000,  1423.0000, -1590.0000, 2.0000,  255, 0, 0
L 1423.0000, -1590.0000, 2.0000,  1483.0000, -1563.0000, 4.0000,  255, 0, 0
L 1483.0000, -1563.0000, 4.0000,  1552.0000, -1509.0000, 4.0000,  255, 0, 0
L 1552.0000, -1509.0000, 4.0000,  1563.0000, -1521.0000, 2.0000,  255, 0, 0
L 1563.0000, -1521.0000, 2.0000,  1540.0000, -1594.0000, 4.0000,  255, 0, 0
L 1540.0000, -1594.0000, 4.0000,  1524.0000, -1611.0000, 4.0000,  255, 0, 0
L 1524.0000, -1611.0000, 4.0000,  1453.0000, -1620.0000, 3.0000,  255, 0, 0
L 1453.0000, -1620.0000, 3.0000,  1444.0000, -1632.0000, 3.0000,  255, 0, 0
L 1444.0000, -1632.0000, 3.0000,  1453.0000, -1665.0000, 4.0000,  255, 0, 0
L 1453.0000, -1665.0000, 4.0000,  1444.0000, -1725.0000, 5.0000,  255, 0, 0
L 1444.0000, -1725.0000, 5.0000,  1453.0000, -1771.0000, 4.0000,  255, 0, 0
L 1453.0000, -1771.0000, 4.0000,  1492.0000, -1767.0000, 3.0000,  255, 0, 0
L 1492.0000, -1767.0000, 3.0000,  1540.0000, -1825.0000, 3.0000,  255, 0, 0
L 1540.0000, -1825.0000, 3.0000,  1559.0000, -1851.0000, 4.0000,  255, 0, 0
L 1559.0000, -1851.0000, 4.0000,  1565.0000, -1914.0000, 5.0000,  255, 0, 0
L 1565.0000, -1914.0000, 5.0000,  1556.0000, -1920.0000, 4.0000,  255, 0, 0
L 1556.0000, -1920.0000, 4.0000,  1549.0000, -1938.0000, 6.0000,  255, 0, 0
L 1549.0000, -1938.0000, 6.0000,  1546.0000, -2033.0000, 3.0000,  255, 0, 0
L 1546.0000, -2033.0000, 3.0000,  1516.0000, -2035.0000, 4.0000,  255, 0, 0
L 1516.0000, -2035.0000, 4.0000,  1484.0000, -2011.0000, 5.0000,  255, 0, 0
L 1484.0000, -2011.0000, 5.0000,  1256.0000, -2027.0000, 4.0000,  255, 0, 0
L 1256.0000, -2027.0000, 4.0000,  1209.0000, -2060.0000, 6.0000,  255, 0, 0
L 1209.0000, -2060.0000, 6.0000,  1203.0000, -2091.0000, 2.0000,  255, 0, 0
L 1203.0000, -2091.0000, 2.0000,  1170.0000, -2097.0000, 3.0000,  255, 0, 0
L 1170.0000, -2097.0000, 3.0000,  1152.0000, -2088.0000, 3.0000,  255, 0, 0
L 1193.0000, -1782.0000, 3.0000,  1203.0000, -1799.0000, 2.0000,  255, 0, 0
L 1203.0000, -1799.0000, 2.0000,  1203.0000, -1817.0000, 3.0000,  255, 0, 0
L 1203.0000, -1817.0000, 3.0000,  1152.0000, -1837.0000, 4.0000,  255, 0, 0
L 1152.0000, -1837.0000, 4.0000,  1125.0000, -1814.0000, 3.0000,  255, 0, 0
L 1125.0000, -1814.0000, 3.0000,  1115.0000, -1782.0000, 4.0000,  255, 0, 0
L 1115.0000, -1782.0000, 4.0000,  1135.0000, -1760.0000, 3.0000,  255, 0, 0
L 1135.0000, -1760.0000, 3.0000,  1192.0000, -1782.0000, 7.0000,  255, 0, 0
L 1133.0000, -1667.0000, 4.0000,  1111.0000, -1654.0000, 3.0000,  255, 0, 0
L 1111.0000, -1654.0000, 3.0000,  1104.0000, -1629.0000, 3.0000,  255, 0, 0
L 1104.0000, -1629.0000, 3.0000,  1114.0000, -1598.0000, 4.0000,  255, 0, 0
L 1114.0000, -1598.0000, 4.0000,  1135.0000, -1598.0000, 4.0000,  255, 0, 0
L 1135.0000, -1598.0000, 4.0000,  1143.0000, -1610.0000, 2.0000,  255, 0, 0
L 1143.0000, -1610.0000, 2.0000,  1151.0000, -1637.0000, 3.0000,  255, 0, 0
L 1151.0000, -1637.0000, 3.0000,  1152.0000, -1659.0000, 3.0000,  255, 0, 0
L 1152.0000, -1659.0000, 3.0000,  1134.0000, -1665.0000, 2.0000,  255, 0, 0
L 1214.0000, -1618.0000, 3.0000,  1227.0000, -1600.0000, 3.0000,  255, 0, 0
L 1227.0000, -1600.0000, 3.0000,  1251.0000, -1599.0000, 3.0000,  255, 0, 0
L 1251.0000, -1599.0000, 3.0000,  1258.0000, -1621.0000, 3.0000,  255, 0, 0
L 1258.0000, -1621.0000, 3.0000,  1234.0000, -1627.0000, 3.0000,  255, 0, 0
L 1234.0000, -1627.0000, 3.0000,  1214.0000, -1619.0000, 3.0000,  255, 0, 0
L 1605.0000, -458.0000, -88.0000,  1683.0000, -467.0000, -98.0000,  0, 0, 0
L 1683.0000, -467.0000, -98.0000,  1715.0000, -480.0000, -103.0000,  0, 0, 0
L 1715.0000, -480.0000, -103.0000,  1710.0000, -513.0000, -102.0000,  0, 0, 0
L 1710.0000, -513.0000, -102.0000,  1716.0000, -577.0000, -102.0000,  0, 0, 0
L 1716.0000, -577.0000, -102.0000,  1735.0000, -578.0000, -103.0000,  0, 0, 0
L 1735.0000, -578.0000, -103.0000,  1751.0000, -579.0000, -102.0000,  0, 0, 0
L 1751.0000, -579.0000, -102.0000,  1764.0000, -581.0000, -103.0000,  0, 0, 0
L 1764.0000, -581.0000, -103.0000,  1779.0000, -584.0000, -102.0000,  0, 0, 0
L 1674.0000, -1356.0000, -96.0000,  1632.0000, -1356.0000, -95.0000,  240, 0, 140
L 1637.0000, -1344.0000, -96.0000,  1633.0000, -1354.0000, -97.0000,  0, 0, 0
L 1633.0000, -1354.0000, -97.0000,  1632.0000, -1358.0000, -97.0000,  0, 0, 0
L 80.0000, -78.0000, 47.0000,  64.0000, -58.0000, 4.0000,  0, 0, 0
L -445.0000, -2196.0000, 73.0000,  -446.0000, -2214.0000, 73.0000,  0, 0, 0
L -446.0000, -2214.0000, 73.0000,  -451.0000, -2236.0000, 69.0000,  0, 0, 0
L -451.0000, -2236.0000, 69.0000,  -452.0000, -2266.0000, 67.0000,  0, 0, 0
L -452.0000, -2266.0000, 67.0000,  -446.0000, -2288.0000, 66.0000,  0, 0, 0
L -446.0000, -2288.0000, 66.0000,  -438.0000, -2320.0000, 65.0000,  0, 0, 0
L -438.0000, -2320.0000, 65.0000,  -428.0000, -2343.0000, 65.0000,  0, 0, 0
L -428.0000, -2343.0000, 65.0000,  -410.0000, -2363.0000, 65.0000,  0, 0, 0
L -410.0000, -2363.0000, 65.0000,  -390.0000, -2375.0000, 68.0000,  0, 0, 0
L -390.0000, -2375.0000, 68.0000,  -364.0000, -2384.0000, 67.0000,  0, 0, 0
L -364.0000, -2384.0000, 67.0000,  -337.0000, -2390.0000, 66.0000,  0, 0, 0
L -337.0000, -2390.0000, 66.0000,  -315.0000, -2387.0000, 71.0000,  0, 0, 0
L -315.0000, -2387.0000, 71.0000,  -287.0000, -2390.0000, 54.0000,  0, 0, 0
L -287.0000, -2390.0000, 54.0000,  -250.0000, -2390.0000, 49.0000,  0, 0, 0
L -250.0000, -2390.0000, 49.0000,  -218.0000, -2386.0000, 43.0000,  0, 0, 0
L -218.0000, -2386.0000, 43.0000,  -195.0000, -2389.0000, 32.0000,  0, 0, 0
L -195.0000, -2389.0000, 32.0000,  -155.0000, -2379.0000, 29.0000,  0, 0, 0
L -155.0000, -2379.0000, 29.0000,  -132.0000, -2368.0000, 29.0000,  0, 0, 0
L -132.0000, -2368.0000, 29.0000,  -109.0000, -2339.0000, 31.0000,  0, 0, 0
L -109.0000, -2339.0000, 31.0000,  -95.0000, -2301.0000, 28.0000,  0, 0, 0
L -95.0000, -2301.0000, 28.0000,  -92.0000, -2283.0000, 29.0000,  0, 0, 0
L -92.0000, -2283.0000, 29.0000,  -94.0000, -2259.0000, 26.0000,  0, 0, 0
L -94.0000, -2259.0000, 26.0000,  -132.0000, -2259.0000, 26.0000,  240, 0, 140
L -132.0000, -2259.0000, 26.0000,  -135.0000, -2268.0000, 26.0000,  0, 0, 0
L -135.0000, -2268.0000, 26.0000,  -133.0000, -2288.0000, 28.0000,  0, 0, 0
L -133.0000, -2288.0000, 28.0000,  -144.0000, -2321.0000, 30.0000,  0, 0, 0
L -144.0000, -2321.0000, 30.0000,  -160.0000, -2339.0000, 29.0000,  0, 0, 0
L -160.0000, -2339.0000, 29.0000,  -186.0000, -2346.0000, 29.0000,  0, 0, 0
L -186.0000, -2346.0000, 29.0000,  -208.0000, -2350.0000, 28.0000,  0, 0, 0
L -208.0000, -2350.0000, 28.0000,  -278.0000, -2351.0000, 49.0000,  0, 0, 0
L -278.0000, -2351.0000, 49.0000,  -347.0000, -2348.0000, 63.0000,  0, 0, 0
L -347.0000, -2348.0000, 63.0000,  -379.0000, -2336.0000, 65.0000,  0, 0, 0
L -379.0000, -2336.0000, 65.0000,  -392.0000, -2326.0000, 65.0000,  0, 0, 0
L -392.0000, -2326.0000, 65.0000,  -398.0000, -2314.0000, 66.0000,  0, 0, 0
L -398.0000, -2314.0000, 66.0000,  -408.0000, -2275.0000, 66.0000,  0, 0, 0
L -408.0000, -2275.0000, 66.0000,  -412.0000, -2264.0000, 67.0000,  0, 0, 0
L -412.0000, -2264.0000, 67.0000,  -413.0000, -2233.0000, 72.0000,  0, 0, 0
L -413.0000, -2233.0000, 72.0000,  -415.0000, -2197.0000, 73.0000,  0, 0, 0
L -643.0000, -2743.0000, 0.0000,  -638.0000, -2776.0000, 18.0000,  0, 0, 0
L -638.0000, -2776.0000, 18.0000,  -638.0000, -2812.0000, 36.0000,  0, 0, 0
L -638.0000, -2812.0000, 36.0000,  -639.0000, -2858.0000, 46.0000,  0, 0, 0
L -639.0000, -2858.0000, 46.0000,  -641.0000, -2885.0000, 50.0000,  0, 0, 0
L -641.0000, -2885.0000, 50.0000,  -648.0000, -2908.0000, 50.0000,  0, 0, 0
L -648.0000, -2908.0000, 50.0000,  -660.0000, -2927.0000, 50.0000,  0, 0, 0
L -660.0000, -2927.0000, 50.0000,  -673.0000, -2935.0000, 51.0000,  0, 0, 0
L -673.0000, -2935.0000, 51.0000,  -699.0000, -2942.0000, 52.0000,  0, 0, 0
L -699.0000, -2942.0000, 52.0000,  -744.0000, -2954.0000, 51.0000,  0, 0, 0
L -744.0000, -2954.0000, 51.0000,  -774.0000, -2964.0000, 50.0000,  0, 0, 0
L -774.0000, -2964.0000, 50.0000,  -789.0000, -2981.0000, 48.0000,  0, 0, 0
L -789.0000, -2981.0000, 48.0000,  -803.0000, -3002.0000, 52.0000,  0, 0, 0
L -803.0000, -3002.0000, 52.0000,  -811.0000, -3023.0000, 51.0000,  0, 0, 0
L -811.0000, -3023.0000, 51.0000,  -818.0000, -3056.0000, 50.0000,  0, 0, 0
L -818.0000, -3056.0000, 50.0000,  -818.0000, -3074.0000, 50.0000,  0, 0, 0
L -818.0000, -3074.0000, 50.0000,  -807.0000, -3101.0000, 50.0000,  0, 0, 0
L -807.0000, -3101.0000, 50.0000,  -794.0000, -3118.0000, 53.0000,  0, 0, 0
L -794.0000, -3118.0000, 53.0000,  -778.0000, -3133.0000, 52.0000,  0, 0, 0
L -778.0000, -3133.0000, 52.0000,  -758.0000, -3148.0000, 51.0000,  0, 0, 0
L -758.0000, -3148.0000, 51.0000,  -751.0000, -3150.0000, 48.0000,  0, 0, 0
L -751.0000, -3150.0000, 48.0000,  -758.0000, -3168.0000, 48.0000,  0, 0, 0
L -758.0000, -3168.0000, 48.0000,  -754.0000, -3189.0000, 46.0000,  0, 0, 0
L -754.0000, -3189.0000, 46.0000,  -744.0000, -3203.0000, 45.0000,  0, 0, 0
L -744.0000, -3203.0000, 45.0000,  -736.0000, -3212.0000, 46.0000,  0, 0, 0
L -736.0000, -3212.0000, 46.0000,  -726.0000, -3215.0000, 48.0000,  0, 0, 0
L -726.0000, -3215.0000, 48.0000,  -739.0000, -3224.0000, 51.0000,  0, 0, 0
L -739.0000, -3224.0000, 51.0000,  -745.0000, -3232.0000, 51.0000,  0, 0, 0
L -745.0000, -3232.0000, 51.0000,  -766.0000, -3249.0000, 48.0000,  0, 0, 0
L -766.0000, -3249.0000, 48.0000,  -770.0000, -3251.0000, 50.0000,  0, 0, 0
L -770.0000, -3251.0000, 50.0000,  -789.0000, -3255.0000, 50.0000,  0, 0, 0
L -789.0000, -3255.0000, 50.0000,  -797.0000, -3254.0000, 50.0000,  0, 0, 0
L -797.0000, -3254.0000, 50.0000,  -811.0000, -3254.0000, 50.0000,  0, 0, 0
L -811.0000, -3254.0000, 50.0000,  -832.0000, -3262.0000, 49.0000,  0, 0, 0
L -832.0000, -3262.0000, 49.0000,  -847.0000, -3272.0000, 52.0000,  0, 0, 0
L -847.0000, -3272.0000, 52.0000,  -865.0000, -3288.0000, 51.0000,  0, 0, 0
L -865.0000, -3288.0000, 51.0000,  -877.0000, -3303.0000, 49.0000,  0, 0, 0
L -877.0000, -3303.0000, 49.0000,  -887.0000, -3316.0000, 49.0000,  0, 0, 0
L -887.0000, -3316.0000, 49.0000,  -886.0000, -3324.0000, 47.0000,  0, 0, 0
L -886.0000, -3324.0000, 47.0000,  -887.0000, -3324.0000, 49.0000,  0, 0, 0
L -887.0000, -3324.0000, 49.0000,  -897.0000, -3327.0000, 51.0000,  0, 0, 0
L -897.0000, -3327.0000, 51.0000,  -910.0000, -3330.0000, 53.0000,  0, 0, 0
L -910.0000, -3330.0000, 53.0000,  -920.0000, -3329.0000, 53.0000,  0, 0, 0
L -920.0000, -3329.0000, 53.0000,  -943.0000, -3324.0000, 53.0000,  0, 0, 0
L -943.0000, -3324.0000, 53.0000,  -953.0000, -3324.0000, 52.0000,  0, 0, 0
L -953.0000, -3324.0000, 52.0000,  -962.0000, -3328.0000, 54.0000,  0, 0, 0
L -962.0000, -3328.0000, 54.0000,  -971.0000, -3336.0000, 53.0000,  0, 0, 0
L -971.0000, -3336.0000, 53.0000,  -979.0000, -3341.0000, 53.0000,  0, 0, 0
L -979.0000, -3341.0000, 53.0000,  -990.0000, -3346.0000, 52.0000,  0, 0, 0
L -990.0000, -3346.0000, 52.0000,  -999.0000, -3345.0000, 53.0000,  0, 0, 0
L -999.0000, -3345.0000, 53.0000,  -1014.0000, -3343.0000, 53.0000,  0, 0, 0
L -1014.0000, -3343.0000, 53.0000,  -1026.0000, -3342.0000, 53.0000,  0, 0, 0
L -1026.0000, -3342.0000, 53.0000,  -1035.0000, -3344.0000, 52.0000,  0, 0, 0
L -1035.0000, -3344.0000, 52.0000,  -1048.0000, -3353.0000, 53.0000,  0, 0, 0
L -1048.0000, -3353.0000, 53.0000,  -1052.0000, -3359.0000, 52.0000,  0, 0, 0
L -1052.0000, -3359.0000, 52.0000,  -1056.0000, -3368.0000, 51.0000,  0, 0, 0
L -1056.0000, -3368.0000, 51.0000,  -1057.0000, -3379.0000, 50.0000,  0, 0, 0
L -1057.0000, -3379.0000, 50.0000,  -1057.0000, -3391.0000, 54.0000,  0, 0, 0
L -1057.0000, -3391.0000, 54.0000,  -1060.0000, -3401.0000, 54.0000,  0, 0, 0
L -1060.0000, -3401.0000, 54.0000,  -1059.0000, -3406.0000, 53.0000,  0, 0, 0
L -1059.0000, -3406.0000, 53.0000,  -1050.0000, -3417.0000, 52.0000,  0, 0, 0
L -1050.0000, -3417.0000, 52.0000,  -1041.0000, -3425.0000, 52.0000,  0, 0, 0
L -1041.0000, -3425.0000, 52.0000,  -1032.0000, -3436.0000, 51.0000,  0, 0, 0
L -1032.0000, -3436.0000, 51.0000,  -1028.0000, -3447.0000, 51.0000,  0, 0, 0
L -1028.0000, -3447.0000, 51.0000,  -1027.0000, -3463.0000, 51.0000,  0, 0, 0
L -1027.0000, -3463.0000, 51.0000,  -1024.0000, -3479.0000, 49.0000,  0, 0, 0
L -1024.0000, -3479.0000, 49.0000,  -1015.0000, -3492.0000, 49.0000,  0, 0, 0
L -1015.0000, -3492.0000, 49.0000,  -1005.0000, -3509.0000, 49.0000,  0, 0, 0
L -1005.0000, -3509.0000, 49.0000,  -1004.0000, -3528.0000, 47.0000,  0, 0, 0
L -1004.0000, -3528.0000, 47.0000,  -1006.0000, -3540.0000, 47.0000,  0, 0, 0
L -1006.0000, -3540.0000, 47.0000,  -1005.0000, -3555.0000, 47.0000,  0, 0, 0
L -1005.0000, -3555.0000, 47.0000,  -997.0000, -3566.0000, 47.0000,  0, 0, 0
L -997.0000, -3566.0000, 47.0000,  -979.0000, -3577.0000, 46.0000,  0, 0, 0
L -979.0000, -3577.0000, 46.0000,  -954.0000, -3585.0000, 46.0000,  0, 0, 0
L -954.0000, -3585.0000, 46.0000,  -946.0000, -3583.0000, 46.0000,  0, 0, 0
L -946.0000, -3583.0000, 46.0000,  -935.0000, -3576.0000, 46.0000,  0, 0, 0
L -935.0000, -3576.0000, 46.0000,  -919.0000, -3558.0000, 46.0000,  0, 0, 0
L -919.0000, -3558.0000, 46.0000,  -894.0000, -3550.0000, 48.0000,  0, 0, 0
L -894.0000, -3550.0000, 48.0000,  -871.0000, -3547.0000, 47.0000,  0, 0, 0
L -871.0000, -3547.0000, 47.0000,  -854.0000, -3536.0000, 55.0000,  0, 0, 0
L -854.0000, -3536.0000, 55.0000,  -838.0000, -3528.0000, 57.0000,  0, 0, 0
L -838.0000, -3528.0000, 57.0000,  -816.0000, -3528.0000, 56.0000,  0, 0, 0
L -816.0000, -3528.0000, 56.0000,  -795.0000, -3529.0000, 54.0000,  0, 0, 0
L -795.0000, -3529.0000, 54.0000,  -784.0000, -3522.0000, 52.0000,  0, 0, 0
L -784.0000, -3522.0000, 52.0000,  -778.0000, -3513.0000, 52.0000,  0, 0, 0
L -778.0000, -3513.0000, 52.0000,  -771.0000, -3500.0000, 50.0000,  0, 0, 0
L -771.0000, -3500.0000, 50.0000,  -764.0000, -3477.0000, 49.0000,  0, 0, 0
L -764.0000, -3477.0000, 49.0000,  -765.0000, -3468.0000, 48.0000,  0, 0, 0
L -765.0000, -3468.0000, 48.0000,  -796.0000, -3432.0000, 50.0000,  0, 0, 0
L -796.0000, -3432.0000, 50.0000,  -799.0000, -3412.0000, 50.0000,  0, 0, 0
L -799.0000, -3412.0000, 50.0000,  -802.0000, -3394.0000, 51.0000,  0, 0, 0
L -802.0000, -3394.0000, 51.0000,  -809.0000, -3385.0000, 51.0000,  0, 0, 0
L -809.0000, -3385.0000, 51.0000,  -818.0000, -3379.0000, 51.0000,  0, 0, 0
L -818.0000, -3379.0000, 51.0000,  -826.0000, -3375.0000, 51.0000,  0, 0, 0
L -826.0000, -3375.0000, 51.0000,  -844.0000, -3363.0000, 52.0000,  0, 0, 0
L -844.0000, -3363.0000, 52.0000,  -849.0000, -3354.0000, 52.0000,  0, 0, 0
L -849.0000, -3354.0000, 52.0000,  -856.0000, -3340.0000, 59.0000,  0, 0, 0
L -856.0000, -3340.0000, 59.0000,  -858.0000, -3336.0000, 58.0000,  0, 0, 0
L -858.0000, -3336.0000, 58.0000,  -841.0000, -3322.0000, 51.0000,  0, 0, 0
L -841.0000, -3322.0000, 51.0000,  -824.0000, -3305.0000, 48.0000,  0, 0, 0
L -824.0000, -3305.0000, 48.0000,  -813.0000, -3298.0000, 50.0000,  0, 0, 0
L -813.0000, -3298.0000, 50.0000,  -803.0000, -3294.0000, 51.0000,  0, 0, 0
L -803.0000, -3294.0000, 51.0000,  -792.0000, -3295.0000, 50.0000,  0, 0, 0
L -792.0000, -3295.0000, 50.0000,  -790.0000, -3295.0000, 49.0000,  0, 0, 0
L -790.0000, -3295.0000, 49.0000,  -770.0000, -3294.0000, 50.0000,  0, 0, 0
L -770.0000, -3294.0000, 50.0000,  -750.0000, -3286.0000, 48.0000,  0, 0, 0
L -750.0000, -3286.0000, 48.0000,  -723.0000, -3266.0000, 51.0000,  0, 0, 0
L -723.0000, -3266.0000, 51.0000,  -712.0000, -3255.0000, 50.0000,  0, 0, 0
L -712.0000, -3255.0000, 50.0000,  -698.0000, -3236.0000, 47.0000,  0, 0, 0
L -698.0000, -3236.0000, 47.0000,  -694.0000, -3231.0000, 51.0000,  0, 0, 0
L -694.0000, -3231.0000, 51.0000,  -674.0000, -3236.0000, 44.0000,  0, 0, 0
L -674.0000, -3236.0000, 44.0000,  -659.0000, -3231.0000, 39.0000,  0, 0, 0
L -659.0000, -3231.0000, 39.0000,  -646.0000, -3226.0000, 41.0000,  0, 0, 0
L -646.0000, -3226.0000, 41.0000,  -633.0000, -3216.0000, 47.0000,  0, 0, 0
L -633.0000, -3216.0000, 47.0000,  -633.0000, -3216.0000, 50.0000,  0, 0, 0
L -633.0000, -3216.0000, 50.0000,  -628.0000, -3213.0000, 50.0000,  0, 0, 0
L -628.0000, -3213.0000, 50.0000,  -610.0000, -3226.0000, 50.0000,  0, 0, 0
L -610.0000, -3226.0000, 50.0000,  -593.0000, -3248.0000, 51.0000,  0, 0, 0
L -593.0000, -3248.0000, 51.0000,  -589.0000, -3267.0000, 50.0000,  0, 0, 0
L -589.0000, -3267.0000, 50.0000,  -591.0000, -3282.0000, 51.0000,  0, 0, 0
L -591.0000, -3282.0000, 51.0000,  -596.0000, -3305.0000, 51.0000,  0, 0, 0
L -596.0000, -3305.0000, 51.0000,  -603.0000, -3328.0000, 53.0000,  0, 0, 0
L -603.0000, -3328.0000, 53.0000,  -617.0000, -3349.0000, 38.0000,  0, 0, 0
L -617.0000, -3349.0000, 38.0000,  -630.0000, -3375.0000, 33.0000,  0, 0, 0
L -630.0000, -3375.0000, 33.0000,  -636.0000, -3390.0000, 31.0000,  0, 0, 0
L -636.0000, -3390.0000, 31.0000,  -644.0000, -3416.0000, 27.0000,  0, 0, 0
L -644.0000, -3416.0000, 27.0000,  -650.0000, -3427.0000, 21.0000,  0, 0, 0
L -650.0000, -3427.0000, 21.0000,  -660.0000, -3443.0000, 15.0000,  0, 0, 0
L -660.0000, -3443.0000, 15.0000,  -663.0000, -3460.0000, 12.0000,  0, 0, 0
L -663.0000, -3460.0000, 12.0000,  -660.0000, -3487.0000, 15.0000,  0, 0, 0
L -660.0000, -3487.0000, 15.0000,  -652.0000, -3510.0000, 15.0000,  0, 0, 0
L -652.0000, -3511.0000, 10.0000,  -614.0000, -3497.0000, 15.0000,  0, 0, 255
L -614.0000, -3497.0000, 15.0000,  -618.0000, -3487.0000, 14.0000,  0, 0, 0
L -618.0000, -3487.0000, 14.0000,  -621.0000, -3474.0000, 11.0000,  0, 0, 0
L -621.0000, -3474.0000, 11.0000,  -623.0000, -3460.0000, 14.0000,  0, 0, 0
L -623.0000, -3460.0000, 14.0000,  -616.0000, -3443.0000, 16.0000,  0, 0, 0
L -616.0000, -3443.0000, 16.0000,  -611.0000, -3435.0000, 16.0000,  0, 0, 0
L -611.0000, -3435.0000, 16.0000,  -603.0000, -3419.0000, 23.0000,  0, 0, 0
L -603.0000, -3419.0000, 23.0000,  -596.0000, -3405.0000, 23.0000,  0, 0, 0
L -596.0000, -3405.0000, 23.0000,  -590.0000, -3389.0000, 27.0000,  0, 0, 0
L -590.0000, -3389.0000, 27.0000,  -584.0000, -3373.0000, 36.0000,  0, 0, 0
L -584.0000, -3373.0000, 36.0000,  -576.0000, -3358.0000, 40.0000,  0, 0, 0
L -576.0000, -3358.0000, 40.0000,  -572.0000, -3350.0000, 43.0000,  0, 0, 0
L -572.0000, -3350.0000, 43.0000,  -560.0000, -3332.0000, 43.0000,  0, 0, 0
L -560.0000, -3332.0000, 43.0000,  -560.0000, -3319.0000, 45.0000,  0, 0, 0
L -560.0000, -3319.0000, 45.0000,  -555.0000, -3301.0000, 51.0000,  0, 0, 0
L -555.0000, -3301.0000, 51.0000,  -550.0000, -3277.0000, 49.0000,  0, 0, 0
L -550.0000, -3277.0000, 49.0000,  -551.0000, -3255.0000, 49.0000,  0, 0, 0
L -551.0000, -3255.0000, 49.0000,  -549.0000, -3250.0000, 49.0000,  0, 0, 0
L -549.0000, -3250.0000, 49.0000,  -556.0000, -3234.0000, 48.0000,  0, 0, 0
L -556.0000, -3234.0000, 48.0000,  -569.0000, -3212.0000, 52.0000,  0, 0, 0
L -569.0000, -3212.0000, 52.0000,  -589.0000, -3191.0000, 52.0000,  0, 0, 0
L -589.0000, -3191.0000, 52.0000,  -610.0000, -3176.0000, 50.0000,  0, 0, 0
L -610.0000, -3176.0000, 50.0000,  -614.0000, -3174.0000, 40.0000,  0, 0, 0
L -614.0000, -3174.0000, 40.0000,  -610.0000, -3165.0000, 47.0000,  0, 0, 0
L -610.0000, -3165.0000, 47.0000,  -613.0000, -3151.0000, 47.0000,  0, 0, 0
L -613.0000, -3151.0000, 47.0000,  -612.0000, -3138.0000, 46.0000,  0, 0, 0
L -612.0000, -3138.0000, 46.0000,  -628.0000, -3115.0000, 46.0000,  0, 0, 0
L -628.0000, -3115.0000, 46.0000,  -646.0000, -3100.0000, 41.0000,  0, 0, 0
L -646.0000, -3100.0000, 41.0000,  -654.0000, -3094.0000, 42.0000,  0, 0, 0
L -654.0000, -3094.0000, 42.0000,  -666.0000, -3091.0000, 46.0000,  0, 0, 0
L -666.0000, -3091.0000, 46.0000,  -688.0000, -3089.0000, 47.0000,  0, 0, 0
L -688.0000, -3089.0000, 47.0000,  -699.0000, -3091.0000, 47.0000,  0, 0, 0
L -699.0000, -3091.0000, 47.0000,  -711.0000, -3096.0000, 46.0000,  0, 0, 0
L -711.0000, -3096.0000, 46.0000,  -722.0000, -3099.0000, 43.0000,  0, 0, 0
L -722.0000, -3099.0000, 43.0000,  -732.0000, -3108.0000, 44.0000,  0, 0, 0
L -732.0000, -3108.0000, 44.0000,  -737.0000, -3115.0000, 41.0000,  0, 0, 0
L -737.0000, -3115.0000, 41.0000,  -745.0000, -3116.0000, 39.0000,  0, 0, 0
L -745.0000, -3116.0000, 39.0000,  -751.0000, -3103.0000, 51.0000,  0, 0, 0
L -751.0000, -3103.0000, 51.0000,  -761.0000, -3094.0000, 50.0000,  0, 0, 0
L -761.0000, -3094.0000, 50.0000,  -769.0000, -3085.0000, 48.0000,  0, 0, 0
L -769.0000, -3085.0000, 48.0000,  -775.0000, -3077.0000, 50.0000,  0, 0, 0
L -775.0000, -3077.0000, 50.0000,  -779.0000, -3065.0000, 51.0000,  0, 0, 0
L -779.0000, -3065.0000, 51.0000,  -775.0000, -3047.0000, 50.0000,  0, 0, 0
L -775.0000, -3047.0000, 50.0000,  -771.0000, -3031.0000, 50.0000,  0, 0, 0
L -771.0000, -3031.0000, 50.0000,  -762.0000, -3011.0000, 48.0000,  0, 0, 0
L -762.0000, -3011.0000, 48.0000,  -752.0000, -2998.0000, 51.0000,  0, 0, 0
L -752.0000, -2998.0000, 51.0000,  -741.0000, -2993.0000, 51.0000,  0, 0, 0
L -741.0000, -2993.0000, 51.0000,  -726.0000, -2989.0000, 52.0000,  0, 0, 0
L -726.0000, -2989.0000, 52.0000,  -701.0000, -2983.0000, 50.0000,  0, 0, 0
L -701.0000, -2983.0000, 50.0000,  -675.0000, -2978.0000, 50.0000,  0, 0, 0
L -675.0000, -2978.0000, 50.0000,  -654.0000, -2971.0000, 48.0000,  0, 0, 0
L -654.0000, -2971.0000, 48.0000,  -643.0000, -2966.0000, 49.0000,  0, 0, 0
L -643.0000, -2966.0000, 49.0000,  -620.0000, -2942.0000, 50.0000,  0, 0, 0
L -620.0000, -2942.0000, 50.0000,  -608.0000, -2916.0000, 51.0000,  0, 0, 0
L -608.0000, -2916.0000, 51.0000,  -601.0000, -2891.0000, 49.0000,  0, 0, 0
L -601.0000, -2891.0000, 49.0000,  -597.0000, -2874.0000, 49.0000,  0, 0, 0
L -597.0000, -2874.0000, 49.0000,  -602.0000, -2850.0000, 55.0000,  0, 0, 0
L -602.0000, -2850.0000, 55.0000,  -602.0000, -2813.0000, 45.0000,  0, 0, 0
L -602.0000, -2813.0000, 45.0000,  -602.0000, -2774.0000, 37.0000,  0, 0, 0
L -602.0000, -2774.0000, 37.0000,  -600.0000, -2741.0000, 12.0000,  0, 0, 0
L -643.0000, -3566.0000, 19.0000,  -637.0000, -3585.0000, 21.0000,  0, 0, 0
L -637.0000, -3585.0000, 21.0000,  -635.0000, -3620.0000, 24.0000,  0, 0, 0
L -635.0000, -3620.0000, 24.0000,  -642.0000, -3656.0000, 23.0000,  0, 0, 0
L -642.0000, -3656.0000, 23.0000,  -641.0000, -3690.0000, 21.0000,  0, 0, 0
L -641.0000, -3690.0000, 21.0000,  -655.0000, -3714.0000, 19.0000,  0, 0, 0
L -655.0000, -3714.0000, 19.0000,  -656.0000, -3734.0000, 20.0000,  0, 0, 0
L -656.0000, -3734.0000, 20.0000,  -642.0000, -3756.0000, 20.0000,  0, 0, 0
L -642.0000, -3756.0000, 20.0000,  -618.0000, -3774.0000, 19.0000,  0, 0, 0
L -618.0000, -3774.0000, 19.0000,  -604.0000, -3772.0000, 19.0000,  0, 0, 0
L -604.0000, -3772.0000, 19.0000,  -578.0000, -3763.0000, 20.0000,  0, 0, 0
L -578.0000, -3763.0000, 20.0000,  -545.0000, -3770.0000, 20.0000,  0, 0, 0
L -545.0000, -3770.0000, 20.0000,  -521.0000, -3772.0000, 21.0000,  0, 0, 0
L -521.0000, -3772.0000, 21.0000,  -498.0000, -3769.0000, 21.0000,  0, 0, 0
L -498.0000, -3769.0000, 21.0000,  -463.0000, -3786.0000, 21.0000,  0, 0, 0
L -463.0000, -3786.0000, 21.0000,  -439.0000, -3785.0000, 21.0000,  0, 0, 0
L -439.0000, -3785.0000, 21.0000,  -409.0000, -3760.0000, 22.0000,  0, 0, 0
L -409.0000, -3760.0000, 22.0000,  -403.0000, -3745.0000, 23.0000,  0, 0, 0
L -403.0000, -3745.0000, 23.0000,  -409.0000, -3723.0000, 23.0000,  0, 0, 0
L -409.0000, -3723.0000, 23.0000,  -410.0000, -3681.0000, 24.0000,  0, 0, 0
L -410.0000, -3681.0000, 24.0000,  -408.0000, -3651.0000, 25.0000,  0, 0, 0
L -408.0000, -3651.0000, 25.0000,  -427.0000, -3622.0000, 26.0000,  0, 0, 0
L -427.0000, -3622.0000, 26.0000,  -430.0000, -3601.0000, 30.0000,  0, 0, 0
L -430.0000, -3601.0000, 30.0000,  -432.0000, -3585.0000, 28.0000,  0, 0, 0
L -432.0000, -3585.0000, 28.0000,  -405.0000, -3576.0000, 18.0000,  0, 0, 0
L -405.0000, -3576.0000, 18.0000,  -378.0000, -3554.0000, 16.0000,  0, 0, 0
L -378.0000, -3554.0000, 16.0000,  -367.0000, -3545.0000, 13.0000,  0, 0, 0
L -384.0000, -3507.0000, 11.0000,  -398.0000, -3519.0000, 11.0000,  0, 0, 0
L -398.0000, -3519.0000, 11.0000,  -425.0000, -3541.0000, 13.0000,  0, 0, 0
L -425.0000, -3541.0000, 13.0000,  -441.0000, -3555.0000, 12.0000,  0, 0, 0
L -441.0000, -3555.0000, 12.0000,  -447.0000, -3556.0000, 13.0000,  0, 0, 0
L -447.0000, -3556.0000, 13.0000,  -452.0000, -3561.0000, 13.0000,  0, 0, 0
L -452.0000, -3561.0000, 13.0000,  -467.0000, -3561.0000, 17.0000,  0, 0, 0
L -467.0000, -3561.0000, 17.0000,  -489.0000, -3552.0000, 18.0000,  0, 0, 0
L -489.0000, -3552.0000, 18.0000,  -500.0000, -3542.0000, 18.0000,  0, 0, 0
L -500.0000, -3542.0000, 18.0000,  -513.0000, -3535.0000, 19.0000,  0, 0, 0
L -513.0000, -3535.0000, 19.0000,  -521.0000, -3537.0000, 18.0000,  0, 0, 0
L -521.0000, -3537.0000, 18.0000,  -540.0000, -3540.0000, 19.0000,  0, 0, 0
L -540.0000, -3540.0000, 19.0000,  -562.0000, -3536.0000, 20.0000,  0, 0, 0
L -562.0000, -3536.0000, 20.0000,  -580.0000, -3525.0000, 20.0000,  0, 0, 0
L -580.0000, -3525.0000, 20.0000,  -593.0000, -3519.0000, 20.0000,  0, 0, 0
L -593.0000, -3519.0000, 20.0000,  -596.0000, -3520.0000, 20.0000,  0, 0, 0
L -382.0000, -3506.0000, 11.0000,  -360.0000, -3540.0000, 12.0000,  0, 0, 255
L -337.0000, -3532.0000, 15.0000,  -325.0000, -3530.0000, 14.0000,  0, 0, 0
L -325.0000, -3530.0000, 14.0000,  -304.0000, -3527.0000, 11.0000,  0, 0, 0
L -304.0000, -3527.0000, 11.0000,  -284.0000, -3525.0000, 9.0000,  0, 0, 0
L -284.0000, -3525.0000, 9.0000,  -271.0000, -3527.0000, 9.0000,  0, 0, 0
L -271.0000, -3527.0000, 9.0000,  -260.0000, -3530.0000, 11.0000,  0, 0, 0
L -260.0000, -3530.0000, 11.0000,  -243.0000, -3536.0000, 9.0000,  0, 0, 0
L -243.0000, -3536.0000, 9.0000,  -240.0000, -3539.0000, 6.0000,  0, 0, 0
L -240.0000, -3539.0000, 6.0000,  -243.0000, -3549.0000, 5.0000,  0, 0, 0
L -243.0000, -3549.0000, 5.0000,  -240.0000, -3561.0000, 5.0000,  0, 0, 0
L -240.0000, -3561.0000, 5.0000,  -237.0000, -3580.0000, 10.0000,  0, 0, 0
L -237.0000, -3580.0000, 10.0000,  -233.0000, -3588.0000, 11.0000,  0, 0, 0
L -233.0000, -3588.0000, 11.0000,  -220.0000, -3602.0000, 10.0000,  0, 0, 0
L -220.0000, -3602.0000, 10.0000,  -207.0000, -3613.0000, 10.0000,  0, 0, 0
L -207.0000, -3613.0000, 10.0000,  -194.0000, -3620.0000, 8.0000,  0, 0, 0
L -194.0000, -3620.0000, 8.0000,  -172.0000, -3631.0000, 6.0000,  0, 0, 0
L -172.0000, -3631.0000, 6.0000,  -165.0000, -3634.0000, 9.0000,  0, 0, 0
L -165.0000, -3634.0000, 9.0000,  -154.0000, -3637.0000, 3.0000,  0, 0, 0
L -154.0000, -3637.0000, 3.0000,  -143.0000, -3623.0000, 1.0000,  0, 0, 0
L -143.0000, -3623.0000, 1.0000,  -139.0000, -3631.0000, -2.0000,  0, 0, 0
L -139.0000, -3631.0000, -2.0000,  -160.0000, -3649.0000, 9.0000,  0, 0, 0
L -160.0000, -3649.0000, 9.0000,  -162.0000, -3654.0000, 9.0000,  0, 0, 0
L -162.0000, -3654.0000, 9.0000,  -164.0000, -3670.0000, 9.0000,  0, 0, 0
L -164.0000, -3670.0000, 9.0000,  -165.0000, -3674.0000, 9.0000,  0, 0, 0
L -165.0000, -3674.0000, 9.0000,  -164.0000, -3687.0000, 11.0000,  0, 0, 0
L -652.0000, -3510.0000, 9.0000,  -629.0000, -3542.0000, 6.0000,  0, 0, 0
L -629.0000, -3542.0000, 6.0000,  -643.0000, -3566.0000, 16.0000,  0, 0, 0
L -367.0000, -3545.0000, 14.0000,  -337.0000, -3532.0000, 15.0000,  0, 0, 0
L -614.0000, -3496.0000, 15.0000,  -606.0000, -3516.0000, 9.0000,  0, 0, 0
L -606.0000, -3516.0000, 9.0000,  -596.0000, -3520.0000, 18.0000,  0, 0, 0
L -384.0000, -3507.0000, 11.0000,  -355.0000, -3495.0000, 9.0000,  0, 0, 0
L -355.0000, -3495.0000, 9.0000,  -311.0000, -3489.0000, 15.0000,  0, 0, 0
L -311.0000, -3489.0000, 15.0000,  -296.0000, -3486.0000, 13.0000,  0, 0, 0
L -296.0000, -3486.0000, 13.0000,  -250.0000, -3492.0000, 13.0000,  0, 0, 0
L -250.0000, -3492.0000, 13.0000,  -226.0000, -3500.0000, 15.0000,  0, 0, 0
L -226.0000, -3500.0000, 15.0000,  -220.0000, -3498.0000, 19.0000,  0, 0, 0
L -220.0000, -3498.0000, 19.0000,  -191.0000, -3480.0000, 12.0000,  0, 0, 0
L -191.0000, -3480.0000, 12.0000,  -175.0000, -3476.0000, 10.0000,  0, 0, 0
L -175.0000, -3476.0000, 10.0000,  -142.0000, -3481.0000, 14.0000,  0, 0, 0
L -142.0000, -3481.0000, 14.0000,  -97.0000, -3500.0000, 7.0000,  0, 0, 0
L -97.0000, -3500.0000, 7.0000,  3.0000, -3546.0000, 5.0000,  0, 0, 0
L 3.0000, -3546.0000, 5.0000,  28.0000, -3570.0000, 11.0000,  0, 0, 0
L 28.0000, -3570.0000, 11.0000,  38.0000, -3589.0000, 9.0000,  0, 0, 0
L 38.0000, -3589.0000, 9.0000,  43.0000, -3607.0000, 7.0000,  0, 0, 0
L 43.0000, -3607.0000, 7.0000,  43.0000, -3620.0000, 11.0000,  0, 0, 0
L 23.0000, -3661.0000, 2.0000,  7.0000, -3676.0000, 5.0000,  0, 0, 0
L 7.0000, -3676.0000, 5.0000,  -13.0000, -3686.0000, 9.0000,  0, 0, 0
L -13.0000, -3686.0000, 9.0000,  -19.0000, -3688.0000, 10.0000,  0, 0, 0
L -19.0000, -3688.0000, 10.0000,  -54.0000, -3684.0000, 9.0000,  0, 0, 0
L -54.0000, -3684.0000, 9.0000,  -77.0000, -3675.0000, 9.0000,  0, 0, 0
L -77.0000, -3675.0000, 9.0000,  -116.0000, -3657.0000, 8.0000,  0, 0, 0
L -116.0000, -3657.0000, 8.0000,  -110.0000, -3646.0000, 6.0000,  0, 0, 0
L -110.0000, -3646.0000, 6.0000,  -115.0000, -3641.0000, 6.0000,  0, 0, 0
L -115.0000, -3641.0000, -3.0000,  -125.0000, -3663.0000, 9.0000,  0, 0, 0
L -125.0000, -3663.0000, 9.0000,  -126.0000, -3673.0000, 10.0000,  0, 0, 0
L -126.0000, -3673.0000, 10.0000,  -124.0000, -3685.0000, 9.0000,  0, 0, 0
L -124.0000, -3685.0000, 9.0000,  -123.0000, -3695.0000, 7.0000,  0, 0, 0
L -123.0000, -3695.0000, 7.0000,  -118.0000, -3710.0000, 8.0000,  0, 0, 0
L -118.0000, -3710.0000, 8.0000,  -113.0000, -3718.0000, 12.0000,  0, 0, 0
L -113.0000, -3718.0000, 12.0000,  -103.0000, -3737.0000, 10.0000,  0, 0, 0
L -103.0000, -3737.0000, 10.0000,  -90.0000, -3764.0000, 8.0000,  0, 0, 0
L -90.0000, -3764.0000, 8.0000,  -87.0000, -3777.0000, 9.0000,  0, 0, 0
L -87.0000, -3777.0000, 9.0000,  -82.0000, -3805.0000, 8.0000,  0, 0, 0
L -82.0000, -3805.0000, 8.0000,  -84.0000, -3817.0000, 8.0000,  0, 0, 0
L -84.0000, -3817.0000, 8.0000,  -87.0000, -3828.0000, 8.0000,  0, 0, 0
L -87.0000, -3828.0000, 8.0000,  -91.0000, -3839.0000, 7.0000,  0, 0, 0
L -91.0000, -3839.0000, 7.0000,  -96.0000, -3846.0000, 7.0000,  0, 0, 0
L -96.0000, -3846.0000, 7.0000,  -100.0000, -3853.0000, 7.0000,  0, 0, 0
L -100.0000, -3853.0000, 7.0000,  -103.0000, -3857.0000, 7.0000,  0, 0, 0
L -103.0000, -3857.0000, 7.0000,  -108.0000, -3863.0000, 8.0000,  0, 0, 0
L -108.0000, -3863.0000, 8.0000,  -156.0000, -3863.0000, 8.0000,  240, 0, 140
L -156.0000, -3863.0000, 8.0000,  -147.0000, -3852.0000, 8.0000,  0, 0, 0
L -147.0000, -3852.0000, 8.0000,  -145.0000, -3849.0000, 8.0000,  0, 0, 0
L -145.0000, -3849.0000, 8.0000,  -141.0000, -3842.0000, 9.0000,  0, 0, 0
L -141.0000, -3842.0000, 9.0000,  -135.0000, -3833.0000, 15.0000,  0, 0, 0
L -135.0000, -3833.0000, 15.0000,  -123.0000, -3812.0000, 14.0000,  0, 0, 0
L -123.0000, -3812.0000, 14.0000,  -123.0000, -3799.0000, 14.0000,  0, 0, 0
L -123.0000, -3799.0000, 14.0000,  -124.0000, -3792.0000, 14.0000,  0, 0, 0
L -124.0000, -3792.0000, 14.0000,  -131.0000, -3770.0000, 14.0000,  0, 0, 0
L -131.0000, -3770.0000, 14.0000,  -140.0000, -3751.0000, 14.0000,  0, 0, 0
L -140.0000, -3751.0000, 14.0000,  -155.0000, -3723.0000, 14.0000,  0, 0, 0
L -155.0000, -3723.0000, 14.0000,  -161.0000, -3702.0000, 14.0000,  0, 0, 0
L -161.0000, -3702.0000, 14.0000,  -164.0000, -3686.0000, 15.0000,  0, 0, 0
L 44.0000, -3625.0000, 18.0000,  57.0000, -3625.0000, 20.0000,  0, 0, 0
L 57.0000, -3625.0000, 20.0000,  85.0000, -3632.0000, 16.0000,  0, 0, 0
L 85.0000, -3632.0000, 16.0000,  97.0000, -3627.0000, 15.0000,  0, 0, 0
L 97.0000, -3627.0000, 15.0000,  122.0000, -3609.0000, 9.0000,  0, 0, 0
L 122.0000, -3609.0000, 9.0000,  130.0000, -3600.0000, 9.0000,  0, 0, 0
L 130.0000, -3600.0000, 9.0000,  139.0000, -3583.0000, 10.0000,  0, 0, 0
L 139.0000, -3583.0000, 10.0000,  139.0000, -3568.0000, 15.0000,  0, 0, 0
L 139.0000, -3568.0000, 15.0000,  141.0000, -3553.0000, 17.0000,  0, 0, 0
L 141.0000, -3553.0000, 17.0000,  141.0000, -3541.0000, 15.0000,  0, 0, 0
L 141.0000, -3541.0000, 15.0000,  138.0000, -3533.0000, 14.0000,  0, 0, 0
L 138.0000, -3533.0000, 14.0000,  130.0000, -3520.0000, 16.0000,  0, 0, 0
L 130.0000, -3520.0000, 16.0000,  122.0000, -3511.0000, 16.0000,  0, 0, 0
L 122.0000, -3511.0000, 16.0000,  106.0000, -3501.0000, 15.0000,  0, 0, 0
L 106.0000, -3501.0000, 15.0000,  92.0000, -3489.0000, 11.0000,  0, 0, 0
L 92.0000, -3489.0000, 11.0000,  72.0000, -3471.0000, 8.0000,  0, 0, 0
L 72.0000, -3471.0000, 8.0000,  61.0000, -3458.0000, 9.0000,  0, 0, 0
L 61.0000, -3458.0000, 9.0000,  47.0000, -3441.0000, 14.0000,  0, 0, 0
L 47.0000, -3441.0000, 14.0000,  43.0000, -3430.0000, 13.0000,  0, 0, 0
L 43.0000, -3430.0000, 13.0000,  38.0000, -3415.0000, 14.0000,  0, 0, 0
L 38.0000, -3415.0000, 14.0000,  39.0000, -3397.0000, 12.0000,  0, 0, 0
L 39.0000, -3397.0000, 12.0000,  43.0000, -3376.0000, 9.0000,  0, 0, 0
L 43.0000, -3376.0000, 9.0000,  48.0000, -3352.0000, 12.0000,  0, 0, 0
L 48.0000, -3352.0000, 12.0000,  78.0000, -3314.0000, 9.0000,  0, 0, 0
L 78.0000, -3314.0000, 9.0000,  98.0000, -3298.0000, 13.0000,  0, 0, 0
L 98.0000, -3298.0000, 13.0000,  116.0000, -3289.0000, 12.0000,  0, 0, 0
L 116.0000, -3289.0000, 12.0000,  132.0000, -3286.0000, 14.0000,  0, 0, 0
L 132.0000, -3286.0000, 14.0000,  151.0000, -3287.0000, 14.0000,  0, 0, 0
L 151.0000, -3287.0000, 14.0000,  170.0000, -3281.0000, 15.0000,  0, 0, 0
L 170.0000, -3281.0000, 15.0000,  189.0000, -3266.0000, 14.0000,  0, 0, 0
L 189.0000, -3266.0000, 14.0000,  205.0000, -3247.0000, 13.0000,  0, 0, 0
L 205.0000, -3247.0000, 13.0000,  216.0000, -3224.0000, 15.0000,  0, 0, 0
L 216.0000, -3224.0000, 15.0000,  225.0000, -3211.0000, 20.0000,  0, 0, 0
L 225.0000, -3211.0000, 20.0000,  228.0000, -3196.0000, 33.0000,  0, 0, 0
L 228.0000, -3196.0000, 33.0000,  238.0000, -3174.0000, 33.0000,  0, 0, 0
L 238.0000, -3174.0000, 33.0000,  260.0000, -3138.0000, 35.0000,  0, 0, 0
L 260.0000, -3138.0000, 35.0000,  262.0000, -3123.0000, 38.0000,  0, 0, 0
L 262.0000, -3123.0000, 38.0000,  247.0000, -3108.0000, 44.0000,  0, 0, 0
L 247.0000, -3108.0000, 44.0000,  235.0000, -3082.0000, 47.0000,  0, 0, 0
L 235.0000, -3082.0000, 47.0000,  238.0000, -3059.0000, 46.0000,  0, 0, 0
L 238.0000, -3059.0000, 46.0000,  235.0000, -3056.0000, 50.0000,  0, 0, 0
L 235.0000, -3056.0000, 50.0000,  206.0000, -3028.0000, 50.0000,  0, 0, 0
L 206.0000, -3028.0000, 50.0000,  192.0000, -3016.0000, 52.0000,  0, 0, 0
L 192.0000, -3016.0000, 52.0000,  180.0000, -2994.0000, 52.0000,  0, 0, 0
L 180.0000, -2994.0000, 52.0000,  175.0000, -2964.0000, 51.0000,  0, 0, 0
L 175.0000, -2964.0000, 51.0000,  173.0000, -2959.0000, 47.0000,  0, 0, 0
L 173.0000, -2959.0000, 47.0000,  154.0000, -2953.0000, 48.0000,  0, 0, 0
L 154.0000, -2953.0000, 48.0000,  141.0000, -2943.0000, 47.0000,  0, 0, 0
L 141.0000, -2943.0000, 47.0000,  129.0000, -2922.0000, 46.0000,  0, 0, 0
L 129.0000, -2922.0000, 46.0000,  122.0000, -2902.0000, 47.0000,  0, 0, 0
L 122.0000, -2902.0000, 47.0000,  124.0000, -2881.0000, 45.0000,  0, 0, 0
L 124.0000, -2881.0000, 45.0000,  129.0000, -2862.0000, 47.0000,  0, 0, 0
L 129.0000, -2862.0000, 47.0000,  145.0000, -2840.0000, 47.0000,  0, 0, 0
L 145.0000, -2840.0000, 47.0000,  161.0000, -2827.0000, 45.0000,  0, 0, 0
L 161.0000, -2827.0000, 45.0000,  173.0000, -2823.0000, 47.0000,  0, 0, 0
L 173.0000, -2823.0000, 47.0000,  174.0000, -2818.0000, 45.0000,  0, 0, 0
L 174.0000, -2818.0000, 45.0000,  174.0000, -2809.0000, 40.0000,  0, 0, 0
L 174.0000, -2809.0000, 40.0000,  174.0000, -2776.0000, 40.0000,  0, 0, 0
L 174.0000, -2776.0000, 40.0000,  174.0000, -2747.0000, 29.0000,  0, 0, 0
L 216.0000, -2759.0000, 29.0000,  215.0000, -2798.0000, 35.0000,  0, 0, 0
L 215.0000, -2798.0000, 35.0000,  210.0000, -2817.0000, 38.0000,  0, 0, 0
L 210.0000, -2817.0000, 38.0000,  216.0000, -2823.0000, 38.0000,  0, 0, 0
L 216.0000, -2823.0000, 38.0000,  240.0000, -2833.0000, 45.0000,  0, 0, 0
L 240.0000, -2833.0000, 45.0000,  261.0000, -2860.0000, 46.0000,  0, 0, 0
L 261.0000, -2860.0000, 46.0000,  269.0000, -2899.0000, 44.0000,  0, 0, 0
L 269.0000, -2899.0000, 44.0000,  262.0000, -2925.0000, 43.0000,  0, 0, 0
L 262.0000, -2925.0000, 43.0000,  251.0000, -2940.0000, 41.0000,  0, 0, 0
L 251.0000, -2940.0000, 41.0000,  226.0000, -2960.0000, 48.0000,  0, 0, 0
L 226.0000, -2960.0000, 48.0000,  218.0000, -2961.0000, 48.0000,  0, 0, 0
L 218.0000, -2961.0000, 48.0000,  215.0000, -2966.0000, 51.0000,  0, 0, 0
L 215.0000, -2966.0000, 51.0000,  217.0000, -2979.0000, 51.0000,  0, 0, 0
L 217.0000, -2979.0000, 51.0000,  220.0000, -2984.0000, 51.0000,  0, 0, 0
L 220.0000, -2984.0000, 51.0000,  226.0000, -2995.0000, 50.0000,  0, 0, 0
L 226.0000, -2995.0000, 50.0000,  241.0000, -3010.0000, 51.0000,  0, 0, 0
L 241.0000, -3010.0000, 51.0000,  250.0000, -3017.0000, 51.0000,  0, 0, 0
L 250.0000, -3017.0000, 51.0000,  253.0000, -3019.0000, 51.0000,  0, 0, 0
L 253.0000, -3019.0000, 51.0000,  257.0000, -3018.0000, 43.0000,  0, 0, 0
L 257.0000, -3018.0000, 43.0000,  269.0000, -3007.0000, 44.0000,  0, 0, 0
L 269.0000, -3007.0000, 44.0000,  284.0000, -3000.0000, 41.0000,  0, 0, 0
L 284.0000, -3000.0000, 41.0000,  314.0000, -2995.0000, 48.0000,  0, 0, 0
L 314.0000, -2995.0000, 48.0000,  334.0000, -2999.0000, 46.0000,  0, 0, 0
L 334.0000, -2999.0000, 46.0000,  351.0000, -3010.0000, 42.0000,  0, 0, 0
L 351.0000, -3010.0000, 42.0000,  368.0000, -3025.0000, 44.0000,  0, 0, 0
L 368.0000, -3025.0000, 44.0000,  377.0000, -3037.0000, 46.0000,  0, 0, 0
L 377.0000, -3037.0000, 46.0000,  380.0000, -3043.0000, 46.0000,  0, 0, 0
L 380.0000, -3043.0000, 46.0000,  382.0000, -3067.0000, 46.0000,  0, 0, 0
L 382.0000, -3067.0000, 46.0000,  379.0000, -3093.0000, 47.0000,  0, 0, 0
L 379.0000, -3093.0000, 47.0000,  375.0000, -3103.0000, 47.0000,  0, 0, 0
L 375.0000, -3103.0000, 47.0000,  359.0000, -3125.0000, 53.0000,  0, 0, 0
L 359.0000, -3125.0000, 53.0000,  333.0000, -3137.0000, 50.0000,  0, 0, 0
L 333.0000, -3137.0000, 50.0000,  306.0000, -3143.0000, 47.0000,  0, 0, 0
L 306.0000, -3143.0000, 47.0000,  302.0000, -3142.0000, 46.0000,  0, 0, 0
L 302.0000, -3142.0000, 46.0000,  298.0000, -3145.0000, 48.0000,  0, 0, 0
L 298.0000, -3145.0000, 48.0000,  287.0000, -3169.0000, 46.0000,  0, 0, 0
L 287.0000, -3169.0000, 46.0000,  278.0000, -3185.0000, 41.0000,  0, 0, 0
L 278.0000, -3185.0000, 41.0000,  263.0000, -3215.0000, 29.0000,  0, 0, 0
L 263.0000, -3215.0000, 29.0000,  243.0000, -3261.0000, 18.0000,  0, 0, 0
L 243.0000, -3261.0000, 18.0000,  219.0000, -3290.0000, 9.0000,  0, 0, 0
L 219.0000, -3290.0000, 9.0000,  205.0000, -3304.0000, 10.0000,  0, 0, 0
L 205.0000, -3304.0000, 10.0000,  179.0000, -3320.0000, 15.0000,  0, 0, 0
L 179.0000, -3320.0000, 15.0000,  162.0000, -3327.0000, 14.0000,  0, 0, 0
L 162.0000, -3327.0000, 14.0000,  140.0000, -3326.0000, 13.0000,  0, 0, 0
L 140.0000, -3326.0000, 13.0000,  131.0000, -3327.0000, 15.0000,  0, 0, 0
L 131.0000, -3327.0000, 15.0000,  116.0000, -3334.0000, 15.0000,  0, 0, 0
L 116.0000, -3334.0000, 15.0000,  99.0000, -3349.0000, 15.0000,  0, 0, 0
L 99.0000, -3349.0000, 15.0000,  85.0000, -3369.0000, 14.0000,  0, 0, 0
L 85.0000, -3369.0000, 14.0000,  82.0000, -3382.0000, 16.0000,  0, 0, 0
L 82.0000, -3382.0000, 16.0000,  79.0000, -3397.0000, 14.0000,  0, 0, 0
L 79.0000, -3397.0000, 14.0000,  80.0000, -3416.0000, 15.0000,  0, 0, 0
L 80.0000, -3416.0000, 15.0000,  85.0000, -3427.0000, 16.0000,  0, 0, 0
L 85.0000, -3427.0000, 16.0000,  97.0000, -3441.0000, 14.0000,  0, 0, 0
L 97.0000, -3441.0000, 14.0000,  112.0000, -3453.0000, 15.0000,  0, 0, 0
L 112.0000, -3453.0000, 15.0000,  131.0000, -3467.0000, 16.0000,  0, 0, 0
L 131.0000, -3467.0000, 16.0000,  149.0000, -3484.0000, 22.0000,  0, 0, 0
L 149.0000, -3484.0000, 22.0000,  165.0000, -3503.0000, 21.0000,  0, 0, 0
L 165.0000, -3503.0000, 21.0000,  179.0000, -3534.0000, 22.0000,  0, 0, 0
L 179.0000, -3534.0000, 22.0000,  180.0000, -3554.0000, 19.0000,  0, 0, 0
L 180.0000, -3554.0000, 19.0000,  178.0000, -3579.0000, 13.0000,  0, 0, 0
L 178.0000, -3579.0000, 13.0000,  168.0000, -3605.0000, 9.0000,  0, 0, 0
L 168.0000, -3605.0000, 9.0000,  152.0000, -3630.0000, 7.0000,  0, 0, 0
L 152.0000, -3630.0000, 7.0000,  132.0000, -3649.0000, 10.0000,  0, 0, 0
L 132.0000, -3649.0000, 10.0000,  112.0000, -3664.0000, 16.0000,  0, 0, 0
L 112.0000, -3664.0000, 16.0000,  95.0000, -3671.0000, 19.0000,  0, 0, 0
L 95.0000, -3671.0000, 19.0000,  88.0000, -3670.0000, 20.0000,  0, 0, 0
L 88.0000, -3670.0000, 20.0000,  65.0000, -3667.0000, 20.0000,  0, 0, 0
L 65.0000, -3667.0000, 20.0000,  26.0000, -3660.0000, 20.0000,  0, 0, 0
L 26.0000, -3660.0000, 20.0000,  26.0000, -3660.0000, 20.0000,  0, 0, 0
L 26.0000, -3660.0000, 20.0000,  44.0000, -3618.0000, 12.0000,  0, 0, 255
L -160.0000, -3626.0000, -2.0000,  -102.0000, -3656.0000, 0.0000,  0, 0, 255
L 149.0000, -2768.0000, 102.0000,  243.0000, -2769.0000, 108.0000,  0, 0, 255
L 748.0000, -2499.0000, -87.0000,  736.0000, -2532.0000, -90.0000,  0, 0, 0
L 736.0000, -2532.0000, -90.0000,  736.0000, -2569.0000, -83.0000,  0, 0, 0
L 736.0000, -2569.0000, -83.0000,  740.0000, -2601.0000, -80.0000,  0, 0, 0
L 740.0000, -2601.0000, -80.0000,  731.0000, -2611.0000, -81.0000,  0, 0, 0
L 731.0000, -2611.0000, -81.0000,  714.0000, -2628.0000, -82.0000,  0, 0, 0
L 792.0000, -2511.0000, -86.0000,  792.0000, -2509.0000, -87.0000,  0, 0, 0
L 791.0000, -2509.0000, -87.0000,  798.0000, -2552.0000, -82.0000,  0, 0, 0
L 798.0000, -2552.0000, -82.0000,  798.0000, -2585.0000, -83.0000,  0, 0, 0
L 798.0000, -2585.0000, -83.0000,  793.0000, -2617.0000, -81.0000,  0, 0, 0
L 793.0000, -2617.0000, -81.0000,  766.0000, -2662.0000, -82.0000,  0, 0, 0
L 766.0000, -2662.0000, -82.0000,  744.0000, -2674.0000, -81.0000,  0, 0, 0
L 744.0000, -2674.0000, -81.0000,  714.0000, -2690.0000, -81.0000,  0, 0, 0
L 714.0000, -2690.0000, -81.0000,  706.0000, -2706.0000, -81.0000,  0, 0, 0
L 706.0000, -2630.0000, -83.0000,  714.0000, -2628.0000, -81.0000,  0, 0, 0
L 706.0000, -2630.0000, -84.0000,  695.0000, -2632.0000, -81.0000,  0, 0, 0
L 695.0000, -2632.0000, -81.0000,  682.0000, -2638.0000, -81.0000,  0, 0, 0
L 682.0000, -2638.0000, -81.0000,  672.0000, -2643.0000, -81.0000,  0, 0, 0
L 672.0000, -2643.0000, -81.0000,  647.0000, -2682.0000, -82.0000,  0, 0, 0
L 647.0000, -2682.0000, -82.0000,  645.0000, -2705.0000, -81.0000,  0, 0, 0
L 702.0000, -2798.0000, -93.0000,  702.0000, -2707.0000, -86.0000,  240, 0, 140
L 645.0000, -2705.0000, -83.0000,  648.0000, -2735.0000, -84.0000,  0, 0, 0
L 648.0000, -2735.0000, -84.0000,  655.0000, -2752.0000, -82.0000,  0, 0, 0
L 655.0000, -2752.0000, -82.0000,  664.0000, -2768.0000, -82.0000,  0, 0, 0
L 664.0000, -2768.0000, -82.0000,  674.0000, -2782.0000, -82.0000,  0, 0, 0
L 674.0000, -2782.0000, -82.0000,  701.0000, -2797.0000, -82.0000,  0, 0, 0
