P 1696.0000, -1066.0000, 0.0000,  255, 255, 255,  2,  Gnomes
P 1827.0000, 350.0000, 0.0000,  255, 255, 255,  2,  Shadowmen
P 576.0000, 215.0000, 0.0000,  255, 255, 255,  2,  Orc
P -332.0000, -215.0000, 0.0000,  255, 255, 255,  2,  Orc
P -1253.0000, 278.0000, 0.0000,  255, 255, 255,  2,  Ranger_Outpost
P -1668.0000, 559.0000, 0.0000,  255, 255, 255,  2,  Orc_Chief
P -1143.0000, 897.0000, 0.0000,  255, 255, 255,  2,  Dark_Elf
P -2689.0000, 804.0000, 0.0000,  255, 255, 255,  2,  Nybright_Sisters
P -3163.0000, 798.0000, 0.0000,  255, 255, 255,  2,  Fae_Drake
P -3361.0000, 1143.0000, 0.0000,  0, 240, 0,  2,  Mistmoore
P -3434.0000, 25.0000, 0.0000,  255, 255, 255,  2,  Orc
P -3607.0000, -1089.0000, 0.0000,  255, 255, 255,  2,  Faerie
P -2854.0000, -1356.0000, 0.0000,  255, 255, 255,  2,  Pixie
P -2065.0000, -1467.0000, 0.0000,  255, 255, 255,  2,  Bandit
P -2271.0000, -42.0000, 0.0000,  255, 255, 255,  2,  Undead
P -3059.0000, -1788.0000, 0.0000,  255, 255, 255,  2,  Brownie
P 1145.0000, -2132.0000, 0.0000,  0, 240, 0,  2,  Greater_Faydark
P 2150.0000, -1004.0000, 0.0000,  0, 240, 0,  2,  Steamfont
P 1770.0000, 108.0000, 0.0000,  255, 255, 255,  2,  Succor_Point
P -3798.0000, 753.0000, 0.0000,  255, 255, 255,  2,  Crypt_Entrance_(LDoN)
P 583.0000, -738.0000, 0.0000,  255, 255, 255,  2,  Elwinn_Prelliaen
P -2558.0000, -65.0000, 0.0000,  255, 255, 255,  2,  Glidara_Myllar
P -1262.0000, -258.0000, 0.0000,  255, 255, 255,  2,  Glyndur_Tindel
P -3843.0000, 67.0000, -53.0000,  240, 0, 0,  3,  Grave_Entrance_(LDoN)
