P 3216.0000, 1453.0000, 699.0000,  0, 0, 0,  3,  Derak_Fangbreaker_(Supplier)
P -1405.0000, 2496.0000, 62.0000,  0, 0, 0,  3,  Fallen_Spirit_of_Tawln
P -121.0000, -1079.0000, 89.0000,  240, 0, 0,  3,  Shadowmane_Beastman
P 108.0000, -516.0000, -105.0000,  0, 0, 0,  1,  Longshadow
P -1500.0000, -2489.0000, 244.0000,  0, 0, 0,  3,  DruidCircle
P 520.0000, 2320.0000, 30.0000,  240, 0, 0,  2,  Kedem_Teague(lvl_77_spells)
P 3327.0000, 1407.0000, 699.0000,  0, 0, 0,  3,  Miles_Baldwin
P -1130.6401, 2141.2612, 73.6863,  240, 0, 0,  2,  Ryveron
P -2957.3733, 113.3879, 321.8077,  240, 0, 0,  2,  Vamporoc_Deathknight
P 1210.7329, -1844.7469, 324.8618,  240, 0, 0,  2,  Dannie_Highwind_(Quests)
P 2455.6448, -2336.4092, 321.1905,  240, 0, 0,  2,  Shade_of_Darniel_Highwind
P -3136.9431, 25.3436, 360.3582,  240, 0, 0,  2,  Fallem_Spirit_of_Wendia
P -1204.9492, 2429.8320, 69.8878,  240, 0, 0,  2,  Mengryl
P -1398.3041, 2495.1030, 66.0508,  240, 0, 0,  2,  Tawln_Lightbanes_corpse
P 610.8214, 148.1068, 112.2694,  240, 0, 0,  2,  Valarine_Windwalker_corpse
P -2787.2632, -2338.9148, 335.4507,  240, 0, 0,  2,  Oracle_of_the_Three_Oaks
P -501.9604, -477.2380, 45.3277,  240, 0, 0,  2,  Gifilnos_Brightfires_corpse_(only_tracked)
P -1436.4556, -911.2066, 26.5665,  240, 0, 0,  2,  Remains_of_Averaana
P -1131.2391, 662.5345, 41.8244,  240, 0, 0,  2,  Kassailaa_Flameleaf
P 917.7634, -206.4719, -79.8231,  240, 0, 0,  2,  Foreman_Faedes_corpse_(in_cave)
P 3316.2842, 1413.0802, 701.6429,  240, 0, 0,  2,  Eliowil
P 3278.9451, 1421.9219, 699.3766,  240, 0, 0,  2,  Maria_Starforge_(Missions_and_Raids)
P 3283.5955, 1429.7759, 705.2176,  240, 0, 0,  2,  Aendurel_Tethandra_(Quests)
P 1230.4219, 1676.1555, 42.6848,  240, 0, 0,  2,  Orrel_the_Blood_Mystic
P 1273.6390, 1738.6426, 42.4761,  240, 0, 0,  2,  Bloodmoon_Bloodmender
P -406.7491, -522.9996, 31.0879,  240, 240, 0,  1,  the_undead_don't_rest
P -690.9442, -506.8968, 36.7853,  240, 240, 0,  1,  The_lost__Elves_I
P -1699.1479, -1266.9822, 23.9943,  240, 0, 0,  2,  Wirlem_(Phantom_of_the_Festival)
P -1660.9961, -1040.2756, 17.8946,  0, 0, 0,  2,  Mistwynd_City
P -1968.1934, -828.0011, 29.8148,  240, 0, 0,  2,  Remains_of_Fendarma
P -1316.3322, -1188.7634, 24.3821,  240, 240, 0,  1,  Festival_of_Nightmares_I
P -730.3246, -1847.7733, 221.9680,  240, 0, 0,  2,  Patron_of_the_Arts_(Quests)
P -722.0256, -1926.3958, 199.5988,  240, 0, 0,  2,  Tissidrelle_Windracer_(Quests)
P -3030.6948, -300.9164, 329.4793,  240, 240, 0,  1,  Decaying_Caverns
P -3798.0337, -1259.0514, 405.8458,  0, 0, 0,  1,  Graveyard
P -3193.2896, -1231.9628, 402.9479,  0, 0, 0,  1,  Chapelle
P -3754.2168, -2448.3386, 367.7723,  0, 240, 0,  3,  HILLS_OF_SHADE
P 3698.0000, 1289.0000, 719.2141,  0, 240, 0,  3,  Steamfont_Mountain
P 3158.1140, 1362.7533, 705.1366,  240, 0, 0,  2,  Kadara_Fangbreaker_(Missions)
P 3202.9036, 1407.8569, 704.6825,  240, 0, 0,  2,  Larquin_Fangbreaker_(Missions)
P 3222.8079, 1420.9153, 702.3154,  240, 0, 0,  2,  Fortunisa_Nighthunter_(Quests)
P 3244.2302, 1459.6188, 700.2498,  240, 0, 0,  2,  Aendor_Mistvale_(Quests)
P 3251.2017, 1393.1809, 700.8477,  240, 0, 0,  2,  Vendarg_Brittlebrew_(Quests)
P 3275.6157, 1481.5399, 699.6160,  240, 0, 0,  2,  Babeliyna
P 3269.7986, 1414.9050, 699.9468,  240, 0, 0,  2,  Dwinn_Axeheaver
P 3311.1987, 1389.9586, 705.1569,  240, 0, 0,  2,  Miggletik_Biggerton_(Quests)
P 3305.6716, 1393.9658, 705.0895,  240, 0, 0,  2,  Donart_Rithkin_(Quests)
P 3366.9771, 1438.2354, 712.3057,  240, 0, 0,  2,  Junwin
P 3183.1692, 1295.0648, 711.1322,  240, 0, 0,  2,  Vrald_(Quests)
P 3320.3721, -1342.1624, 702.3922,  0, 0, 240,  2,  Drangol_Camp_(Goblins)
P -1158.8132, 2596.4326, 69.5012,  240, 0, 0,  2,  Tyrinam
P -1408.1694, 2496.1487, 61.9297,  240, 240, 0,  1,  The_Lost_Eleves_III
P -2094.9785, 2439.2859, 189.0106,  240, 0, 0,  2,  Apprentice_Guggor
P -105.5631, 1735.8730, 206.2990,  0, 240, 0,  3,  BLOODMOON_KEEP
P 464.6083, -2541.5742, 418.2443,  0, 0, 0,  1,  Goblin_Campfire
P 1256.8925, -2401.4377, 339.7357,  240, 0, 0,  2,  Fearfang
P 2573.8774, -2128.3728, 318.3102,  240, 0, 0,  2,  Lelluran
P 2331.7163, -2062.4060, 320.3758,  0, 0, 0,  1,  cursed_steed_farm
P -1885.0526, 1888.9146, 156.5570,  0, 0, 0,  1,  worgs
P 1239.1027, 1621.1686, 46.0867,  240, 0, 0,  2,  Fadnare
P 2467.6641, 1116.3657, 158.6178,  240, 0, 0,  2,  Wegars_Corpse
P -2878.2471, -2092.9255, 273.7809,  240, 0, 0,  2,  Malforus
P 2828.7109, 1906.4845, 255.7458,  240, 0, 0,  2,  Lieutenant_Kulthar
P 3273.8779, -983.5074, 700.0234,  240, 0, 0,  2,  Drangol_Foreman
P 3698.0000, 1289.0000, 720.0000,  0, 0, 0,  3,  Succor_Point
