L 1940.0000, 265.0000, -153.0000,  2042.0000, 264.0000, -153.0000,  153, 153, 153
L 1939.0000, 414.0000, -153.0000,  1940.0000, 265.0000, -153.0000,  153, 153, 153
L 1797.0000, 409.0000, -153.0000,  1939.0000, 414.0000, -153.0000,  153, 153, 153
L 1795.0000, 367.0000, -153.0000,  1797.0000, 409.0000, -153.0000,  153, 153, 153
L 1609.0000, 368.0000, -152.0000,  1795.0000, 367.0000, -153.0000,  153, 153, 153
L 1609.0000, 398.0000, -139.0000,  1609.0000, 368.0000, -152.0000,  153, 153, 153
L 1625.0000, 396.0000, -129.0000,  1609.0000, 398.0000, -139.0000,  153, 153, 153
L 1626.0000, 393.0000, -130.0000,  1625.0000, 396.0000, -129.0000,  153, 153, 153
L 1640.0000, 393.0000, -117.0000,  1626.0000, 393.0000, -130.0000,  153, 153, 153
L 1660.0000, 383.0000, -104.0000,  1640.0000, 393.0000, -117.0000,  153, 153, 153
L 1669.0000, 374.0000, -97.0000,  1660.0000, 383.0000, -104.0000,  153, 153, 153
L 1677.0000, 364.0000, -91.0000,  1669.0000, 374.0000, -97.0000,  153, 153, 153
L 1682.0000, 351.0000, -89.0000,  1677.0000, 364.0000, -91.0000,  153, 153, 153
L 1686.0000, 349.0000, -84.0000,  1682.0000, 351.0000, -89.0000,  153, 153, 153
L 1686.0000, 349.0000, -840.0000,  1686.0000, 349.0000, -84.0000,  153, 153, 153
L 712.0000, 228.0000, -146.0000,  640.0000, 218.0000, -146.0000,  153, 153, 153
L 779.0000, 215.0000, -146.0000,  712.0000, 228.0000, -146.0000,  153, 153, 153
L 839.0000, 180.0000, -146.0000,  779.0000, 215.0000, -146.0000,  153, 153, 153
L 884.0000, 120.0000, -146.0000,  839.0000, 180.0000, -146.0000,  153, 153, 153
L 894.0000, 94.0000, -146.0000,  884.0000, 120.0000, -146.0000,  153, 153, 153
L 901.0000, 67.0000, -146.0000,  894.0000, 94.0000, -146.0000,  153, 153, 153
L 902.0000, -2.0000, -146.0000,  901.0000, 67.0000, -146.0000,  153, 153, 153
L 877.0000, -70.0000, -146.0000,  902.0000, -2.0000, -146.0000,  153, 153, 153
L 836.0000, -118.0000, -146.0000,  877.0000, -70.0000, -146.0000,  153, 153, 153
L 779.0000, -153.0000, -146.0000,  836.0000, -118.0000, -146.0000,  153, 153, 153
L 707.0000, -166.0000, -146.0000,  779.0000, -153.0000, -146.0000,  153, 153, 153
L 640.0000, -155.0000, -146.0000,  707.0000, -166.0000, -146.0000,  153, 153, 153
L 577.0000, -118.0000, -146.0000,  640.0000, -155.0000, -146.0000,  153, 153, 153
L 532.0000, -61.0000, -146.0000,  577.0000, -118.0000, -146.0000,  153, 153, 153
L 511.0000, 0.0000, -146.0000,  532.0000, -61.0000, -146.0000,  153, 153, 153
L 512.0000, 67.0000, -146.0000,  511.0000, 0.0000, -146.0000,  153, 153, 153
L 535.0000, 130.0000, -146.0000,  512.0000, 67.0000, -146.0000,  153, 153, 153
L 580.0000, 186.0000, -146.0000,  535.0000, 130.0000, -146.0000,  153, 153, 153
L 636.0000, 216.0000, -146.0000,  580.0000, 186.0000, -146.0000,  153, 153, 153
L 636.0000, 216.0000, -1467.0000,  636.0000, 216.0000, -146.0000,  153, 153, 153
L -362.0000, 1627.0000, -156.0000,  -364.0000, 1620.0000, -156.0000,  153, 153, 153
L -402.0000, 1638.0000, -156.0000,  -362.0000, 1627.0000, -156.0000,  153, 153, 153
L -487.0000, 1724.0000, -156.0000,  -402.0000, 1638.0000, -156.0000,  153, 153, 153
L -492.0000, 1732.0000, -156.0000,  -487.0000, 1724.0000, -156.0000,  153, 153, 153
L -523.0000, 1849.0000, -156.0000,  -492.0000, 1732.0000, -156.0000,  153, 153, 153
L -490.0000, 1971.0000, -156.0000,  -523.0000, 1849.0000, -156.0000,  153, 153, 153
L -402.0000, 2060.0000, -156.0000,  -490.0000, 1971.0000, -156.0000,  153, 153, 153
L -282.0000, 2092.0000, -156.0000,  -402.0000, 2060.0000, -156.0000,  153, 153, 153
L -240.0000, 2082.0000, -156.0000,  -282.0000, 2092.0000, -156.0000,  153, 153, 153
L -238.0000, 2089.0000, -156.0000,  -240.0000, 2082.0000, -156.0000,  153, 153, 153
L -278.0000, 2100.0000, -156.0000,  -238.0000, 2089.0000, -156.0000,  153, 153, 153
L -277.0000, 2149.0000, -156.0000,  -278.0000, 2100.0000, -156.0000,  153, 153, 153
L -212.0000, 2245.0000, -156.0000,  -277.0000, 2149.0000, -156.0000,  153, 153, 153
L -209.0000, 2256.0000, -156.0000,  -212.0000, 2245.0000, -156.0000,  153, 153, 153
L -276.0000, 2274.0000, -156.0000,  -209.0000, 2256.0000, -156.0000,  153, 153, 153
L -270.0000, 2299.0000, -156.0000,  -276.0000, 2274.0000, -156.0000,  153, 153, 153
L -270.0000, 2299.0000, -1566.0000,  -270.0000, 2299.0000, -156.0000,  153, 153, 153
L -319.0000, 1616.0000, -156.0000,  -322.0000, 1609.0000, -156.0000,  153, 153, 153
L -280.0000, 1606.0000, -156.0000,  -319.0000, 1616.0000, -156.0000,  153, 153, 153
L -159.0000, 1638.0000, -156.0000,  -280.0000, 1606.0000, -156.0000,  153, 153, 153
L -113.0000, 1684.0000, -156.0000,  -159.0000, 1638.0000, -156.0000,  153, 153, 153
L -69.0000, 1729.0000, -156.0000,  -113.0000, 1684.0000, -156.0000,  153, 153, 153
L -60.0000, 1762.0000, -156.0000,  -69.0000, 1729.0000, -156.0000,  153, 153, 153
L -53.0000, 1908.0000, -156.0000,  -60.0000, 1762.0000, -156.0000,  153, 153, 153
L -70.0000, 1971.0000, -156.0000,  -53.0000, 1908.0000, -156.0000,  153, 153, 153
L -158.0000, 2059.0000, -156.0000,  -70.0000, 1971.0000, -156.0000,  153, 153, 153
L -198.0000, 2072.0000, -156.0000,  -158.0000, 2059.0000, -156.0000,  153, 153, 153
L -195.0000, 2078.0000, -156.0000,  -198.0000, 2072.0000, -156.0000,  153, 153, 153
L -156.0000, 2068.0000, -156.0000,  -195.0000, 2078.0000, -156.0000,  153, 153, 153
L -132.0000, 2110.0000, -156.0000,  -156.0000, 2068.0000, -156.0000,  153, 153, 153
L -154.0000, 2229.0000, -156.0000,  -132.0000, 2110.0000, -156.0000,  153, 153, 153
L -149.0000, 2241.0000, -156.0000,  -154.0000, 2229.0000, -156.0000,  153, 153, 153
L -70.0000, 2219.0000, -156.0000,  -149.0000, 2241.0000, -156.0000,  153, 153, 153
L -64.0000, 2242.0000, -156.0000,  -70.0000, 2219.0000, -156.0000,  153, 153, 153
L -64.0000, 2242.0000, -1566.0000,  -64.0000, 2242.0000, -156.0000,  153, 153, 153
L -103.0000, 2252.0000, -156.0000,  -244.0000, 2291.0000, -156.0000,  153, 153, 153
L -103.0000, 2252.0000, -1566.0000,  -103.0000, 2252.0000, -156.0000,  153, 153, 153
L -403.0000, 1580.0000, -181.0000,  -397.0000, 1599.0000, -158.0000,  153, 153, 153
L -431.0000, 1588.0000, -180.0000,  -403.0000, 1580.0000, -181.0000,  153, 153, 153
L -471.0000, 1628.0000, -177.0000,  -431.0000, 1588.0000, -180.0000,  153, 153, 153
L -541.0000, 1698.0000, -160.0000,  -471.0000, 1628.0000, -177.0000,  153, 153, 153
L -541.0000, 1705.0000, -156.0000,  -541.0000, 1698.0000, -160.0000,  153, 153, 153
L -541.0000, 1705.0000, -1566.0000,  -541.0000, 1705.0000, -156.0000,  153, 153, 153
L -308.0000, 1555.0000, -172.0000,  -303.0000, 1573.0000, -158.0000,  153, 153, 153
L -280.0000, 1547.0000, -172.0000,  -308.0000, 1555.0000, -172.0000,  153, 153, 153
L -217.0000, 1564.0000, -176.0000,  -280.0000, 1547.0000, -172.0000,  153, 153, 153
L -123.0000, 1589.0000, -158.0000,  -217.0000, 1564.0000, -176.0000,  153, 153, 153
L -123.0000, 1589.0000, -1585.0000,  -123.0000, 1589.0000, -158.0000,  153, 153, 153
L 2139.0000, 152.0000, -153.0000,  2139.0000, 263.0000, -153.0000,  153, 153, 153
L 1797.0000, 152.0000, -153.0000,  2139.0000, 152.0000, -153.0000,  153, 153, 153
L 1797.0000, 268.0000, -153.0000,  1797.0000, 152.0000, -153.0000,  153, 153, 153
L 1796.0000, 273.0000, -153.0000,  1797.0000, 268.0000, -153.0000,  153, 153, 153
L 1795.0000, 302.0000, -153.0000,  1796.0000, 273.0000, -153.0000,  153, 153, 153
L 1611.0000, 301.0000, -153.0000,  1795.0000, 302.0000, -153.0000,  153, 153, 153
L 1611.0000, 272.0000, -144.0000,  1611.0000, 301.0000, -153.0000,  153, 153, 153
L 1629.0000, 269.0000, -133.0000,  1611.0000, 272.0000, -144.0000,  153, 153, 153
L 1631.0000, 275.0000, -131.0000,  1629.0000, 269.0000, -133.0000,  153, 153, 153
L 1650.0000, 277.0000, -119.0000,  1631.0000, 275.0000, -131.0000,  153, 153, 153
L 1669.0000, 283.0000, -106.0000,  1650.0000, 277.0000, -119.0000,  153, 153, 153
L 1686.0000, 305.0000, -91.0000,  1669.0000, 283.0000, -106.0000,  153, 153, 153
L 1690.0000, 313.0000, -89.0000,  1686.0000, 305.0000, -91.0000,  153, 153, 153
L 1695.0000, 319.0000, -84.0000,  1690.0000, 313.0000, -89.0000,  153, 153, 153
L 1695.0000, 319.0000, -841.0000,  1695.0000, 319.0000, -84.0000,  153, 153, 153
L 933.0000, -1275.0000, -191.0000,  933.0000, -1230.0000, -191.0000,  153, 153, 153
L 910.0000, -1275.0000, -191.0000,  933.0000, -1275.0000, -191.0000,  153, 153, 153
L 909.0000, -1281.0000, -191.0000,  910.0000, -1275.0000, -191.0000,  153, 153, 153
L 934.0000, -1283.0000, -181.0000,  909.0000, -1281.0000, -191.0000,  153, 153, 153
L 943.0000, -1285.0000, -181.0000,  934.0000, -1283.0000, -181.0000,  153, 153, 153
L 942.0000, -1236.0000, -181.0000,  943.0000, -1285.0000, -181.0000,  153, 153, 153
L 1053.0000, -1236.0000, -181.0000,  942.0000, -1236.0000, -181.0000,  153, 153, 153
L 1053.0000, -1327.0000, -181.0000,  1053.0000, -1236.0000, -181.0000,  153, 153, 153
L 1036.0000, -1329.0000, -180.0000,  1053.0000, -1327.0000, -181.0000,  153, 153, 153
L 1037.0000, -1335.0000, -181.0000,  1036.0000, -1329.0000, -180.0000,  153, 153, 153
L 1053.0000, -1336.0000, -181.0000,  1037.0000, -1335.0000, -181.0000,  153, 153, 153
L 1053.0000, -1422.0000, -181.0000,  1053.0000, -1336.0000, -181.0000,  153, 153, 153
L 942.0000, -1422.0000, -181.0000,  1053.0000, -1422.0000, -181.0000,  153, 153, 153
L 942.0000, -1377.0000, -181.0000,  942.0000, -1422.0000, -181.0000,  153, 153, 153
L 933.0000, -1376.0000, -181.0000,  942.0000, -1377.0000, -181.0000,  153, 153, 153
L 933.0000, -1398.0000, -181.0000,  933.0000, -1376.0000, -181.0000,  153, 153, 153
L 895.0000, -1398.0000, -181.0000,  933.0000, -1398.0000, -181.0000,  153, 153, 153
L 895.0000, -1398.0000, -1810.0000,  895.0000, -1398.0000, -181.0000,  153, 153, 153
L 888.0000, -1399.0000, -166.0000,  887.0000, -1365.0000, -181.0000,  153, 153, 153
L 942.0000, -1402.0000, -146.0000,  888.0000, -1399.0000, -166.0000,  153, 153, 153
L 943.0000, -1336.0000, -146.0000,  942.0000, -1402.0000, -146.0000,  153, 153, 153
L 991.0000, -1336.0000, -146.0000,  943.0000, -1336.0000, -146.0000,  153, 153, 153
L 992.0000, -1328.0000, -146.0000,  991.0000, -1336.0000, -146.0000,  153, 153, 153
L 943.0000, -1328.0000, -146.0000,  992.0000, -1328.0000, -146.0000,  153, 153, 153
L 945.0000, -1238.0000, -146.0000,  943.0000, -1328.0000, -146.0000,  153, 153, 153
L 1052.0000, -1238.0000, -146.0000,  945.0000, -1238.0000, -146.0000,  153, 153, 153
L 1052.0000, -1328.0000, -146.0000,  1052.0000, -1238.0000, -146.0000,  153, 153, 153
L 1005.0000, -1328.0000, -146.0000,  1052.0000, -1328.0000, -146.0000,  153, 153, 153
L 1005.0000, -1336.0000, -146.0000,  1005.0000, -1328.0000, -146.0000,  153, 153, 153
L 1052.0000, -1336.0000, -146.0000,  1005.0000, -1336.0000, -146.0000,  153, 153, 153
L 1052.0000, -1421.0000, -146.0000,  1052.0000, -1336.0000, -146.0000,  153, 153, 153
L 943.0000, -1421.0000, -146.0000,  1052.0000, -1421.0000, -146.0000,  153, 153, 153
L 942.0000, -1415.0000, -146.0000,  943.0000, -1421.0000, -146.0000,  153, 153, 153
L 935.0000, -1416.0000, -145.0000,  942.0000, -1415.0000, -146.0000,  153, 153, 153
L 932.0000, -1421.0000, -145.0000,  935.0000, -1416.0000, -145.0000,  153, 153, 153
L 867.0000, -1422.0000, -165.0000,  932.0000, -1421.0000, -145.0000,  153, 153, 153
L 867.0000, -1368.0000, -179.0000,  867.0000, -1422.0000, -165.0000,  153, 153, 153
L 867.0000, -1339.0000, -181.0000,  867.0000, -1368.0000, -179.0000,  153, 153, 153
L 873.0000, -1336.0000, -181.0000,  867.0000, -1339.0000, -181.0000,  153, 153, 153
L 933.0000, -1336.0000, -181.0000,  873.0000, -1336.0000, -181.0000,  153, 153, 153
L 934.0000, -1359.0000, -181.0000,  933.0000, -1336.0000, -181.0000,  153, 153, 153
L 942.0000, -1359.0000, -181.0000,  934.0000, -1359.0000, -181.0000,  153, 153, 153
L 942.0000, -1336.0000, -181.0000,  942.0000, -1359.0000, -181.0000,  153, 153, 153
L 1019.0000, -1336.0000, -181.0000,  942.0000, -1336.0000, -181.0000,  153, 153, 153
L 1020.0000, -1328.0000, -181.0000,  1019.0000, -1336.0000, -181.0000,  153, 153, 153
L 942.0000, -1327.0000, -181.0000,  1020.0000, -1328.0000, -181.0000,  153, 153, 153
L 942.0000, -1302.0000, -181.0000,  942.0000, -1327.0000, -181.0000,  153, 153, 153
L 933.0000, -1302.0000, -181.0000,  942.0000, -1302.0000, -181.0000,  153, 153, 153
L 909.0000, -1302.0000, -191.0000,  933.0000, -1302.0000, -181.0000,  153, 153, 153
L 909.0000, -1308.0000, -191.0000,  909.0000, -1302.0000, -191.0000,  153, 153, 153
L 933.0000, -1309.0000, -191.0000,  909.0000, -1308.0000, -191.0000,  153, 153, 153
L 933.0000, -1327.0000, -191.0000,  933.0000, -1309.0000, -191.0000,  153, 153, 153
L 860.0000, -1327.0000, -191.0000,  933.0000, -1327.0000, -191.0000,  153, 153, 153
L 860.0000, -1327.0000, -1910.0000,  860.0000, -1327.0000, -191.0000,  153, 153, 153
L 859.0000, -1228.0000, -269.0000,  859.0000, -1430.0000, -234.0000,  153, 153, 153
L 1061.0000, -1228.0000, -246.0000,  859.0000, -1228.0000, -269.0000,  153, 153, 153
L 1061.0000, -1431.0000, -264.0000,  1061.0000, -1228.0000, -246.0000,  153, 153, 153
L 859.0000, -1430.0000, -234.0000,  1061.0000, -1431.0000, -264.0000,  153, 153, 153
L 859.0000, -1430.0000, -2347.0000,  859.0000, -1430.0000, -234.0000,  153, 153, 153
L 828.0000, -1526.0000, -191.0000,  857.0000, -1544.0000, -192.0000,  0, 0, 255
L 810.0000, -1484.0000, -192.0000,  828.0000, -1526.0000, -191.0000,  0, 0, 255
L 813.0000, -1442.0000, -192.0000,  810.0000, -1484.0000, -192.0000,  0, 0, 255
L 805.0000, -1419.0000, -191.0000,  813.0000, -1442.0000, -192.0000,  0, 0, 255
L 772.0000, -1375.0000, -192.0000,  805.0000, -1419.0000, -191.0000,  0, 0, 255
L 753.0000, -1322.0000, -192.0000,  772.0000, -1375.0000, -192.0000,  0, 0, 255
L 732.0000, -1198.0000, -191.0000,  753.0000, -1322.0000, -192.0000,  0, 0, 255
L 718.0000, -1122.0000, -192.0000,  732.0000, -1198.0000, -191.0000,  0, 0, 255
L 728.0000, -1105.0000, -192.0000,  718.0000, -1122.0000, -192.0000,  0, 0, 255
L 759.0000, -1079.0000, -192.0000,  728.0000, -1105.0000, -192.0000,  0, 0, 255
L 884.0000, -1065.0000, -191.0000,  759.0000, -1079.0000, -192.0000,  0, 0, 255
L 905.0000, -1047.0000, -194.0000,  884.0000, -1065.0000, -191.0000,  0, 0, 255
L 923.0000, -996.0000, -191.0000,  905.0000, -1047.0000, -194.0000,  0, 0, 255
L 963.0000, -961.0000, -191.0000,  923.0000, -996.0000, -191.0000,  0, 0, 255
L 999.0000, -961.0000, -193.0000,  963.0000, -961.0000, -191.0000,  0, 0, 255
L 1029.0000, -979.0000, -192.0000,  999.0000, -961.0000, -193.0000,  0, 0, 255
L 1053.0000, -1013.0000, -192.0000,  1029.0000, -979.0000, -192.0000,  0, 0, 255
L 1088.0000, -1098.0000, -192.0000,  1053.0000, -1013.0000, -192.0000,  0, 0, 255
L 1102.0000, -1162.0000, -191.0000,  1088.0000, -1098.0000, -192.0000,  0, 0, 255
L 1138.0000, -1236.0000, -190.0000,  1102.0000, -1162.0000, -191.0000,  0, 0, 255
L 1176.0000, -1283.0000, -192.0000,  1138.0000, -1236.0000, -190.0000,  0, 0, 255
L 1225.0000, -1355.0000, -190.0000,  1176.0000, -1283.0000, -192.0000,  0, 0, 255
L 1305.0000, -1387.0000, -191.0000,  1225.0000, -1355.0000, -190.0000,  0, 0, 255
L 1362.0000, -1412.0000, -195.0000,  1305.0000, -1387.0000, -191.0000,  0, 0, 255
L 1367.0000, -1540.0000, -191.0000,  1362.0000, -1412.0000, -195.0000,  0, 0, 255
L 1296.0000, -1596.0000, -191.0000,  1367.0000, -1540.0000, -191.0000,  0, 0, 255
L 1217.0000, -1638.0000, -193.0000,  1296.0000, -1596.0000, -191.0000,  0, 0, 255
L 1145.0000, -1631.0000, -191.0000,  1217.0000, -1638.0000, -193.0000,  0, 0, 255
L 1036.0000, -1609.0000, -189.0000,  1145.0000, -1631.0000, -191.0000,  0, 0, 255
L 1004.0000, -1596.0000, -192.0000,  1036.0000, -1609.0000, -189.0000,  0, 0, 255
L 920.0000, -1552.0000, -191.0000,  1004.0000, -1596.0000, -192.0000,  0, 0, 255
L 893.0000, -1552.0000, -191.0000,  920.0000, -1552.0000, -191.0000,  0, 0, 255
L 852.0000, -1545.0000, -190.0000,  893.0000, -1552.0000, -191.0000,  0, 0, 255
L 852.0000, -1545.0000, -1909.0000,  852.0000, -1545.0000, -190.0000,  0, 0, 255
L -243.0000, -1424.0000, -155.0000,  -240.0000, -1437.0000, -153.0000,  153, 153, 153
L -134.0000, -1407.0000, -150.0000,  -243.0000, -1424.0000, -155.0000,  153, 153, 153
L -149.0000, -1311.0000, -149.0000,  -134.0000, -1407.0000, -150.0000,  153, 153, 153
L -143.0000, -1309.0000, -148.0000,  -149.0000, -1311.0000, -149.0000,  153, 153, 153
L -143.0000, -1282.0000, -148.0000,  -143.0000, -1309.0000, -148.0000,  153, 153, 153
L -208.0000, -1282.0000, -148.0000,  -143.0000, -1282.0000, -148.0000,  153, 153, 153
L -209.0000, -1269.0000, -148.0000,  -208.0000, -1282.0000, -148.0000,  153, 153, 153
L -143.0000, -1268.0000, -148.0000,  -209.0000, -1269.0000, -148.0000,  153, 153, 153
L -143.0000, -1182.0000, -148.0000,  -143.0000, -1268.0000, -148.0000,  153, 153, 153
L -258.0000, -1182.0000, -148.0000,  -143.0000, -1182.0000, -148.0000,  153, 153, 153
L -278.0000, -1177.0000, -152.0000,  -258.0000, -1182.0000, -148.0000,  153, 153, 153
L -275.0000, -1220.0000, -152.0000,  -278.0000, -1177.0000, -152.0000,  153, 153, 153
L -287.0000, -1221.0000, -152.0000,  -275.0000, -1220.0000, -152.0000,  153, 153, 153
L -291.0000, -1165.0000, -155.0000,  -287.0000, -1221.0000, -152.0000,  153, 153, 153
L -271.0000, -1163.0000, -155.0000,  -291.0000, -1165.0000, -155.0000,  153, 153, 153
L -263.0000, -1169.0000, -156.0000,  -271.0000, -1163.0000, -155.0000,  153, 153, 153
L -130.0000, -1169.0000, -155.0000,  -263.0000, -1169.0000, -156.0000,  153, 153, 153
L -129.0000, -1313.0000, -156.0000,  -130.0000, -1169.0000, -155.0000,  153, 153, 153
L -135.0000, -1314.0000, -156.0000,  -129.0000, -1313.0000, -156.0000,  153, 153, 153
L -119.0000, -1418.0000, -160.0000,  -135.0000, -1314.0000, -156.0000,  153, 153, 153
L -243.0000, -1437.0000, -153.0000,  -119.0000, -1418.0000, -160.0000,  153, 153, 153
L -243.0000, -1437.0000, -1535.0000,  -243.0000, -1437.0000, -153.0000,  153, 153, 153
L -252.0000, -1409.0000, -148.0000,  -250.0000, -1421.0000, -155.0000,  153, 153, 153
L -270.0000, -1408.0000, -148.0000,  -252.0000, -1409.0000, -148.0000,  153, 153, 153
L -270.0000, -1400.0000, -148.0000,  -270.0000, -1408.0000, -148.0000,  153, 153, 153
L -283.0000, -1400.0000, -148.0000,  -270.0000, -1400.0000, -148.0000,  153, 153, 153
L -283.0000, -1408.0000, -148.0000,  -283.0000, -1400.0000, -148.0000,  153, 153, 153
L -370.0000, -1408.0000, -148.0000,  -283.0000, -1408.0000, -148.0000,  153, 153, 153
L -370.0000, -1307.0000, -148.0000,  -370.0000, -1408.0000, -148.0000,  153, 153, 153
L -367.0000, -1287.0000, -152.0000,  -370.0000, -1307.0000, -148.0000,  153, 153, 153
L -291.0000, -1279.0000, -152.0000,  -367.0000, -1287.0000, -152.0000,  153, 153, 153
L -283.0000, -1282.0000, -148.0000,  -291.0000, -1279.0000, -152.0000,  153, 153, 153
L -283.0000, -1385.0000, -148.0000,  -283.0000, -1282.0000, -148.0000,  153, 153, 153
L -270.0000, -1386.0000, -148.0000,  -283.0000, -1385.0000, -148.0000,  153, 153, 153
L -270.0000, -1282.0000, -148.0000,  -270.0000, -1386.0000, -148.0000,  153, 153, 153
L -224.0000, -1283.0000, -148.0000,  -270.0000, -1282.0000, -148.0000,  153, 153, 153
L -222.0000, -1269.0000, -148.0000,  -224.0000, -1283.0000, -148.0000,  153, 153, 153
L -270.0000, -1268.0000, -148.0000,  -222.0000, -1269.0000, -148.0000,  153, 153, 153
L -271.0000, -1233.0000, -152.0000,  -270.0000, -1268.0000, -148.0000,  153, 153, 153
L -285.0000, -1235.0000, -152.0000,  -271.0000, -1233.0000, -152.0000,  153, 153, 153
L -283.0000, -1265.0000, -152.0000,  -285.0000, -1235.0000, -152.0000,  153, 153, 153
L -382.0000, -1276.0000, -157.0000,  -283.0000, -1265.0000, -152.0000,  153, 153, 153
L -383.0000, -1290.0000, -156.0000,  -382.0000, -1276.0000, -157.0000,  153, 153, 153
L -386.0000, -1421.0000, -153.0000,  -383.0000, -1290.0000, -156.0000,  153, 153, 153
L -251.0000, -1422.0000, -155.0000,  -386.0000, -1421.0000, -153.0000,  153, 153, 153
L -251.0000, -1422.0000, -1552.0000,  -251.0000, -1422.0000, -155.0000,  153, 153, 153
L -584.0000, -1535.0000, -152.0000,  -596.0000, -1535.0000, -152.0000,  153, 153, 153
L -583.0000, -1615.0000, -152.0000,  -584.0000, -1535.0000, -152.0000,  153, 153, 153
L -549.0000, -1616.0000, -153.0000,  -583.0000, -1615.0000, -152.0000,  153, 153, 153
L -549.0000, -1625.0000, -153.0000,  -549.0000, -1616.0000, -153.0000,  153, 153, 153
L -426.0000, -1621.0000, -153.0000,  -549.0000, -1625.0000, -153.0000,  153, 153, 153
L -426.0000, -1609.0000, -153.0000,  -426.0000, -1621.0000, -153.0000,  153, 153, 153
L -413.0000, -1608.0000, -153.0000,  -426.0000, -1609.0000, -153.0000,  153, 153, 153
L -411.0000, -1634.0000, -153.0000,  -413.0000, -1608.0000, -153.0000,  153, 153, 153
L -552.0000, -1637.0000, -153.0000,  -411.0000, -1634.0000, -153.0000,  153, 153, 153
L -552.0000, -1629.0000, -153.0000,  -552.0000, -1637.0000, -153.0000,  153, 153, 153
L -596.0000, -1629.0000, -153.0000,  -552.0000, -1629.0000, -153.0000,  153, 153, 153
L -596.0000, -1535.0000, -152.0000,  -596.0000, -1629.0000, -153.0000,  153, 153, 153
L -596.0000, -1535.0000, -1523.0000,  -596.0000, -1535.0000, -152.0000,  153, 153, 153
L -597.0000, -1521.0000, -152.0000,  -595.0000, -1375.0000, -157.0000,  153, 153, 153
L -584.0000, -1521.0000, -152.0000,  -597.0000, -1521.0000, -152.0000,  153, 153, 153
L -583.0000, -1489.0000, -152.0000,  -584.0000, -1521.0000, -152.0000,  153, 153, 153
L -485.0000, -1488.0000, -149.0000,  -583.0000, -1489.0000, -152.0000,  153, 153, 153
L -485.0000, -1476.0000, -149.0000,  -485.0000, -1488.0000, -149.0000,  153, 153, 153
L -583.0000, -1475.0000, -152.0000,  -485.0000, -1476.0000, -149.0000,  153, 153, 153
L -584.0000, -1389.0000, -152.0000,  -583.0000, -1475.0000, -152.0000,  153, 153, 153
L -428.0000, -1392.0000, -147.0000,  -584.0000, -1389.0000, -152.0000,  153, 153, 153
L -428.0000, -1475.0000, -147.0000,  -428.0000, -1392.0000, -147.0000,  153, 153, 153
L -471.0000, -1474.0000, -149.0000,  -428.0000, -1475.0000, -147.0000,  153, 153, 153
L -471.0000, -1488.0000, -149.0000,  -471.0000, -1474.0000, -149.0000,  153, 153, 153
L -428.0000, -1489.0000, -147.0000,  -471.0000, -1488.0000, -149.0000,  153, 153, 153
L -427.0000, -1492.0000, -152.0000,  -428.0000, -1489.0000, -147.0000,  153, 153, 153
L -427.0000, -1593.0000, -153.0000,  -427.0000, -1492.0000, -152.0000,  153, 153, 153
L -414.0000, -1594.0000, -153.0000,  -427.0000, -1593.0000, -153.0000,  153, 153, 153
L -413.0000, -1536.0000, -154.0000,  -414.0000, -1594.0000, -153.0000,  153, 153, 153
L -415.0000, -1375.0000, -153.0000,  -413.0000, -1536.0000, -154.0000,  153, 153, 153
L -597.0000, -1375.0000, -157.0000,  -415.0000, -1375.0000, -153.0000,  153, 153, 153
L -597.0000, -1375.0000, -1578.0000,  -597.0000, -1375.0000, -157.0000,  153, 153, 153
L -723.0000, -1062.0000, -152.0000,  -724.0000, -1049.0000, -156.0000,  153, 153, 153
L -788.0000, -1063.0000, -152.0000,  -723.0000, -1062.0000, -152.0000,  153, 153, 153
L -788.0000, -1289.0000, -152.0000,  -788.0000, -1063.0000, -152.0000,  153, 153, 153
L -727.0000, -1290.0000, -152.0000,  -788.0000, -1289.0000, -152.0000,  153, 153, 153
L -725.0000, -1302.0000, -153.0000,  -727.0000, -1290.0000, -152.0000,  153, 153, 153
L -801.0000, -1302.0000, -153.0000,  -725.0000, -1302.0000, -153.0000,  153, 153, 153
L -801.0000, -1050.0000, -153.0000,  -801.0000, -1302.0000, -153.0000,  153, 153, 153
L -723.0000, -1050.0000, -156.0000,  -801.0000, -1050.0000, -153.0000,  153, 153, 153
L -723.0000, -1050.0000, -1566.0000,  -723.0000, -1050.0000, -156.0000,  153, 153, 153
L -549.0000, -1042.0000, -155.0000,  -550.0000, -1030.0000, -154.0000,  153, 153, 153
L -601.0000, -1044.0000, -146.0000,  -549.0000, -1042.0000, -155.0000,  153, 153, 153
L -601.0000, -1079.0000, -151.0000,  -601.0000, -1044.0000, -146.0000,  153, 153, 153
L -614.0000, -1080.0000, -153.0000,  -601.0000, -1079.0000, -151.0000,  153, 153, 153
L -615.0000, -1044.0000, -148.0000,  -614.0000, -1080.0000, -153.0000,  153, 153, 153
L -733.0000, -1044.0000, -155.0000,  -615.0000, -1044.0000, -148.0000,  153, 153, 153
L -735.0000, -1032.0000, -154.0000,  -733.0000, -1044.0000, -155.0000,  153, 153, 153
L -551.0000, -1029.0000, -154.0000,  -735.0000, -1032.0000, -154.0000,  153, 153, 153
L -551.0000, -1029.0000, -1541.0000,  -551.0000, -1029.0000, -154.0000,  153, 153, 153
L -546.0000, -1049.0000, -156.0000,  -498.0000, -1049.0000, -160.0000,  153, 153, 153
L -547.0000, -1061.0000, -154.0000,  -546.0000, -1049.0000, -156.0000,  153, 153, 153
L -512.0000, -1063.0000, -152.0000,  -547.0000, -1061.0000, -154.0000,  153, 153, 153
L -512.0000, -1189.0000, -152.0000,  -512.0000, -1063.0000, -152.0000,  153, 153, 153
L -577.0000, -1189.0000, -152.0000,  -512.0000, -1189.0000, -152.0000,  153, 153, 153
L -577.0000, -1202.0000, -152.0000,  -577.0000, -1189.0000, -152.0000,  153, 153, 153
L -512.0000, -1203.0000, -152.0000,  -577.0000, -1202.0000, -152.0000,  153, 153, 153
L -512.0000, -1289.0000, -152.0000,  -512.0000, -1203.0000, -152.0000,  153, 153, 153
L -598.0000, -1289.0000, -152.0000,  -512.0000, -1289.0000, -152.0000,  153, 153, 153
L -598.0000, -1208.0000, -152.0000,  -598.0000, -1289.0000, -152.0000,  153, 153, 153
L -592.0000, -1202.0000, -152.0000,  -598.0000, -1208.0000, -152.0000,  153, 153, 153
L -591.0000, -1190.0000, -152.0000,  -592.0000, -1202.0000, -152.0000,  153, 153, 153
L -598.0000, -1189.0000, -152.0000,  -591.0000, -1190.0000, -152.0000,  153, 153, 153
L -599.0000, -1156.0000, -152.0000,  -598.0000, -1189.0000, -152.0000,  153, 153, 153
L -611.0000, -1158.0000, -152.0000,  -599.0000, -1156.0000, -152.0000,  153, 153, 153
L -612.0000, -1289.0000, -152.0000,  -611.0000, -1158.0000, -152.0000,  153, 153, 153
L -712.0000, -1289.0000, -152.0000,  -612.0000, -1289.0000, -152.0000,  153, 153, 153
L -712.0000, -1302.0000, -153.0000,  -712.0000, -1289.0000, -152.0000,  153, 153, 153
L -500.0000, -1303.0000, -153.0000,  -712.0000, -1302.0000, -153.0000,  153, 153, 153
L -498.0000, -1083.0000, -160.0000,  -500.0000, -1303.0000, -153.0000,  153, 153, 153
L -498.0000, -1050.0000, -1604.0000,  -498.0000, -1083.0000, -160.0000,  153, 153, 153
L 151.0000, -1605.0000, -154.0000,  173.0000, -1524.0000, -158.0000,  153, 153, 153
L 94.0000, -1661.0000, -156.0000,  151.0000, -1605.0000, -154.0000,  153, 153, 153
L 19.0000, -1686.0000, -155.0000,  94.0000, -1661.0000, -156.0000,  153, 153, 153
L -64.0000, -1665.0000, -154.0000,  19.0000, -1686.0000, -155.0000,  153, 153, 153
L -125.0000, -1593.0000, -154.0000,  -64.0000, -1665.0000, -154.0000,  153, 153, 153
L -143.0000, -1525.0000, -160.0000,  -125.0000, -1593.0000, -154.0000,  153, 153, 153
L -122.0000, -1447.0000, -162.0000,  -143.0000, -1525.0000, -160.0000,  153, 153, 153
L -64.0000, -1388.0000, -158.0000,  -122.0000, -1447.0000, -162.0000,  153, 153, 153
L 14.0000, -1366.0000, -154.0000,  -64.0000, -1388.0000, -158.0000,  153, 153, 153
L 94.0000, -1387.0000, -156.0000,  14.0000, -1366.0000, -154.0000,  153, 153, 153
L 152.0000, -1445.0000, -159.0000,  94.0000, -1387.0000, -156.0000,  153, 153, 153
L 173.0000, -1524.0000, -1581.0000,  152.0000, -1445.0000, -159.0000,  153, 153, 153
L -637.0000, -1480.0000, -130.0000,  -651.0000, -1481.0000, -153.0000,  153, 153, 153
L -614.0000, -1458.0000, -153.0000,  -637.0000, -1480.0000, -130.0000,  153, 153, 153
L -607.0000, -1430.0000, -153.0000,  -614.0000, -1458.0000, -153.0000,  153, 153, 153
L -614.0000, -1405.0000, -153.0000,  -607.0000, -1430.0000, -153.0000,  153, 153, 153
L -633.0000, -1385.0000, -153.0000,  -614.0000, -1405.0000, -153.0000,  153, 153, 153
L -660.0000, -1379.0000, -153.0000,  -633.0000, -1385.0000, -153.0000,  153, 153, 153
L -685.0000, -1385.0000, -153.0000,  -660.0000, -1379.0000, -153.0000,  153, 153, 153
L -705.0000, -1405.0000, -153.0000,  -685.0000, -1385.0000, -153.0000,  153, 153, 153
L -712.0000, -1430.0000, -153.0000,  -705.0000, -1405.0000, -153.0000,  153, 153, 153
L -707.0000, -1452.0000, -153.0000,  -712.0000, -1430.0000, -153.0000,  153, 153, 153
L -687.0000, -1476.0000, -153.0000,  -707.0000, -1452.0000, -153.0000,  153, 153, 153
L -668.0000, -1481.0000, -153.0000,  -687.0000, -1476.0000, -153.0000,  153, 153, 153
L -668.0000, -1470.0000, -153.0000,  -668.0000, -1481.0000, -153.0000,  153, 153, 153
L -680.0000, -1467.0000, -153.0000,  -668.0000, -1470.0000, -153.0000,  153, 153, 153
L -695.0000, -1452.0000, -153.0000,  -680.0000, -1467.0000, -153.0000,  153, 153, 153
L -701.0000, -1431.0000, -153.0000,  -695.0000, -1452.0000, -153.0000,  153, 153, 153
L -695.0000, -1410.0000, -153.0000,  -701.0000, -1431.0000, -153.0000,  153, 153, 153
L -680.0000, -1395.0000, -153.0000,  -695.0000, -1410.0000, -153.0000,  153, 153, 153
L -660.0000, -1390.0000, -153.0000,  -680.0000, -1395.0000, -153.0000,  153, 153, 153
L -639.0000, -1395.0000, -153.0000,  -660.0000, -1390.0000, -153.0000,  153, 153, 153
L -623.0000, -1410.0000, -153.0000,  -639.0000, -1395.0000, -153.0000,  153, 153, 153
L -618.0000, -1431.0000, -153.0000,  -623.0000, -1410.0000, -153.0000,  153, 153, 153
L -623.0000, -1452.0000, -153.0000,  -618.0000, -1431.0000, -153.0000,  153, 153, 153
L -639.0000, -1467.0000, -153.0000,  -623.0000, -1452.0000, -153.0000,  153, 153, 153
L -652.0000, -1471.0000, -153.0000,  -639.0000, -1467.0000, -153.0000,  153, 153, 153
L -651.0000, -1482.0000, -1537.0000,  -652.0000, -1471.0000, -153.0000,  153, 153, 153
L -816.0000, -1787.0000, 26.0000,  -771.0000, -1791.0000, 31.0000,  153, 153, 153
L -863.0000, -1782.0000, 21.0000,  -816.0000, -1787.0000, 26.0000,  153, 153, 153
L -890.0000, -1780.0000, 25.0000,  -863.0000, -1782.0000, 21.0000,  153, 153, 153
L -934.0000, -1784.0000, 312.0000,  -890.0000, -1780.0000, 25.0000,  153, 153, 153
L -958.0000, -1218.0000, -1545.0000,  -937.0000, -1203.0000, -154.0000,  153, 153, 153
L -937.0000, -1034.0000, -154.0000,  -958.0000, -1033.0000, -154.0000,  153, 153, 153
L -937.0000, -913.0000, -154.0000,  -937.0000, -1034.0000, -154.0000,  153, 153, 153
L -437.0000, -912.0000, -154.0000,  -937.0000, -913.0000, -154.0000,  153, 153, 153
L -437.0000, -892.0000, -1545.0000,  -437.0000, -912.0000, -154.0000,  153, 153, 153
L -198.0000, -919.0000, -154.0000,  -200.0000, -898.0000, -154.0000,  153, 153, 153
L -76.0000, -914.0000, -158.0000,  -198.0000, -919.0000, -154.0000,  153, 153, 153
L -69.0000, -916.0000, -157.0000,  -76.0000, -914.0000, -158.0000,  153, 153, 153
L 199.0000, -916.0000, -147.0000,  -69.0000, -916.0000, -157.0000,  153, 153, 153
L 199.0000, -1743.0000, -149.0000,  199.0000, -916.0000, -147.0000,  153, 153, 153
L 194.0000, -1805.0000, -25.0000,  199.0000, -1743.0000, -149.0000,  153, 153, 153
L 155.0000, -1805.0000, -47.0000,  194.0000, -1805.0000, -25.0000,  153, 153, 153
L 68.0000, -1805.0000, -19.0000,  155.0000, -1805.0000, -47.0000,  153, 153, 153
L -11.0000, -1813.0000, 27.0000,  68.0000, -1805.0000, -19.0000,  153, 153, 153
L -46.0000, -1823.0000, 21.0000,  -11.0000, -1813.0000, 27.0000,  153, 153, 153
L -125.0000, -1829.0000, -51.0000,  -46.0000, -1823.0000, 21.0000,  153, 153, 153
L -170.0000, -1825.0000, -82.0000,  -125.0000, -1829.0000, -51.0000,  153, 153, 153
L -257.0000, -1825.0000, -66.0000,  -170.0000, -1825.0000, -82.0000,  153, 153, 153
L -348.0000, -1816.0000, -51.0000,  -257.0000, -1825.0000, -66.0000,  153, 153, 153
L -435.0000, -1815.0000, -36.0000,  -348.0000, -1816.0000, -51.0000,  153, 153, 153
L -524.0000, -1805.0000, -12.0000,  -435.0000, -1815.0000, -36.0000,  153, 153, 153
L -568.0000, -1805.0000, -3.0000,  -524.0000, -1805.0000, -12.0000,  153, 153, 153
L -656.0000, -1801.0000, -4.0000,  -568.0000, -1805.0000, -3.0000,  153, 153, 153
L -737.0000, -1793.0000, 23.0000,  -656.0000, -1801.0000, -4.0000,  153, 153, 153
L -788.0000, -1787.0000, 25.0000,  -737.0000, -1793.0000, 23.0000,  153, 153, 153
L -830.0000, -1757.0000, -33.0000,  -788.0000, -1787.0000, 25.0000,  153, 153, 153
L -937.0000, -1732.0000, -52.0000,  -830.0000, -1757.0000, -33.0000,  153, 153, 153
L -937.0000, -1205.0000, -1545.0000,  -937.0000, -1732.0000, -52.0000,  153, 153, 153
L -1821.0000, -856.0000, -63.0000,  -1825.0000, -907.0000, -47.0000,  153, 153, 153
L -1813.0000, -764.0000, -41.0000,  -1821.0000, -856.0000, -63.0000,  153, 153, 153
L -1812.0000, -673.0000, 21.0000,  -1813.0000, -764.0000, -41.0000,  153, 153, 153
L -1824.0000, -535.0000, 20.0000,  -1812.0000, -673.0000, 21.0000,  153, 153, 153
L -1828.0000, -490.0000, 9.0000,  -1824.0000, -535.0000, 20.0000,  153, 153, 153
L -1854.0000, -372.0000, -17.0000,  -1828.0000, -490.0000, 9.0000,  153, 153, 153
L -1850.0000, -301.0000, -41.0000,  -1854.0000, -372.0000, -17.0000,  153, 153, 153
L -1843.0000, -234.0000, -43.0000,  -1850.0000, -301.0000, -41.0000,  153, 153, 153
L -1812.0000, -140.0000, -69.0000,  -1843.0000, -234.0000, -43.0000,  153, 153, 153
L -1796.0000, -64.0000, -78.0000,  -1812.0000, -140.0000, -69.0000,  153, 153, 153
L -1789.0000, 68.0000, -61.0000,  -1796.0000, -64.0000, -78.0000,  153, 153, 153
L -1789.0000, 104.0000, -44.0000,  -1789.0000, 68.0000, -61.0000,  153, 153, 153
L -1791.0000, 244.0000, 16.0000,  -1789.0000, 104.0000, -44.0000,  153, 153, 153
L -1797.0000, 330.0000, 19.0000,  -1791.0000, 244.0000, 16.0000,  153, 153, 153
L -1798.0000, 418.0000, 42.0000,  -1797.0000, 330.0000, 19.0000,  153, 153, 153
L -1794.0000, 507.0000, 41.0000,  -1798.0000, 418.0000, 42.0000,  153, 153, 153
L -1790.0000, 599.0000, 13.0000,  -1794.0000, 507.0000, 41.0000,  153, 153, 153
L -1808.0000, 732.0000, -6.0000,  -1790.0000, 599.0000, 13.0000,  153, 153, 153
L -1828.0000, 819.0000, -33.0000,  -1808.0000, 732.0000, -6.0000,  153, 153, 153
L -1863.0000, 941.0000, -45.0000,  -1828.0000, 819.0000, -33.0000,  153, 153, 153
L -1885.0000, 1014.0000, -13.0000,  -1863.0000, 941.0000, -45.0000,  153, 153, 153
L -1899.0000, 1127.0000, 36.0000,  -1885.0000, 1014.0000, -13.0000,  153, 153, 153
L -1902.0000, 1185.0000, 63.0000,  -1899.0000, 1127.0000, 36.0000,  153, 153, 153
L -1887.0000, 1258.0000, 73.0000,  -1902.0000, 1185.0000, 63.0000,  153, 153, 153
L -1831.0000, 1385.0000, 3.0000,  -1887.0000, 1258.0000, 73.0000,  153, 153, 153
L -1803.0000, 1446.0000, -35.0000,  -1831.0000, 1385.0000, 3.0000,  153, 153, 153
L -1767.0000, 1550.0000, -51.0000,  -1803.0000, 1446.0000, -35.0000,  153, 153, 153
L -1756.0000, 1587.0000, -49.0000,  -1767.0000, 1550.0000, -51.0000,  153, 153, 153
L -1716.0000, 1635.0000, -85.0000,  -1756.0000, 1587.0000, -49.0000,  153, 153, 153
L -1675.0000, 1656.0000, -107.0000,  -1716.0000, 1635.0000, -85.0000,  153, 153, 153
L -1586.0000, 1658.0000, -108.0000,  -1675.0000, 1656.0000, -107.0000,  153, 153, 153
L -1529.0000, 1615.0000, -119.0000,  -1586.0000, 1658.0000, -108.0000,  153, 153, 153
L -1448.0000, 1555.0000, -56.0000,  -1529.0000, 1615.0000, -119.0000,  153, 153, 153
L -1395.0000, 1510.0000, -43.0000,  -1448.0000, 1555.0000, -56.0000,  153, 153, 153
L -1328.0000, 1463.0000, -79.0000,  -1395.0000, 1510.0000, -43.0000,  153, 153, 153
L -1268.0000, 1447.0000, -120.0000,  -1328.0000, 1463.0000, -79.0000,  153, 153, 153
L -1236.0000, 1454.0000, -133.0000,  -1268.0000, 1447.0000, -120.0000,  153, 153, 153
L -1181.0000, 1481.0000, -142.0000,  -1236.0000, 1454.0000, -133.0000,  153, 153, 153
L -1144.0000, 1544.0000, -105.0000,  -1181.0000, 1481.0000, -142.0000,  153, 153, 153
L -1130.0000, 1599.0000, -87.0000,  -1144.0000, 1544.0000, -105.0000,  153, 153, 153
L -1120.0000, 1640.0000, -83.0000,  -1130.0000, 1599.0000, -87.0000,  153, 153, 153
L -1040.0000, 1675.0000, -87.0000,  -1120.0000, 1640.0000, -83.0000,  153, 153, 153
L -990.0000, 1700.0000, -90.0000,  -1040.0000, 1675.0000, -87.0000,  153, 153, 153
L -949.0000, 1723.0000, -85.0000,  -990.0000, 1700.0000, -90.0000,  153, 153, 153
L -850.0000, 1740.0000, -106.0000,  -949.0000, 1723.0000, -85.0000,  153, 153, 153
L -792.0000, 1756.0000, -98.0000,  -850.0000, 1740.0000, -106.0000,  153, 153, 153
L -738.0000, 1776.0000, -76.0000,  -792.0000, 1756.0000, -98.0000,  153, 153, 153
L -675.0000, 1781.0000, -72.0000,  -738.0000, 1776.0000, -76.0000,  153, 153, 153
L -584.0000, 1781.0000, -85.0000,  -675.0000, 1781.0000, -72.0000,  153, 153, 153
L -527.0000, 1788.0000, -90.0000,  -584.0000, 1781.0000, -85.0000,  153, 153, 153
L -521.0000, 1813.0000, -60.0000,  -527.0000, 1788.0000, -90.0000,  153, 153, 153
L -497.0000, 1724.0000, -155.0000,  -521.0000, 1813.0000, -60.0000,  153, 153, 153
L -406.0000, 1632.0000, -158.0000,  -497.0000, 1724.0000, -155.0000,  153, 153, 153
L -365.0000, 1621.0000, -1581.0000,  -406.0000, 1632.0000, -158.0000,  153, 153, 153
L -280.0000, 1598.0000, -158.0000,  -320.0000, 1609.0000, -158.0000,  153, 153, 153
L -155.0000, 1632.0000, -156.0000,  -280.0000, 1598.0000, -158.0000,  153, 153, 153
L -51.0000, 1729.0000, -62.0000,  -155.0000, 1632.0000, -156.0000,  153, 153, 153
L -12.0000, 1723.0000, -39.0000,  -51.0000, 1729.0000, -62.0000,  153, 153, 153
L 0.0000, 1642.0000, -89.0000,  -12.0000, 1723.0000, -39.0000,  153, 153, 153
L 35.0000, 1607.0000, -69.0000,  0.0000, 1642.0000, -89.0000,  153, 153, 153
L 68.0000, 1546.0000, -88.0000,  35.0000, 1607.0000, -69.0000,  153, 153, 153
L 129.0000, 1541.0000, -18.0000,  68.0000, 1546.0000, -88.0000,  153, 153, 153
L 198.0000, 1559.0000, 54.0000,  129.0000, 1541.0000, -18.0000,  153, 153, 153
L 240.0000, 1577.0000, 55.0000,  198.0000, 1559.0000, 54.0000,  153, 153, 153
L 305.0000, 1602.0000, 13.0000,  240.0000, 1577.0000, 55.0000,  153, 153, 153
L 323.0000, 1607.0000, 1.0000,  305.0000, 1602.0000, 13.0000,  153, 153, 153
L 399.0000, 1654.0000, 24.0000,  323.0000, 1607.0000, 1.0000,  153, 153, 153
L 414.0000, 1674.0000, 17.0000,  399.0000, 1654.0000, 24.0000,  153, 153, 153
L 434.0000, 1701.0000, -8.0000,  414.0000, 1674.0000, 17.0000,  153, 153, 153
L 464.0000, 1739.0000, -57.0000,  434.0000, 1701.0000, -8.0000,  153, 153, 153
L 491.0000, 1763.0000, -85.0000,  464.0000, 1739.0000, -57.0000,  153, 153, 153
L 522.0000, 1791.0000, -76.0000,  491.0000, 1763.0000, -85.0000,  153, 153, 153
L 570.0000, 1835.0000, 11.0000,  522.0000, 1791.0000, -76.0000,  153, 153, 153
L 659.0000, 1844.0000, -24.0000,  570.0000, 1835.0000, 11.0000,  153, 153, 153
L 720.0000, 1845.0000, -52.0000,  659.0000, 1844.0000, -24.0000,  153, 153, 153
L 811.0000, 1853.0000, -68.0000,  720.0000, 1845.0000, -52.0000,  153, 153, 153
L 900.0000, 1844.0000, -91.0000,  811.0000, 1853.0000, -68.0000,  153, 153, 153
L 987.0000, 1844.0000, -84.0000,  900.0000, 1844.0000, -91.0000,  153, 153, 153
L 1063.0000, 1847.0000, -74.0000,  987.0000, 1844.0000, -84.0000,  153, 153, 153
L 1202.0000, 1839.0000, -111.0000,  1063.0000, 1847.0000, -74.0000,  153, 153, 153
L 1264.0000, 1838.0000, -88.0000,  1202.0000, 1839.0000, -111.0000,  153, 153, 153
L 1325.0000, 1833.0000, -46.0000,  1264.0000, 1838.0000, -88.0000,  153, 153, 153
L 1374.0000, 1826.0000, -24.0000,  1325.0000, 1833.0000, -46.0000,  153, 153, 153
L 1447.0000, 1805.0000, -36.0000,  1374.0000, 1826.0000, -24.0000,  153, 153, 153
L 1499.0000, 1795.0000, -35.0000,  1447.0000, 1805.0000, -36.0000,  153, 153, 153
L 1573.0000, 1785.0000, -47.0000,  1499.0000, 1795.0000, -35.0000,  153, 153, 153
L 1655.0000, 1767.0000, -71.0000,  1573.0000, 1785.0000, -47.0000,  153, 153, 153
L 1710.0000, 1724.0000, -56.0000,  1655.0000, 1767.0000, -71.0000,  153, 153, 153
L 1742.0000, 1642.0000, -44.0000,  1710.0000, 1724.0000, -56.0000,  153, 153, 153
L 1770.0000, 1593.0000, -25.0000,  1742.0000, 1642.0000, -44.0000,  153, 153, 153
L 1775.0000, 1527.0000, -24.0000,  1770.0000, 1593.0000, -25.0000,  153, 153, 153
L 1779.0000, 1465.0000, 1.0000,  1775.0000, 1527.0000, -24.0000,  153, 153, 153
L 1783.0000, 1401.0000, 23.0000,  1779.0000, 1465.0000, 1.0000,  153, 153, 153
L 1787.0000, 1344.0000, -7.0000,  1783.0000, 1401.0000, 23.0000,  153, 153, 153
L 1798.0000, 1259.0000, -60.0000,  1787.0000, 1344.0000, -7.0000,  153, 153, 153
L 1818.0000, 1179.0000, -79.0000,  1798.0000, 1259.0000, -60.0000,  153, 153, 153
L 1819.0000, 1138.0000, -76.0000,  1818.0000, 1179.0000, -79.0000,  153, 153, 153
L 1819.0000, 1066.0000, -67.0000,  1819.0000, 1138.0000, -76.0000,  153, 153, 153
L 1820.0000, 975.0000, -93.0000,  1819.0000, 1066.0000, -67.0000,  153, 153, 153
L 1820.0000, 893.0000, -92.0000,  1820.0000, 975.0000, -93.0000,  153, 153, 153
L 1812.0000, 833.0000, -81.0000,  1820.0000, 893.0000, -92.0000,  153, 153, 153
L 1792.0000, 772.0000, -77.0000,  1812.0000, 833.0000, -81.0000,  153, 153, 153
L 1726.0000, 758.0000, -87.0000,  1792.0000, 772.0000, -77.0000,  153, 153, 153
L 1635.0000, 714.0000, 19.0000,  1726.0000, 758.0000, -87.0000,  153, 153, 153
L 1597.0000, 679.0000, 51.0000,  1635.0000, 714.0000, 19.0000,  153, 153, 153
L 1575.0000, 651.0000, 32.0000,  1597.0000, 679.0000, 51.0000,  153, 153, 153
L 1561.0000, 615.0000, -7.0000,  1575.0000, 651.0000, 32.0000,  153, 153, 153
L 1576.0000, 564.0000, -34.0000,  1561.0000, 615.0000, -7.0000,  153, 153, 153
L 1603.0000, 527.0000, -28.0000,  1576.0000, 564.0000, -34.0000,  153, 153, 153
L 1664.0000, 465.0000, -26.0000,  1603.0000, 527.0000, -28.0000,  153, 153, 153
L 1710.0000, 421.0000, -27.0000,  1664.0000, 465.0000, -26.0000,  153, 153, 153
L 1757.0000, 339.0000, -6.0000,  1710.0000, 421.0000, -27.0000,  153, 153, 153
L 1759.0000, 248.0000, 6.0000,  1757.0000, 339.0000, -6.0000,  153, 153, 153
L 1761.0000, 169.0000, 29.0000,  1759.0000, 248.0000, 6.0000,  153, 153, 153
L 1770.0000, 65.0000, 29.0000,  1761.0000, 169.0000, 29.0000,  153, 153, 153
L 1777.0000, 21.0000, 20.0000,  1770.0000, 65.0000, 29.0000,  153, 153, 153
L 1792.0000, -63.0000, 20.0000,  1777.0000, 21.0000, 20.0000,  153, 153, 153
L 1796.0000, -138.0000, 27.0000,  1792.0000, -63.0000, 20.0000,  153, 153, 153
L 1808.0000, -214.0000, 32.0000,  1796.0000, -138.0000, 27.0000,  153, 153, 153
L 1808.0000, -258.0000, 19.0000,  1808.0000, -214.0000, 32.0000,  153, 153, 153
L 1798.0000, -352.0000, -4.0000,  1808.0000, -258.0000, 19.0000,  153, 153, 153
L 1790.0000, -446.0000, -2.0000,  1798.0000, -352.0000, -4.0000,  153, 153, 153
L 1790.0000, -541.0000, 18.0000,  1790.0000, -446.0000, -2.0000,  153, 153, 153
L 1788.0000, -584.0000, 32.0000,  1790.0000, -541.0000, 18.0000,  153, 153, 153
L 1773.0000, -653.0000, 1.0000,  1788.0000, -584.0000, 32.0000,  153, 153, 153
L 1763.0000, -741.0000, 0.0000,  1773.0000, -653.0000, 1.0000,  153, 153, 153
L 1764.0000, -781.0000, 20.0000,  1763.0000, -736.0000, 0.0000,  153, 153, 153
L 1766.0000, -871.0000, 18.0000,  1764.0000, -781.0000, 20.0000,  153, 153, 153
L 1767.0000, -956.0000, -1.0000,  1766.0000, -871.0000, 18.0000,  153, 153, 153
L 1755.0000, -1046.0000, -37.0000,  1767.0000, -956.0000, -1.0000,  153, 153, 153
L 1743.0000, -1135.0000, -44.0000,  1755.0000, -1046.0000, -37.0000,  153, 153, 153
L 1723.0000, -1207.0000, -32.0000,  1743.0000, -1135.0000, -44.0000,  153, 153, 153
L 1696.0000, -1266.0000, 8.0000,  1723.0000, -1207.0000, -32.0000,  153, 153, 153
L 1679.0000, -1341.0000, 38.0000,  1696.0000, -1266.0000, 8.0000,  153, 153, 153
L 1672.0000, -1426.0000, 34.0000,  1679.0000, -1341.0000, 38.0000,  153, 153, 153
L 1669.0000, -1521.0000, 16.0000,  1672.0000, -1426.0000, 34.0000,  153, 153, 153
L 1648.0000, -1606.0000, 0.0000,  1669.0000, -1521.0000, 16.0000,  153, 153, 153
L 1622.0000, -1657.0000, 4.0000,  1648.0000, -1606.0000, 0.0000,  153, 153, 153
L 1558.0000, -1704.0000, -16.0000,  1622.0000, -1657.0000, 4.0000,  153, 153, 153
L 1476.0000, -1748.0000, -19.0000,  1558.0000, -1704.0000, -16.0000,  153, 153, 153
L 1405.0000, -1780.0000, 29.0000,  1476.0000, -1748.0000, -19.0000,  153, 153, 153
L 1269.0000, -1810.0000, 25.0000,  1405.0000, -1780.0000, 29.0000,  153, 153, 153
L 1176.0000, -1825.0000, 14.0000,  1269.0000, -1810.0000, 25.0000,  153, 153, 153
L 1096.0000, -1842.0000, 24.0000,  1176.0000, -1825.0000, 14.0000,  153, 153, 153
L 994.0000, -1865.0000, -4.0000,  1096.0000, -1842.0000, 24.0000,  153, 153, 153
L 900.0000, -1870.0000, 12.0000,  994.0000, -1865.0000, -4.0000,  153, 153, 153
L 810.0000, -1867.0000, 13.0000,  900.0000, -1870.0000, 12.0000,  153, 153, 153
L 717.0000, -1861.0000, 17.0000,  810.0000, -1867.0000, 13.0000,  153, 153, 153
L 622.0000, -1863.0000, 16.0000,  717.0000, -1861.0000, 17.0000,  153, 153, 153
L 544.0000, -1865.0000, 0.0000,  622.0000, -1863.0000, 16.0000,  153, 153, 153
L 445.0000, -1855.0000, -5.0000,  544.0000, -1865.0000, 0.0000,  153, 153, 153
L 329.0000, -1833.0000, 50.0000,  445.0000, -1855.0000, -5.0000,  153, 153, 153
L 226.0000, -1810.0000, 0.0000,  329.0000, -1833.0000, 50.0000,  153, 153, 153
L 224.0000, -1789.0000, -57.0000,  226.0000, -1810.0000, 0.0000,  153, 153, 153
L 220.0000, -1783.0000, -72.0000,  224.0000, -1789.0000, -57.0000,  153, 153, 153
L 219.0000, -895.0000, -149.0000,  220.0000, -1783.0000, -72.0000,  153, 153, 153
L -60.0000, -895.0000, -154.0000,  219.0000, -895.0000, -149.0000,  153, 153, 153
L -62.0000, -892.0000, -154.0000,  -60.0000, -895.0000, -154.0000,  153, 153, 153
L -199.0000, -898.0000, -1546.0000,  -62.0000, -892.0000, -154.0000,  153, 153, 153
L -955.0000, -892.0000, -155.0000,  -438.0000, -891.0000, -154.0000,  153, 153, 153
L -958.0000, -1033.0000, -1545.0000,  -955.0000, -892.0000, -155.0000,  153, 153, 153
L -958.0000, -1704.0000, -70.0000,  -958.0000, -1216.0000, -154.0000,  153, 153, 153
L -965.0000, -1727.0000, -50.0000,  -958.0000, -1704.0000, -70.0000,  153, 153, 153
L -965.0000, -1788.0000, 27.0000,  -965.0000, -1727.0000, -50.0000,  153, 153, 153
L -1073.0000, -1785.0000, 11.0000,  -965.0000, -1788.0000, 27.0000,  153, 153, 153
L -1197.0000, -1775.0000, 44.0000,  -1073.0000, -1785.0000, 11.0000,  153, 153, 153
L -1395.0000, -1726.0000, 48.0000,  -1197.0000, -1775.0000, 44.0000,  153, 153, 153
L -1530.0000, -1707.0000, 15.0000,  -1395.0000, -1726.0000, 48.0000,  153, 153, 153
L -1648.0000, -1658.0000, 0.0000,  -1530.0000, -1707.0000, 15.0000,  153, 153, 153
L -1778.0000, -1572.0000, 53.0000,  -1648.0000, -1658.0000, 0.0000,  153, 153, 153
L -1750.0000, -1419.0000, 12.0000,  -1778.0000, -1572.0000, 53.0000,  153, 153, 153
L -1763.0000, -1233.0000, -15.0000,  -1750.0000, -1419.0000, 12.0000,  153, 153, 153
L -1804.0000, -1117.0000, -57.0000,  -1763.0000, -1233.0000, -15.0000,  153, 153, 153
L -1827.0000, -973.0000, -456.0000,  -1804.0000, -1117.0000, -57.0000,  153, 153, 153
L -2024.0000, -958.0000, -191.0000,  -1739.0000, -957.0000, -133.0000,  153, 153, 153
L -2024.0000, -1026.0000, -212.0000,  -2024.0000, -958.0000, -191.0000,  153, 153, 153
L -2094.0000, -1026.0000, -2329.0000,  -2024.0000, -1026.0000, -212.0000,  153, 153, 153
L -2059.0000, -992.0000, -212.0000,  -2093.0000, -992.0000, -232.0000,  153, 153, 153
L -2058.0000, -923.0000, -192.0000,  -2059.0000, -992.0000, -212.0000,  153, 153, 153
L -1740.0000, -923.0000, -1329.0000,  -2058.0000, -923.0000, -192.0000,  153, 153, 153
