P 1539.8872, -427.7990, 402.5865,  240, 0, 0,  2,  Sparks_Diggleknob
P 1567.4563, -206.1339, 404.0914,  240, 0, 0,  2,  Gurtrude_the_Spymaster
P 1645.9271, -192.9831, 403.5499,  240, 0, 0,  2,  Lamperious_Cogwittle
P 871.5101, -2151.5374, 400.9317,  0, 240, 0,  3,  INSTANCE_ZoneIN_(Raid)
P 1245.4391, -1870.1359, 619.3821,  0, 0, 0,  2,  Elevators
P -37.6122, -498.1161, 548.9109,  0, 0, 0,  2,  Elevators
P 8.3408, -128.2733, 475.5678,  0, 0, 0,  2,  Elevators
P 1.9972, 210.1767, 475.6215,  0, 0, 0,  2,  Elevators
P -672.5643, 1492.4523, 396.9558,  240, 0, 0,  2,  Siegemarshal_Kenti_Tinwhistle
P 350.4894, 1454.5997, 417.6785,  240, 0, 0,  2,  Firemarshal_Unit_IV
P 1218.9672, 234.4984, 539.1390,  240, 0, 0,  2,  Engineer_Brinik
P -1656.1774, -1041.9097, 396.4979,  0, 240, 0,  3,  S.H.I.P._Workshop
P 1626.4525, 142.2608, 390.4563,  240, 0, 0,  2,  Launch_Engineer
P 1480.6575, -95.4600, 373.1349,  240, 0, 0,  2,  Tabazon_Gearflinger
P 1313.6490, -12.9958, 351.0293,  240, 0, 0,  2,  Tinmyn_Cogsloose
P 1407.6108, -159.3876, 394.1919,  240, 0, 0,  2,  Clockwork_Warmashal
P 1510.8737, -212.7003, 399.3843,  240, 0, 0,  2,  Pyrotechnician_Flizcoq_(Quests)
P 1565.1342, -228.2265, 400.0285,  240, 0, 0,  2,  Tavik_Gearpaq_(Quests)
P 1680.3910, -238.3699, 400.6551,  240, 0, 0,  2,  Engineer_Springfap_(Quests)
P 1700.0000, -350.0000, 400.7174,  0, 240, 0,  1,  Succor_Point
P 1193.0311, 1118.0134, 411.6755,  240, 0, 0,  2,  Siege_Inspector_Huttle
P -1255.5341, 122.6067, 426.1648,  0, 240, 0,  3,  STEAM_FACTORY
P -1591.8700, 367.3449, 401.7636,  240, 127, 0,  1,  pull
P -1369.9293, 1202.2917, 405.4638,  240, 127, 0,  1,  elevator
P -13.7795, -1472.6091, 660.7975,  0, 240, 0,  3,  Meldrath's_Majestic_Mansion
P -1249.3466, -1835.3613, 618.6019,  0, 0, 0,  2,  Elevators
P -1503.9117, -2658.7725, 404.0264,  0, 0, 0,  1,  Trap
P 1699.6005, 153.1307, 398.5537,  0, 240, 0,  3,  Gyrospire_ZETA
P 1662.1510, 206.1582, 401.0381,  0, 240, 0,  3,  Gyropsire_BEZA
P 1454.1547, -879.5926, 411.1233,  240, 0, 0,  1,  Inizen_Nogglezop_(78_Spells)
