P -265.4735, -190.7915, -24.8043,  0, 0, 0,  1,  safe_spot
P -288.5984, -325.0598, 57.7371,  0, 0, 0,  1,  safe_spot
P -560.7370, -106.1785, 26.3041,  240, 0, 0,  3,  Ylian_(roam_Quest)
P -247.9084, -608.0559, 84.2955,  0, 0, 0,  1,  safe_spot
P -574.2817, -913.4333, 82.8625,  0, 0, 0,  1,  blue_orb
P -709.6000, -916.4012, 82.8625,  0, 0, 0,  1,  green_orb
P -737.3447, -756.4483, 96.8805,  0, 0, 0,  1,  black_orb
P -453.2895, -757.1939, 98.5609,  0, 0, 0,  1,  orange_orb
P -736.6955, -1133.9038, 135.3958,  0, 0, 0,  1,  yellow_orb
P -617.8889, -1172.6260, 135.3955,  0, 127, 127,  3,  Sig
P -592.7343, -1120.7128, 137.2469,  0, 0, 0,  1,  red_orb
P -682.1646, -1153.8865, 144.0454,  0, 127, 0,  3,  Dridus'_Journal
P -335.0000, 107.0000, -42.0000,  0, 0, 0,  1,  Sword
P -592.3144, -960.0884, 86.6775,  0, 127, 127,  3,  Hiljorin
P -171.2905, 22.2591, -83.7445,  0, 0, 0,  1,  flower
P -728.4904, 91.3290, -49.0040,  0, 0, 0,  1,  flower
P -744.8117, -876.4689, 97.3853,  240, 0, 0,  3,  a_maimed_erudite_(QuesT)
P -445.9380, -418.1879, 43.0396,  240, 0, 0,  3,  Mylzital_(Quest)
P -582.6622, -650.0710, 97.3361,  240, 0, 0,  3,  Nightmare_Emissary_(Mission)
P -56.8011, 24.2253, -112.8032,  240, 0, 0,  3,  Yilian_(Quest)
P -678.5891, -444.3593, 35.4401,  0, 0, 0,  1,  Xilixizan
P 34.4567, 81.5220, -114.2875,  0, 0, 0,  1,  flower
P 85.8910, -0.3140, -114.2450,  0, 0, 0,  1,  flower
P 39.0000, -13.0000, -111.3424,  0, 240, 0,  3,  House_of_Thule
P -438.8520, -9.7313, -46.3901,  240, 0, 0,  3,  Axiyiln_(Quest)
P -465.9439, -188.6916, 34.3151,  240, 0, 0,  3,  Ziedan_Gazel_(Quest)
P -443.9272, -200.4536, 34.5951,  240, 0, 0,  3,  Utto_the_Haggard_(Quest)
P -707.0277, -207.1268, 47.4920,  0, 0, 0,  1,  Xylzital
