L -1650.0000, 1060.0000, 1.0000,  -1650.0000, 1060.0000, 2.0000,  1, 2, 4
L 720.0000, -190.0000, 1.0000,  720.0000, -190.0000, 2.0000,  1, 2, 4
L -1308.0000, 54.0000, 4.0000,  -1308.0000, 41.0000, 4.0000,  0, 0, 0
L -1305.0000, 54.0000, 4.0000,  -1308.0000, 54.0000, 4.0000,  0, 0, 0
L -1305.0000, 101.0000, 3.0000,  -1305.0000, 54.0000, 4.0000,  0, 0, 0
L -1312.0000, 101.0000, 3.0000,  -1305.0000, 101.0000, 3.0000,  0, 0, 0
L -1312.0000, 115.0000, 3.0000,  -1312.0000, 101.0000, 3.0000,  0, 0, 0
L -1305.0000, 115.0000, 3.0000,  -1312.0000, 115.0000, 3.0000,  0, 0, 0
L -1305.0000, 216.0000, 63.0000,  -1305.0000, 115.0000, 3.0000,  0, 0, 0
L -1312.0000, 216.0000, 63.0000,  -1305.0000, 216.0000, 63.0000,  0, 0, 0
L -1312.0000, 230.0000, 63.0000,  -1312.0000, 216.0000, 63.0000,  0, 0, 0
L -1305.0000, 230.0000, 63.0000,  -1312.0000, 230.0000, 63.0000,  0, 0, 0
L -1305.0000, 287.0000, 13.0000,  -1305.0000, 230.0000, 63.0000,  0, 0, 0
L -1309.0000, 287.0000, 9.0000,  -1305.0000, 287.0000, 13.0000,  0, 0, 0
L -1310.0000, 325.0000, 3.0000,  -1309.0000, 287.0000, 9.0000,  0, 0, 0
L -1305.0000, 334.0000, 3.0000,  -1310.0000, 325.0000, 3.0000,  0, 0, 0
L -1305.0000, 372.0000, 3.0000,  -1305.0000, 334.0000, 3.0000,  0, 0, 0
L -1319.0000, 372.0000, 3.0000,  -1305.0000, 372.0000, 3.0000,  0, 0, 0
L -1330.0000, 366.0000, 3.0000,  -1319.0000, 372.0000, 3.0000,  0, 0, 0
L -1357.0000, 366.0000, 3.0000,  -1330.0000, 366.0000, 3.0000,  0, 0, 0
L -1367.0000, 372.0000, 3.0000,  -1357.0000, 366.0000, 3.0000,  0, 0, 0
L -1383.0000, 372.0000, 3.0000,  -1367.0000, 372.0000, 3.0000,  0, 0, 0
L -1384.0000, 338.0000, 3.0000,  -1383.0000, 372.0000, 3.0000,  0, 0, 0
L -1397.0000, 338.0000, 3.0000,  -1384.0000, 338.0000, 3.0000,  0, 0, 0
L -1397.0000, 345.0000, 3.0000,  -1397.0000, 338.0000, 3.0000,  0, 0, 0
L -1454.0000, 345.0000, -46.0000,  -1397.0000, 345.0000, 3.0000,  0, 0, 0
L -1454.0000, 342.0000, -47.0000,  -1454.0000, 345.0000, -46.0000,  0, 0, 0
L -1466.0000, 342.0000, -56.0000,  -1454.0000, 342.0000, -47.0000,  0, 0, 0
L -1465.0000, 353.0000, -56.0000,  -1466.0000, 342.0000, -56.0000,  0, 0, 0
L -1461.0000, 353.0000, -56.0000,  -1465.0000, 353.0000, -56.0000,  0, 0, 0
L -1461.0000, 400.0000, -56.0000,  -1461.0000, 353.0000, -56.0000,  0, 0, 0
L -1496.0000, 401.0000, -56.0000,  -1461.0000, 400.0000, -56.0000,  0, 0, 0
L -1496.0000, 414.0000, -56.0000,  -1496.0000, 401.0000, -56.0000,  0, 0, 0
L -1489.0000, 414.0000, -56.0000,  -1496.0000, 414.0000, -56.0000,  0, 0, 0
L -1489.0000, 461.0000, -56.0000,  -1489.0000, 414.0000, -56.0000,  0, 0, 0
L -1492.0000, 461.0000, -56.0000,  -1489.0000, 461.0000, -56.0000,  0, 0, 0
L -1492.0000, 474.0000, -56.0000,  -1492.0000, 461.0000, -56.0000,  0, 0, 0
L -1481.0000, 473.0000, -56.0000,  -1492.0000, 474.0000, -56.0000,  0, 0, 0
L -1456.0000, 488.0000, -56.0000,  -1481.0000, 473.0000, -56.0000,  0, 0, 0
L -1456.0000, 617.0000, -56.0000,  -1456.0000, 488.0000, -56.0000,  0, 0, 0
L -1481.0000, 632.0000, -56.0000,  -1456.0000, 617.0000, -56.0000,  0, 0, 0
L -1492.0000, 631.0000, -56.0000,  -1481.0000, 632.0000, -56.0000,  0, 0, 0
L -1492.0000, 644.0000, -56.0000,  -1492.0000, 631.0000, -56.0000,  0, 0, 0
L -1489.0000, 644.0000, -56.0000,  -1492.0000, 644.0000, -56.0000,  0, 0, 0
L -1489.0000, 691.0000, -56.0000,  -1489.0000, 644.0000, -56.0000,  0, 0, 0
L -1496.0000, 691.0000, -56.0000,  -1489.0000, 691.0000, -56.0000,  0, 0, 0
L -1496.0000, 704.0000, -56.0000,  -1496.0000, 691.0000, -56.0000,  0, 0, 0
L -1461.0000, 705.0000, -56.0000,  -1496.0000, 704.0000, -56.0000,  0, 0, 0
L -1432.0000, 722.0000, -56.0000,  -1461.0000, 705.0000, -56.0000,  0, 0, 0
L -1431.0000, 742.0000, -56.0000,  -1432.0000, 722.0000, -56.0000,  0, 0, 0
L -1399.0000, 757.0000, -56.0000,  -1431.0000, 742.0000, -56.0000,  0, 0, 0
L -1398.0000, 785.0000, -56.0000,  -1399.0000, 757.0000, -56.0000,  0, 0, 0
L -1385.0000, 785.0000, -56.0000,  -1398.0000, 785.0000, -56.0000,  0, 0, 0
L -1383.0000, 750.0000, -56.0000,  -1385.0000, 785.0000, -56.0000,  0, 0, 0
L -1370.0000, 749.0000, -56.0000,  -1383.0000, 750.0000, -56.0000,  0, 0, 0
L -1359.0000, 738.0000, -56.0000,  -1370.0000, 749.0000, -56.0000,  0, 0, 0
L -1359.0000, 725.0000, -56.0000,  -1359.0000, 738.0000, -56.0000,  0, 0, 0
L -1334.0000, 725.0000, -56.0000,  -1359.0000, 725.0000, -56.0000,  0, 0, 0
L -1324.0000, 735.0000, -56.0000,  -1334.0000, 725.0000, -56.0000,  0, 0, 0
L -1304.0000, 725.0000, -53.0000,  -1324.0000, 735.0000, -56.0000,  0, 0, 0
L -1264.0000, 725.0000, -56.0000,  -1304.0000, 725.0000, -53.0000,  0, 0, 0
L -1263.0000, 736.0000, -56.0000,  -1264.0000, 725.0000, -56.0000,  0, 0, 0
L -1254.0000, 736.0000, -56.0000,  -1263.0000, 736.0000, -56.0000,  0, 0, 0
L -1253.0000, 784.0000, -56.0000,  -1254.0000, 736.0000, -56.0000,  0, 0, 0
L -1240.0000, 784.0000, -56.0000,  -1253.0000, 784.0000, -56.0000,  0, 0, 0
L -1239.0000, 749.0000, -56.0000,  -1240.0000, 784.0000, -56.0000,  0, 0, 0
L -1219.0000, 735.0000, -56.0000,  -1239.0000, 749.0000, -56.0000,  0, 0, 0
L -1165.0000, 735.0000, -56.0000,  -1219.0000, 735.0000, -56.0000,  0, 0, 0
L -1164.0000, 743.0000, -56.0000,  -1165.0000, 735.0000, -56.0000,  0, 0, 0
L -1151.0000, 743.0000, -56.0000,  -1164.0000, 743.0000, -56.0000,  0, 0, 0
L -1150.0000, 725.0000, -56.0000,  -1151.0000, 743.0000, -56.0000,  0, 0, 0
L -1104.0000, 724.0000, -56.0000,  -1150.0000, 725.0000, -56.0000,  0, 0, 0
L -1058.0000, 641.0000, -56.0000,  -1104.0000, 724.0000, -56.0000,  0, 0, 0
L -990.0000, 641.0000, -56.0000,  -1058.0000, 641.0000, -56.0000,  0, 0, 0
L -989.0000, 659.0000, -56.0000,  -990.0000, 641.0000, -56.0000,  0, 0, 0
L -976.0000, 659.0000, -56.0000,  -989.0000, 659.0000, -56.0000,  0, 0, 0
L -976.0000, 652.0000, -56.0000,  -976.0000, 659.0000, -56.0000,  0, 0, 0
L -929.0000, 652.0000, -56.0000,  -976.0000, 652.0000, -56.0000,  0, 0, 0
L -928.0000, 656.0000, -56.0000,  -929.0000, 652.0000, -56.0000,  0, 0, 0
L -916.0000, 655.0000, -56.0000,  -928.0000, 656.0000, -56.0000,  0, 0, 0
L -917.0000, 644.0000, -56.0000,  -916.0000, 655.0000, -56.0000,  0, 0, 0
L -902.0000, 619.0000, -56.0000,  -917.0000, 644.0000, -56.0000,  0, 0, 0
L -773.0000, 619.0000, -56.0000,  -902.0000, 619.0000, -56.0000,  0, 0, 0
L -758.0000, 644.0000, -56.0000,  -773.0000, 619.0000, -56.0000,  0, 0, 0
L -759.0000, 655.0000, -56.0000,  -758.0000, 644.0000, -56.0000,  0, 0, 0
L -746.0000, 655.0000, -56.0000,  -759.0000, 655.0000, -56.0000,  0, 0, 0
L -746.0000, 652.0000, -56.0000,  -746.0000, 655.0000, -56.0000,  0, 0, 0
L -699.0000, 652.0000, -56.0000,  -746.0000, 652.0000, -56.0000,  0, 0, 0
L -699.0000, 659.0000, -56.0000,  -699.0000, 652.0000, -56.0000,  0, 0, 0
L -686.0000, 659.0000, -56.0000,  -699.0000, 659.0000, -56.0000,  0, 0, 0
L -686.0000, 652.0000, -56.0000,  -686.0000, 659.0000, -56.0000,  0, 0, 0
L -639.0000, 652.0000, -56.0000,  -686.0000, 652.0000, -56.0000,  0, 0, 0
L -638.0000, 656.0000, -56.0000,  -639.0000, 652.0000, -56.0000,  0, 0, 0
L -626.0000, 655.0000, -56.0000,  -638.0000, 656.0000, -56.0000,  0, 0, 0
L -626.0000, 652.0000, -56.0000,  -626.0000, 655.0000, -56.0000,  0, 0, 0
L -594.0000, 652.0000, -56.0000,  -626.0000, 652.0000, -56.0000,  0, 0, 0
L -594.0000, 679.0000, -50.0000,  -594.0000, 652.0000, -56.0000,  0, 0, 0
L -565.0000, 678.0000, -36.0000,  -594.0000, 679.0000, -50.0000,  0, 0, 0
L -566.0000, 638.0000, -36.0000,  -565.0000, 678.0000, -36.0000,  0, 0, 0
L -603.0000, 638.0000, -36.0000,  -566.0000, 638.0000, -36.0000,  0, 0, 0
L -643.0000, 620.0000, -36.0000,  -603.0000, 638.0000, -36.0000,  0, 0, 0
L -662.0000, 571.0000, -39.0000,  -643.0000, 620.0000, -36.0000,  0, 0, 0
L -643.0000, 522.0000, -42.0000,  -662.0000, 571.0000, -39.0000,  0, 0, 0
L -595.0000, 503.0000, -45.0000,  -643.0000, 522.0000, -42.0000,  0, 0, 0
L -546.0000, 522.0000, -48.0000,  -595.0000, 503.0000, -45.0000,  0, 0, 0
L -534.0000, 546.0000, -52.0000,  -546.0000, 522.0000, -48.0000,  0, 0, 0
L -500.0000, 546.0000, -56.0000,  -534.0000, 546.0000, -52.0000,  0, 0, 0
L -499.0000, 551.0000, -56.0000,  -500.0000, 546.0000, -56.0000,  0, 0, 0
L -488.0000, 551.0000, -56.0000,  -499.0000, 551.0000, -56.0000,  0, 0, 0
L -489.0000, 538.0000, -56.0000,  -488.0000, 551.0000, -56.0000,  0, 0, 0
L -492.0000, 538.0000, -56.0000,  -489.0000, 538.0000, -56.0000,  0, 0, 0
L -492.0000, 491.0000, -56.0000,  -492.0000, 538.0000, -56.0000,  0, 0, 0
L -484.0000, 491.0000, -56.0000,  -492.0000, 491.0000, -56.0000,  0, 0, 0
L -484.0000, 477.0000, -56.0000,  -484.0000, 491.0000, -56.0000,  0, 0, 0
L -519.0000, 476.0000, -56.0000,  -484.0000, 477.0000, -56.0000,  0, 0, 0
L -519.0000, 431.0000, -56.0000,  -519.0000, 476.0000, -56.0000,  0, 0, 0
L -514.0000, 430.0000, -56.0000,  -519.0000, 431.0000, -56.0000,  0, 0, 0
L -514.0000, 420.0000, -56.0000,  -514.0000, 430.0000, -56.0000,  0, 0, 0
L -526.0000, 419.0000, -47.0000,  -514.0000, 420.0000, -56.0000,  0, 0, 0
L -526.0000, 423.0000, -49.0000,  -526.0000, 419.0000, -47.0000,  0, 0, 0
L -583.0000, 423.0000, 3.0000,  -526.0000, 423.0000, -49.0000,  0, 0, 0
L -583.0000, 416.0000, 3.0000,  -583.0000, 423.0000, 3.0000,  0, 0, 0
L -596.0000, 415.0000, 3.0000,  -583.0000, 416.0000, 3.0000,  0, 0, 0
L -596.0000, 423.0000, 3.0000,  -596.0000, 415.0000, 3.0000,  0, 0, 0
L -643.0000, 423.0000, 3.0000,  -596.0000, 423.0000, 3.0000,  0, 0, 0
L -643.0000, 419.0000, 3.0000,  -643.0000, 423.0000, 3.0000,  0, 0, 0
L -656.0000, 420.0000, 3.0000,  -643.0000, 419.0000, 3.0000,  0, 0, 0
L -655.0000, 431.0000, 3.0000,  -656.0000, 420.0000, 3.0000,  0, 0, 0
L -651.0000, 431.0000, 3.0000,  -655.0000, 431.0000, 3.0000,  0, 0, 0
L -651.0000, 457.0000, 3.0000,  -651.0000, 431.0000, 3.0000,  0, 0, 0
L -713.0000, 457.0000, 3.0000,  -651.0000, 457.0000, 3.0000,  0, 0, 0
L -713.0000, 424.0000, 3.0000,  -713.0000, 457.0000, 3.0000,  0, 0, 0
L -718.0000, 423.0000, 3.0000,  -713.0000, 424.0000, 3.0000,  0, 0, 0
L -718.0000, 457.0000, 3.0000,  -718.0000, 423.0000, 3.0000,  0, 0, 0
L -777.0000, 457.0000, 3.0000,  -718.0000, 457.0000, 3.0000,  0, 0, 0
L -777.0000, 461.0000, 3.0000,  -777.0000, 457.0000, 3.0000,  0, 0, 0
L -718.0000, 461.0000, 3.0000,  -777.0000, 461.0000, 3.0000,  0, 0, 0
L -718.0000, 481.0000, 3.0000,  -718.0000, 461.0000, 3.0000,  0, 0, 0
L -747.0000, 481.0000, 3.0000,  -718.0000, 481.0000, 3.0000,  0, 0, 0
L -748.0000, 477.0000, 3.0000,  -747.0000, 481.0000, 3.0000,  0, 0, 0
L -758.0000, 477.0000, 3.0000,  -748.0000, 477.0000, 3.0000,  0, 0, 0
L -758.0000, 490.0000, 5.0000,  -758.0000, 477.0000, 3.0000,  0, 0, 0
L -751.0000, 490.0000, 5.0000,  -758.0000, 490.0000, 5.0000,  0, 0, 0
L -751.0000, 558.0000, 31.0000,  -751.0000, 490.0000, 5.0000,  0, 0, 0
L -757.0000, 563.0000, 33.0000,  -751.0000, 558.0000, 31.0000,  0, 0, 0
L -770.0000, 561.0000, 32.0000,  -757.0000, 563.0000, 33.0000,  0, 0, 0
L -776.0000, 558.0000, 31.0000,  -770.0000, 561.0000, 32.0000,  0, 0, 0
L -776.0000, 490.0000, 5.0000,  -776.0000, 558.0000, 31.0000,  0, 0, 0
L -769.0000, 490.0000, 5.0000,  -776.0000, 490.0000, 5.0000,  0, 0, 0
L -769.0000, 477.0000, 3.0000,  -769.0000, 490.0000, 5.0000,  0, 0, 0
L -779.0000, 477.0000, 3.0000,  -769.0000, 477.0000, 3.0000,  0, 0, 0
L -780.0000, 481.0000, 3.0000,  -779.0000, 477.0000, 3.0000,  0, 0, 0
L -809.0000, 481.0000, 3.0000,  -780.0000, 481.0000, 3.0000,  0, 0, 0
L -809.0000, 424.0000, 3.0000,  -809.0000, 481.0000, 3.0000,  0, 0, 0
L -781.0000, 424.0000, 3.0000,  -809.0000, 424.0000, 3.0000,  0, 0, 0
L -781.0000, 442.0000, 3.0000,  -781.0000, 424.0000, 3.0000,  0, 0, 0
L -776.0000, 442.0000, 3.0000,  -781.0000, 442.0000, 3.0000,  0, 0, 0
L -776.0000, 424.0000, 3.0000,  -776.0000, 442.0000, 3.0000,  0, 0, 0
L -743.0000, 424.0000, 3.0000,  -776.0000, 424.0000, 3.0000,  0, 0, 0
L -743.0000, 419.0000, 3.0000,  -743.0000, 424.0000, 3.0000,  0, 0, 0
L -776.0000, 419.0000, 3.0000,  -743.0000, 419.0000, 3.0000,  0, 0, 0
L -776.0000, 400.0000, 3.0000,  -776.0000, 419.0000, 3.0000,  0, 0, 0
L -754.0000, 399.0000, 3.0000,  -776.0000, 400.0000, 3.0000,  0, 0, 0
L -754.0000, 384.0000, 3.0000,  -754.0000, 399.0000, 3.0000,  0, 0, 0
L -704.0000, 384.0000, 3.0000,  -754.0000, 384.0000, 3.0000,  0, 0, 0
L -703.0000, 421.0000, 3.0000,  -704.0000, 384.0000, 3.0000,  0, 0, 0
L -680.0000, 421.0000, 3.0000,  -703.0000, 421.0000, 3.0000,  0, 0, 0
L -680.0000, 417.0000, 3.0000,  -680.0000, 421.0000, 3.0000,  0, 0, 0
L -700.0000, 417.0000, 3.0000,  -680.0000, 417.0000, 3.0000,  0, 0, 0
L -700.0000, 366.0000, 3.0000,  -700.0000, 417.0000, 3.0000,  0, 0, 0
L -651.0000, 366.0000, 3.0000,  -700.0000, 366.0000, 3.0000,  0, 0, 0
L -651.0000, 390.0000, 3.0000,  -651.0000, 366.0000, 3.0000,  0, 0, 0
L -656.0000, 392.0000, 3.0000,  -651.0000, 390.0000, 3.0000,  0, 0, 0
L -656.0000, 402.0000, 3.0000,  -656.0000, 392.0000, 3.0000,  0, 0, 0
L -643.0000, 401.0000, 3.0000,  -656.0000, 402.0000, 3.0000,  0, 0, 0
L -643.0000, 398.0000, 3.0000,  -643.0000, 401.0000, 3.0000,  0, 0, 0
L -612.0000, 398.0000, 3.0000,  -643.0000, 398.0000, 3.0000,  0, 0, 0
L -596.0000, 402.0000, 3.0000,  -612.0000, 398.0000, 3.0000,  0, 0, 0
L -596.0000, 406.0000, 3.0000,  -596.0000, 402.0000, 3.0000,  0, 0, 0
L -583.0000, 405.0000, 3.0000,  -596.0000, 406.0000, 3.0000,  0, 0, 0
L -583.0000, 398.0000, 3.0000,  -583.0000, 405.0000, 3.0000,  0, 0, 0
L -526.0000, 398.0000, -46.0000,  -583.0000, 398.0000, 3.0000,  0, 0, 0
L -525.0000, 401.0000, -46.0000,  -526.0000, 398.0000, -46.0000,  0, 0, 0
L -515.0000, 403.0000, -56.0000,  -525.0000, 401.0000, -46.0000,  0, 0, 0
L -516.0000, 390.0000, -49.0000,  -515.0000, 403.0000, -56.0000,  0, 0, 0
L -520.0000, 391.0000, -47.0000,  -516.0000, 390.0000, -49.0000,  0, 0, 0
L -520.0000, 334.0000, 3.0000,  -520.0000, 391.0000, -47.0000,  0, 0, 0
L -513.0000, 334.0000, 3.0000,  -520.0000, 334.0000, 3.0000,  0, 0, 0
L -513.0000, 321.0000, 3.0000,  -513.0000, 334.0000, 3.0000,  0, 0, 0
L -530.0000, 320.0000, 4.0000,  -513.0000, 321.0000, 3.0000,  0, 0, 0
L -530.0000, 276.0000, 3.0000,  -530.0000, 320.0000, 4.0000,  0, 0, 0
L -614.0000, 274.0000, 3.0000,  -530.0000, 276.0000, 3.0000,  0, 0, 0
L -614.0000, 160.0000, 3.0000,  -614.0000, 274.0000, 3.0000,  0, 0, 0
L -596.0000, 159.0000, 3.0000,  -614.0000, 160.0000, 3.0000,  0, 0, 0
L -597.0000, 145.0000, 3.0000,  -596.0000, 159.0000, 3.0000,  0, 0, 0
L -603.0000, 145.0000, 3.0000,  -597.0000, 145.0000, 3.0000,  0, 0, 0
L -603.0000, 98.0000, 3.0000,  -603.0000, 145.0000, 3.0000,  0, 0, 0
L -600.0000, 98.0000, 3.0000,  -603.0000, 98.0000, 3.0000,  0, 0, 0
L -599.0000, 86.0000, 3.0000,  -600.0000, 98.0000, 3.0000,  0, 0, 0
L -474.0000, 25.0000, 23.0000,  -579.0000, 26.0000, 23.0000,  0, 0, 0
L -445.0000, 36.0000, 23.0000,  -474.0000, 25.0000, 23.0000,  0, 0, 0
L -434.0000, 67.0000, 17.0000,  -445.0000, 36.0000, 23.0000,  0, 0, 0
L -445.0000, 66.0000, 17.0000,  -434.0000, 67.0000, 17.0000,  0, 0, 0
L -454.0000, 45.0000, 17.0000,  -445.0000, 66.0000, 17.0000,  0, 0, 0
L -475.0000, 38.0000, 17.0000,  -454.0000, 45.0000, 17.0000,  0, 0, 0
L -495.0000, 46.0000, 17.0000,  -475.0000, 38.0000, 17.0000,  0, 0, 0
L -504.0000, 65.0000, 17.0000,  -495.0000, 46.0000, 17.0000,  0, 0, 0
L -495.0000, 84.0000, 17.0000,  -504.0000, 65.0000, 17.0000,  0, 0, 0
L -475.0000, 92.0000, 17.0000,  -495.0000, 84.0000, 17.0000,  0, 0, 0
L -452.0000, 84.0000, 17.0000,  -475.0000, 92.0000, 17.0000,  0, 0, 0
L -445.0000, 94.0000, 17.0000,  -452.0000, 84.0000, 17.0000,  0, 0, 0
L -474.0000, 105.0000, 14.0000,  -445.0000, 94.0000, 17.0000,  0, 0, 0
L -503.0000, 94.0000, 11.0000,  -474.0000, 105.0000, 14.0000,  0, 0, 0
L -514.0000, 66.0000, 8.0000,  -503.0000, 94.0000, 11.0000,  0, 0, 0
L -579.0000, 64.0000, 4.0000,  -514.0000, 66.0000, 8.0000,  0, 0, 0
L -578.0000, 25.0000, 23.0000,  -579.0000, 64.0000, 4.0000,  0, 0, 0
L -603.0000, 85.0000, 5.0000,  -600.0000, 85.0000, 3.0000,  0, 0, 0
L -603.0000, -67.0000, 23.0000,  -603.0000, 85.0000, 5.0000,  0, 0, 0
L -440.0000, -67.0000, 3.0000,  -603.0000, -67.0000, 23.0000,  0, 0, 0
L -440.0000, -48.0000, 3.0000,  -440.0000, -67.0000, 3.0000,  0, 0, 0
L -443.0000, -48.0000, 3.0000,  -440.0000, -48.0000, 3.0000,  0, 0, 0
L -444.0000, -35.0000, 3.0000,  -443.0000, -48.0000, 3.0000,  0, 0, 0
L -432.0000, -36.0000, 3.0000,  -444.0000, -35.0000, 3.0000,  0, 0, 0
L -432.0000, -39.0000, 3.0000,  -432.0000, -36.0000, 3.0000,  0, 0, 0
L -385.0000, -39.0000, 3.0000,  -432.0000, -39.0000, 3.0000,  0, 0, 0
L -385.0000, -32.0000, 3.0000,  -385.0000, -39.0000, 3.0000,  0, 0, 0
L -371.0000, -32.0000, 3.0000,  -385.0000, -32.0000, 3.0000,  0, 0, 0
L -371.0000, -39.0000, 3.0000,  -371.0000, -32.0000, 3.0000,  0, 0, 0
L -297.0000, -39.0000, 3.0000,  -371.0000, -39.0000, 3.0000,  0, 0, 0
L -296.0000, -5.0000, 3.0000,  -297.0000, -39.0000, 3.0000,  0, 0, 0
L -283.0000, -4.0000, 3.0000,  -296.0000, -5.0000, 3.0000,  0, 0, 0
L -283.0000, -12.0000, 3.0000,  -283.0000, -4.0000, 3.0000,  0, 0, 0
L -236.0000, -12.0000, 3.0000,  -283.0000, -12.0000, 3.0000,  0, 0, 0
L -236.0000, -8.0000, 3.0000,  -236.0000, -12.0000, 3.0000,  0, 0, 0
L -223.0000, -9.0000, 3.0000,  -236.0000, -8.0000, 3.0000,  0, 0, 0
L -176.0000, -16.0000, 13.0000,  -189.0000, 0.0000, 13.0000,  0, 0, 0
L -145.0000, -23.0000, 13.0000,  -176.0000, -16.0000, 13.0000,  0, 0, 0
L -114.0000, -16.0000, 13.0000,  -145.0000, -23.0000, 13.0000,  0, 0, 0
L -100.0000, 0.0000, 13.0000,  -114.0000, -16.0000, 13.0000,  0, 0, 0
L -111.0000, 14.0000, 13.0000,  -100.0000, 0.0000, 13.0000,  0, 0, 0
L -145.0000, 23.0000, 13.0000,  -111.0000, 14.0000, 13.0000,  0, 0, 0
L -176.0000, 16.0000, 13.0000,  -145.0000, 23.0000, 13.0000,  0, 0, 0
L -189.0000, 0.0000, 13.0000,  -176.0000, 16.0000, 13.0000,  0, 0, 0
L -224.0000, -20.0000, 3.0000,  -223.0000, -8.0000, 3.0000,  0, 0, 0
L -209.0000, -45.0000, 3.0000,  -224.0000, -20.0000, 3.0000,  0, 0, 0
L -80.0000, -45.0000, 3.0000,  -209.0000, -45.0000, 3.0000,  0, 0, 0
L -65.0000, -20.0000, 3.0000,  -80.0000, -45.0000, 3.0000,  0, 0, 0
L -66.0000, -9.0000, 3.0000,  -65.0000, -20.0000, 3.0000,  0, 0, 0
L -53.0000, -8.0000, 3.0000,  -66.0000, -9.0000, 3.0000,  0, 0, 0
L -53.0000, -12.0000, 3.0000,  -53.0000, -8.0000, 3.0000,  0, 0, 0
L -6.0000, -12.0000, 3.0000,  -53.0000, -12.0000, 3.0000,  0, 0, 0
L -6.0000, -4.0000, 3.0000,  -6.0000, -12.0000, 3.0000,  0, 0, 0
L 6.0000, -5.0000, 3.0000,  -6.0000, -4.0000, 3.0000,  0, 0, 0
L 6.0000, -12.0000, 3.0000,  6.0000, -5.0000, 3.0000,  0, 0, 0
L 43.0000, -12.0000, 3.0000,  6.0000, -12.0000, 3.0000,  0, 0, 0
L 42.0000, -41.0000, 3.0000,  43.0000, -12.0000, 3.0000,  0, 0, 0
L 10.0000, -41.0000, 3.0000,  42.0000, -41.0000, 3.0000,  0, 0, 0
L 7.0000, -43.0000, 3.0000,  10.0000, -41.0000, 3.0000,  0, 0, 0
L 7.0000, -62.0000, 3.0000,  7.0000, -43.0000, 3.0000,  0, 0, 0
L 12.0000, -65.0000, 3.0000,  7.0000, -62.0000, 3.0000,  0, 0, 0
L 80.0000, -65.0000, 3.0000,  12.0000, -65.0000, 3.0000,  0, 0, 0
L 81.0000, -30.0000, 3.0000,  80.0000, -65.0000, 3.0000,  0, 0, 0
L 95.0000, -31.0000, 3.0000,  81.0000, -30.0000, 3.0000,  0, 0, 0
L 96.0000, -64.0000, 3.0000,  95.0000, -31.0000, 3.0000,  0, 0, 0
L 170.0000, -64.0000, 3.0000,  96.0000, -64.0000, 3.0000,  0, 0, 0
L 170.0000, -56.0000, 3.0000,  170.0000, -64.0000, 3.0000,  0, 0, 0
L 183.0000, -56.0000, 3.0000,  170.0000, -56.0000, 3.0000,  0, 0, 0
L 183.0000, -64.0000, 3.0000,  183.0000, -56.0000, 3.0000,  0, 0, 0
L 230.0000, -64.0000, 3.0000,  183.0000, -64.0000, 3.0000,  0, 0, 0
L 230.0000, -60.0000, 3.0000,  230.0000, -64.0000, 3.0000,  0, 0, 0
L 243.0000, -60.0000, 3.0000,  230.0000, -60.0000, 3.0000,  0, 0, 0
L 289.0000, -68.0000, 13.0000,  277.0000, -52.0000, 16.0000,  0, 0, 0
L 323.0000, -75.0000, 13.0000,  289.0000, -68.0000, 13.0000,  0, 0, 0
L 354.0000, -67.0000, 13.0000,  323.0000, -75.0000, 13.0000,  0, 0, 0
L 366.0000, -52.0000, 16.0000,  354.0000, -67.0000, 13.0000,  0, 0, 0
L 366.0000, -51.0000, 16.0000,  366.0000, -52.0000, 16.0000,  0, 0, 0
L 352.0000, -35.0000, 13.0000,  366.0000, -51.0000, 16.0000,  0, 0, 0
L 320.0000, -28.0000, 13.0000,  352.0000, -35.0000, 13.0000,  0, 0, 0
L 289.0000, -35.0000, 13.0000,  320.0000, -28.0000, 13.0000,  0, 0, 0
L 277.0000, -50.0000, 13.0000,  289.0000, -35.0000, 13.0000,  0, 0, 0
L 242.0000, -72.0000, 3.0000,  243.0000, -60.0000, 3.0000,  0, 0, 0
L 257.0000, -97.0000, 3.0000,  242.0000, -72.0000, 3.0000,  0, 0, 0
L 386.0000, -97.0000, 3.0000,  257.0000, -97.0000, 3.0000,  0, 0, 0
L 401.0000, -72.0000, 3.0000,  386.0000, -97.0000, 3.0000,  0, 0, 0
L 400.0000, -60.0000, 3.0000,  401.0000, -72.0000, 3.0000,  0, 0, 0
L 413.0000, -61.0000, 3.0000,  400.0000, -60.0000, 3.0000,  0, 0, 0
L 413.0000, -64.0000, 3.0000,  413.0000, -61.0000, 3.0000,  0, 0, 0
L 460.0000, -64.0000, 3.0000,  413.0000, -64.0000, 3.0000,  0, 0, 0
L 460.0000, -57.0000, 3.0000,  460.0000, -64.0000, 3.0000,  0, 0, 0
L 473.0000, -57.0000, 3.0000,  460.0000, -57.0000, 3.0000,  0, 0, 0
L 473.0000, -64.0000, 3.0000,  473.0000, -57.0000, 3.0000,  0, 0, 0
L 521.0000, -64.0000, 3.0000,  473.0000, -64.0000, 3.0000,  0, 0, 0
L 521.0000, -61.0000, 3.0000,  521.0000, -64.0000, 3.0000,  0, 0, 0
L 534.0000, -61.0000, 4.0000,  521.0000, -61.0000, 3.0000,  0, 0, 0
L 534.0000, -64.0000, 4.0000,  534.0000, -61.0000, 4.0000,  0, 0, 0
L 615.0000, -64.0000, -23.0000,  534.0000, -64.0000, 4.0000,  0, 0, 0
L 606.0000, -123.0000, -38.0000,  619.0000, -123.0000, -38.0000,  0, 0, 0
L 605.0000, -128.0000, -38.0000,  606.0000, -123.0000, -38.0000,  0, 0, 0
L 614.0000, -128.0000, -38.0000,  605.0000, -128.0000, -38.0000,  0, 0, 0
L 614.0000, -139.0000, -38.0000,  614.0000, -128.0000, -38.0000,  0, 0, 0
L 620.0000, -139.0000, -38.0000,  614.0000, -139.0000, -38.0000,  0, 0, 0
L 619.0000, -124.0000, -38.0000,  620.0000, -139.0000, -38.0000,  0, 0, 0
L 615.0000, 29.0000, -23.0000,  615.0000, -64.0000, -23.0000,  0, 0, 0
L 583.0000, 30.0000, -23.0000,  615.0000, 29.0000, -23.0000,  0, 0, 0
L 584.0000, 101.0000, -25.0000,  583.0000, 30.0000, -23.0000,  0, 0, 0
L 637.0000, 101.0000, -27.0000,  584.0000, 101.0000, -25.0000,  0, 0, 0
L 638.0000, 75.0000, -29.0000,  637.0000, 101.0000, -27.0000,  0, 0, 0
L 632.0000, 75.0000, -29.0000,  638.0000, 75.0000, -29.0000,  0, 0, 0
L 632.0000, 86.0000, -29.0000,  632.0000, 75.0000, -29.0000,  0, 0, 0
L 599.0000, 86.0000, -29.0000,  632.0000, 86.0000, -29.0000,  0, 0, 0
L 599.0000, 42.0000, -29.0000,  599.0000, 86.0000, -29.0000,  0, 0, 0
L 632.0000, 42.0000, -29.0000,  599.0000, 42.0000, -29.0000,  0, 0, 0
L 632.0000, 60.0000, -29.0000,  632.0000, 42.0000, -29.0000,  0, 0, 0
L 638.0000, 60.0000, -29.0000,  632.0000, 60.0000, -29.0000,  0, 0, 0
L 637.0000, -90.0000, -34.0000,  638.0000, 60.0000, -29.0000,  0, 0, 0
L 566.0000, -91.0000, -38.0000,  637.0000, -90.0000, -34.0000,  0, 0, 0
L 566.0000, -123.0000, -38.0000,  566.0000, -91.0000, -38.0000,  0, 0, 0
L 578.0000, -123.0000, -38.0000,  566.0000, -123.0000, -38.0000,  0, 0, 0
L 577.0000, -128.0000, -38.0000,  578.0000, -123.0000, -38.0000,  0, 0, 0
L 566.0000, -128.0000, -38.0000,  577.0000, -128.0000, -38.0000,  0, 0, 0
L 566.0000, -172.0000, -38.0000,  566.0000, -128.0000, -38.0000,  0, 0, 0
L 614.0000, -172.0000, -38.0000,  566.0000, -172.0000, -38.0000,  0, 0, 0
L 614.0000, -154.0000, -38.0000,  614.0000, -172.0000, -38.0000,  0, 0, 0
L 620.0000, -154.0000, -38.0000,  614.0000, -154.0000, -38.0000,  0, 0, 0
L 620.0000, -172.0000, -38.0000,  620.0000, -154.0000, -38.0000,  0, 0, 0
L 659.0000, -172.0000, -38.0000,  620.0000, -172.0000, -38.0000,  0, 0, 0
L 659.0000, -91.0000, -38.0000,  659.0000, -172.0000, -38.0000,  0, 0, 0
L 652.0000, -90.0000, -34.0000,  659.0000, -91.0000, -38.0000,  0, 0, 0
L 652.0000, -61.0000, -34.0000,  652.0000, -90.0000, -34.0000,  0, 0, 0
L 658.0000, -60.0000, -34.0000,  652.0000, -61.0000, -34.0000,  0, 0, 0
L 658.0000, -75.0000, -34.0000,  658.0000, -60.0000, -34.0000,  0, 0, 0
L 690.0000, -75.0000, -34.0000,  658.0000, -75.0000, -34.0000,  0, 0, 0
L 690.0000, -31.0000, -34.0000,  690.0000, -75.0000, -34.0000,  0, 0, 0
L 658.0000, -31.0000, -34.0000,  690.0000, -31.0000, -34.0000,  0, 0, 0
L 658.0000, -45.0000, -34.0000,  658.0000, -31.0000, -34.0000,  0, 0, 0
L 652.0000, -45.0000, -34.0000,  658.0000, -45.0000, -34.0000,  0, 0, 0
L 652.0000, 9.0000, -31.0000,  652.0000, -45.0000, -34.0000,  0, 0, 0
L 658.0000, 10.0000, -31.0000,  652.0000, 9.0000, -31.0000,  0, 0, 0
L 658.0000, -7.0000, -31.0000,  658.0000, 10.0000, -31.0000,  0, 0, 0
L 690.0000, -7.0000, -31.0000,  658.0000, -7.0000, -31.0000,  0, 0, 0
L 690.0000, 36.0000, -31.0000,  690.0000, -7.0000, -31.0000,  0, 0, 0
L 658.0000, 36.0000, -31.0000,  690.0000, 36.0000, -31.0000,  0, 0, 0
L 658.0000, 24.0000, -31.0000,  658.0000, 36.0000, -31.0000,  0, 0, 0
L 652.0000, 25.0000, -31.0000,  658.0000, 24.0000, -31.0000,  0, 0, 0
L 653.0000, 76.0000, -29.0000,  652.0000, 25.0000, -31.0000,  0, 0, 0
L 658.0000, 74.0000, -29.0000,  653.0000, 76.0000, -29.0000,  0, 0, 0
L 658.0000, 62.0000, -29.0000,  658.0000, 74.0000, -29.0000,  0, 0, 0
L 690.0000, 62.0000, -30.0000,  658.0000, 62.0000, -29.0000,  0, 0, 0
L 690.0000, 106.0000, -30.0000,  690.0000, 62.0000, -30.0000,  0, 0, 0
L 658.0000, 106.0000, -29.0000,  690.0000, 106.0000, -30.0000,  0, 0, 0
L 658.0000, 89.0000, -30.0000,  658.0000, 106.0000, -29.0000,  0, 0, 0
L 652.0000, 89.0000, -29.0000,  658.0000, 89.0000, -30.0000,  0, 0, 0
L 652.0000, 116.0000, -29.0000,  652.0000, 89.0000, -29.0000,  0, 0, 0
L 632.0000, 116.0000, -27.0000,  652.0000, 116.0000, -29.0000,  0, 0, 0
L 630.0000, 121.0000, -27.0000,  632.0000, 116.0000, -27.0000,  0, 0, 0
L 630.0000, 154.0000, -27.0000,  630.0000, 121.0000, -27.0000,  0, 0, 0
L 587.0000, 154.0000, -27.0000,  630.0000, 154.0000, -27.0000,  0, 0, 0
L 585.0000, 116.0000, -27.0000,  587.0000, 154.0000, -27.0000,  0, 0, 0
L 569.0000, 116.0000, -27.0000,  585.0000, 116.0000, -27.0000,  0, 0, 0
L 569.0000, 85.0000, -25.0000,  569.0000, 116.0000, -27.0000,  0, 0, 0
L 563.0000, 84.0000, -25.0000,  569.0000, 85.0000, -25.0000,  0, 0, 0
L 563.0000, 98.0000, -25.0000,  563.0000, 84.0000, -25.0000,  0, 0, 0
L 531.0000, 98.0000, -25.0000,  563.0000, 98.0000, -25.0000,  0, 0, 0
L 531.0000, 54.0000, -25.0000,  531.0000, 98.0000, -25.0000,  0, 0, 0
L 563.0000, 54.0000, -25.0000,  531.0000, 54.0000, -25.0000,  0, 0, 0
L 563.0000, 70.0000, -25.0000,  563.0000, 54.0000, -25.0000,  0, 0, 0
L 569.0000, 69.0000, -25.0000,  563.0000, 70.0000, -25.0000,  0, 0, 0
L 568.0000, 29.0000, -23.0000,  569.0000, 69.0000, -25.0000,  0, 0, 0
L 539.0000, 29.0000, -23.0000,  568.0000, 29.0000, -23.0000,  0, 0, 0
L 539.0000, -34.0000, -23.0000,  539.0000, 29.0000, -23.0000,  0, 0, 0
L 582.0000, -34.0000, -23.0000,  539.0000, -34.0000, -23.0000,  0, 0, 0
L 583.0000, -39.0000, -20.0000,  582.0000, -34.0000, -23.0000,  0, 0, 0
L 534.0000, -39.0000, 4.0000,  583.0000, -39.0000, -20.0000,  0, 0, 0
L 534.0000, -43.0000, 4.0000,  534.0000, -39.0000, 4.0000,  0, 0, 0
L 521.0000, -42.0000, 3.0000,  534.0000, -43.0000, 4.0000,  0, 0, 0
L 521.0000, -39.0000, 3.0000,  521.0000, -42.0000, 3.0000,  0, 0, 0
L 473.0000, -39.0000, 3.0000,  521.0000, -39.0000, 3.0000,  0, 0, 0
L 473.0000, -47.0000, 3.0000,  473.0000, -39.0000, 3.0000,  0, 0, 0
L 460.0000, -46.0000, 3.0000,  473.0000, -47.0000, 3.0000,  0, 0, 0
L 460.0000, -39.0000, 3.0000,  460.0000, -46.0000, 3.0000,  0, 0, 0
L 413.0000, -39.0000, 3.0000,  460.0000, -39.0000, 3.0000,  0, 0, 0
L 412.0000, -43.0000, 3.0000,  413.0000, -39.0000, 3.0000,  0, 0, 0
L 400.0000, -43.0000, 3.0000,  412.0000, -43.0000, 3.0000,  0, 0, 0
L 401.0000, -31.0000, 3.0000,  400.0000, -43.0000, 3.0000,  0, 0, 0
L 386.0000, -6.0000, 3.0000,  401.0000, -31.0000, 3.0000,  0, 0, 0
L 257.0000, -6.0000, 3.0000,  386.0000, -6.0000, 3.0000,  0, 0, 0
L 242.0000, -31.0000, 3.0000,  257.0000, -6.0000, 3.0000,  0, 0, 0
L 243.0000, -43.0000, 3.0000,  242.0000, -31.0000, 3.0000,  0, 0, 0
L 230.0000, -42.0000, 3.0000,  243.0000, -43.0000, 3.0000,  0, 0, 0
L 230.0000, -39.0000, 3.0000,  230.0000, -42.0000, 3.0000,  0, 0, 0
L 183.0000, -39.0000, 3.0000,  230.0000, -39.0000, 3.0000,  0, 0, 0
L 183.0000, -47.0000, 3.0000,  183.0000, -39.0000, 3.0000,  0, 0, 0
L 170.0000, -46.0000, 3.0000,  183.0000, -47.0000, 3.0000,  0, 0, 0
L 170.0000, -39.0000, 3.0000,  170.0000, -46.0000, 3.0000,  0, 0, 0
L 133.0000, -38.0000, 3.0000,  170.0000, -39.0000, 3.0000,  0, 0, 0
L 134.0000, -11.0000, 3.0000,  133.0000, -38.0000, 3.0000,  0, 0, 0
L 166.0000, -10.0000, 3.0000,  134.0000, -11.0000, 3.0000,  0, 0, 0
L 168.0000, -9.0000, 3.0000,  166.0000, -10.0000, 3.0000,  0, 0, 0
L 169.0000, 10.0000, 3.0000,  168.0000, -9.0000, 3.0000,  0, 0, 0
L 165.0000, 13.0000, 3.0000,  169.0000, 10.0000, 3.0000,  0, 0, 0
L 96.0000, 13.0000, 3.0000,  165.0000, 13.0000, 3.0000,  0, 0, 0
L 95.0000, -20.0000, 3.0000,  96.0000, 13.0000, 3.0000,  0, 0, 0
L 81.0000, -20.0000, 3.0000,  95.0000, -20.0000, 3.0000,  0, 0, 0
L 80.0000, 12.0000, 3.0000,  81.0000, -20.0000, 3.0000,  0, 0, 0
L 6.0000, 12.0000, 3.0000,  80.0000, 12.0000, 3.0000,  0, 0, 0
L 6.0000, 5.0000, 3.0000,  6.0000, 12.0000, 3.0000,  0, 0, 0
L -6.0000, 4.0000, 3.0000,  6.0000, 5.0000, 3.0000,  0, 0, 0
L -6.0000, 12.0000, 3.0000,  -6.0000, 4.0000, 3.0000,  0, 0, 0
L -53.0000, 12.0000, 3.0000,  -6.0000, 12.0000, 3.0000,  0, 0, 0
L -53.0000, 8.0000, 3.0000,  -53.0000, 12.0000, 3.0000,  0, 0, 0
L -66.0000, 8.0000, 3.0000,  -53.0000, 8.0000, 3.0000,  0, 0, 0
L -65.0000, 20.0000, 3.0000,  -66.0000, 8.0000, 3.0000,  0, 0, 0
L -80.0000, 45.0000, 3.0000,  -65.0000, 20.0000, 3.0000,  0, 0, 0
L -209.0000, 45.0000, 3.0000,  -80.0000, 45.0000, 3.0000,  0, 0, 0
L -224.0000, 20.0000, 3.0000,  -209.0000, 45.0000, 3.0000,  0, 0, 0
L -223.0000, 9.0000, 3.0000,  -224.0000, 20.0000, 3.0000,  0, 0, 0
L -236.0000, 9.0000, 3.0000,  -223.0000, 9.0000, 3.0000,  0, 0, 0
L -236.0000, 12.0000, 3.0000,  -236.0000, 9.0000, 3.0000,  0, 0, 0
L -283.0000, 12.0000, 3.0000,  -236.0000, 12.0000, 3.0000,  0, 0, 0
L -283.0000, 5.0000, 3.0000,  -283.0000, 12.0000, 3.0000,  0, 0, 0
L -296.0000, 5.0000, 3.0000,  -283.0000, 5.0000, 3.0000,  0, 0, 0
L -297.0000, 38.0000, 3.0000,  -296.0000, 5.0000, 3.0000,  0, 0, 0
L -363.0000, 38.0000, 3.0000,  -297.0000, 38.0000, 3.0000,  0, 0, 0
L -370.0000, 32.0000, 3.0000,  -363.0000, 38.0000, 3.0000,  0, 0, 0
L -370.0000, 19.0000, 3.0000,  -370.0000, 32.0000, 3.0000,  0, 0, 0
L -366.0000, 13.0000, 3.0000,  -370.0000, 19.0000, 3.0000,  0, 0, 0
L -335.0000, 12.0000, 3.0000,  -366.0000, 13.0000, 3.0000,  0, 0, 0
L -335.0000, -14.0000, 3.0000,  -335.0000, 12.0000, 3.0000,  0, 0, 0
L -371.0000, -15.0000, 3.0000,  -335.0000, -14.0000, 3.0000,  0, 0, 0
L -371.0000, -22.0000, 3.0000,  -371.0000, -15.0000, 3.0000,  0, 0, 0
L -385.0000, -22.0000, 3.0000,  -371.0000, -22.0000, 3.0000,  0, 0, 0
L -385.0000, -15.0000, 3.0000,  -385.0000, -22.0000, 3.0000,  0, 0, 0
L -432.0000, -15.0000, 3.0000,  -385.0000, -15.0000, 3.0000,  0, 0, 0
L -432.0000, -18.0000, 3.0000,  -432.0000, -15.0000, 3.0000,  0, 0, 0
L -445.0000, -18.0000, 3.0000,  -432.0000, -18.0000, 3.0000,  0, 0, 0
L -445.0000, -15.0000, 3.0000,  -445.0000, -18.0000, 3.0000,  0, 0, 0
L -476.0000, -15.0000, 3.0000,  -445.0000, -15.0000, 3.0000,  0, 0, 0
L -477.0000, -42.0000, 9.0000,  -476.0000, -15.0000, 3.0000,  0, 0, 0
L -505.0000, -42.0000, 23.0000,  -477.0000, -42.0000, 9.0000,  0, 0, 0
L -504.0000, -2.0000, 23.0000,  -505.0000, -42.0000, 23.0000,  0, 0, 0
L -468.0000, -1.0000, 23.0000,  -504.0000, -2.0000, 23.0000,  0, 0, 0
L -428.0000, 15.0000, 23.0000,  -468.0000, -1.0000, 23.0000,  0, 0, 0
L -408.0000, 65.0000, 20.0000,  -428.0000, 15.0000, 23.0000,  0, 0, 0
L -427.0000, 114.0000, 17.0000,  -408.0000, 65.0000, 20.0000,  0, 0, 0
L -474.0000, 133.0000, 14.0000,  -427.0000, 114.0000, 17.0000,  0, 0, 0
L -524.0000, 115.0000, 11.0000,  -474.0000, 133.0000, 14.0000,  0, 0, 0
L -536.0000, 90.0000, 7.0000,  -524.0000, 115.0000, 11.0000,  0, 0, 0
L -570.0000, 90.0000, 3.0000,  -536.0000, 90.0000, 7.0000,  0, 0, 0
L -572.0000, 85.0000, 3.0000,  -570.0000, 90.0000, 3.0000,  0, 0, 0
L -582.0000, 85.0000, 3.0000,  -572.0000, 85.0000, 3.0000,  0, 0, 0
L -583.0000, 98.0000, 3.0000,  -582.0000, 85.0000, 3.0000,  0, 0, 0
L -579.0000, 98.0000, 3.0000,  -583.0000, 98.0000, 3.0000,  0, 0, 0
L -579.0000, 145.0000, 3.0000,  -579.0000, 98.0000, 3.0000,  0, 0, 0
L -586.0000, 145.0000, 3.0000,  -579.0000, 145.0000, 3.0000,  0, 0, 0
L -586.0000, 159.0000, 3.0000,  -586.0000, 145.0000, 3.0000,  0, 0, 0
L -568.0000, 160.0000, 3.0000,  -586.0000, 159.0000, 3.0000,  0, 0, 0
L -567.0000, 205.0000, 3.0000,  -568.0000, 160.0000, 3.0000,  0, 0, 0
L -485.0000, 205.0000, 3.0000,  -567.0000, 205.0000, 3.0000,  0, 0, 0
L -485.0000, 320.0000, 3.0000,  -485.0000, 205.0000, 3.0000,  0, 0, 0
L -502.0000, 321.0000, 3.0000,  -485.0000, 320.0000, 3.0000,  0, 0, 0
L -503.0000, 334.0000, 3.0000,  -502.0000, 321.0000, 3.0000,  0, 0, 0
L -495.0000, 334.0000, 3.0000,  -503.0000, 334.0000, 3.0000,  0, 0, 0
L -495.0000, 391.0000, -47.0000,  -495.0000, 334.0000, 3.0000,  0, 0, 0
L -499.0000, 391.0000, -46.0000,  -495.0000, 391.0000, -47.0000,  0, 0, 0
L -499.0000, 403.0000, -56.0000,  -499.0000, 391.0000, -46.0000,  0, 0, 0
L -488.0000, 402.0000, -56.0000,  -499.0000, 403.0000, -56.0000,  0, 0, 0
L -487.0000, 398.0000, -55.0000,  -488.0000, 402.0000, -56.0000,  0, 0, 0
L -441.0000, 398.0000, -56.0000,  -487.0000, 398.0000, -55.0000,  0, 0, 0
L -440.0000, 433.0000, -56.0000,  -441.0000, 398.0000, -56.0000,  0, 0, 0
L -426.0000, 433.0000, -56.0000,  -440.0000, 433.0000, -56.0000,  0, 0, 0
L -425.0000, 415.0000, -56.0000,  -426.0000, 433.0000, -56.0000,  0, 0, 0
L -379.0000, 414.0000, -56.0000,  -425.0000, 415.0000, -56.0000,  0, 0, 0
L -328.0000, 332.0000, -56.0000,  -379.0000, 414.0000, -56.0000,  0, 0, 0
L -265.0000, 332.0000, -56.0000,  -328.0000, 332.0000, -56.0000,  0, 0, 0
L -264.0000, 350.0000, -56.0000,  -265.0000, 332.0000, -56.0000,  0, 0, 0
L -251.0000, 349.0000, -56.0000,  -264.0000, 350.0000, -56.0000,  0, 0, 0
L -251.0000, 338.0000, -56.0000,  -251.0000, 349.0000, -56.0000,  0, 0, 0
L -232.0000, 309.0000, -56.0000,  -251.0000, 338.0000, -56.0000,  0, 0, 0
L -215.0000, 309.0000, -56.0000,  -232.0000, 309.0000, -56.0000,  0, 0, 0
L -215.0000, 325.0000, -56.0000,  -215.0000, 309.0000, -56.0000,  0, 0, 0
L -210.0000, 325.0000, -56.0000,  -215.0000, 325.0000, -56.0000,  0, 0, 0
L -210.0000, 309.0000, -56.0000,  -210.0000, 325.0000, -56.0000,  0, 0, 0
L -188.0000, 309.0000, -56.0000,  -210.0000, 309.0000, -56.0000,  0, 0, 0
L -169.0000, 334.0000, -56.0000,  -188.0000, 309.0000, -56.0000,  0, 0, 0
L -169.0000, 345.0000, -56.0000,  -169.0000, 334.0000, -56.0000,  0, 0, 0
L -156.0000, 345.0000, -56.0000,  -169.0000, 345.0000, -56.0000,  0, 0, 0
L -156.0000, 342.0000, -56.0000,  -156.0000, 345.0000, -56.0000,  0, 0, 0
L -109.0000, 342.0000, -56.0000,  -156.0000, 342.0000, -56.0000,  0, 0, 0
L -109.0000, 349.0000, -56.0000,  -109.0000, 342.0000, -56.0000,  0, 0, 0
L -96.0000, 349.0000, -56.0000,  -109.0000, 349.0000, -56.0000,  0, 0, 0
L -96.0000, 342.0000, -56.0000,  -96.0000, 349.0000, -56.0000,  0, 0, 0
L -39.0000, 342.0000, -107.0000,  -96.0000, 342.0000, -56.0000,  0, 0, 0
L -38.0000, 344.0000, -106.0000,  -39.0000, 342.0000, -107.0000,  0, 0, 0
L -27.0000, 345.0000, -116.0000,  -38.0000, 344.0000, -106.0000,  0, 0, 0
L -28.0000, 334.0000, -116.0000,  -27.0000, 345.0000, -116.0000,  0, 0, 0
L -32.0000, 334.0000, -116.0000,  -28.0000, 334.0000, -116.0000,  0, 0, 0
L -32.0000, 287.0000, -116.0000,  -32.0000, 334.0000, -116.0000,  0, 0, 0
L 2.0000, 286.0000, -116.0000,  -32.0000, 287.0000, -116.0000,  0, 0, 0
L 2.0000, 273.0000, -116.0000,  2.0000, 286.0000, -116.0000,  0, 0, 0
L -31.0000, 272.0000, -116.0000,  2.0000, 273.0000, -116.0000,  0, 0, 0
L -31.0000, 235.0000, -116.0000,  -31.0000, 272.0000, -116.0000,  0, 0, 0
L -26.0000, 225.0000, -116.0000,  -31.0000, 235.0000, -116.0000,  0, 0, 0
L -26.0000, 200.0000, -116.0000,  -26.0000, 225.0000, -116.0000,  0, 0, 0
L 0.0000, 199.0000, -116.0000,  -26.0000, 200.0000, -116.0000,  0, 0, 0
L 8.0000, 194.0000, -116.0000,  0.0000, 199.0000, -116.0000,  0, 0, 0
L 46.0000, 194.0000, -116.0000,  8.0000, 194.0000, -116.0000,  0, 0, 0
L 47.0000, 229.0000, -116.0000,  46.0000, 194.0000, -116.0000,  0, 0, 0
L 60.0000, 228.0000, -116.0000,  47.0000, 229.0000, -116.0000,  0, 0, 0
L 60.0000, 221.0000, -116.0000,  60.0000, 228.0000, -116.0000,  0, 0, 0
L 107.0000, 221.0000, -116.0000,  60.0000, 221.0000, -116.0000,  0, 0, 0
L 107.0000, 224.0000, -116.0000,  107.0000, 221.0000, -116.0000,  0, 0, 0
L 120.0000, 224.0000, -116.0000,  107.0000, 224.0000, -116.0000,  0, 0, 0
L 119.0000, 213.0000, -116.0000,  120.0000, 224.0000, -116.0000,  0, 0, 0
L 134.0000, 188.0000, -116.0000,  119.0000, 213.0000, -116.0000,  0, 0, 0
L 263.0000, 188.0000, -116.0000,  134.0000, 188.0000, -116.0000,  0, 0, 0
L 280.0000, 217.0000, -116.0000,  263.0000, 188.0000, -116.0000,  0, 0, 0
L 278.0000, 229.0000, -116.0000,  280.0000, 217.0000, -116.0000,  0, 0, 0
L 291.0000, 228.0000, -116.0000,  278.0000, 229.0000, -116.0000,  0, 0, 0
L 291.0000, 221.0000, -116.0000,  291.0000, 228.0000, -116.0000,  0, 0, 0
L 338.0000, 221.0000, -116.0000,  291.0000, 221.0000, -116.0000,  0, 0, 0
L 338.0000, 224.0000, -116.0000,  338.0000, 221.0000, -116.0000,  0, 0, 0
L 351.0000, 225.0000, -115.0000,  338.0000, 224.0000, -116.0000,  0, 0, 0
L 351.0000, 221.0000, -115.0000,  351.0000, 225.0000, -115.0000,  0, 0, 0
L 388.0000, 221.0000, -115.0000,  351.0000, 221.0000, -115.0000,  0, 0, 0
L 388.0000, 224.0000, -115.0000,  388.0000, 221.0000, -115.0000,  0, 0, 0
L 401.0000, 224.0000, -116.0000,  388.0000, 224.0000, -115.0000,  0, 0, 0
L 481.0000, 253.0000, -96.0000,  481.0000, 302.0000, -96.0000,  0, 0, 0
L 481.0000, 165.0000, -96.0000,  481.0000, 212.0000, -96.0000,  0, 0, 0
L 455.0000, 290.0000, -108.0000,  449.0000, 290.0000, -112.0000,  0, 0, 0
L 460.0000, 287.0000, -106.0000,  455.0000, 290.0000, -108.0000,  0, 0, 0
L 464.0000, 282.0000, -103.0000,  460.0000, 287.0000, -106.0000,  0, 0, 0
L 464.0000, 186.0000, -103.0000,  464.0000, 282.0000, -103.0000,  0, 0, 0
L 461.0000, 181.0000, -106.0000,  464.0000, 186.0000, -103.0000,  0, 0, 0
L 457.0000, 178.0000, -108.0000,  461.0000, 181.0000, -106.0000,  0, 0, 0
L 454.0000, 177.0000, -109.0000,  457.0000, 178.0000, -108.0000,  0, 0, 0
L 447.0000, 177.0000, -113.0000,  454.0000, 177.0000, -109.0000,  0, 0, 0
L 400.0000, 213.0000, -116.0000,  401.0000, 224.0000, -116.0000,  0, 0, 0
L 396.0000, 213.0000, -116.0000,  400.0000, 213.0000, -116.0000,  0, 0, 0
L 396.0000, 206.0000, -116.0000,  396.0000, 213.0000, -116.0000,  0, 0, 0
L 412.0000, 206.0000, -116.0000,  396.0000, 206.0000, -116.0000,  0, 0, 0
L 412.0000, 193.0000, -116.0000,  412.0000, 206.0000, -116.0000,  0, 0, 0
L 416.0000, 192.0000, -116.0000,  412.0000, 193.0000, -116.0000,  0, 0, 0
L 416.0000, 165.0000, -116.0000,  416.0000, 192.0000, -116.0000,  0, 0, 0
L 511.0000, 165.0000, -96.0000,  416.0000, 165.0000, -116.0000,  0, 0, 0
L 511.0000, 174.0000, -96.0000,  511.0000, 165.0000, -96.0000,  0, 0, 0
L 508.0000, 174.0000, -96.0000,  511.0000, 174.0000, -96.0000,  0, 0, 0
L 505.0000, 175.0000, -96.0000,  508.0000, 174.0000, -96.0000,  0, 0, 0
L 499.0000, 176.0000, -96.0000,  505.0000, 175.0000, -96.0000,  0, 0, 0
L 499.0000, 180.0000, -96.0000,  499.0000, 176.0000, -96.0000,  0, 0, 0
L 502.0000, 182.0000, -96.0000,  499.0000, 180.0000, -96.0000,  0, 0, 0
L 505.0000, 182.0000, -96.0000,  502.0000, 182.0000, -96.0000,  0, 0, 0
L 511.0000, 183.0000, -91.0000,  505.0000, 182.0000, -96.0000,  0, 0, 0
L 509.0000, 301.0000, -96.0000,  511.0000, 183.0000, -91.0000,  0, 0, 0
L 481.0000, 302.0000, -96.0000,  509.0000, 301.0000, -96.0000,  0, 0, 0
L 476.0000, 302.0000, -105.0000,  481.0000, 302.0000, -96.0000,  0, 0, 0
L 416.0000, 302.0000, -116.0000,  476.0000, 302.0000, -105.0000,  0, 0, 0
L 416.0000, 275.0000, -116.0000,  416.0000, 302.0000, -116.0000,  0, 0, 0
L 396.0000, 274.0000, -116.0000,  416.0000, 275.0000, -116.0000,  0, 0, 0
L 396.0000, 254.0000, -116.0000,  396.0000, 274.0000, -116.0000,  0, 0, 0
L 401.0000, 253.0000, -116.0000,  396.0000, 254.0000, -116.0000,  0, 0, 0
L 401.0000, 243.0000, -116.0000,  401.0000, 253.0000, -116.0000,  0, 0, 0
L 388.0000, 242.0000, -115.0000,  401.0000, 243.0000, -116.0000,  0, 0, 0
L 388.0000, 246.0000, -115.0000,  388.0000, 242.0000, -115.0000,  0, 0, 0
L 351.0000, 246.0000, -115.0000,  388.0000, 246.0000, -115.0000,  0, 0, 0
L 351.0000, 243.0000, -115.0000,  351.0000, 246.0000, -115.0000,  0, 0, 0
L 338.0000, 242.0000, -116.0000,  351.0000, 243.0000, -115.0000,  0, 0, 0
L 338.0000, 246.0000, -116.0000,  338.0000, 242.0000, -116.0000,  0, 0, 0
L 291.0000, 246.0000, -116.0000,  338.0000, 246.0000, -116.0000,  0, 0, 0
L 291.0000, 239.0000, -116.0000,  291.0000, 246.0000, -116.0000,  0, 0, 0
L 278.0000, 239.0000, -116.0000,  291.0000, 239.0000, -116.0000,  0, 0, 0
L 278.0000, 249.0000, -116.0000,  278.0000, 239.0000, -116.0000,  0, 0, 0
L 280.0000, 250.0000, -116.0000,  278.0000, 249.0000, -116.0000,  0, 0, 0
L 263.0000, 279.0000, -116.0000,  280.0000, 250.0000, -116.0000,  0, 0, 0
L 134.0000, 279.0000, -116.0000,  263.0000, 279.0000, -116.0000,  0, 0, 0
L 119.0000, 254.0000, -116.0000,  134.0000, 279.0000, -116.0000,  0, 0, 0
L 120.0000, 243.0000, -116.0000,  119.0000, 254.0000, -116.0000,  0, 0, 0
L 107.0000, 242.0000, -116.0000,  120.0000, 243.0000, -116.0000,  0, 0, 0
L 107.0000, 246.0000, -116.0000,  107.0000, 242.0000, -116.0000,  0, 0, 0
L 60.0000, 246.0000, -116.0000,  107.0000, 246.0000, -116.0000,  0, 0, 0
L 60.0000, 239.0000, -116.0000,  60.0000, 246.0000, -116.0000,  0, 0, 0
L 47.0000, 238.0000, -116.0000,  60.0000, 239.0000, -116.0000,  0, 0, 0
L 46.0000, 272.0000, -116.0000,  47.0000, 238.0000, -116.0000,  0, 0, 0
L 12.0000, 273.0000, -116.0000,  46.0000, 272.0000, -116.0000,  0, 0, 0
L 12.0000, 286.0000, -116.0000,  12.0000, 273.0000, -116.0000,  0, 0, 0
L 45.0000, 287.0000, -116.0000,  12.0000, 286.0000, -116.0000,  0, 0, 0
L 45.0000, 306.0000, -116.0000,  45.0000, 287.0000, -116.0000,  0, 0, 0
L 40.0000, 317.0000, -116.0000,  45.0000, 306.0000, -116.0000,  0, 0, 0
L 40.0000, 345.0000, -116.0000,  40.0000, 317.0000, -116.0000,  0, 0, 0
L 45.0000, 355.0000, -116.0000,  40.0000, 345.0000, -116.0000,  0, 0, 0
L 45.0000, 365.0000, -116.0000,  45.0000, 355.0000, -116.0000,  0, 0, 0
L 0.0000, 365.0000, -116.0000,  45.0000, 365.0000, -116.0000,  0, 0, 0
L 0.0000, 361.0000, -116.0000,  0.0000, 365.0000, -116.0000,  0, 0, 0
L -10.0000, 361.0000, -116.0000,  0.0000, 361.0000, -116.0000,  0, 0, 0
L -9.0000, 372.0000, -106.0000,  -10.0000, 361.0000, -116.0000,  0, 0, 0
L -7.0000, 372.0000, -106.0000,  -9.0000, 372.0000, -106.0000,  0, 0, 0
L -7.0000, 429.0000, -56.0000,  -7.0000, 372.0000, -106.0000,  0, 0, 0
L -15.0000, 429.0000, -56.0000,  -7.0000, 429.0000, -56.0000,  0, 0, 0
L -15.0000, 443.0000, -56.0000,  -15.0000, 429.0000, -56.0000,  0, 0, 0
L -4.0000, 443.0000, -56.0000,  -15.0000, 443.0000, -56.0000,  0, 0, 0
L -3.0000, 438.0000, -56.0000,  -4.0000, 443.0000, -56.0000,  0, 0, 0
L 25.0000, 438.0000, -56.0000,  -3.0000, 438.0000, -56.0000,  0, 0, 0
L 25.0000, 496.0000, -49.0000,  25.0000, 438.0000, -56.0000,  0, 0, 0
L -2.0000, 496.0000, -56.0000,  25.0000, 496.0000, -49.0000,  0, 0, 0
L -2.0000, 478.0000, -56.0000,  -2.0000, 496.0000, -56.0000,  0, 0, 0
L -7.0000, 477.0000, -56.0000,  -2.0000, 478.0000, -56.0000,  0, 0, 0
L -7.0000, 519.0000, -56.0000,  -7.0000, 477.0000, -56.0000,  0, 0, 0
L -29.0000, 520.0000, -56.0000,  -7.0000, 519.0000, -56.0000,  0, 0, 0
L -29.0000, 536.0000, -56.0000,  -29.0000, 520.0000, -56.0000,  0, 0, 0
L -79.0000, 536.0000, -56.0000,  -29.0000, 536.0000, -56.0000,  0, 0, 0
L -79.0000, 502.0000, -56.0000,  -79.0000, 536.0000, -56.0000,  0, 0, 0
L -83.0000, 502.0000, -56.0000,  -79.0000, 502.0000, -56.0000,  0, 0, 0
L -83.0000, 554.0000, -56.0000,  -83.0000, 502.0000, -56.0000,  0, 0, 0
L -126.0000, 554.0000, -56.0000,  -83.0000, 554.0000, -56.0000,  0, 0, 0
L -126.0000, 463.0000, -56.0000,  -126.0000, 554.0000, -56.0000,  0, 0, 0
L -70.0000, 463.0000, -56.0000,  -126.0000, 463.0000, -56.0000,  0, 0, 0
L -70.0000, 496.0000, -56.0000,  -70.0000, 463.0000, -56.0000,  0, 0, 0
L -65.0000, 497.0000, -56.0000,  -70.0000, 496.0000, -56.0000,  0, 0, 0
L -65.0000, 499.0000, -56.0000,  -65.0000, 497.0000, -56.0000,  0, 0, 0
L -65.0000, 438.0000, -56.0000,  -65.0000, 499.0000, -56.0000,  0, 0, 0
L -36.0000, 438.0000, -56.0000,  -65.0000, 438.0000, -56.0000,  0, 0, 0
L -35.0000, 443.0000, -56.0000,  -36.0000, 438.0000, -56.0000,  0, 0, 0
L -25.0000, 443.0000, -56.0000,  -35.0000, 443.0000, -56.0000,  0, 0, 0
L -24.0000, 429.0000, -56.0000,  -25.0000, 443.0000, -56.0000,  0, 0, 0
L -32.0000, 429.0000, -56.0000,  -24.0000, 429.0000, -56.0000,  0, 0, 0
L -32.0000, 373.0000, -107.0000,  -32.0000, 429.0000, -56.0000,  0, 0, 0
L -29.0000, 372.0000, -106.0000,  -32.0000, 373.0000, -107.0000,  0, 0, 0
L -27.0000, 363.0000, -116.0000,  -29.0000, 372.0000, -106.0000,  0, 0, 0
L -39.0000, 363.0000, -107.0000,  -27.0000, 363.0000, -116.0000,  0, 0, 0
L -39.0000, 366.0000, -107.0000,  -39.0000, 363.0000, -107.0000,  0, 0, 0
L -96.0000, 366.0000, -56.0000,  -39.0000, 366.0000, -107.0000,  0, 0, 0
L -96.0000, 359.0000, -56.0000,  -96.0000, 366.0000, -56.0000,  0, 0, 0
L -109.0000, 359.0000, -56.0000,  -96.0000, 359.0000, -56.0000,  0, 0, 0
L -109.0000, 366.0000, -56.0000,  -109.0000, 359.0000, -56.0000,  0, 0, 0
L -156.0000, 366.0000, -56.0000,  -109.0000, 366.0000, -56.0000,  0, 0, 0
L -156.0000, 363.0000, -56.0000,  -156.0000, 366.0000, -56.0000,  0, 0, 0
L -169.0000, 363.0000, -56.0000,  -156.0000, 363.0000, -56.0000,  0, 0, 0
L -168.0000, 374.0000, -56.0000,  -169.0000, 363.0000, -56.0000,  0, 0, 0
L -188.0000, 400.0000, -56.0000,  -168.0000, 374.0000, -56.0000,  0, 0, 0
L -210.0000, 400.0000, -56.0000,  -188.0000, 400.0000, -56.0000,  0, 0, 0
L -210.0000, 384.0000, -56.0000,  -210.0000, 400.0000, -56.0000,  0, 0, 0
L -215.0000, 384.0000, -56.0000,  -210.0000, 384.0000, -56.0000,  0, 0, 0
L -215.0000, 400.0000, -56.0000,  -215.0000, 384.0000, -56.0000,  0, 0, 0
L -215.0000, 339.0000, -56.0000,  -215.0000, 370.0000, -56.0000,  0, 0, 0
L -210.0000, 340.0000, -56.0000,  -215.0000, 339.0000, -56.0000,  0, 0, 0
L -210.0000, 370.0000, -56.0000,  -210.0000, 340.0000, -56.0000,  0, 0, 0
L -215.0000, 370.0000, -56.0000,  -210.0000, 370.0000, -56.0000,  0, 0, 0
L -232.0000, 400.0000, -56.0000,  -215.0000, 400.0000, -56.0000,  0, 0, 0
L -251.0000, 371.0000, -56.0000,  -232.0000, 400.0000, -56.0000,  0, 0, 0
L -251.0000, 360.0000, -56.0000,  -251.0000, 371.0000, -56.0000,  0, 0, 0
L -264.0000, 359.0000, -56.0000,  -251.0000, 360.0000, -56.0000,  0, 0, 0
L -265.0000, 377.0000, -56.0000,  -264.0000, 359.0000, -56.0000,  0, 0, 0
L -311.0000, 378.0000, -56.0000,  -265.0000, 377.0000, -56.0000,  0, 0, 0
L -358.0000, 461.0000, -56.0000,  -311.0000, 378.0000, -56.0000,  0, 0, 0
L -425.0000, 461.0000, -56.0000,  -358.0000, 461.0000, -56.0000,  0, 0, 0
L -426.0000, 443.0000, -56.0000,  -425.0000, 461.0000, -56.0000,  0, 0, 0
L -440.0000, 443.0000, -56.0000,  -426.0000, 443.0000, -56.0000,  0, 0, 0
L -441.0000, 476.0000, -56.0000,  -440.0000, 443.0000, -56.0000,  0, 0, 0
L -474.0000, 477.0000, -56.0000,  -441.0000, 476.0000, -56.0000,  0, 0, 0
L -475.0000, 491.0000, -56.0000,  -474.0000, 477.0000, -56.0000,  0, 0, 0
L -467.0000, 491.0000, -56.0000,  -475.0000, 491.0000, -56.0000,  0, 0, 0
L -467.0000, 538.0000, -56.0000,  -467.0000, 491.0000, -56.0000,  0, 0, 0
L -470.0000, 538.0000, -56.0000,  -467.0000, 538.0000, -56.0000,  0, 0, 0
L -471.0000, 551.0000, -56.0000,  -470.0000, 538.0000, -56.0000,  0, 0, 0
L -467.0000, 551.0000, -56.0000,  -471.0000, 551.0000, -56.0000,  0, 0, 0
L -493.0000, 570.0000, -56.0000,  -492.0000, 611.0000, -36.0000,  0, 0, 0
L -556.0000, 570.0000, -51.0000,  -493.0000, 570.0000, -56.0000,  0, 0, 0
L -566.0000, 543.0000, -48.0000,  -556.0000, 570.0000, -51.0000,  0, 0, 0
L -596.0000, 530.0000, -45.0000,  -566.0000, 543.0000, -48.0000,  0, 0, 0
L -626.0000, 544.0000, -42.0000,  -596.0000, 530.0000, -45.0000,  0, 0, 0
L -617.0000, 552.0000, -42.0000,  -626.0000, 544.0000, -42.0000,  0, 0, 0
L -596.0000, 544.0000, -42.0000,  -617.0000, 552.0000, -42.0000,  0, 0, 0
L -575.0000, 552.0000, -42.0000,  -596.0000, 544.0000, -42.0000,  0, 0, 0
L -567.0000, 571.0000, -42.0000,  -575.0000, 552.0000, -42.0000,  0, 0, 0
L -575.0000, 590.0000, -42.0000,  -567.0000, 571.0000, -42.0000,  0, 0, 0
L -596.0000, 598.0000, -42.0000,  -575.0000, 590.0000, -42.0000,  0, 0, 0
L -616.0000, 591.0000, -42.0000,  -596.0000, 598.0000, -42.0000,  0, 0, 0
L -625.0000, 570.0000, -42.0000,  -616.0000, 591.0000, -42.0000,  0, 0, 0
L -637.0000, 570.0000, -42.0000,  -625.0000, 570.0000, -42.0000,  0, 0, 0
L -625.0000, 601.0000, -36.0000,  -637.0000, 570.0000, -42.0000,  0, 0, 0
L -594.0000, 612.0000, -36.0000,  -625.0000, 601.0000, -36.0000,  0, 0, 0
L -492.0000, 610.0000, -36.0000,  -594.0000, 612.0000, -36.0000,  0, 0, 0
L -467.0000, 704.0000, -36.0000,  -467.0000, 551.0000, -56.0000,  0, 0, 0
L -631.0000, 704.0000, -56.0000,  -467.0000, 704.0000, -36.0000,  0, 0, 0
L -631.0000, 685.0000, -56.0000,  -631.0000, 704.0000, -56.0000,  0, 0, 0
L -626.0000, 683.0000, -56.0000,  -631.0000, 685.0000, -56.0000,  0, 0, 0
L -626.0000, 673.0000, -56.0000,  -626.0000, 683.0000, -56.0000,  0, 0, 0
L -639.0000, 673.0000, -56.0000,  -626.0000, 673.0000, -56.0000,  0, 0, 0
L -639.0000, 676.0000, -56.0000,  -639.0000, 673.0000, -56.0000,  0, 0, 0
L -686.0000, 676.0000, -56.0000,  -639.0000, 676.0000, -56.0000,  0, 0, 0
L -686.0000, 669.0000, -56.0000,  -686.0000, 676.0000, -56.0000,  0, 0, 0
L -699.0000, 669.0000, -56.0000,  -686.0000, 669.0000, -56.0000,  0, 0, 0
L -699.0000, 676.0000, -56.0000,  -699.0000, 669.0000, -56.0000,  0, 0, 0
L -746.0000, 676.0000, -56.0000,  -699.0000, 676.0000, -56.0000,  0, 0, 0
L -746.0000, 673.0000, -56.0000,  -746.0000, 676.0000, -56.0000,  0, 0, 0
L -759.0000, 673.0000, -56.0000,  -746.0000, 673.0000, -56.0000,  0, 0, 0
L -805.0000, 679.0000, -46.0000,  -793.0000, 663.0000, -46.0000,  0, 0, 0
L -839.0000, 687.0000, -46.0000,  -805.0000, 679.0000, -46.0000,  0, 0, 0
L -869.0000, 681.0000, -46.0000,  -839.0000, 687.0000, -46.0000,  0, 0, 0
L -882.0000, 664.0000, -46.0000,  -869.0000, 681.0000, -46.0000,  0, 0, 0
L -870.0000, 648.0000, -46.0000,  -882.0000, 664.0000, -46.0000,  0, 0, 0
L -838.0000, 641.0000, -44.0000,  -870.0000, 648.0000, -46.0000,  0, 0, 0
L -837.0000, 641.0000, -44.0000,  -838.0000, 641.0000, -44.0000,  0, 0, 0
L -805.0000, 648.0000, -46.0000,  -837.0000, 641.0000, -44.0000,  0, 0, 0
L -793.0000, 663.0000, -46.0000,  -805.0000, 648.0000, -46.0000,  0, 0, 0
L -758.0000, 684.0000, -56.0000,  -759.0000, 673.0000, -56.0000,  0, 0, 0
L -773.0000, 709.0000, -56.0000,  -758.0000, 684.0000, -56.0000,  0, 0, 0
L -902.0000, 709.0000, -56.0000,  -773.0000, 709.0000, -56.0000,  0, 0, 0
L -917.0000, 684.0000, -56.0000,  -902.0000, 709.0000, -56.0000,  0, 0, 0
L -916.0000, 673.0000, -56.0000,  -917.0000, 684.0000, -56.0000,  0, 0, 0
L -929.0000, 673.0000, -56.0000,  -916.0000, 673.0000, -56.0000,  0, 0, 0
L -929.0000, 676.0000, -56.0000,  -929.0000, 673.0000, -56.0000,  0, 0, 0
L -976.0000, 676.0000, -56.0000,  -929.0000, 676.0000, -56.0000,  0, 0, 0
L -976.0000, 669.0000, -56.0000,  -976.0000, 676.0000, -56.0000,  0, 0, 0
L -989.0000, 669.0000, -56.0000,  -976.0000, 669.0000, -56.0000,  0, 0, 0
L -990.0000, 687.0000, -56.0000,  -989.0000, 669.0000, -56.0000,  0, 0, 0
L -1036.0000, 687.0000, -56.0000,  -990.0000, 687.0000, -56.0000,  0, 0, 0
L -1088.0000, 770.0000, -56.0000,  -1036.0000, 687.0000, -56.0000,  0, 0, 0
L -1150.0000, 770.0000, -56.0000,  -1088.0000, 770.0000, -56.0000,  0, 0, 0
L -1151.0000, 753.0000, -56.0000,  -1150.0000, 770.0000, -56.0000,  0, 0, 0
L -1165.0000, 753.0000, -56.0000,  -1151.0000, 753.0000, -56.0000,  0, 0, 0
L -1165.0000, 760.0000, -56.0000,  -1165.0000, 753.0000, -56.0000,  0, 0, 0
L -1184.0000, 775.0000, -56.0000,  -1165.0000, 760.0000, -56.0000,  0, 0, 0
L -1183.0000, 805.0000, -56.0000,  -1184.0000, 775.0000, -56.0000,  0, 0, 0
L -1165.0000, 819.0000, -56.0000,  -1183.0000, 805.0000, -56.0000,  0, 0, 0
L -1165.0000, 826.0000, -56.0000,  -1165.0000, 819.0000, -56.0000,  0, 0, 0
L -1151.0000, 826.0000, -56.0000,  -1165.0000, 826.0000, -56.0000,  0, 0, 0
L -1150.0000, 793.0000, -56.0000,  -1151.0000, 826.0000, -56.0000,  0, 0, 0
L -1085.0000, 793.0000, -56.0000,  -1150.0000, 793.0000, -56.0000,  0, 0, 0
L -1078.0000, 798.0000, -56.0000,  -1085.0000, 793.0000, -56.0000,  0, 0, 0
L -1088.0000, 799.0000, -56.0000,  -1078.0000, 798.0000, -56.0000,  0, 0, 0
L -1087.0000, 812.0000, -56.0000,  -1088.0000, 799.0000, -56.0000,  0, 0, 0
L -1077.0000, 812.0000, -56.0000,  -1087.0000, 812.0000, -56.0000,  0, 0, 0
L -1081.0000, 817.0000, -56.0000,  -1077.0000, 812.0000, -56.0000,  0, 0, 0
L -1113.0000, 818.0000, -56.0000,  -1081.0000, 817.0000, -56.0000,  0, 0, 0
L -1112.0000, 846.0000, -56.0000,  -1113.0000, 818.0000, -56.0000,  0, 0, 0
L -1080.0000, 846.0000, -56.0000,  -1112.0000, 846.0000, -56.0000,  0, 0, 0
L -1077.0000, 849.0000, -56.0000,  -1080.0000, 846.0000, -56.0000,  0, 0, 0
L -1077.0000, 852.0000, -56.0000,  -1077.0000, 849.0000, -56.0000,  0, 0, 0
L -1088.0000, 853.0000, -56.0000,  -1077.0000, 852.0000, -56.0000,  0, 0, 0
L -1088.0000, 865.0000, -56.0000,  -1088.0000, 853.0000, -56.0000,  0, 0, 0
L -1077.0000, 866.0000, -56.0000,  -1088.0000, 865.0000, -56.0000,  0, 0, 0
L -1077.0000, 867.0000, -56.0000,  -1077.0000, 866.0000, -56.0000,  0, 0, 0
L -1082.0000, 871.0000, -56.0000,  -1077.0000, 867.0000, -56.0000,  0, 0, 0
L -1150.0000, 871.0000, -56.0000,  -1082.0000, 871.0000, -56.0000,  0, 0, 0
L -1152.0000, 835.0000, -56.0000,  -1150.0000, 871.0000, -56.0000,  0, 0, 0
L -1165.0000, 836.0000, -56.0000,  -1152.0000, 835.0000, -56.0000,  0, 0, 0
L -1166.0000, 855.0000, -55.0000,  -1165.0000, 836.0000, -56.0000,  0, 0, 0
L -1178.0000, 855.0000, -55.0000,  -1166.0000, 855.0000, -55.0000,  0, 0, 0
L -1199.0000, 843.0000, -56.0000,  -1178.0000, 855.0000, -55.0000,  0, 0, 0
L -1219.0000, 843.0000, -56.0000,  -1199.0000, 843.0000, -56.0000,  0, 0, 0
L -1239.0000, 829.0000, -56.0000,  -1219.0000, 843.0000, -56.0000,  0, 0, 0
L -1240.0000, 795.0000, -56.0000,  -1239.0000, 829.0000, -56.0000,  0, 0, 0
L -1253.0000, 794.0000, -56.0000,  -1240.0000, 795.0000, -56.0000,  0, 0, 0
L -1254.0000, 855.0000, -56.0000,  -1253.0000, 794.0000, -56.0000,  0, 0, 0
L -1314.0000, 856.0000, -56.0000,  -1254.0000, 855.0000, -56.0000,  0, 0, 0
L -1314.0000, 869.0000, -56.0000,  -1314.0000, 856.0000, -56.0000,  0, 0, 0
L -1296.0000, 871.0000, -56.0000,  -1314.0000, 869.0000, -56.0000,  0, 0, 0
L -1295.0000, 915.0000, -56.0000,  -1296.0000, 871.0000, -56.0000,  0, 0, 0
L -1212.0000, 916.0000, -56.0000,  -1295.0000, 915.0000, -56.0000,  0, 0, 0
L -1212.0000, 1031.0000, -56.0000,  -1212.0000, 916.0000, -56.0000,  0, 0, 0
L -1258.0000, 1031.0000, -56.0000,  -1212.0000, 1031.0000, -56.0000,  0, 0, 0
L -1258.0000, 985.0000, -56.0000,  -1258.0000, 1031.0000, -56.0000,  0, 0, 0
L -1341.0000, 938.0000, -56.0000,  -1258.0000, 985.0000, -56.0000,  0, 0, 0
L -1341.0000, 871.0000, -56.0000,  -1341.0000, 938.0000, -56.0000,  0, 0, 0
L -1331.0000, 870.0000, -56.0000,  -1341.0000, 871.0000, -56.0000,  0, 0, 0
L -1324.0000, 870.0000, -56.0000,  -1331.0000, 870.0000, -56.0000,  0, 0, 0
L -1324.0000, 856.0000, -56.0000,  -1324.0000, 870.0000, -56.0000,  0, 0, 0
L -1331.0000, 856.0000, -56.0000,  -1324.0000, 856.0000, -56.0000,  0, 0, 0
L -1384.0000, 802.0000, -56.0000,  -1331.0000, 856.0000, -56.0000,  0, 0, 0
L -1384.0000, 795.0000, -56.0000,  -1384.0000, 802.0000, -56.0000,  0, 0, 0
L -1398.0000, 794.0000, -56.0000,  -1384.0000, 795.0000, -56.0000,  0, 0, 0
L -1514.0000, 765.0000, -55.0000,  -1514.0000, 756.0000, -55.0000,  0, 0, 0
L -1481.0000, 765.0000, -55.0000,  -1514.0000, 765.0000, -55.0000,  0, 0, 0
L -1482.0000, 756.0000, -55.0000,  -1481.0000, 765.0000, -55.0000,  0, 0, 0
L -1514.0000, 755.0000, -55.0000,  -1482.0000, 756.0000, -55.0000,  0, 0, 0
L -1561.0000, 753.0000, -55.0000,  -1561.0000, 765.0000, -55.0000,  0, 0, 0
L -1550.0000, 753.0000, -55.0000,  -1561.0000, 753.0000, -55.0000,  0, 0, 0
L -1549.0000, 765.0000, -55.0000,  -1550.0000, 753.0000, -55.0000,  0, 0, 0
L -1562.0000, 765.0000, -55.0000,  -1549.0000, 765.0000, -55.0000,  0, 0, 0
L -1567.0000, 818.0000, -55.0000,  -1558.0000, 819.0000, -55.0000,  0, 0, 0
L -1566.0000, 786.0000, -55.0000,  -1567.0000, 818.0000, -55.0000,  0, 0, 0
L -1556.0000, 786.0000, -55.0000,  -1566.0000, 786.0000, -55.0000,  0, 0, 0
L -1557.0000, 818.0000, -55.0000,  -1556.0000, 786.0000, -55.0000,  0, 0, 0
L -1565.0000, 858.0000, -55.0000,  -1552.0000, 858.0000, -55.0000,  0, 0, 0
L -1564.0000, 846.0000, -55.0000,  -1565.0000, 858.0000, -55.0000,  0, 0, 0
L -1552.0000, 847.0000, -55.0000,  -1564.0000, 846.0000, -55.0000,  0, 0, 0
L -1552.0000, 857.0000, -55.0000,  -1552.0000, 847.0000, -55.0000,  0, 0, 0
L -1439.0000, 864.0000, -55.0000,  -1439.0000, 852.0000, -55.0000,  0, 0, 0
L -1451.0000, 864.0000, -55.0000,  -1439.0000, 864.0000, -55.0000,  0, 0, 0
L -1450.0000, 852.0000, -55.0000,  -1451.0000, 864.0000, -55.0000,  0, 0, 0
L -1439.0000, 852.0000, -55.0000,  -1450.0000, 852.0000, -55.0000,  0, 0, 0
L -1437.0000, 791.0000, -55.0000,  -1447.0000, 790.0000, -55.0000,  0, 0, 0
L -1437.0000, 823.0000, -55.0000,  -1437.0000, 791.0000, -55.0000,  0, 0, 0
L -1445.0000, 824.0000, -55.0000,  -1437.0000, 823.0000, -55.0000,  0, 0, 0
L -1448.0000, 791.0000, -55.0000,  -1445.0000, 824.0000, -55.0000,  0, 0, 0
L -1438.0000, 753.0000, -55.0000,  -1448.0000, 753.0000, -55.0000,  0, 0, 0
L -1437.0000, 766.0000, -55.0000,  -1438.0000, 753.0000, -55.0000,  0, 0, 0
L -1449.0000, 766.0000, -55.0000,  -1437.0000, 766.0000, -55.0000,  0, 0, 0
L -1450.0000, 755.0000, -55.0000,  -1449.0000, 766.0000, -55.0000,  0, 0, 0
L -1399.0000, 835.0000, -56.0000,  -1398.0000, 794.0000, -56.0000,  0, 0, 0
L -1420.0000, 870.0000, -56.0000,  -1399.0000, 835.0000, -56.0000,  0, 0, 0
L -1581.0000, 870.0000, -56.0000,  -1420.0000, 870.0000, -56.0000,  0, 0, 0
L -1603.0000, 834.0000, -56.0000,  -1581.0000, 870.0000, -56.0000,  0, 0, 0
L -1603.0000, 805.0000, -56.0000,  -1603.0000, 834.0000, -56.0000,  0, 0, 0
L -1600.0000, 790.0000, -56.0000,  -1603.0000, 805.0000, -56.0000,  0, 0, 0
L -1603.0000, 776.0000, -56.0000,  -1600.0000, 790.0000, -56.0000,  0, 0, 0
L -1603.0000, 719.0000, -56.0000,  -1603.0000, 776.0000, -56.0000,  0, 0, 0
L -1585.0000, 705.0000, -56.0000,  -1603.0000, 719.0000, -56.0000,  0, 0, 0
L -1506.0000, 704.0000, -56.0000,  -1585.0000, 705.0000, -56.0000,  0, 0, 0
L -1506.0000, 691.0000, -56.0000,  -1506.0000, 704.0000, -56.0000,  0, 0, 0
L -1513.0000, 691.0000, -56.0000,  -1506.0000, 691.0000, -56.0000,  0, 0, 0
L -1513.0000, 644.0000, -56.0000,  -1513.0000, 691.0000, -56.0000,  0, 0, 0
L -1510.0000, 644.0000, -56.0000,  -1513.0000, 644.0000, -56.0000,  0, 0, 0
L -1510.0000, 631.0000, -56.0000,  -1510.0000, 644.0000, -56.0000,  0, 0, 0
L -1521.0000, 632.0000, -56.0000,  -1510.0000, 631.0000, -56.0000,  0, 0, 0
L -1546.0000, 617.0000, -56.0000,  -1521.0000, 632.0000, -56.0000,  0, 0, 0
L -1546.0000, 488.0000, -56.0000,  -1546.0000, 617.0000, -56.0000,  0, 0, 0
L -1521.0000, 473.0000, -56.0000,  -1546.0000, 488.0000, -56.0000,  0, 0, 0
L -1510.0000, 474.0000, -56.0000,  -1521.0000, 473.0000, -56.0000,  0, 0, 0
L -1510.0000, 461.0000, -56.0000,  -1510.0000, 474.0000, -56.0000,  0, 0, 0
L -1513.0000, 461.0000, -56.0000,  -1510.0000, 461.0000, -56.0000,  0, 0, 0
L -1513.0000, 414.0000, -56.0000,  -1513.0000, 461.0000, -56.0000,  0, 0, 0
L -1506.0000, 414.0000, -56.0000,  -1513.0000, 414.0000, -56.0000,  0, 0, 0
L -1506.0000, 401.0000, -56.0000,  -1506.0000, 414.0000, -56.0000,  0, 0, 0
L -1539.0000, 400.0000, -56.0000,  -1506.0000, 401.0000, -56.0000,  0, 0, 0
L -1540.0000, 366.0000, -56.0000,  -1539.0000, 400.0000, -56.0000,  0, 0, 0
L -1554.0000, 367.0000, -56.0000,  -1540.0000, 366.0000, -56.0000,  0, 0, 0
L -1554.0000, 373.0000, -56.0000,  -1554.0000, 367.0000, -56.0000,  0, 0, 0
L -1608.0000, 373.0000, -56.0000,  -1554.0000, 373.0000, -56.0000,  0, 0, 0
L -1628.0000, 359.0000, -56.0000,  -1608.0000, 373.0000, -56.0000,  0, 0, 0
L -1628.0000, 279.0000, -56.0000,  -1628.0000, 359.0000, -56.0000,  0, 0, 0
L -1608.0000, 265.0000, -56.0000,  -1628.0000, 279.0000, -56.0000,  0, 0, 0
L -1588.0000, 265.0000, -56.0000,  -1608.0000, 265.0000, -56.0000,  0, 0, 0
L -1567.0000, 253.0000, -55.0000,  -1588.0000, 265.0000, -56.0000,  0, 0, 0
L -1555.0000, 253.0000, -55.0000,  -1567.0000, 253.0000, -55.0000,  0, 0, 0
L -1554.0000, 356.0000, -56.0000,  -1555.0000, 253.0000, -55.0000,  0, 0, 0
L -1540.0000, 356.0000, -56.0000,  -1554.0000, 356.0000, -56.0000,  0, 0, 0
L -1539.0000, 322.0000, -56.0000,  -1540.0000, 356.0000, -56.0000,  0, 0, 0
L -1502.0000, 322.0000, -56.0000,  -1539.0000, 322.0000, -56.0000,  0, 0, 0
L -1493.0000, 327.0000, -56.0000,  -1502.0000, 322.0000, -56.0000,  0, 0, 0
L -1454.0000, 325.0000, -46.0000,  -1493.0000, 327.0000, -56.0000,  0, 0, 0
L -1454.0000, 321.0000, -47.0000,  -1454.0000, 325.0000, -46.0000,  0, 0, 0
L -1397.0000, 321.0000, 3.0000,  -1454.0000, 321.0000, -47.0000,  0, 0, 0
L -1397.0000, 328.0000, 3.0000,  -1397.0000, 321.0000, 3.0000,  0, 0, 0
L -1384.0000, 328.0000, 3.0000,  -1397.0000, 328.0000, 3.0000,  0, 0, 0
L -1383.0000, 297.0000, 3.0000,  -1384.0000, 328.0000, 3.0000,  0, 0, 0
L -1326.0000, 298.0000, 3.0000,  -1383.0000, 297.0000, 3.0000,  0, 0, 0
L -1326.0000, 287.0000, 12.0000,  -1326.0000, 298.0000, 3.0000,  0, 0, 0
L -1329.0000, 287.0000, 13.0000,  -1326.0000, 287.0000, 12.0000,  0, 0, 0
L -1329.0000, 230.0000, 63.0000,  -1329.0000, 287.0000, 13.0000,  0, 0, 0
L -1322.0000, 230.0000, 63.0000,  -1329.0000, 230.0000, 63.0000,  0, 0, 0
L -1322.0000, 216.0000, 63.0000,  -1322.0000, 230.0000, 63.0000,  0, 0, 0
L -1329.0000, 216.0000, 63.0000,  -1322.0000, 216.0000, 63.0000,  0, 0, 0
L -1329.0000, 115.0000, 3.0000,  -1329.0000, 216.0000, 63.0000,  0, 0, 0
L -1322.0000, 115.0000, 3.0000,  -1329.0000, 115.0000, 3.0000,  0, 0, 0
L -1322.0000, 101.0000, 3.0000,  -1322.0000, 115.0000, 3.0000,  0, 0, 0
L -1329.0000, 101.0000, 3.0000,  -1322.0000, 101.0000, 3.0000,  0, 0, 0
L -1329.0000, 54.0000, 3.0000,  -1329.0000, 101.0000, 3.0000,  0, 0, 0
L -1325.0000, 54.0000, 3.0000,  -1329.0000, 54.0000, 3.0000,  0, 0, 0
L -1326.0000, 41.0000, 4.0000,  -1325.0000, 54.0000, 3.0000,  0, 0, 0
L -1275.0000, -72.0000, 10.0000,  -1253.0000, -96.0000, 13.0000,  0, 0, 0
L -1285.0000, -61.0000, 7.0000,  -1275.0000, -72.0000, 10.0000,  0, 0, 0
L -1289.0000, -63.0000, 7.0000,  -1285.0000, -61.0000, 7.0000,  0, 0, 0
L -1290.0000, -59.0000, 7.0000,  -1289.0000, -63.0000, 7.0000,  0, 0, 0
L -1301.0000, -64.0000, 7.0000,  -1290.0000, -59.0000, 7.0000,  0, 0, 0
L -1300.0000, -66.0000, 7.0000,  -1301.0000, -64.0000, 7.0000,  0, 0, 0
L -1335.0000, -78.0000, 17.0000,  -1300.0000, -66.0000, 7.0000,  0, 0, 0
L -1324.0000, -115.0000, 32.0000,  -1324.0000, -124.0000, 29.0000,  0, 0, 0
L -1339.0000, -106.0000, 24.0000,  -1324.0000, -115.0000, 32.0000,  0, 0, 0
L -1350.0000, -117.0000, 17.0000,  -1339.0000, -106.0000, 24.0000,  0, 0, 0
L -1349.0000, -125.0000, 18.0000,  -1350.0000, -117.0000, 17.0000,  0, 0, 0
L -1296.0000, 41.0000, 21.0000,  -1308.0000, 41.0000, 4.0000,  0, 0, 0
L -1230.0000, -10.0000, 19.0000,  -1296.0000, 41.0000, 21.0000,  0, 0, 0
L -1230.0000, -69.0000, 19.0000,  -1230.0000, -10.0000, 19.0000,  0, 0, 0
L -1288.0000, -124.0000, 29.0000,  -1230.0000, -69.0000, 19.0000,  0, 0, 0
L -1344.0000, -123.0000, 32.0000,  -1288.0000, -124.0000, 29.0000,  0, 0, 0
L -1349.0000, -125.0000, 18.0000,  -1344.0000, -123.0000, 32.0000,  0, 0, 0
L -1404.0000, -70.0000, 20.0000,  -1349.0000, -125.0000, 18.0000,  0, 0, 0
L -1404.0000, -10.0000, 19.0000,  -1404.0000, -70.0000, 20.0000,  0, 0, 0
L -1336.0000, 41.0000, 3.0000,  -1404.0000, -10.0000, 19.0000,  0, 0, 0
L -1326.0000, 41.0000, 4.0000,  -1336.0000, 41.0000, 3.0000,  0, 0, 0
