P -1167.1471, -1123.5790, 57.6309,  0, 0, 240,  1,  A_hungry_Halfling
P 399.5166, -1162.7460, 332.1581,  0, 240, 0,  1,  To_Pirate_Ship
P 4235.2666, -4666.6201, 43.0375,  0, 240, 0,  1,  To_Sand_Castle
P 30.0000, 219.0000, -40.7255,  0, 240, 0,  1,  HoT_Upper_Floors
P 55.3310, 151.9226, -39.9555,  240, 0, 0,  1,  Twereus_Ulithain_(Quest)
P 53.9808, 144.7006, -39.9556,  240, 0, 0,  1,  Alisia_Sandweaver_(Quest)
P -499.0567, -2004.6217, 96.3769,  240, 0, 0,  1,  Havrin_(Quest)
P -1187.2273, -855.8138, 56.8396,  240, 0, 0,  1,  Gurroth_Aberine_(Quest)
P -1157.6793, -857.4990, 56.8396,  240, 0, 0,  1,  Zaira_(Quest)
P 236.2529, -563.6544, 39.3327,  240, 0, 0,  1,  Towerguard_Melbur_(Raid)
P 15.3773, -672.5710, 73.5153,  240, 0, 0,  1,  Braelin_Arden_(Mission)
P 43.0774, -642.9326, 73.5153,  240, 0, 0,  1,  Griklund_the_Satyrist_(Quest)
P 173.1329, -601.5612, 64.7607,  0, 240, 0,  1,  Sanctum_Somnium
P -1110.6647, -1763.0277, 92.3861,  0, 127, 0,  1,  Kurnax
P -1115.6700, -1775.8025, 92.5183,  0, 127, 0,  1,  Dugerun
P -890.2404, -2084.3154, 93.3889,  0, 127, 0,  1,  Tent_Camps
P -1009.3865, -1873.7991, 91.9684,  0, 127, 0,  1,  Eruk
P -969.3138, -1872.7051, 92.5349,  0, 127, 0,  1,  Auxenbaan
P -948.9565, -1875.9067, 92.5361,  0, 127, 0,  1,  Reglek
P 346.6096, -1128.9803, 332.1512,  240, 0, 0,  1,  Nollibene_the_Deckhand_(Quest)
P 6269.8955, -453.2953, 19.7752,  240, 0, 0,  1,  Mrug_the_Gunner_(Quest)
P 6641.5972, -940.8102, -5.7535,  0, 0, 0,  1,  Maiana_the_Chanteuse
P 390.9034, -537.7663, -0.0109,  0, 240, 0,  1,  Port_out_from_Sandcastle
P 6345.5928, -568.0919, 65.6731,  0, 240, 0,  1,  To_Mainland
P 5939.1064, -432.9690, -11.0386,  240, 0, 0,  1,  Zinahra_the_Haunted_(Quest)
P 4347.0381, -4690.7158, 50.4802,  0, 0, 240,  1,  Gaitus_Cloden
P -1248.8312, -821.1436, 55.3632,  240, 0, 0,  1,  Sluggurth_(quest)
P 0.0000, 0.0000, 0.0000,  0, 0, 0,  1,  å„ﬂwz∂Gq
