P 1585.0000, -5.0000, 4.0000,  0, 0, 0,  3,  Torgiran_mines
P 632.0000, 1345.0000, -44.0000,  0, 0, 0,  3,  Gunthak
P -379.0000, 1080.0000, 22.0000,  0, 0, 0,  3,  Sand_Room
P 536.0000, 376.0000, 26.0000,  0, 0, 0,  3,  Altar
P 620.0000, 1157.0000, -44.0000,  0, 0, 0,  3,  Sanctuary
P 236.0000, 1358.0000, 0.0000,  0, 0, 0,  3,  Picture_Room
P -163.0000, 287.0000, 4.0000,  0, 0, 0,  3,  Courtyard
P -199.0000, -102.0000, -14.0000,  0, 0, 0,  3,  Campfire
P 180.0000, 543.0000, 12.0000,  0, 0, 0,  3,  Vase_Room
P 174.0000, 233.0000, 4.0000,  0, 0, 0,  3,  Iron_Maiden_Room
P 1340.0000, 70.0000, 4.0000,  0, 0, 0,  3,  Evac/Succor_Point
P -147.0000, 1054.0000, 4.0000,  0, 0, 0,  3,  Nautilus_room
P -405.0000, -275.0000, 4.0000,  240, 240, 0,  3,  Safe_Spot
P 442.0000, 80.0000, 22.0000,  0, 0, 0,  3,  Mechanical_Trapdoor
P 638.0000, 1242.0000, -44.0000,  0, 0, 0,  2,  Illusory_wall
P -378.0000, 640.0000, -27.0000,  0, 0, 0,  1,  Gunthak
P -1490.0000, 1705.0000, -108.0000,  0, 0, 0,  3,  hate's_Fury
