P 1032.1990, 1172.1050, 552.8130,  0, 0, 0,  2,  Wayfaring_Scout
P -1223.1370, -247.2460, 305.8810,  0, 0, 0,  2,  Turtle__Pond
P -933.1180, -1246.2430, 367.1070,  0, 0, 0,  2,  Hynids
P -1545.4410, -1146.9760, 528.8300,  0, 240, 0,  2,  to_Kod'Taz/Qvic
P 914.0040, -329.4330, 310.2560,  0, 0, 0,  2,  Restless_spirits
P 1342.6660, 920.9510, 211.9570,  0, 0, 0,  2,  Boat_To/From_Abysmal_
P 1597.8510, 691.0440, 246.3680,  0, 0, 0,  2,  Magus
P 200.0370, -1227.6390, 391.5660,  0, 0, 0,  2,  Noc_and_Mastruq
P -267.7870, -173.5120, 700.7750,  0, 0, 0,  2,  Runed_Stone
P -119.0000, -2063.0000, 545.9560,  0, 240, 0,  3,  to_Qinimi
P 1584.7620, 833.2610, 242.3050,  240, 240, 0,  3,  Wayfarer_Camp
P 1613.0000, 735.0000, 252.0000,  0, 0, 0,  2,  Wayfaring_Scout
