P 151.1150, -1355.7209, 88.0200,  0, 0, 0,  3,  Carwa_Ironbrace
P 167.9470, -1331.5890, 70.1060,  0, 0, 0,  3,  Ippledop_Cogsmith
P 172.8960, -1368.2180, 70.1060,  0, 0, 0,  3,  Wridarr_Ironbrace
P 232.0080, -908.9100, 63.2560,  0, 0, 0,  3,  Jeruea_Ragwood
P -992.0140, -1096.9240, 80.1860,  0, 0, 0,  3,  Rannik_Forester
P -2715.3230, -995.5690, 48.5440,  0, 0, 0,  3,  Yixfriz_Tockmaker
P 1737.0000, 181.0000, 254.0000,  0, 0, 0,  3,  Succor_Point
P -1576.2220, -1035.5389, 72.1200,  0, 63, 0,  3,  Morden_Rasp
P -1570.4210, -1091.6960, 75.9720,  0, 63, 0,  3,  Tondal_Di'Xevar
P 1728.1440, 139.6150, 253.6570,  0, 240, 0,  2,  to_Jaggedpine_Forest
P 473.6470, -1460.4399, 98.4620,  0, 0, 240,  2,  Bear_Caves
P -1529.3760, -1017.3930, 77.5550,  240, 240, 240,  2,  Magus_Wenla
P -1875.7410, -318.2260, 48.7170,  240, 240, 240,  2,  Givvel_Puppug
P -1573.1730, -1091.0990, 76.3010,  240, 240, 240,  2,  Iggill_Jubtob
P -1548.0300, -1105.8630, 78.3830,  240, 240, 240,  2,  Ieandra_Pael
P -1505.1960, -1039.7830, 82.5200,  240, 240, 240,  2,  Oppella_Nuanyal
P -1577.0291, -1035.4240, 76.7810,  240, 240, 240,  2,  Maixx_Yzi
P 121.8430, -1366.5439, 66.6570,  127, 127, 0,  2,  Ruanni_Annue
P -1515.4120, -1098.4709, 79.7850,  127, 127, 0,  2,  Vdrae_Qix'Tki
P -1498.3210, -1072.9840, 80.3310,  127, 127, 0,  2,  Calliav_Giniuar
P -1510.3710, -1059.9430, 79.8900,  127, 127, 0,  2,  Nedaria_Debeian
P 192.3320, -1398.1040, 67.5240,  127, 127, 0,  2,  Greba_Oreweaver
P 156.7290, -1354.3970, 67.4530,  127, 127, 0,  2,  Berundd_Oreweaver
P 342.7730, -919.4470, 64.1140,  127, 127, 0,  2,  Hemae_Twinebraid
