P -1271.2860, 992.3640, -20.3690,  0, 240, 0,  3,  To_Corathus_Creep
P 851.9940, 809.0990, 3.8400,  0, 0, 0,  3,  PoK_Book
P -734.1440, -2639.0740, 61.6130,  0, 240, 0,  3,  To_Lavastorm
P -1192.0000, 1907.0000, 29.0000,  0, 0, 0,  2,  Instance
P 893.0000, 1913.0000, 42.0000,  0, 0, 0,  2,  Pillar
P 390.0000, 518.0000, -1.0000,  0, 0, 0,  2,  Small_Orc_camp
P 713.0000, 55.0000, 38.0000,  0, 0, 0,  2,  Broken_Wizard_Spire
P -512.0000, 442.0000, 0.0000,  0, 0, 0,  2,  Orc_camp
P -821.0000, -43.0000, 6.0000,  0, 0, 0,  2,  Druid_circle
P 459.0000, 2230.0000, -1.0000,  0, 240, 0,  2,  To_East_Commonlands
P 963.0000, -1820.0000, 23.0000,  0, 240, 0,  2,  To_Neriak
P -633.0000, -575.0000, 91.0000,  0, 0, 0,  2,  Scout_hill
P 259.0000, 1201.0000, 0.0000,  255, 255, 255,  2,  Succor_Point
P -991.0000, -901.0000, 0.0000,  255, 255, 255,  2,  Rodcet
P -581.0000, -1047.0000, 0.0000,  255, 255, 255,  2,  Halflings
P -1187.0000, -608.0000, 0.0000,  255, 255, 255,  2,  Halflings
P -1211.0000, 915.0000, 0.0000,  255, 255, 255,  2,  Halflings
P -646.0000, 1560.0000, 0.0000,  255, 255, 255,  2,  Shadowmen
P -763.0000, 464.0000, 0.0000,  255, 255, 255,  2,  Orcs
P -1199.0000, 1766.0000, 0.0000,  255, 255, 255,  2,  Orcs
P 474.0000, 151.0000, 0.0000,  255, 255, 255,  2,  Orcs
P 942.0000, -605.0000, 0.0000,  255, 255, 255,  2,  Arcane
P 733.0000, -523.0000, 0.0000,  255, 255, 255,  2,  Undead
P -1115.0000, -2045.0000, 0.0000,  255, 255, 255,  2,  Undead
P 845.0000, 2115.0000, 0.0000,  255, 255, 255,  2,  Undead
P 181.0000, -1195.0000, 0.0000,  255, 255, 255,  2,  Newbee_Log
P 767.0000, -437.0000, 0.0000,  255, 255, 255,  2,  Wizard_Sphire
