L 1707.0000, -847.0000, 0.0000,  1705.0000, -846.0000, 0.0000,  102, 102, 102
L 1720.0000, -813.0000, 0.0000,  1707.0000, -847.0000, 0.0000,  102, 102, 102
L 1722.0000, -757.0000, 0.0000,  1720.0000, -813.0000, 0.0000,  102, 102, 102
L 1723.0000, -744.0000, 0.0000,  1722.0000, -757.0000, 0.0000,  102, 102, 102
L 1723.0000, -689.0000, 0.0000,  1723.0000, -744.0000, 0.0000,  102, 102, 102
L 1758.0000, -689.0000, 0.0000,  1723.0000, -689.0000, 0.0000,  102, 102, 102
L 1763.0000, -690.0000, 0.0000,  1758.0000, -689.0000, 0.0000,  102, 102, 102
L 1763.0000, -677.0000, 0.0000,  1763.0000, -690.0000, 0.0000,  102, 102, 102
L 1814.0000, -677.0000, 0.0000,  1763.0000, -677.0000, 0.0000,  102, 102, 102
L 1814.0000, -647.0000, 0.0000,  1814.0000, -677.0000, 0.0000,  102, 102, 102
L 1845.0000, -647.0000, 0.0000,  1814.0000, -647.0000, 0.0000,  102, 102, 102
L 1847.0000, -649.0000, 0.0000,  1845.0000, -647.0000, 0.0000,  102, 102, 102
L 1847.0000, -668.0000, 0.0000,  1847.0000, -649.0000, 0.0000,  102, 102, 102
L 1845.0000, -670.0000, 0.0000,  1847.0000, -668.0000, 0.0000,  102, 102, 102
L 1826.0000, -670.0000, 0.0000,  1845.0000, -670.0000, 0.0000,  102, 102, 102
L 1825.0000, -668.0000, 0.0000,  1826.0000, -670.0000, 0.0000,  102, 102, 102
L 1822.0000, -668.0000, 0.0000,  1825.0000, -668.0000, 0.0000,  102, 102, 102
L 1821.0000, -677.0000, 0.0000,  1822.0000, -668.0000, 0.0000,  102, 102, 102
L 1834.0000, -677.0000, 0.0000,  1821.0000, -677.0000, 0.0000,  102, 102, 102
L 1834.0000, -691.0000, 0.0000,  1834.0000, -677.0000, 0.0000,  102, 102, 102
L 1846.0000, -691.0000, 0.0000,  1834.0000, -691.0000, 0.0000,  102, 102, 102
L 1825.0000, -712.0000, 0.0000,  1846.0000, -691.0000, 0.0000,  102, 102, 102
L 1825.0000, -686.0000, 0.0000,  1825.0000, -712.0000, 0.0000,  102, 102, 102
L 1801.0000, -686.0000, 0.0000,  1825.0000, -686.0000, 0.0000,  102, 102, 102
L 1796.0000, -685.0000, 0.0000,  1801.0000, -686.0000, 0.0000,  102, 102, 102
L 1796.0000, -700.0000, 0.0000,  1796.0000, -685.0000, 0.0000,  102, 102, 102
L 1810.0000, -701.0000, 0.0000,  1796.0000, -700.0000, 0.0000,  102, 102, 102
L 1810.0000, -715.0000, 0.0000,  1810.0000, -701.0000, 0.0000,  102, 102, 102
L 1822.0000, -715.0000, 0.0000,  1810.0000, -715.0000, 0.0000,  102, 102, 102
L 1822.0000, -760.0000, 0.0000,  1822.0000, -715.0000, 0.0000,  102, 102, 102
L 1789.0000, -760.0000, 0.0000,  1822.0000, -760.0000, 0.0000,  102, 102, 102
L 1789.0000, -715.0000, 0.0000,  1789.0000, -760.0000, 0.0000,  102, 102, 102
L 1800.0000, -715.0000, 0.0000,  1789.0000, -715.0000, 0.0000,  102, 102, 102
L 1801.0000, -710.0000, 0.0000,  1800.0000, -715.0000, 0.0000,  102, 102, 102
L 1763.0000, -710.0000, 0.0000,  1801.0000, -710.0000, 0.0000,  102, 102, 102
L 1763.0000, -699.0000, 0.0000,  1763.0000, -710.0000, 0.0000,  102, 102, 102
L 1737.0000, -698.0000, 0.0000,  1763.0000, -699.0000, 0.0000,  102, 102, 102
L 1732.0000, -698.0000, 0.0000,  1737.0000, -698.0000, 0.0000,  102, 102, 102
L 1732.0000, -714.0000, 0.0000,  1732.0000, -698.0000, 0.0000,  102, 102, 102
L 1773.0000, -716.0000, 0.0000,  1732.0000, -714.0000, 0.0000,  102, 102, 102
L 1782.0000, -715.0000, 0.0000,  1773.0000, -716.0000, 0.0000,  153, 0, 153
L 1782.0000, -738.0000, 0.0000,  1782.0000, -715.0000, 0.0000,  153, 0, 153
L 1732.0000, -738.0000, 0.0000,  1782.0000, -738.0000, 0.0000,  153, 0, 153
L 1731.0000, -742.0000, 0.0000,  1732.0000, -738.0000, 0.0000,  153, 0, 153
L 1732.0000, -743.0000, 0.0000,  1731.0000, -742.0000, 0.0000,  153, 0, 153
L 1745.0000, -743.0000, 0.0000,  1732.0000, -743.0000, 0.0000,  153, 0, 153
L 1734.0000, -753.0000, 0.0000,  1745.0000, -743.0000, 0.0000,  153, 0, 153
L 1720.0000, -754.0000, 0.0000,  1734.0000, -753.0000, 0.0000,  153, 0, 153
L 1710.0000, -743.0000, 0.0000,  1720.0000, -754.0000, 0.0000,  153, 0, 153
L 1722.0000, -743.0000, 0.0000,  1710.0000, -743.0000, 0.0000,  153, 0, 153
L 1723.0000, -729.0000, 0.0000,  1722.0000, -743.0000, 0.0000,  153, 0, 153
L 1772.0000, -730.0000, 0.0000,  1723.0000, -729.0000, 0.0000,  153, 0, 153
L 1773.0000, -725.0000, 0.0000,  1772.0000, -730.0000, 0.0000,  102, 102, 102
L 1732.0000, -724.0000, 0.0000,  1773.0000, -725.0000, 0.0000,  102, 102, 102
L 1735.0000, -846.0000, 0.0000,  1732.0000, -724.0000, 0.0000,  102, 102, 102
L 1754.0000, -866.0000, 0.0000,  1735.0000, -846.0000, 0.0000,  102, 102, 102
L 1754.0000, -922.0000, 0.0000,  1754.0000, -866.0000, 0.0000,  102, 102, 102
L 1763.0000, -950.0000, 0.0000,  1754.0000, -922.0000, 0.0000,  102, 102, 102
L 1735.0000, -979.0000, 0.0000,  1763.0000, -950.0000, 0.0000,  102, 102, 102
L 1722.0000, -980.0000, 0.0000,  1735.0000, -979.0000, 0.0000,  102, 102, 102
L 1682.0000, -1004.0000, 0.0000,  1722.0000, -980.0000, 0.0000,  102, 102, 102
L 1681.0000, -987.0000, 0.0000,  1682.0000, -1004.0000, 0.0000,  102, 102, 102
L 1707.0000, -979.0000, 0.0000,  1681.0000, -987.0000, 0.0000,  102, 102, 102
L 1680.0000, -936.0000, 0.0000,  1707.0000, -979.0000, 0.0000,  102, 102, 102
L 1684.0000, -922.0000, 0.0000,  1680.0000, -936.0000, 0.0000,  102, 102, 102
L 1684.0000, -870.0000, 0.0000,  1684.0000, -922.0000, 0.0000,  102, 102, 102
L 1705.0000, -846.0000, 0.0000,  1684.0000, -870.0000, 0.0000,  102, 102, 102
L 1554.0000, -761.0000, 0.0000,  1554.0000, -715.0000, 0.0000,  0, 0, 255
L 1564.0000, -752.0000, 0.0000,  1554.0000, -761.0000, 0.0000,  0, 0, 255
L 1571.0000, -758.0000, 0.0000,  1564.0000, -752.0000, 0.0000,  0, 0, 255
L 1566.0000, -768.0000, 0.0000,  1571.0000, -758.0000, 0.0000,  0, 0, 255
L 1582.0000, -768.0000, 0.0000,  1566.0000, -768.0000, 0.0000,  0, 0, 255
L 1595.0000, -755.0000, 0.0000,  1582.0000, -768.0000, 0.0000,  0, 0, 255
L 1637.0000, -757.0000, 0.0000,  1595.0000, -755.0000, 0.0000,  0, 0, 255
L 1664.0000, -784.0000, 0.0000,  1637.0000, -757.0000, 0.0000,  0, 0, 255
L 1663.0000, -811.0000, 0.0000,  1664.0000, -784.0000, 0.0000,  0, 0, 255
L 1652.0000, -826.0000, 0.0000,  1663.0000, -811.0000, 0.0000,  0, 0, 255
L 1649.0000, -927.0000, 0.0000,  1652.0000, -826.0000, 0.0000,  0, 0, 255
L 1609.0000, -967.0000, 0.0000,  1649.0000, -927.0000, 0.0000,  0, 0, 255
L 1596.0000, -967.0000, 0.0000,  1609.0000, -967.0000, 0.0000,  0, 0, 255
L 1553.0000, -981.0000, 0.0000,  1596.0000, -967.0000, 0.0000,  0, 0, 255
L 1539.0000, -981.0000, 0.0000,  1553.0000, -981.0000, 0.0000,  0, 0, 255
L 1454.0000, -939.0000, 0.0000,  1539.0000, -981.0000, 0.0000,  0, 0, 255
L 1399.0000, -939.0000, 0.0000,  1454.0000, -939.0000, 0.0000,  0, 0, 255
L 1345.0000, -993.0000, 0.0000,  1399.0000, -939.0000, 0.0000,  0, 0, 255
L 1387.0000, -1022.0000, 0.0000,  1345.0000, -993.0000, 0.0000,  0, 0, 255
L 1427.0000, -1076.0000, 0.0000,  1387.0000, -1022.0000, 0.0000,  0, 0, 255
L 1494.0000, -1089.0000, 0.0000,  1427.0000, -1076.0000, 0.0000,  0, 0, 255
L 1552.0000, -1090.0000, 0.0000,  1494.0000, -1089.0000, 0.0000,  0, 0, 255
L 1572.0000, -1097.0000, 0.0000,  1552.0000, -1090.0000, 0.0000,  0, 0, 255
L 1595.0000, -1104.0000, 0.0000,  1572.0000, -1097.0000, 0.0000,  0, 0, 255
L 1622.0000, -1104.0000, 0.0000,  1595.0000, -1104.0000, 0.0000,  0, 0, 255
L 1704.0000, -1051.0000, 0.0000,  1622.0000, -1104.0000, 0.0000,  0, 0, 255
L 1705.0000, -1021.0000, 0.0000,  1704.0000, -1051.0000, 0.0000,  0, 0, 255
L 1720.0000, -1020.0000, 0.0000,  1705.0000, -1021.0000, 0.0000,  0, 0, 255
L 1732.0000, -1008.0000, 0.0000,  1720.0000, -1020.0000, 0.0000,  0, 0, 255
L 1761.0000, -1006.0000, 0.0000,  1732.0000, -1008.0000, 0.0000,  0, 0, 255
L 1789.0000, -951.0000, 0.0000,  1761.0000, -1006.0000, 0.0000,  0, 0, 255
L 1789.0000, -896.0000, 0.0000,  1789.0000, -951.0000, 0.0000,  0, 0, 255
L 1776.0000, -871.0000, 0.0000,  1789.0000, -896.0000, 0.0000,  0, 0, 255
L 1762.0000, -816.0000, 0.0000,  1776.0000, -871.0000, 0.0000,  0, 0, 255
L 1775.0000, -797.0000, 0.0000,  1762.0000, -816.0000, 0.0000,  0, 0, 255
L 1775.0000, -770.0000, 0.0000,  1775.0000, -797.0000, 0.0000,  0, 0, 255
L 1761.0000, -743.0000, 0.0000,  1775.0000, -770.0000, 0.0000,  0, 0, 255
L 1749.0000, -743.0000, 0.0000,  1761.0000, -743.0000, 0.0000,  0, 0, 255
L 1736.0000, -756.0000, 0.0000,  1749.0000, -743.0000, 0.0000,  0, 0, 255
L 1718.0000, -756.0000, 0.0000,  1736.0000, -756.0000, 0.0000,  0, 0, 255
L 1705.0000, -743.0000, 0.0000,  1718.0000, -756.0000, 0.0000,  0, 0, 255
L 1636.0000, -701.0000, 0.0000,  1705.0000, -743.0000, 0.0000,  0, 0, 255
L 1554.0000, -715.0000, 0.0000,  1636.0000, -701.0000, 0.0000,  0, 0, 255
L 890.0000, -938.0000, 0.0000,  863.0000, -931.0000, 0.0000,  0, 0, 255
L 909.0000, -937.0000, 0.0000,  890.0000, -938.0000, 0.0000,  0, 0, 255
L 965.0000, -861.0000, 0.0000,  909.0000, -937.0000, 0.0000,  0, 0, 255
L 910.0000, -785.0000, 0.0000,  965.0000, -861.0000, 0.0000,  0, 0, 255
L 878.0000, -792.0000, 0.0000,  910.0000, -785.0000, 0.0000,  0, 0, 255
L 868.0000, -783.0000, 0.0000,  878.0000, -792.0000, 0.0000,  0, 0, 255
L 811.0000, -860.0000, 0.0000,  868.0000, -783.0000, 0.0000,  0, 0, 255
L 864.0000, -929.0000, 0.0000,  811.0000, -860.0000, 0.0000,  0, 0, 255
L 937.0000, -862.0000, 0.0000,  909.0000, -910.0000, 0.0000,  0, 0, 255
L 909.0000, -811.0000, 0.0000,  937.0000, -862.0000, 0.0000,  0, 0, 255
L 867.0000, -812.0000, 0.0000,  909.0000, -811.0000, 0.0000,  0, 0, 255
L 840.0000, -860.0000, 0.0000,  867.0000, -812.0000, 0.0000,  0, 0, 255
L 866.0000, -909.0000, 0.0000,  840.0000, -860.0000, 0.0000,  0, 0, 255
L 907.0000, -909.0000, 0.0000,  866.0000, -909.0000, 0.0000,  0, 0, 255
L 936.0000, -915.0000, 0.0000,  941.0000, -915.0000, 0.0000,  102, 102, 102
L 908.0000, -950.0000, 0.0000,  936.0000, -915.0000, 0.0000,  102, 102, 102
L 867.0000, -950.0000, 0.0000,  908.0000, -950.0000, 0.0000,  102, 102, 102
L 867.0000, -927.0000, 0.0000,  867.0000, -950.0000, 0.0000,  102, 102, 102
L 856.0000, -935.0000, 0.0000,  867.0000, -927.0000, 0.0000,  102, 102, 102
L 799.0000, -861.0000, 0.0000,  856.0000, -935.0000, 0.0000,  102, 102, 102
L 864.0000, -776.0000, 0.0000,  799.0000, -861.0000, 0.0000,  102, 102, 102
L 866.0000, -766.0000, 0.0000,  864.0000, -776.0000, 0.0000,  102, 102, 102
L 867.0000, -519.0000, 0.0000,  755.0000, -519.0000, 0.0000,  102, 102, 102
L 882.0000, -503.0000, 0.0000,  867.0000, -519.0000, 0.0000,  102, 102, 102
L 882.0000, -392.0000, 0.0000,  882.0000, -503.0000, 0.0000,  102, 102, 102
L 867.0000, -376.0000, 0.0000,  882.0000, -392.0000, 0.0000,  102, 102, 102
L 754.0000, -376.0000, 0.0000,  867.0000, -376.0000, 0.0000,  102, 102, 102
L 739.0000, -392.0000, 0.0000,  754.0000, -376.0000, 0.0000,  102, 102, 102
L 739.0000, -504.0000, 0.0000,  739.0000, -392.0000, 0.0000,  102, 102, 102
L 755.0000, -519.0000, 0.0000,  739.0000, -504.0000, 0.0000,  102, 102, 102
L 825.0000, -519.0000, 0.0000,  825.0000, -574.0000, 0.0000,  0, 153, 0
L 797.0000, -572.0000, 0.0000,  797.0000, -519.0000, 0.0000,  0, 153, 0
L 754.0000, -365.0000, 0.0000,  866.0000, -364.0000, 0.0000,  0, 0, 255
L 727.0000, -392.0000, 0.0000,  754.0000, -365.0000, 0.0000,  0, 0, 255
L 727.0000, -503.0000, 0.0000,  727.0000, -392.0000, 0.0000,  0, 0, 255
L 756.0000, -531.0000, 0.0000,  727.0000, -503.0000, 0.0000,  0, 0, 255
L 866.0000, -531.0000, 0.0000,  756.0000, -531.0000, 0.0000,  0, 0, 255
L 895.0000, -503.0000, 0.0000,  866.0000, -531.0000, 0.0000,  0, 0, 255
L 894.0000, -392.0000, 0.0000,  895.0000, -503.0000, 0.0000,  0, 0, 255
L 867.0000, -364.0000, 0.0000,  894.0000, -392.0000, 0.0000,  0, 0, 255
L 755.0000, -336.0000, 0.0000,  866.0000, -336.0000, 0.0000,  0, 0, 255
L 699.0000, -392.0000, 0.0000,  755.0000, -336.0000, 0.0000,  0, 0, 255
L 699.0000, -504.0000, 0.0000,  699.0000, -392.0000, 0.0000,  0, 0, 255
L 755.0000, -560.0000, 0.0000,  699.0000, -504.0000, 0.0000,  0, 0, 255
L 867.0000, -560.0000, 0.0000,  755.0000, -560.0000, 0.0000,  0, 0, 255
L 923.0000, -504.0000, 0.0000,  867.0000, -560.0000, 0.0000,  0, 0, 255
L 923.0000, -393.0000, 0.0000,  923.0000, -504.0000, 0.0000,  0, 0, 255
L 867.0000, -336.0000, 0.0000,  923.0000, -393.0000, 0.0000,  0, 0, 255
L 1478.0000, -749.0000, 0.0000,  1481.0000, -731.0000, 0.0000,  153, 153, 153
L 1495.0000, -754.0000, 0.0000,  1478.0000, -749.0000, 0.0000,  153, 153, 153
L 1495.0000, -785.0000, 0.0000,  1495.0000, -754.0000, 0.0000,  153, 153, 153
L 1617.0000, -785.0000, 0.0000,  1495.0000, -785.0000, 0.0000,  153, 153, 153
L 1618.0000, -789.0000, 0.0000,  1617.0000, -785.0000, 0.0000,  153, 153, 153
L 1620.0000, -827.0000, 0.0000,  1618.0000, -789.0000, 0.0000,  153, 153, 153
L 1635.0000, -827.0000, 0.0000,  1620.0000, -827.0000, 0.0000,  153, 153, 153
L 1635.0000, -866.0000, 0.0000,  1635.0000, -827.0000, 0.0000,  153, 153, 153
L 1621.0000, -866.0000, 0.0000,  1635.0000, -866.0000, 0.0000,  153, 153, 153
L 1620.0000, -883.0000, 0.0000,  1621.0000, -866.0000, 0.0000,  153, 153, 153
L 1648.0000, -883.0000, 0.0000,  1620.0000, -883.0000, 0.0000,  153, 153, 153
L 1649.0000, -899.0000, 0.0000,  1648.0000, -883.0000, 0.0000,  153, 153, 153
L 1790.0000, -897.0000, 0.0000,  1649.0000, -899.0000, 0.0000,  153, 153, 153
L 1817.0000, -897.0000, 0.0000,  1790.0000, -897.0000, 0.0000,  153, 153, 153
L 1817.0000, -909.0000, 0.0000,  1817.0000, -897.0000, 0.0000,  153, 153, 153
L 1811.0000, -915.0000, 0.0000,  1817.0000, -909.0000, 0.0000,  153, 153, 153
L 1788.0000, -921.0000, 0.0000,  1811.0000, -915.0000, 0.0000,  153, 153, 153
L 1648.0000, -923.0000, 0.0000,  1788.0000, -921.0000, 0.0000,  153, 153, 153
L 1604.0000, -964.0000, 0.0000,  1648.0000, -923.0000, 0.0000,  153, 153, 153
L 1586.0000, -965.0000, 0.0000,  1604.0000, -964.0000, 0.0000,  153, 153, 153
L 1551.0000, -980.0000, 0.0000,  1586.0000, -965.0000, 0.0000,  153, 153, 153
L 1552.0000, -1089.0000, 0.0000,  1551.0000, -980.0000, 0.0000,  153, 153, 153
L 1554.0000, -1095.0000, 0.0000,  1552.0000, -1089.0000, 0.0000,  153, 153, 153
L 1568.0000, -1105.0000, 0.0000,  1554.0000, -1095.0000, 0.0000,  153, 153, 153
L 1580.0000, -1123.0000, 0.0000,  1568.0000, -1105.0000, 0.0000,  153, 153, 153
L 1624.0000, -1123.0000, 0.0000,  1580.0000, -1123.0000, 0.0000,  153, 153, 153
L 1624.0000, -1121.0000, 0.0000,  1624.0000, -1123.0000, 0.0000,  153, 153, 153
L 1663.0000, -1121.0000, 0.0000,  1624.0000, -1121.0000, 0.0000,  153, 153, 153
L 1663.0000, -1160.0000, 0.0000,  1663.0000, -1121.0000, 0.0000,  153, 153, 153
L 1647.0000, -1161.0000, 0.0000,  1663.0000, -1160.0000, 0.0000,  153, 153, 153
L 1649.0000, -1191.0000, 0.0000,  1647.0000, -1161.0000, 0.0000,  153, 153, 153
L 1647.0000, -1300.0000, 0.0000,  1649.0000, -1191.0000, 0.0000,  153, 153, 153
L 1640.0000, -1190.0000, 0.0000,  1640.0000, -1302.0000, 0.0000,  153, 153, 153
L 1632.0000, -1160.0000, 0.0000,  1640.0000, -1190.0000, 0.0000,  153, 153, 153
L 1624.0000, -1160.0000, 0.0000,  1632.0000, -1160.0000, 0.0000,  153, 153, 153
L 1623.0000, -1130.0000, 0.0000,  1624.0000, -1160.0000, 0.0000,  153, 153, 153
L 1579.0000, -1130.0000, 0.0000,  1623.0000, -1130.0000, 0.0000,  153, 153, 153
L 1579.0000, -1133.0000, 0.0000,  1579.0000, -1130.0000, 0.0000,  153, 153, 153
L 1552.0000, -1146.0000, 0.0000,  1579.0000, -1133.0000, 0.0000,  153, 153, 153
L 1534.0000, -1139.0000, 0.0000,  1552.0000, -1146.0000, 0.0000,  153, 153, 153
L 1499.0000, -1092.0000, 0.0000,  1534.0000, -1139.0000, 0.0000,  153, 153, 153
L 1539.0000, -1091.0000, 0.0000,  1499.0000, -1092.0000, 0.0000,  153, 153, 153
L 1536.0000, -979.0000, 0.0000,  1539.0000, -1091.0000, 0.0000,  153, 153, 153
L 1463.0000, -939.0000, 0.0000,  1536.0000, -979.0000, 0.0000,  153, 153, 153
L 1595.0000, -939.0000, 0.0000,  1463.0000, -939.0000, 0.0000,  153, 153, 153
L 1596.0000, -883.0000, 0.0000,  1595.0000, -939.0000, 0.0000,  153, 153, 153
L 1611.0000, -882.0000, 0.0000,  1596.0000, -883.0000, 0.0000,  153, 153, 153
L 1610.0000, -866.0000, 0.0000,  1611.0000, -882.0000, 0.0000,  153, 153, 153
L 1596.0000, -866.0000, 0.0000,  1610.0000, -866.0000, 0.0000,  153, 153, 153
L 1596.0000, -827.0000, 0.0000,  1596.0000, -866.0000, 0.0000,  153, 153, 153
L 1611.0000, -826.0000, 0.0000,  1596.0000, -827.0000, 0.0000,  153, 153, 153
L 1610.0000, -810.0000, 0.0000,  1611.0000, -826.0000, 0.0000,  153, 153, 153
L 1521.0000, -811.0000, 0.0000,  1610.0000, -810.0000, 0.0000,  153, 153, 153
L 1522.0000, -827.0000, 0.0000,  1521.0000, -811.0000, 0.0000,  153, 153, 153
L 1535.0000, -827.0000, 0.0000,  1522.0000, -827.0000, 0.0000,  153, 153, 153
L 1537.0000, -866.0000, 0.0000,  1535.0000, -827.0000, 0.0000,  153, 153, 153
L 1498.0000, -866.0000, 0.0000,  1537.0000, -866.0000, 0.0000,  153, 153, 153
L 1498.0000, -827.0000, 0.0000,  1498.0000, -866.0000, 0.0000,  153, 153, 153
L 1513.0000, -827.0000, 0.0000,  1498.0000, -827.0000, 0.0000,  153, 153, 153
L 1513.0000, -810.0000, 0.0000,  1513.0000, -827.0000, 0.0000,  153, 153, 153
L 1481.0000, -811.0000, 0.0000,  1513.0000, -810.0000, 0.0000,  153, 153, 153
L 1481.0000, -918.0000, 0.0000,  1481.0000, -811.0000, 0.0000,  153, 153, 153
L 1470.0000, -917.0000, 0.0000,  1481.0000, -918.0000, 0.0000,  153, 153, 153
L 1469.0000, -838.0000, 0.0000,  1470.0000, -917.0000, 0.0000,  153, 153, 153
L 1442.0000, -838.0000, 0.0000,  1469.0000, -838.0000, 0.0000,  153, 153, 153
L 1442.0000, -797.0000, 0.0000,  1442.0000, -838.0000, 0.0000,  153, 153, 153
L 1414.0000, -796.0000, 0.0000,  1442.0000, -797.0000, 0.0000,  153, 153, 153
L 1413.0000, -766.0000, 0.0000,  1414.0000, -796.0000, 0.0000,  153, 153, 153
L 1397.0000, -767.0000, 0.0000,  1413.0000, -766.0000, 0.0000,  153, 153, 153
L 1397.0000, -782.0000, 0.0000,  1397.0000, -767.0000, 0.0000,  153, 153, 153
L 1341.0000, -782.0000, 0.0000,  1397.0000, -782.0000, 0.0000,  153, 153, 153
L 1340.0000, -799.0000, 0.0000,  1341.0000, -782.0000, 0.0000,  153, 153, 153
L 1369.0000, -799.0000, 0.0000,  1340.0000, -799.0000, 0.0000,  153, 153, 153
L 1369.0000, -922.0000, 0.0000,  1369.0000, -799.0000, 0.0000,  153, 153, 153
L 1367.0000, -924.0000, 0.0000,  1369.0000, -922.0000, 0.0000,  153, 153, 153
L 1368.0000, -939.0000, 0.0000,  1367.0000, -924.0000, 0.0000,  153, 153, 153
L 1395.0000, -939.0000, 0.0000,  1368.0000, -939.0000, 0.0000,  153, 153, 153
L 1365.0000, -967.0000, 0.0000,  1395.0000, -939.0000, 0.0000,  153, 153, 153
L 1339.0000, -986.0000, 0.0000,  1365.0000, -967.0000, 0.0000,  153, 153, 153
L 1329.0000, -971.0000, 0.0000,  1339.0000, -986.0000, 0.0000,  153, 153, 153
L 1313.0000, -982.0000, 0.0000,  1329.0000, -971.0000, 0.0000,  153, 153, 153
L 1313.0000, -993.0000, 0.0000,  1313.0000, -982.0000, 0.0000,  153, 153, 153
L 1309.0000, -1007.0000, 0.0000,  1313.0000, -993.0000, 0.0000,  153, 153, 153
L 1306.0000, -1013.0000, 0.0000,  1309.0000, -1007.0000, 0.0000,  153, 153, 153
L 1278.0000, -1022.0000, 0.0000,  1306.0000, -1013.0000, 0.0000,  153, 153, 153
L 1278.0000, -1033.0000, 0.0000,  1278.0000, -1022.0000, 0.0000,  153, 153, 153
L 1279.0000, -1033.0000, 0.0000,  1278.0000, -1033.0000, 0.0000,  153, 153, 153
L 1279.0000, -1054.0000, 0.0000,  1279.0000, -1033.0000, 0.0000,  153, 153, 153
L 1255.0000, -1056.0000, 0.0000,  1279.0000, -1054.0000, 0.0000,  153, 153, 153
L 1255.0000, -1093.0000, 0.0000,  1255.0000, -1056.0000, 0.0000,  153, 153, 153
L 1257.0000, -1093.0000, 0.0000,  1255.0000, -1093.0000, 0.0000,  153, 153, 153
L 1259.0000, -1145.0000, 0.0000,  1257.0000, -1093.0000, 0.0000,  153, 153, 153
L 1356.0000, -1161.0000, 0.0000,  1259.0000, -1145.0000, 0.0000,  153, 153, 153
L 1370.0000, -1275.0000, 0.0000,  1356.0000, -1161.0000, 0.0000,  153, 153, 153
L 1369.0000, -1296.0000, 0.0000,  1370.0000, -1275.0000, 0.0000,  153, 153, 153
L 1355.0000, -1371.0000, 0.0000,  1369.0000, -1296.0000, 0.0000,  153, 153, 153
L 1254.0000, -1385.0000, 0.0000,  1355.0000, -1371.0000, 0.0000,  153, 153, 153
L 1231.0000, -1383.0000, 0.0000,  1254.0000, -1385.0000, 0.0000,  153, 153, 153
L 1147.0000, -1369.0000, 0.0000,  1231.0000, -1383.0000, 0.0000,  153, 153, 153
L 1133.0000, -1287.0000, 0.0000,  1147.0000, -1369.0000, 0.0000,  153, 153, 153
L 1133.0000, -1264.0000, 0.0000,  1133.0000, -1287.0000, 0.0000,  153, 153, 153
L 1147.0000, -1162.0000, 0.0000,  1133.0000, -1264.0000, 0.0000,  153, 153, 153
L 1244.0000, -1147.0000, 0.0000,  1147.0000, -1162.0000, 0.0000,  153, 153, 153
L 1246.0000, -1093.0000, 0.0000,  1244.0000, -1147.0000, 0.0000,  153, 153, 153
L 1248.0000, -1092.0000, 0.0000,  1246.0000, -1093.0000, 0.0000,  153, 153, 153
L 1248.0000, -1054.0000, 0.0000,  1248.0000, -1092.0000, 0.0000,  153, 153, 153
L 1246.0000, -1054.0000, 0.0000,  1248.0000, -1054.0000, 0.0000,  153, 153, 153
L 1246.0000, -1033.0000, 0.0000,  1246.0000, -1054.0000, 0.0000,  153, 153, 153
L 1271.0000, -1032.0000, 0.0000,  1246.0000, -1033.0000, 0.0000,  153, 153, 153
L 1270.0000, -1020.0000, 0.0000,  1271.0000, -1032.0000, 0.0000,  153, 153, 153
L 1261.0000, -1020.0000, 0.0000,  1270.0000, -1020.0000, 0.0000,  153, 153, 153
L 1265.0000, -1003.0000, 0.0000,  1261.0000, -1020.0000, 0.0000,  153, 153, 153
L 1288.0000, -994.0000, 0.0000,  1265.0000, -1003.0000, 0.0000,  153, 153, 153
L 1287.0000, -978.0000, 0.0000,  1288.0000, -994.0000, 0.0000,  153, 153, 153
L 1284.0000, -974.0000, 0.0000,  1287.0000, -978.0000, 0.0000,  153, 153, 153
L 1285.0000, -951.0000, 0.0000,  1284.0000, -974.0000, 0.0000,  153, 153, 153
L 1278.0000, -951.0000, 0.0000,  1285.0000, -951.0000, 0.0000,  153, 153, 153
L 1269.0000, -944.0000, 0.0000,  1278.0000, -951.0000, 0.0000,  153, 153, 153
L 1264.0000, -945.0000, 0.0000,  1269.0000, -944.0000, 0.0000,  153, 153, 153
L 1261.0000, -939.0000, 0.0000,  1264.0000, -945.0000, 0.0000,  153, 153, 153
L 1360.0000, -938.0000, 0.0000,  1261.0000, -939.0000, 0.0000,  153, 153, 153
L 1360.0000, -923.0000, 0.0000,  1360.0000, -938.0000, 0.0000,  153, 153, 153
L 1358.0000, -922.0000, 0.0000,  1360.0000, -923.0000, 0.0000,  153, 153, 153
L 1358.0000, -851.0000, 0.0000,  1358.0000, -922.0000, 0.0000,  153, 153, 153
L 1355.0000, -850.0000, 0.0000,  1358.0000, -851.0000, 0.0000,  153, 153, 153
L 1330.0000, -827.0000, 0.0000,  1355.0000, -850.0000, 0.0000,  153, 153, 153
L 1297.0000, -829.0000, 0.0000,  1330.0000, -827.0000, 0.0000,  153, 153, 153
L 1274.0000, -850.0000, 0.0000,  1297.0000, -829.0000, 0.0000,  153, 153, 153
L 1274.0000, -826.0000, 0.0000,  1274.0000, -850.0000, 0.0000,  153, 153, 153
L 1288.0000, -812.0000, 0.0000,  1274.0000, -826.0000, 0.0000,  153, 153, 153
L 1272.0000, -796.0000, 0.0000,  1288.0000, -812.0000, 0.0000,  153, 153, 153
L 1258.0000, -810.0000, 0.0000,  1272.0000, -796.0000, 0.0000,  153, 153, 153
L 1255.0000, -811.0000, 0.0000,  1258.0000, -810.0000, 0.0000,  153, 153, 153
L 1246.0000, -810.0000, 0.0000,  1248.0000, -811.0000, 0.0000,  153, 153, 153
L 1246.0000, -767.0000, 0.0000,  1246.0000, -810.0000, 0.0000,  153, 153, 153
L 1239.0000, -766.0000, 0.0000,  1246.0000, -767.0000, 0.0000,  153, 153, 153
L 1215.0000, -767.0000, 0.0000,  1239.0000, -766.0000, 0.0000,  153, 153, 153
L 1215.0000, -769.0000, 0.0000,  1215.0000, -767.0000, 0.0000,  153, 153, 153
L 1201.0000, -784.0000, 0.0000,  1215.0000, -769.0000, 0.0000,  153, 153, 153
L 1201.0000, -799.0000, 0.0000,  1201.0000, -784.0000, 0.0000,  153, 153, 153
L 1215.0000, -812.0000, 0.0000,  1201.0000, -799.0000, 0.0000,  153, 153, 153
L 1215.0000, -824.0000, 0.0000,  1215.0000, -812.0000, 0.0000,  153, 153, 153
L 1175.0000, -824.0000, 0.0000,  1215.0000, -824.0000, 0.0000,  153, 153, 153
L 1146.0000, -782.0000, 0.0000,  1175.0000, -824.0000, 0.0000,  153, 153, 153
L 1132.0000, -796.0000, 0.0000,  1146.0000, -782.0000, 0.0000,  153, 153, 153
L 1130.0000, -839.0000, 0.0000,  1132.0000, -796.0000, 0.0000,  153, 153, 153
L 1103.0000, -867.0000, 0.0000,  1130.0000, -839.0000, 0.0000,  153, 153, 153
L 1047.0000, -865.0000, 0.0000,  1103.0000, -867.0000, 0.0000,  153, 153, 153
L 1047.0000, -867.0000, 0.0000,  1047.0000, -865.0000, 0.0000,  153, 153, 153
L 1007.0000, -894.0000, 0.0000,  1047.0000, -867.0000, 0.0000,  153, 153, 153
L 978.0000, -894.0000, 0.0000,  1007.0000, -894.0000, 0.0000,  153, 153, 153
L 944.0000, -915.0000, 0.0000,  978.0000, -894.0000, 0.0000,  153, 153, 153
L 939.0000, -915.0000, 0.0000,  944.0000, -915.0000, 0.0000,  153, 153, 153
L 978.0000, -858.0000, 0.0000,  939.0000, -915.0000, 0.0000,  153, 153, 153
L 906.0000, -769.0000, 0.0000,  978.0000, -858.0000, 0.0000,  153, 153, 153
L 878.0000, -766.0000, 0.0000,  906.0000, -769.0000, 0.0000,  153, 153, 153
L 866.0000, -766.0000, 0.0000,  878.0000, -766.0000, 0.0000,  153, 153, 153
L 855.0000, -748.0000, 0.0000,  866.0000, -766.0000, 0.0000,  153, 153, 153
L 868.0000, -727.0000, 0.0000,  855.0000, -748.0000, 0.0000,  153, 153, 153
L 853.0000, -698.0000, 0.0000,  868.0000, -727.0000, 0.0000,  153, 153, 153
L 830.0000, -710.0000, 0.0000,  853.0000, -698.0000, 0.0000,  153, 153, 153
L 817.0000, -698.0000, 0.0000,  830.0000, -710.0000, 0.0000,  153, 153, 153
L 804.0000, -698.0000, 0.0000,  817.0000, -698.0000, 0.0000,  153, 153, 153
L 807.0000, -675.0000, 0.0000,  804.0000, -698.0000, 0.0000,  153, 153, 153
L 807.0000, -671.0000, 0.0000,  807.0000, -675.0000, 0.0000,  153, 153, 153
L 805.0000, -670.0000, 0.0000,  807.0000, -671.0000, 0.0000,  153, 153, 153
L 798.0000, -644.0000, 0.0000,  805.0000, -670.0000, 0.0000,  153, 153, 153
L 770.0000, -587.0000, 0.0000,  798.0000, -644.0000, 0.0000,  153, 153, 153
L 756.0000, -586.0000, 0.0000,  770.0000, -587.0000, 0.0000,  153, 153, 153
L 671.0000, -502.0000, 0.0000,  756.0000, -586.0000, 0.0000,  153, 153, 153
L 672.0000, -391.0000, 0.0000,  671.0000, -502.0000, 0.0000,  153, 153, 153
L 755.0000, -309.0000, 0.0000,  672.0000, -391.0000, 0.0000,  153, 153, 153
L 813.0000, -308.0000, 0.0000,  755.0000, -309.0000, 0.0000,  153, 153, 153
L 798.0000, -279.0000, 0.0000,  813.0000, -308.0000, 0.0000,  153, 153, 153
L 806.0000, -241.0000, 0.0000,  798.0000, -279.0000, 0.0000,  153, 153, 153
L 807.0000, -239.0000, 0.0000,  806.0000, -241.0000, 0.0000,  153, 153, 153
L 805.0000, -236.0000, 0.0000,  807.0000, -239.0000, 0.0000,  153, 153, 153
L 805.0000, -211.0000, 0.0000,  805.0000, -236.0000, 0.0000,  153, 153, 153
L 845.0000, -211.0000, 0.0000,  805.0000, -211.0000, 0.0000,  153, 153, 153
L 1470.0000, -742.0000, 0.0000,  1481.0000, -731.0000, 0.0000,  153, 153, 153
L 1470.0000, -770.0000, 0.0000,  1470.0000, -742.0000, 0.0000,  153, 153, 153
L 1425.0000, -771.0000, 0.0000,  1470.0000, -770.0000, 0.0000,  153, 153, 153
L 1425.0000, -742.0000, 0.0000,  1425.0000, -771.0000, 0.0000,  153, 153, 153
L 1414.0000, -731.0000, 0.0000,  1425.0000, -742.0000, 0.0000,  153, 153, 153
L 1414.0000, -759.0000, 0.0000,  1414.0000, -731.0000, 0.0000,  153, 153, 153
L 1398.0000, -759.0000, 0.0000,  1414.0000, -759.0000, 0.0000,  153, 153, 153
L 1397.0000, -743.0000, 0.0000,  1398.0000, -759.0000, 0.0000,  153, 153, 153
L 1339.0000, -743.0000, 0.0000,  1397.0000, -743.0000, 0.0000,  153, 153, 153
L 1340.0000, -726.0000, 0.0000,  1339.0000, -743.0000, 0.0000,  153, 153, 153
L 1397.0000, -726.0000, 0.0000,  1340.0000, -726.0000, 0.0000,  153, 153, 153
L 1397.0000, -603.0000, 0.0000,  1397.0000, -726.0000, 0.0000,  153, 153, 153
L 1274.0000, -603.0000, 0.0000,  1397.0000, -603.0000, 0.0000,  153, 153, 153
L 1274.0000, -699.0000, 0.0000,  1274.0000, -603.0000, 0.0000,  153, 153, 153
L 1288.0000, -714.0000, 0.0000,  1274.0000, -699.0000, 0.0000,  153, 153, 153
L 1271.0000, -729.0000, 0.0000,  1288.0000, -714.0000, 0.0000,  153, 153, 153
L 1258.0000, -715.0000, 0.0000,  1271.0000, -729.0000, 0.0000,  153, 153, 153
L 1246.0000, -759.0000, 0.0000,  1246.0000, -715.0000, 0.0000,  153, 153, 153
L 1215.0000, -759.0000, 0.0000,  1246.0000, -759.0000, 0.0000,  153, 153, 153
L 1215.0000, -756.0000, 0.0000,  1215.0000, -759.0000, 0.0000,  153, 153, 153
L 1201.0000, -742.0000, 0.0000,  1215.0000, -756.0000, 0.0000,  153, 153, 153
L 1202.0000, -726.0000, 0.0000,  1201.0000, -742.0000, 0.0000,  153, 153, 153
L 1215.0000, -713.0000, 0.0000,  1202.0000, -726.0000, 0.0000,  153, 153, 153
L 1215.0000, -701.0000, 0.0000,  1215.0000, -713.0000, 0.0000,  153, 153, 153
L 1175.0000, -701.0000, 0.0000,  1215.0000, -701.0000, 0.0000,  153, 153, 153
L 1162.0000, -728.0000, 0.0000,  1175.0000, -701.0000, 0.0000,  153, 153, 153
L 1162.0000, -742.0000, 0.0000,  1162.0000, -728.0000, 0.0000,  153, 153, 153
L 1120.0000, -784.0000, 0.0000,  1162.0000, -742.0000, 0.0000,  153, 153, 153
L 1120.0000, -827.0000, 0.0000,  1120.0000, -784.0000, 0.0000,  153, 153, 153
L 1090.0000, -855.0000, 0.0000,  1120.0000, -827.0000, 0.0000,  153, 153, 153
L 1052.0000, -855.0000, 0.0000,  1090.0000, -855.0000, 0.0000,  153, 153, 153
L 1052.0000, -857.0000, 0.0000,  1052.0000, -855.0000, 0.0000,  153, 153, 153
L 1048.0000, -857.0000, 0.0000,  1052.0000, -857.0000, 0.0000,  153, 153, 153
L 1047.0000, -855.0000, 0.0000,  1048.0000, -857.0000, 0.0000,  153, 153, 153
L 978.0000, -834.0000, 0.0000,  1047.0000, -855.0000, 0.0000,  153, 153, 153
L 949.0000, -770.0000, 0.0000,  978.0000, -834.0000, 0.0000,  153, 153, 153
L 865.0000, -687.0000, 0.0000,  949.0000, -770.0000, 0.0000,  153, 153, 153
L 817.0000, -687.0000, 0.0000,  865.0000, -687.0000, 0.0000,  153, 153, 153
L 816.0000, -675.0000, 0.0000,  817.0000, -687.0000, 0.0000,  153, 153, 153
L 814.0000, -675.0000, 0.0000,  816.0000, -675.0000, 0.0000,  153, 153, 153
L 814.0000, -671.0000, 0.0000,  814.0000, -675.0000, 0.0000,  153, 153, 153
L 816.0000, -670.0000, 0.0000,  814.0000, -671.0000, 0.0000,  153, 153, 153
L 824.0000, -642.0000, 0.0000,  816.0000, -670.0000, 0.0000,  153, 153, 153
L 833.0000, -623.0000, 0.0000,  824.0000, -642.0000, 0.0000,  153, 153, 153
L 826.0000, -624.0000, 0.0000,  833.0000, -623.0000, 0.0000,  153, 153, 153
L 825.0000, -603.0000, 0.0000,  826.0000, -624.0000, 0.0000,  153, 153, 153
L 844.0000, -601.0000, 0.0000,  825.0000, -603.0000, 0.0000,  153, 153, 153
L 851.0000, -587.0000, 0.0000,  844.0000, -601.0000, 0.0000,  153, 153, 153
L 866.0000, -586.0000, 0.0000,  851.0000, -587.0000, 0.0000,  153, 153, 153
L 952.0000, -504.0000, 0.0000,  866.0000, -586.0000, 0.0000,  153, 153, 153
L 952.0000, -393.0000, 0.0000,  952.0000, -504.0000, 0.0000,  153, 153, 153
L 867.0000, -309.0000, 0.0000,  952.0000, -393.0000, 0.0000,  153, 153, 153
L 824.0000, -310.0000, 0.0000,  867.0000, -309.0000, 0.0000,  153, 153, 153
L 811.0000, -280.0000, 0.0000,  824.0000, -310.0000, 0.0000,  153, 153, 153
L 810.0000, -264.0000, 0.0000,  811.0000, -280.0000, 0.0000,  153, 153, 153
L 815.0000, -236.0000, 0.0000,  810.0000, -264.0000, 0.0000,  153, 153, 153
L 816.0000, -236.0000, 0.0000,  815.0000, -236.0000, 0.0000,  153, 153, 153
L 817.0000, -222.0000, 0.0000,  816.0000, -236.0000, 0.0000,  153, 153, 153
L 858.0000, -222.0000, 0.0000,  817.0000, -222.0000, 0.0000,  153, 153, 153
L 858.0000, -213.0000, 0.0000,  858.0000, -222.0000, 0.0000,  153, 153, 153
