P 1918.1880, -5275.0811, 31.7710,  0, 240, 0,  2,  South_Desert_of_Ro
P 904.1730, -5777.5801, 37.3330,  240, 0, 0,  2,  Dervish_Camp_3
P 867.1540, -6316.5352, 23.9140,  240, 0, 0,  2,  Undead_Ruins
P 987.0180, -6553.1240, 22.5970,  0, 0, 0,  2,  Peridor_Sargar
P 1343.6260, -6879.4351, 28.5930,  0, 0, 0,  2,  Tak`Valnakor
P 1178.0140, -8038.0820, 84.4690,  0, 0, 0,  2,  Innkeep_Tozie
P 1191.5610, -8061.1709, 86.9530,  0, 0, 0,  2,  Havan_Kallir
P 1200.2310, -8032.2832, 86.9530,  0, 0, 0,  2,  Innkeep_Valon
P 1189.0250, -8016.9541, 86.9530,  0, 0, 0,  2,  Spoolie_Gee
P 973.7720, -6646.4180, 31.1500,  0, 0, 240,  2,  Wizard_Spires
P 2747.8430, -6923.2422, 1.6550,  0, 0, 0,  2,  Juni_Sandfisher
P 2753.5400, -6941.6572, 1.2560,  0, 0, 0,  2,  Puntar_Sandfisher
P 2597.2881, -6962.0850, 25.8780,  0, 0, 0,  2,  Tira_Sandfisher
P 2601.6870, -6051.3882, 0.6060,  0, 0, 240,  2,  Translocator_Ionie
P 2425.6589, -5312.7729, 23.1410,  0, 0, 0,  2,  Roriella_Vellestan
P 2392.4651, -5217.9189, 31.3340,  0, 240, 0,  2,  South_Desert_of_Ro
P 1334.0890, -5274.3931, 42.9300,  0, 240, 0,  2,  South_Desert_of_Ro
P 509.9960, -5198.2119, 106.5080,  0, 240, 0,  2,  South_Desert_of_Ro
P 49.0000, -6782.0000, -57.2700,  0, 240, 0,  2,  Commonlands
P 1277.0870, -9725.3984, 19.2380,  0, 240, 0,  2,  East_Freeport
P 1534.2430, -5198.8232, 26.8240,  0, 240, 0,  2,  South_Desert_of_Ro
P 575.2340, -7913.0430, 94.7950,  0, 0, 0,  2,  Shelie_Dikop
P 560.1430, -7911.9541, 95.2340,  0, 0, 0,  2,  Magus_Arindri
P 551.0730, -7910.8779, 94.8390,  0, 0, 0,  2,  Efrelle_Treiui_(Raid_Recruiter)
P 544.6300, -7909.1328, 95.3250,  0, 0, 0,  2,  Tarakix_V`Rasyrn_(Raid_Recruiter)
P 536.5600, -7905.2422, 95.1350,  0, 0, 0,  2,  Escon_Quickbow_(Adventures)
P 527.8350, -7897.0840, 94.4230,  0, 0, 0,  2,  Daevyd_Londayl_(Adventure_Merchant)
P 573.1120, -7846.9541, 94.5630,  0, 0, 0,  2,  Dereu_Ztr`Tn_(Adventure_Merchant)
P 592.0240, -7896.3979, 94.5430,  0, 0, 0,  2,  Ruanya_Windleaf
P 610.7850, -7867.0000, 93.3080,  0, 0, 0,  2,  Paege_Stirratin
P 614.5010, -7878.5078, 93.5520,  0, 0, 0,  2,  Dizzl_Nulzik_(Raid_Recruiter)
P 559.2690, -7948.7109, 101.7080,  0, 0, 0,  2,  Augment_Bird_Bath
P 530.9100, -6050.6841, 49.3420,  0, 0, 240,  2,  Soulbinder_Ragni
P 1482.8750, -6362.5952, 7.9620,  240, 0, 0,  2,  Dervish_Camp_2
P 2229.2720, -6865.8340, 25.6780,  240, 0, 0,  2,  Dervish_Camp_1
P 583.1240, -7402.8672, 41.2740,  0, 0, 0,  2,  Rargahob_Dursaar
P 1450.2400, -7515.5229, 48.5780,  0, 0, 0,  2,  Lamriiel_Mistigone
P 276.2620, -5373.2549, 125.7150,  0, 0, 0,  2,  Brolog
P 1628.2321, -8175.6411, 82.0590,  0, 0, 0,  2,  Aiden_Laup
P 1351.2010, -7457.2710, 39.0430,  0, 0, 0,  2,  Murissa_Sandwhisper
P 571.8860, -9699.3203, -2.1590,  0, 240, 0,  2,  Freeport_Sewers
