P -98.0000, 1034.0000, 0.0000,  255, 255, 255,  2,  Mines_of_Droga
P 618.4970, 1938.5470, -223.9050,  0, 240, 0,  2,  Traitor_Efuin
P 795.3400, 2261.0320, -223.9050,  0, 240, 0,  2,  Slave_Keeper_Davirg
P -1350.2650, 1643.3250, -276.6470,  0, 240, 0,  2,  Death_Knight_Donkot
P -1160.5150, 1217.3440, -287.8740,  0, 240, 0,  2,  Flame_Chanter_Breplish
P 1268.9690, 2077.7271, -175.9370,  0, 240, 0,  2,  Miner_Gribok
P -1351.4070, 1998.8850, -310.4900,  0, 240, 0,  2,  Spirit_Chanter_Bibodik
P -625.9150, 1166.4490, -191.9370,  0, 240, 0,  2,  Overseer_Malam
P -202.7580, 1127.1930, -191.9370,  0, 240, 0,  2,  Overseer_Henxsa
P -151.5680, 1153.5190, -191.9370,  0, 240, 0,  2,  Overseer_Pruckib
P 72.5490, 1265.4730, -191.9370,  0, 240, 0,  2,  Blackguard_Thabis
P 69.5410, 1491.8060, -191.9370,  0, 240, 0,  2,  a_sleeping_ogre
P 377.0240, 1315.6300, -175.9370,  0, 240, 0,  2,  Deathcaller_Joepla
P 614.3420, 1475.9310, -191.9370,  0, 240, 0,  2,  Bloodthirsty_Rat
P 533.8440, 1155.4250, -175.9370,  0, 240, 0,  2,  Taskmaster_Crizz
P 1250.1230, 1132.0380, -175.9370,  0, 240, 0,  2,  Taskmaster_Huflam
P 1882.4850, 2052.4939, 14.7530,  0, 240, 0,  2,  Stabber_Remmy
P -1426.5150, 1703.3040, -279.8740,  0, 240, 0,  2,  Taskmaster_Yajo
P -1327.8740, 1960.6591, -322.3540,  0, 240, 0,  2,  Slave_Driver_Nimol
P 904.4530, 1519.1350, -223.9050,  0, 240, 0,  2,  Frost_Caller_Ollikaz
P 1233.7740, 1782.5680, -175.9370,  0, 240, 0,  2,  Spirit_Weaver_Tramix
P 951.4240, 2066.8250, -175.9370,  0, 240, 0,  2,  Life_Drinker_Krador
P 938.3440, 2132.3191, -223.9050,  0, 240, 0,  2,  Slave_Du_Jour
P 1799.1990, 2237.7661, 0.0010,  240, 240, 240,  2,  Frontier_Mountains
P 919.5120, 836.4390, -175.9370,  255, 255, 255,  2,  To_Droga
