L 107.0000, -6043.0000, -1.0000,  85.0000, -6027.0000, -2.0000,  0, 127, 127
L 124.0000, -6112.0000, -1.0000,  107.0000, -6043.0000, -1.0000,  0, 127, 127
L 143.0000, -6118.0000, -2.0000,  124.0000, -6112.0000, -1.0000,  0, 127, 127
L 155.0000, -6137.0000, -2.0000,  143.0000, -6118.0000, -2.0000,  0, 127, 127
L 149.0000, -6158.0000, -1.0000,  155.0000, -6137.0000, -2.0000,  0, 127, 127
L 165.0000, -6170.0000, 0.0000,  149.0000, -6158.0000, -1.0000,  0, 127, 127
L 171.0000, -6183.0000, -1.0000,  165.0000, -6170.0000, 0.0000,  0, 127, 127
L 171.0000, -6192.0000, 0.0000,  171.0000, -6183.0000, -1.0000,  0, 127, 127
L 167.0000, -6203.0000, 1.0000,  171.0000, -6192.0000, 0.0000,  0, 127, 127
L 152.0000, -6221.0000, 1.0000,  167.0000, -6203.0000, 1.0000,  0, 127, 127
L 143.0000, -6272.0000, 0.0000,  152.0000, -6221.0000, 1.0000,  0, 127, 127
L 147.0000, -6283.0000, -1.0000,  143.0000, -6272.0000, 0.0000,  0, 127, 127
L 186.0000, -6290.0000, -3.0000,  147.0000, -6283.0000, -1.0000,  0, 127, 127
L 193.0000, -6294.0000, -3.0000,  186.0000, -6290.0000, -3.0000,  0, 127, 127
L 193.0000, -6312.0000, -2.0000,  193.0000, -6294.0000, -3.0000,  0, 127, 127
L 203.0000, -6321.0000, -2.0000,  193.0000, -6312.0000, -2.0000,  0, 127, 127
L 216.0000, -6325.0000, 0.0000,  203.0000, -6321.0000, -2.0000,  0, 127, 127
L 214.0000, -6293.0000, 1.0000,  216.0000, -6325.0000, 0.0000,  0, 127, 127
L 216.0000, -6284.0000, 6.0000,  214.0000, -6293.0000, 1.0000,  0, 127, 127
L 219.0000, -6276.0000, 7.0000,  216.0000, -6284.0000, 6.0000,  0, 127, 127
L 234.0000, -6262.0000, 10.0000,  219.0000, -6276.0000, 7.0000,  0, 127, 127
L 230.0000, -6260.0000, 9.0000,  234.0000, -6262.0000, 10.0000,  0, 127, 127
L 211.0000, -6260.0000, 1.0000,  230.0000, -6260.0000, 9.0000,  0, 127, 127
L 187.0000, -6283.0000, -3.0000,  211.0000, -6260.0000, 1.0000,  0, 127, 127
L 185.0000, -6282.0000, -3.0000,  187.0000, -6283.0000, -3.0000,  0, 127, 127
L 184.0000, -6279.0000, -3.0000,  185.0000, -6282.0000, -3.0000,  0, 127, 127
L 178.0000, -6276.0000, -2.0000,  184.0000, -6279.0000, -3.0000,  0, 127, 127
L 169.0000, -6263.0000, -1.0000,  178.0000, -6276.0000, -2.0000,  0, 127, 127
L 171.0000, -6228.0000, 1.0000,  169.0000, -6263.0000, -1.0000,  0, 127, 127
L 208.0000, -6208.0000, -1.0000,  171.0000, -6228.0000, 1.0000,  0, 127, 127
L 207.0000, -6190.0000, -1.0000,  208.0000, -6208.0000, -1.0000,  0, 127, 127
L 202.0000, -6187.0000, -1.0000,  207.0000, -6190.0000, -1.0000,  0, 127, 127
L 183.0000, -6169.0000, 0.0000,  202.0000, -6187.0000, -1.0000,  0, 127, 127
L 181.0000, -6153.0000, -1.0000,  183.0000, -6169.0000, 0.0000,  0, 127, 127
L 189.0000, -6155.0000, -1.0000,  181.0000, -6153.0000, -1.0000,  0, 127, 127
L 202.0000, -6154.0000, 3.0000,  189.0000, -6155.0000, -1.0000,  0, 127, 127
L 207.0000, -6151.0000, 3.0000,  202.0000, -6154.0000, 3.0000,  0, 127, 127
L 207.0000, -6131.0000, 8.0000,  207.0000, -6151.0000, 3.0000,  0, 127, 127
L 221.0000, -6117.0000, 11.0000,  207.0000, -6131.0000, 8.0000,  0, 127, 127
L 237.0000, -6109.0000, 9.0000,  221.0000, -6117.0000, 11.0000,  0, 127, 127
L 253.0000, -6076.0000, 11.0000,  237.0000, -6109.0000, 9.0000,  0, 127, 127
L 287.0000, -6052.0000, 17.0000,  253.0000, -6076.0000, 11.0000,  0, 127, 127
L 288.0000, -6045.0000, 12.0000,  287.0000, -6052.0000, 17.0000,  0, 127, 127
L 289.0000, -6039.0000, 13.0000,  288.0000, -6045.0000, 12.0000,  0, 127, 127
L 302.0000, -6029.0000, 14.0000,  289.0000, -6039.0000, 13.0000,  0, 127, 127
L 319.0000, -6028.0000, 14.0000,  302.0000, -6029.0000, 14.0000,  0, 127, 127
L 327.0000, -6024.0000, 14.0000,  319.0000, -6028.0000, 14.0000,  0, 127, 127
L 333.0000, -6026.0000, 13.0000,  327.0000, -6024.0000, 14.0000,  0, 127, 127
L 338.0000, -6030.0000, 13.0000,  333.0000, -6026.0000, 13.0000,  0, 127, 127
L 340.0000, -6045.0000, 13.0000,  338.0000, -6030.0000, 13.0000,  0, 127, 127
L 327.0000, -6060.0000, 9.0000,  340.0000, -6045.0000, 13.0000,  0, 127, 127
L 319.0000, -6079.0000, 10.0000,  327.0000, -6060.0000, 9.0000,  0, 127, 127
L 319.0000, -6088.0000, 12.0000,  319.0000, -6079.0000, 10.0000,  0, 127, 127
L 327.0000, -6087.0000, 11.0000,  319.0000, -6088.0000, 12.0000,  0, 127, 127
L 330.0000, -6091.0000, 12.0000,  327.0000, -6087.0000, 11.0000,  0, 127, 127
L 330.0000, -6100.0000, 13.0000,  330.0000, -6091.0000, 12.0000,  0, 127, 127
L 330.0000, -6102.0000, 16.0000,  330.0000, -6100.0000, 13.0000,  0, 127, 127
L 329.0000, -6106.0000, 17.0000,  330.0000, -6102.0000, 16.0000,  0, 127, 127
L 328.0000, -6110.0000, 21.0000,  329.0000, -6106.0000, 17.0000,  0, 127, 127
L 320.0000, -6136.0000, 27.0000,  328.0000, -6110.0000, 21.0000,  0, 127, 127
L 313.0000, -6142.0000, 29.0000,  320.0000, -6136.0000, 27.0000,  0, 127, 127
L 310.0000, -6142.0000, 31.0000,  313.0000, -6142.0000, 29.0000,  0, 127, 127
L 305.0000, -6145.0000, 32.0000,  310.0000, -6142.0000, 31.0000,  0, 127, 127
L 297.0000, -6155.0000, 38.0000,  305.0000, -6145.0000, 32.0000,  0, 127, 127
L 299.0000, -6166.0000, 39.0000,  297.0000, -6155.0000, 38.0000,  0, 127, 127
L 311.0000, -6184.0000, 42.0000,  299.0000, -6166.0000, 39.0000,  0, 127, 127
L 309.0000, -6196.0000, 44.0000,  311.0000, -6184.0000, 42.0000,  0, 127, 127
L 301.0000, -6204.0000, 37.0000,  309.0000, -6196.0000, 44.0000,  0, 127, 127
L 276.0000, -6217.0000, 34.0000,  301.0000, -6204.0000, 37.0000,  0, 127, 127
L 273.0000, -6225.0000, 32.0000,  276.0000, -6217.0000, 34.0000,  0, 127, 127
L 290.0000, -6252.0000, 24.0000,  273.0000, -6225.0000, 32.0000,  0, 127, 127
L 302.0000, -6281.0000, 24.0000,  290.0000, -6252.0000, 24.0000,  0, 127, 127
L 302.0000, -6291.0000, 27.0000,  302.0000, -6281.0000, 24.0000,  0, 127, 127
L 294.0000, -6316.0000, 25.0000,  302.0000, -6291.0000, 27.0000,  0, 127, 127
L 285.0000, -6344.0000, 31.0000,  294.0000, -6316.0000, 25.0000,  0, 127, 127
L 281.0000, -6372.0000, 32.0000,  285.0000, -6344.0000, 31.0000,  0, 127, 127
L 280.0000, -6373.0000, 31.0000,  281.0000, -6372.0000, 32.0000,  0, 127, 127
L 267.0000, -6377.0000, 29.0000,  280.0000, -6373.0000, 31.0000,  0, 127, 127
L 260.0000, -6376.0000, 31.0000,  267.0000, -6377.0000, 29.0000,  0, 127, 127
L 251.0000, -6371.0000, 31.0000,  260.0000, -6376.0000, 31.0000,  0, 127, 127
L 238.0000, -6369.0000, 32.0000,  251.0000, -6371.0000, 31.0000,  0, 127, 127
L 231.0000, -6382.0000, 34.0000,  238.0000, -6369.0000, 32.0000,  0, 127, 127
L 240.0000, -6392.0000, 33.0000,  231.0000, -6382.0000, 34.0000,  0, 127, 127
L 242.0000, -6401.0000, 36.0000,  240.0000, -6392.0000, 33.0000,  0, 127, 127
L 261.0000, -6447.0000, 31.0000,  242.0000, -6401.0000, 36.0000,  0, 127, 127
L 262.0000, -6449.0000, 29.0000,  261.0000, -6447.0000, 31.0000,  0, 127, 127
L 268.0000, -6457.0000, 29.0000,  262.0000, -6449.0000, 29.0000,  0, 127, 127
L 283.0000, -6469.0000, 26.0000,  268.0000, -6457.0000, 29.0000,  0, 127, 127
L 283.0000, -6480.0000, 25.0000,  283.0000, -6469.0000, 26.0000,  0, 127, 127
L 288.0000, -6493.0000, 23.0000,  283.0000, -6480.0000, 25.0000,  0, 127, 127
L 300.0000, -6502.0000, 18.0000,  288.0000, -6493.0000, 23.0000,  0, 127, 127
L 312.0000, -6498.0000, 11.0000,  300.0000, -6502.0000, 18.0000,  0, 127, 127
L 324.0000, -6499.0000, 11.0000,  312.0000, -6498.0000, 11.0000,  0, 127, 127
L 336.0000, -6488.0000, 10.0000,  324.0000, -6499.0000, 11.0000,  0, 127, 127
L 354.0000, -6479.0000, 8.0000,  336.0000, -6488.0000, 10.0000,  0, 127, 127
L 356.0000, -6472.0000, 7.0000,  354.0000, -6479.0000, 8.0000,  0, 127, 127
L 352.0000, -6459.0000, 4.0000,  356.0000, -6472.0000, 7.0000,  0, 127, 127
L 350.0000, -6432.0000, -1.0000,  352.0000, -6459.0000, 4.0000,  0, 127, 127
L 352.0000, -6428.0000, -1.0000,  350.0000, -6432.0000, -1.0000,  0, 127, 127
L 360.0000, -6433.0000, 2.0000,  352.0000, -6428.0000, -1.0000,  0, 127, 127
L 375.0000, -6454.0000, 7.0000,  360.0000, -6433.0000, 2.0000,  0, 127, 127
L 376.0000, -6461.0000, 5.0000,  375.0000, -6454.0000, 7.0000,  0, 127, 127
L 356.0000, -6501.0000, 5.0000,  376.0000, -6461.0000, 5.0000,  0, 127, 127
L 337.0000, -6512.0000, 8.0000,  356.0000, -6501.0000, 5.0000,  0, 127, 127
L 304.0000, -6509.0000, 14.0000,  337.0000, -6512.0000, 8.0000,  0, 127, 127
L 293.0000, -6511.0000, 12.0000,  304.0000, -6509.0000, 14.0000,  0, 127, 127
L 279.0000, -6507.0000, 10.0000,  293.0000, -6511.0000, 12.0000,  0, 127, 127
L 272.0000, -6497.0000, 10.0000,  279.0000, -6507.0000, 10.0000,  0, 127, 127
L 261.0000, -6461.0000, 10.0000,  272.0000, -6497.0000, 10.0000,  0, 127, 127
L 246.0000, -6458.0000, 11.0000,  261.0000, -6461.0000, 10.0000,  0, 127, 127
L 235.0000, -6435.0000, 18.0000,  246.0000, -6458.0000, 11.0000,  0, 127, 127
L 223.0000, -6422.0000, 26.0000,  235.0000, -6435.0000, 18.0000,  0, 127, 127
L 222.0000, -6421.0000, 25.0000,  223.0000, -6422.0000, 26.0000,  0, 127, 127
L 219.0000, -6412.0000, 25.0000,  222.0000, -6421.0000, 25.0000,  0, 127, 127
L 209.0000, -6415.0000, 27.0000,  219.0000, -6412.0000, 25.0000,  0, 127, 127
L 200.0000, -6408.0000, 27.0000,  209.0000, -6415.0000, 27.0000,  0, 127, 127
L 197.0000, -6409.0000, 27.0000,  200.0000, -6408.0000, 27.0000,  0, 127, 127
L 192.0000, -6421.0000, 27.0000,  197.0000, -6409.0000, 27.0000,  0, 127, 127
L 191.0000, -6423.0000, 34.0000,  192.0000, -6421.0000, 27.0000,  0, 127, 127
L 190.0000, -6424.0000, 35.0000,  191.0000, -6423.0000, 34.0000,  0, 127, 127
L 189.0000, -6429.0000, 34.0000,  190.0000, -6424.0000, 35.0000,  0, 127, 127
L 186.0000, -6430.0000, 30.0000,  189.0000, -6429.0000, 34.0000,  0, 127, 127
L 177.0000, -6434.0000, 31.0000,  186.0000, -6430.0000, 30.0000,  0, 127, 127
L 171.0000, -6439.0000, 30.0000,  177.0000, -6434.0000, 31.0000,  0, 127, 127
L 175.0000, -6454.0000, 31.0000,  171.0000, -6439.0000, 30.0000,  0, 127, 127
L 180.0000, -6455.0000, 31.0000,  175.0000, -6454.0000, 31.0000,  0, 127, 127
L 182.0000, -6454.0000, 31.0000,  180.0000, -6455.0000, 31.0000,  0, 127, 127
L 182.0000, -6448.0000, 29.0000,  182.0000, -6454.0000, 31.0000,  0, 127, 127
L 193.0000, -6444.0000, 30.0000,  182.0000, -6448.0000, 29.0000,  0, 127, 127
L 202.0000, -6455.0000, 28.0000,  193.0000, -6444.0000, 30.0000,  0, 127, 127
L 203.0000, -6451.0000, 27.0000,  202.0000, -6455.0000, 28.0000,  0, 127, 127
L 212.0000, -6436.0000, 26.0000,  203.0000, -6451.0000, 27.0000,  0, 127, 127
L 228.0000, -6439.0000, 19.0000,  212.0000, -6436.0000, 26.0000,  0, 127, 127
L 230.0000, -6442.0000, 17.0000,  228.0000, -6439.0000, 19.0000,  0, 127, 127
L 235.0000, -6459.0000, 13.0000,  230.0000, -6442.0000, 17.0000,  0, 127, 127
L 242.0000, -6463.0000, 12.0000,  235.0000, -6459.0000, 13.0000,  0, 127, 127
L 247.0000, -6477.0000, 10.0000,  242.0000, -6463.0000, 12.0000,  0, 127, 127
L 248.0000, -6493.0000, 10.0000,  247.0000, -6477.0000, 10.0000,  0, 127, 127
L 243.0000, -6498.0000, 10.0000,  248.0000, -6493.0000, 10.0000,  0, 127, 127
L 231.0000, -6497.0000, 11.0000,  243.0000, -6498.0000, 10.0000,  0, 127, 127
L 228.0000, -6499.0000, 11.0000,  231.0000, -6497.0000, 11.0000,  0, 127, 127
L 220.0000, -6498.0000, 11.0000,  228.0000, -6499.0000, 11.0000,  0, 127, 127
L 201.0000, -6485.0000, 14.0000,  220.0000, -6498.0000, 11.0000,  0, 127, 127
L 156.0000, -6471.0000, 14.0000,  201.0000, -6485.0000, 14.0000,  0, 127, 127
L 145.0000, -6462.0000, 14.0000,  156.0000, -6471.0000, 14.0000,  0, 127, 127
L 137.0000, -6444.0000, 15.0000,  145.0000, -6462.0000, 14.0000,  0, 127, 127
L 138.0000, -6432.0000, 16.0000,  137.0000, -6444.0000, 15.0000,  0, 127, 127
L 157.0000, -6389.0000, 16.0000,  138.0000, -6432.0000, 16.0000,  0, 127, 127
L 155.0000, -6383.0000, 15.0000,  157.0000, -6389.0000, 16.0000,  0, 127, 127
L 154.0000, -6368.0000, 16.0000,  155.0000, -6383.0000, 15.0000,  0, 127, 127
L 155.0000, -6359.0000, 14.0000,  154.0000, -6368.0000, 16.0000,  0, 127, 127
L 169.0000, -6349.0000, 13.0000,  155.0000, -6359.0000, 14.0000,  0, 127, 127
L 171.0000, -6339.0000, 13.0000,  169.0000, -6349.0000, 13.0000,  0, 127, 127
L 166.0000, -6332.0000, 14.0000,  171.0000, -6339.0000, 13.0000,  0, 127, 127
L 160.0000, -6328.0000, 15.0000,  166.0000, -6332.0000, 14.0000,  0, 127, 127
L 146.0000, -6333.0000, 14.0000,  160.0000, -6328.0000, 15.0000,  0, 127, 127
L 134.0000, -6324.0000, 17.0000,  146.0000, -6333.0000, 14.0000,  0, 127, 127
L 125.0000, -6310.0000, 25.0000,  134.0000, -6324.0000, 17.0000,  0, 127, 127
L 123.0000, -6303.0000, 33.0000,  125.0000, -6310.0000, 25.0000,  0, 127, 127
L 122.0000, -6293.0000, 34.0000,  123.0000, -6303.0000, 33.0000,  0, 127, 127
L 131.0000, -6278.0000, 32.0000,  122.0000, -6293.0000, 34.0000,  0, 127, 127
L 123.0000, -6267.0000, 30.0000,  131.0000, -6278.0000, 32.0000,  0, 127, 127
L 104.0000, -6259.0000, 30.0000,  123.0000, -6267.0000, 30.0000,  0, 127, 127
L 98.0000, -6285.0000, 33.0000,  104.0000, -6259.0000, 30.0000,  0, 127, 127
L 86.0000, -6293.0000, 34.0000,  98.0000, -6285.0000, 33.0000,  0, 127, 127
L 77.0000, -6319.0000, 28.0000,  86.0000, -6293.0000, 34.0000,  0, 127, 127
L 84.0000, -6346.0000, 23.0000,  77.0000, -6319.0000, 28.0000,  0, 127, 127
L 91.0000, -6352.0000, 23.0000,  84.0000, -6346.0000, 23.0000,  0, 127, 127
L 98.0000, -6354.0000, 21.0000,  91.0000, -6352.0000, 23.0000,  0, 127, 127
L 115.0000, -6368.0000, 20.0000,  98.0000, -6354.0000, 21.0000,  0, 127, 127
L 120.0000, -6376.0000, 18.0000,  115.0000, -6368.0000, 20.0000,  0, 127, 127
L 135.0000, -6385.0000, 17.0000,  120.0000, -6376.0000, 18.0000,  0, 127, 127
L 135.0000, -6402.0000, 17.0000,  135.0000, -6385.0000, 17.0000,  0, 127, 127
L 125.0000, -6443.0000, 14.0000,  135.0000, -6402.0000, 17.0000,  0, 127, 127
L 128.0000, -6444.0000, 15.0000,  125.0000, -6443.0000, 14.0000,  0, 127, 127
L 119.0000, -6469.0000, 18.0000,  128.0000, -6444.0000, 15.0000,  0, 127, 127
L 131.0000, -6480.0000, 16.0000,  119.0000, -6469.0000, 18.0000,  0, 127, 127
L 142.0000, -6495.0000, 17.0000,  131.0000, -6480.0000, 16.0000,  0, 127, 127
L 143.0000, -6501.0000, 19.0000,  142.0000, -6495.0000, 17.0000,  0, 127, 127
L 150.0000, -6501.0000, 20.0000,  143.0000, -6501.0000, 19.0000,  0, 127, 127
L 161.0000, -6486.0000, 16.0000,  150.0000, -6501.0000, 20.0000,  0, 127, 127
L 169.0000, -6487.0000, 16.0000,  161.0000, -6486.0000, 16.0000,  0, 127, 127
L 174.0000, -6492.0000, 15.0000,  169.0000, -6487.0000, 16.0000,  0, 127, 127
L 172.0000, -6493.0000, 16.0000,  174.0000, -6492.0000, 15.0000,  0, 127, 127
L 180.0000, -6491.0000, 15.0000,  172.0000, -6493.0000, 16.0000,  0, 127, 127
L 220.0000, -6506.0000, 11.0000,  180.0000, -6491.0000, 15.0000,  0, 127, 127
L 261.0000, -6498.0000, 9.0000,  220.0000, -6506.0000, 11.0000,  0, 127, 127
L 265.0000, -6501.0000, 9.0000,  261.0000, -6498.0000, 9.0000,  0, 127, 127
L 271.0000, -6510.0000, 9.0000,  265.0000, -6501.0000, 9.0000,  0, 127, 127
L 276.0000, -6511.0000, 10.0000,  271.0000, -6510.0000, 9.0000,  0, 127, 127
L 282.0000, -6516.0000, 10.0000,  276.0000, -6511.0000, 10.0000,  0, 127, 127
L 301.0000, -6522.0000, 14.0000,  282.0000, -6516.0000, 10.0000,  0, 127, 127
L 311.0000, -6517.0000, 11.0000,  301.0000, -6522.0000, 14.0000,  0, 127, 127
L 324.0000, -6519.0000, 9.0000,  311.0000, -6517.0000, 11.0000,  0, 127, 127
L 337.0000, -6516.0000, 8.0000,  324.0000, -6519.0000, 9.0000,  0, 127, 127
L 344.0000, -6522.0000, 7.0000,  337.0000, -6516.0000, 8.0000,  0, 127, 127
L 346.0000, -6527.0000, 10.0000,  344.0000, -6522.0000, 7.0000,  0, 127, 127
L 341.0000, -6547.0000, 10.0000,  346.0000, -6527.0000, 10.0000,  0, 127, 127
L 342.0000, -6562.0000, 7.0000,  341.0000, -6547.0000, 10.0000,  0, 127, 127
L 339.0000, -6566.0000, 7.0000,  342.0000, -6562.0000, 7.0000,  0, 127, 127
L 334.0000, -6567.0000, 9.0000,  339.0000, -6566.0000, 7.0000,  0, 127, 127
L 327.0000, -6569.0000, 8.0000,  334.0000, -6567.0000, 9.0000,  0, 127, 127
L 302.0000, -6557.0000, 11.0000,  327.0000, -6569.0000, 8.0000,  0, 127, 127
L 277.0000, -6560.0000, 20.0000,  302.0000, -6557.0000, 11.0000,  0, 127, 127
L 274.0000, -6567.0000, 21.0000,  277.0000, -6560.0000, 20.0000,  0, 127, 127
L 270.0000, -6566.0000, 24.0000,  274.0000, -6567.0000, 21.0000,  0, 127, 127
L 267.0000, -6566.0000, 24.0000,  270.0000, -6566.0000, 24.0000,  0, 127, 127
L 254.0000, -6557.0000, 28.0000,  267.0000, -6566.0000, 24.0000,  0, 127, 127
L 249.0000, -6579.0000, 29.0000,  254.0000, -6557.0000, 28.0000,  0, 127, 127
L 252.0000, -6587.0000, 30.0000,  249.0000, -6579.0000, 29.0000,  0, 127, 127
L 265.0000, -6593.0000, 30.0000,  252.0000, -6587.0000, 30.0000,  0, 127, 127
L 273.0000, -6591.0000, 29.0000,  265.0000, -6593.0000, 30.0000,  0, 127, 127
L 280.0000, -6571.0000, 22.0000,  273.0000, -6591.0000, 29.0000,  0, 127, 127
L 285.0000, -6564.0000, 18.0000,  280.0000, -6571.0000, 22.0000,  0, 127, 127
L 295.0000, -6564.0000, 12.0000,  285.0000, -6564.0000, 18.0000,  0, 127, 127
L 321.0000, -6577.0000, 9.0000,  295.0000, -6564.0000, 12.0000,  0, 127, 127
L 333.0000, -6592.0000, 10.0000,  321.0000, -6577.0000, 9.0000,  0, 127, 127
L 326.0000, -6602.0000, 12.0000,  333.0000, -6592.0000, 10.0000,  0, 127, 127
L 324.0000, -6603.0000, 12.0000,  326.0000, -6602.0000, 12.0000,  0, 127, 127
L 320.0000, -6607.0000, 12.0000,  324.0000, -6603.0000, 12.0000,  0, 127, 127
L 316.0000, -6617.0000, 10.0000,  320.0000, -6607.0000, 12.0000,  0, 127, 127
L 285.0000, -6635.0000, 4.0000,  316.0000, -6617.0000, 10.0000,  0, 127, 127
L 282.0000, -6644.0000, 4.0000,  285.0000, -6635.0000, 4.0000,  0, 127, 127
L 309.0000, -6656.0000, 5.0000,  282.0000, -6644.0000, 4.0000,  0, 127, 127
L 313.0000, -6661.0000, 5.0000,  309.0000, -6656.0000, 5.0000,  0, 127, 127
L 322.0000, -6660.0000, 5.0000,  313.0000, -6661.0000, 5.0000,  0, 127, 127
L 323.0000, -6656.0000, 5.0000,  322.0000, -6660.0000, 5.0000,  0, 127, 127
L 313.0000, -6639.0000, 5.0000,  323.0000, -6656.0000, 5.0000,  0, 127, 127
L 315.0000, -6636.0000, 6.0000,  313.0000, -6639.0000, 5.0000,  0, 127, 127
L 323.0000, -6627.0000, 12.0000,  315.0000, -6636.0000, 6.0000,  0, 127, 127
L 336.0000, -6616.0000, 15.0000,  323.0000, -6627.0000, 12.0000,  0, 127, 127
L 354.0000, -6616.0000, 14.0000,  336.0000, -6616.0000, 15.0000,  0, 127, 127
L 355.0000, -6612.0000, 13.0000,  354.0000, -6616.0000, 14.0000,  0, 127, 127
L 347.0000, -6605.0000, 12.0000,  355.0000, -6612.0000, 13.0000,  0, 127, 127
L 347.0000, -6591.0000, 9.0000,  347.0000, -6605.0000, 12.0000,  0, 127, 127
L 353.0000, -6586.0000, 8.0000,  347.0000, -6591.0000, 9.0000,  0, 127, 127
L 355.0000, -6580.0000, 7.0000,  353.0000, -6586.0000, 8.0000,  0, 127, 127
L 349.0000, -6565.0000, 6.0000,  355.0000, -6580.0000, 7.0000,  0, 127, 127
L 356.0000, -6534.0000, 12.0000,  349.0000, -6565.0000, 6.0000,  0, 127, 127
L 351.0000, -6521.0000, 6.0000,  356.0000, -6534.0000, 12.0000,  0, 127, 127
L 353.0000, -6518.0000, 6.0000,  351.0000, -6521.0000, 6.0000,  0, 127, 127
L 366.0000, -6506.0000, 4.0000,  353.0000, -6518.0000, 6.0000,  0, 127, 127
L 368.0000, -6493.0000, 4.0000,  366.0000, -6506.0000, 4.0000,  0, 127, 127
L 378.0000, -6478.0000, 5.0000,  368.0000, -6493.0000, 4.0000,  0, 127, 127
L 382.0000, -6442.0000, 6.0000,  378.0000, -6478.0000, 5.0000,  0, 127, 127
L 361.0000, -6418.0000, 1.0000,  382.0000, -6442.0000, 6.0000,  0, 127, 127
L 350.0000, -6418.0000, -1.0000,  361.0000, -6418.0000, 1.0000,  0, 127, 127
L 345.0000, -6416.0000, -2.0000,  350.0000, -6418.0000, -1.0000,  0, 127, 127
L 345.0000, -6412.0000, 1.0000,  345.0000, -6416.0000, -2.0000,  0, 127, 127
L 344.0000, -6410.0000, 1.0000,  345.0000, -6412.0000, 1.0000,  0, 127, 127
L 339.0000, -6408.0000, -2.0000,  344.0000, -6410.0000, 1.0000,  0, 127, 127
L 337.0000, -6408.0000, -2.0000,  339.0000, -6408.0000, -2.0000,  0, 127, 127
L 328.0000, -6420.0000, -1.0000,  337.0000, -6408.0000, -2.0000,  0, 127, 127
L 333.0000, -6453.0000, 2.0000,  328.0000, -6420.0000, -1.0000,  0, 127, 127
L 343.0000, -6455.0000, 3.0000,  333.0000, -6453.0000, 2.0000,  0, 127, 127
L 344.0000, -6459.0000, 4.0000,  343.0000, -6455.0000, 3.0000,  0, 127, 127
L 340.0000, -6475.0000, 8.0000,  344.0000, -6459.0000, 4.0000,  0, 127, 127
L 331.0000, -6484.0000, 10.0000,  340.0000, -6475.0000, 8.0000,  0, 127, 127
L 308.0000, -6489.0000, 14.0000,  331.0000, -6484.0000, 10.0000,  0, 127, 127
L 309.0000, -6484.0000, 14.0000,  308.0000, -6489.0000, 14.0000,  0, 127, 127
L 320.0000, -6472.0000, 15.0000,  309.0000, -6484.0000, 14.0000,  0, 127, 127
L 322.0000, -6466.0000, 15.0000,  320.0000, -6472.0000, 15.0000,  0, 127, 127
L 321.0000, -6464.0000, 16.0000,  322.0000, -6466.0000, 15.0000,  0, 127, 127
L 313.0000, -6459.0000, 16.0000,  321.0000, -6464.0000, 16.0000,  0, 127, 127
L 301.0000, -6470.0000, 21.0000,  313.0000, -6459.0000, 16.0000,  0, 127, 127
L 293.0000, -6471.0000, 25.0000,  301.0000, -6470.0000, 21.0000,  0, 127, 127
L 268.0000, -6442.0000, 32.0000,  293.0000, -6471.0000, 25.0000,  0, 127, 127
L 267.0000, -6429.0000, 31.0000,  268.0000, -6442.0000, 32.0000,  0, 127, 127
L 263.0000, -6422.0000, 31.0000,  267.0000, -6429.0000, 31.0000,  0, 127, 127
L 263.0000, -6414.0000, 33.0000,  263.0000, -6422.0000, 31.0000,  0, 127, 127
L 268.0000, -6386.0000, 29.0000,  263.0000, -6414.0000, 33.0000,  0, 127, 127
L 284.0000, -6377.0000, 31.0000,  268.0000, -6386.0000, 29.0000,  0, 127, 127
L 293.0000, -6379.0000, 32.0000,  284.0000, -6377.0000, 31.0000,  0, 127, 127
L 292.0000, -6353.0000, 32.0000,  293.0000, -6379.0000, 32.0000,  0, 127, 127
L 311.0000, -6316.0000, 29.0000,  292.0000, -6353.0000, 32.0000,  0, 127, 127
L 325.0000, -6284.0000, 28.0000,  311.0000, -6316.0000, 29.0000,  0, 127, 127
L 324.0000, -6272.0000, 27.0000,  325.0000, -6284.0000, 28.0000,  0, 127, 127
L 320.0000, -6262.0000, 23.0000,  324.0000, -6272.0000, 27.0000,  0, 127, 127
L 293.0000, -6248.0000, 25.0000,  320.0000, -6262.0000, 23.0000,  0, 127, 127
L 294.0000, -6226.0000, 35.0000,  293.0000, -6248.0000, 25.0000,  0, 127, 127
L 315.0000, -6202.0000, 42.0000,  294.0000, -6226.0000, 35.0000,  0, 127, 127
L 315.0000, -6193.0000, 43.0000,  315.0000, -6202.0000, 42.0000,  0, 127, 127
L 321.0000, -6187.0000, 41.0000,  315.0000, -6193.0000, 43.0000,  0, 127, 127
L 332.0000, -6206.0000, 53.0000,  321.0000, -6187.0000, 41.0000,  0, 127, 127
L 343.0000, -6224.0000, 48.0000,  332.0000, -6206.0000, 53.0000,  0, 127, 127
L 354.0000, -6243.0000, 53.0000,  343.0000, -6224.0000, 48.0000,  0, 127, 127
L 350.0000, -6253.0000, 58.0000,  354.0000, -6243.0000, 53.0000,  0, 127, 127
L 337.0000, -6282.0000, 62.0000,  350.0000, -6253.0000, 58.0000,  0, 127, 127
L 343.0000, -6295.0000, 61.0000,  337.0000, -6282.0000, 62.0000,  0, 127, 127
L 343.0000, -6303.0000, 61.0000,  343.0000, -6295.0000, 61.0000,  0, 127, 127
L 350.0000, -6303.0000, 61.0000,  343.0000, -6303.0000, 61.0000,  0, 127, 127
L 350.0000, -6305.0000, 62.0000,  350.0000, -6303.0000, 61.0000,  0, 127, 127
L 352.0000, -6319.0000, 60.0000,  350.0000, -6305.0000, 62.0000,  0, 127, 127
L 336.0000, -6357.0000, 43.0000,  352.0000, -6319.0000, 60.0000,  0, 127, 127
L 324.0000, -6364.0000, 41.0000,  336.0000, -6357.0000, 43.0000,  0, 127, 127
L 320.0000, -6363.0000, 41.0000,  324.0000, -6364.0000, 41.0000,  0, 127, 127
L 314.0000, -6359.0000, 42.0000,  320.0000, -6363.0000, 41.0000,  0, 127, 127
L 308.0000, -6387.0000, 34.0000,  314.0000, -6359.0000, 42.0000,  0, 127, 127
L 311.0000, -6392.0000, 33.0000,  308.0000, -6387.0000, 34.0000,  0, 127, 127
L 317.0000, -6392.0000, 34.0000,  311.0000, -6392.0000, 33.0000,  0, 127, 127
L 318.0000, -6403.0000, 33.0000,  317.0000, -6392.0000, 34.0000,  0, 127, 127
L 315.0000, -6407.0000, 31.0000,  318.0000, -6403.0000, 33.0000,  0, 127, 127
L 316.0000, -6409.0000, 31.0000,  315.0000, -6407.0000, 31.0000,  0, 127, 127
L 318.0000, -6412.0000, 32.0000,  316.0000, -6409.0000, 31.0000,  0, 127, 127
L 321.0000, -6413.0000, 33.0000,  318.0000, -6412.0000, 32.0000,  0, 127, 127
L 323.0000, -6410.0000, 33.0000,  321.0000, -6413.0000, 33.0000,  0, 127, 127
L 324.0000, -6404.0000, 33.0000,  323.0000, -6410.0000, 33.0000,  0, 127, 127
L 332.0000, -6396.0000, 35.0000,  324.0000, -6404.0000, 33.0000,  0, 127, 127
L 348.0000, -6395.0000, 38.0000,  332.0000, -6396.0000, 35.0000,  0, 127, 127
L 356.0000, -6388.0000, 42.0000,  348.0000, -6395.0000, 38.0000,  0, 127, 127
L 360.0000, -6387.0000, 44.0000,  356.0000, -6388.0000, 42.0000,  0, 127, 127
L 369.0000, -6390.0000, 44.0000,  360.0000, -6387.0000, 44.0000,  0, 127, 127
L 383.0000, -6404.0000, 45.0000,  369.0000, -6390.0000, 44.0000,  0, 127, 127
L 394.0000, -6411.0000, 45.0000,  383.0000, -6404.0000, 45.0000,  0, 127, 127
L 398.0000, -6417.0000, 45.0000,  394.0000, -6411.0000, 45.0000,  0, 127, 127
L 403.0000, -6454.0000, 47.0000,  398.0000, -6417.0000, 45.0000,  0, 127, 127
L 410.0000, -6456.0000, 46.0000,  403.0000, -6454.0000, 47.0000,  0, 127, 127
L 410.0000, -6454.0000, 46.0000,  410.0000, -6456.0000, 46.0000,  0, 127, 127
L 425.0000, -6448.0000, 46.0000,  410.0000, -6454.0000, 46.0000,  0, 127, 127
L 432.0000, -6451.0000, 47.0000,  425.0000, -6448.0000, 46.0000,  0, 127, 127
L 434.0000, -6449.0000, 47.0000,  432.0000, -6451.0000, 47.0000,  0, 127, 127
L 431.0000, -6439.0000, 46.0000,  434.0000, -6449.0000, 47.0000,  0, 127, 127
L 441.0000, -6428.0000, 42.0000,  431.0000, -6439.0000, 46.0000,  0, 127, 127
L 446.0000, -6430.0000, 42.0000,  441.0000, -6428.0000, 42.0000,  0, 127, 127
L 456.0000, -6422.0000, 43.0000,  446.0000, -6430.0000, 42.0000,  0, 127, 127
L 458.0000, -6414.0000, 41.0000,  456.0000, -6422.0000, 43.0000,  0, 127, 127
L 472.0000, -6386.0000, 34.0000,  458.0000, -6414.0000, 41.0000,  0, 127, 127
L 469.0000, -6374.0000, 33.0000,  472.0000, -6386.0000, 34.0000,  0, 127, 127
L 466.0000, -6373.0000, 33.0000,  469.0000, -6374.0000, 33.0000,  0, 127, 127
L 463.0000, -6376.0000, 33.0000,  466.0000, -6373.0000, 33.0000,  0, 127, 127
L 446.0000, -6381.0000, 33.0000,  463.0000, -6376.0000, 33.0000,  0, 127, 127
L 440.0000, -6393.0000, 35.0000,  446.0000, -6381.0000, 33.0000,  0, 127, 127
L 450.0000, -6398.0000, 38.0000,  440.0000, -6393.0000, 35.0000,  0, 127, 127
L 451.0000, -6410.0000, 41.0000,  450.0000, -6398.0000, 38.0000,  0, 127, 127
L 438.0000, -6428.0000, 43.0000,  451.0000, -6410.0000, 41.0000,  0, 127, 127
L 428.0000, -6427.0000, 46.0000,  438.0000, -6428.0000, 43.0000,  0, 127, 127
L 416.0000, -6422.0000, 45.0000,  428.0000, -6427.0000, 46.0000,  0, 127, 127
L 392.0000, -6395.0000, 44.0000,  416.0000, -6422.0000, 45.0000,  0, 127, 127
L 389.0000, -6384.0000, 44.0000,  392.0000, -6395.0000, 44.0000,  0, 127, 127
L 389.0000, -6364.0000, 46.0000,  389.0000, -6384.0000, 44.0000,  0, 127, 127
L 396.0000, -6352.0000, 48.0000,  389.0000, -6364.0000, 46.0000,  0, 127, 127
L 404.0000, -6347.0000, 48.0000,  396.0000, -6352.0000, 48.0000,  0, 127, 127
L 415.0000, -6347.0000, 49.0000,  404.0000, -6347.0000, 48.0000,  0, 127, 127
L 426.0000, -6359.0000, 51.0000,  415.0000, -6347.0000, 49.0000,  0, 127, 127
L 429.0000, -6359.0000, 51.0000,  426.0000, -6359.0000, 51.0000,  0, 127, 127
L 443.0000, -6341.0000, 52.0000,  429.0000, -6359.0000, 51.0000,  0, 127, 127
L 456.0000, -6335.0000, 53.0000,  443.0000, -6341.0000, 52.0000,  0, 127, 127
L 451.0000, -6327.0000, 52.0000,  456.0000, -6335.0000, 53.0000,  0, 127, 127
L 449.0000, -6317.0000, 51.0000,  451.0000, -6327.0000, 52.0000,  0, 127, 127
L 446.0000, -6317.0000, 49.0000,  449.0000, -6317.0000, 51.0000,  0, 127, 127
L 432.0000, -6308.0000, 46.0000,  446.0000, -6317.0000, 49.0000,  0, 127, 127
L 419.0000, -6324.0000, 46.0000,  432.0000, -6308.0000, 46.0000,  0, 127, 127
L 403.0000, -6333.0000, 47.0000,  419.0000, -6324.0000, 46.0000,  0, 127, 127
L 391.0000, -6334.0000, 47.0000,  403.0000, -6333.0000, 47.0000,  0, 127, 127
L 381.0000, -6338.0000, 46.0000,  391.0000, -6334.0000, 47.0000,  0, 127, 127
L 381.0000, -6340.0000, 47.0000,  381.0000, -6338.0000, 46.0000,  0, 127, 127
L 385.0000, -6349.0000, 48.0000,  381.0000, -6340.0000, 47.0000,  0, 127, 127
L 383.0000, -6362.0000, 47.0000,  385.0000, -6349.0000, 48.0000,  0, 127, 127
L 373.0000, -6368.0000, 47.0000,  383.0000, -6362.0000, 47.0000,  0, 127, 127
L 362.0000, -6369.0000, 45.0000,  373.0000, -6368.0000, 47.0000,  0, 127, 127
L 350.0000, -6379.0000, 41.0000,  362.0000, -6369.0000, 45.0000,  0, 127, 127
L 339.0000, -6379.0000, 39.0000,  350.0000, -6379.0000, 41.0000,  0, 127, 127
L 343.0000, -6367.0000, 41.0000,  339.0000, -6379.0000, 39.0000,  0, 127, 127
L 356.0000, -6348.0000, 55.0000,  343.0000, -6367.0000, 41.0000,  0, 127, 127
L 366.0000, -6337.0000, 57.0000,  356.0000, -6348.0000, 55.0000,  0, 127, 127
L 373.0000, -6320.0000, 59.0000,  366.0000, -6337.0000, 57.0000,  0, 127, 127
L 353.0000, -6297.0000, 60.0000,  373.0000, -6320.0000, 59.0000,  0, 127, 127
L 352.0000, -6270.0000, 58.0000,  353.0000, -6297.0000, 60.0000,  0, 127, 127
L 366.0000, -6248.0000, 54.0000,  352.0000, -6270.0000, 58.0000,  0, 127, 127
L 383.0000, -6249.0000, 55.0000,  366.0000, -6248.0000, 54.0000,  0, 127, 127
L 386.0000, -6244.0000, 55.0000,  383.0000, -6249.0000, 55.0000,  0, 127, 127
L 381.0000, -6238.0000, 55.0000,  386.0000, -6244.0000, 55.0000,  0, 127, 127
L 380.0000, -6236.0000, 55.0000,  381.0000, -6238.0000, 55.0000,  0, 127, 127
L 380.0000, -6232.0000, 54.0000,  380.0000, -6236.0000, 55.0000,  0, 127, 127
L 388.0000, -6214.0000, 55.0000,  380.0000, -6232.0000, 54.0000,  0, 127, 127
L 385.0000, -6208.0000, 54.0000,  388.0000, -6214.0000, 55.0000,  0, 127, 127
L 379.0000, -6216.0000, 54.0000,  385.0000, -6208.0000, 54.0000,  0, 127, 127
L 370.0000, -6221.0000, 53.0000,  379.0000, -6216.0000, 54.0000,  0, 127, 127
L 355.0000, -6217.0000, 51.0000,  370.0000, -6221.0000, 53.0000,  0, 127, 127
L 349.0000, -6211.0000, 47.0000,  355.0000, -6217.0000, 51.0000,  0, 127, 127
L 350.0000, -6204.0000, 46.0000,  349.0000, -6211.0000, 47.0000,  0, 127, 127
L 350.0000, -6193.0000, 42.0000,  350.0000, -6204.0000, 46.0000,  0, 127, 127
L 344.0000, -6190.0000, 41.0000,  350.0000, -6193.0000, 42.0000,  0, 127, 127
L 338.0000, -6173.0000, 38.0000,  344.0000, -6190.0000, 41.0000,  0, 127, 127
L 328.0000, -6167.0000, 38.0000,  338.0000, -6173.0000, 38.0000,  0, 127, 127
L 319.0000, -6157.0000, 31.0000,  328.0000, -6167.0000, 38.0000,  0, 127, 127
L 320.0000, -6146.0000, 28.0000,  319.0000, -6157.0000, 31.0000,  0, 127, 127
L 337.0000, -6131.0000, 22.0000,  320.0000, -6146.0000, 28.0000,  0, 127, 127
L 349.0000, -6110.0000, 10.0000,  337.0000, -6131.0000, 22.0000,  0, 127, 127
L 344.0000, -6084.0000, 10.0000,  349.0000, -6110.0000, 10.0000,  0, 127, 127
L 337.0000, -6076.0000, 9.0000,  344.0000, -6084.0000, 10.0000,  0, 127, 127
L 339.0000, -6063.0000, 8.0000,  337.0000, -6076.0000, 9.0000,  0, 127, 127
L 349.0000, -6053.0000, 11.0000,  339.0000, -6063.0000, 8.0000,  0, 127, 127
L 361.0000, -6055.0000, 13.0000,  349.0000, -6053.0000, 11.0000,  0, 127, 127
L 372.0000, -6065.0000, 13.0000,  361.0000, -6055.0000, 13.0000,  0, 127, 127
L 377.0000, -6062.0000, 13.0000,  372.0000, -6065.0000, 13.0000,  0, 127, 127
L 420.0000, -6077.0000, 34.0000,  377.0000, -6062.0000, 13.0000,  0, 127, 127
L 435.0000, -6076.0000, 37.0000,  420.0000, -6077.0000, 34.0000,  0, 127, 127
L 445.0000, -6069.0000, 39.0000,  435.0000, -6076.0000, 37.0000,  0, 127, 127
L 441.0000, -6063.0000, 39.0000,  445.0000, -6069.0000, 39.0000,  0, 127, 127
L 442.0000, -6058.0000, 40.0000,  441.0000, -6063.0000, 39.0000,  0, 127, 127
L 462.0000, -6040.0000, 40.0000,  442.0000, -6058.0000, 40.0000,  0, 127, 127
L 482.0000, -6042.0000, 40.0000,  462.0000, -6040.0000, 40.0000,  0, 127, 127
L 484.0000, -6034.0000, 39.0000,  482.0000, -6042.0000, 40.0000,  0, 127, 127
L 482.0000, -6027.0000, 39.0000,  484.0000, -6034.0000, 39.0000,  0, 127, 127
L 479.0000, -6021.0000, 42.0000,  482.0000, -6027.0000, 39.0000,  0, 127, 127
L 465.0000, -6015.0000, 40.0000,  479.0000, -6021.0000, 42.0000,  0, 127, 127
L 458.0000, -6016.0000, 40.0000,  465.0000, -6015.0000, 40.0000,  0, 127, 127
L 453.0000, -6024.0000, 40.0000,  458.0000, -6016.0000, 40.0000,  0, 127, 127
L 449.0000, -6025.0000, 40.0000,  453.0000, -6024.0000, 40.0000,  0, 127, 127
L 438.0000, -6020.0000, 41.0000,  449.0000, -6025.0000, 40.0000,  0, 127, 127
L 433.0000, -6006.0000, 40.0000,  438.0000, -6020.0000, 41.0000,  0, 127, 127
L 449.0000, -5977.0000, 37.0000,  433.0000, -6006.0000, 40.0000,  0, 127, 127
L 473.0000, -5955.0000, 36.0000,  449.0000, -5977.0000, 37.0000,  0, 127, 127
L 474.0000, -5946.0000, 36.0000,  473.0000, -5955.0000, 36.0000,  0, 127, 127
L 449.0000, -5956.0000, 36.0000,  474.0000, -5946.0000, 36.0000,  0, 127, 127
L 449.0000, -5940.0000, 37.0000,  449.0000, -5956.0000, 36.0000,  0, 127, 127
L 448.0000, -5937.0000, 41.0000,  449.0000, -5940.0000, 37.0000,  0, 127, 127
L 447.0000, -5926.0000, 45.0000,  448.0000, -5937.0000, 41.0000,  0, 127, 127
L 446.0000, -5924.0000, 41.0000,  447.0000, -5926.0000, 45.0000,  0, 127, 127
L 448.0000, -5899.0000, 38.0000,  446.0000, -5924.0000, 41.0000,  0, 127, 127
L 466.0000, -5894.0000, 40.0000,  448.0000, -5899.0000, 38.0000,  0, 127, 127
L 464.0000, -5891.0000, 40.0000,  466.0000, -5894.0000, 40.0000,  0, 127, 127
L 464.0000, -5886.0000, 41.0000,  464.0000, -5891.0000, 40.0000,  0, 127, 127
L 469.0000, -5876.0000, 41.0000,  464.0000, -5886.0000, 41.0000,  0, 127, 127
L 478.0000, -5873.0000, 42.0000,  469.0000, -5876.0000, 41.0000,  0, 127, 127
L 477.0000, -5870.0000, 41.0000,  478.0000, -5873.0000, 42.0000,  0, 127, 127
L 469.0000, -5869.0000, 41.0000,  477.0000, -5870.0000, 41.0000,  0, 127, 127
L 467.0000, -5867.0000, 40.0000,  469.0000, -5869.0000, 41.0000,  0, 127, 127
L 468.0000, -5860.0000, 40.0000,  467.0000, -5867.0000, 40.0000,  0, 127, 127
L 465.0000, -5858.0000, 40.0000,  468.0000, -5860.0000, 40.0000,  0, 127, 127
L 458.0000, -5844.0000, 40.0000,  465.0000, -5858.0000, 40.0000,  0, 127, 127
L 457.0000, -5842.0000, 38.0000,  458.0000, -5844.0000, 40.0000,  0, 127, 127
L 458.0000, -5840.0000, 38.0000,  457.0000, -5842.0000, 38.0000,  0, 127, 127
L 457.0000, -5837.0000, 37.0000,  458.0000, -5840.0000, 38.0000,  0, 127, 127
L 441.0000, -5831.0000, 38.0000,  457.0000, -5837.0000, 37.0000,  0, 127, 127
L 424.0000, -5840.0000, 37.0000,  441.0000, -5831.0000, 38.0000,  0, 127, 127
L 427.0000, -5850.0000, 36.0000,  424.0000, -5840.0000, 37.0000,  0, 127, 127
L 426.0000, -5852.0000, 39.0000,  427.0000, -5850.0000, 36.0000,  0, 127, 127
L 424.0000, -5854.0000, 40.0000,  426.0000, -5852.0000, 39.0000,  0, 127, 127
L 424.0000, -5872.0000, 35.0000,  424.0000, -5854.0000, 40.0000,  0, 127, 127
L 424.0000, -5880.0000, 44.0000,  424.0000, -5872.0000, 35.0000,  0, 127, 127
L 423.0000, -5890.0000, 43.0000,  424.0000, -5880.0000, 44.0000,  0, 127, 127
L 422.0000, -5892.0000, 39.0000,  423.0000, -5890.0000, 43.0000,  0, 127, 127
L 418.0000, -5900.0000, 37.0000,  422.0000, -5892.0000, 39.0000,  0, 127, 127
L 434.0000, -5899.0000, 36.0000,  418.0000, -5900.0000, 37.0000,  0, 127, 127
L 434.0000, -5907.0000, 40.0000,  434.0000, -5899.0000, 36.0000,  0, 127, 127
L 435.0000, -5910.0000, 38.0000,  434.0000, -5907.0000, 40.0000,  0, 127, 127
L 434.0000, -5941.0000, 36.0000,  435.0000, -5910.0000, 38.0000,  0, 127, 127
L 415.0000, -5946.0000, 36.0000,  434.0000, -5941.0000, 36.0000,  0, 127, 127
L 420.0000, -5951.0000, 37.0000,  415.0000, -5946.0000, 36.0000,  0, 127, 127
L 438.0000, -5973.0000, 37.0000,  414.0000, -5947.0000, 37.0000,  0, 127, 127
L 438.0000, -5982.0000, 38.0000,  438.0000, -5973.0000, 37.0000,  0, 127, 127
L 426.0000, -6006.0000, 40.0000,  438.0000, -5982.0000, 38.0000,  0, 127, 127
L 421.0000, -6025.0000, 42.0000,  426.0000, -6006.0000, 40.0000,  0, 127, 127
L 428.0000, -6028.0000, 42.0000,  421.0000, -6025.0000, 42.0000,  0, 127, 127
L 441.0000, -6044.0000, 40.0000,  428.0000, -6028.0000, 42.0000,  0, 127, 127
L 433.0000, -6060.0000, 39.0000,  441.0000, -6044.0000, 40.0000,  0, 127, 127
L 417.0000, -6071.0000, 32.0000,  433.0000, -6060.0000, 39.0000,  0, 127, 127
L 402.0000, -6066.0000, 21.0000,  417.0000, -6071.0000, 32.0000,  0, 127, 127
L 389.0000, -6056.0000, 13.0000,  402.0000, -6066.0000, 21.0000,  0, 127, 127
L 378.0000, -6047.0000, 14.0000,  389.0000, -6056.0000, 13.0000,  0, 127, 127
L 378.0000, -6045.0000, 16.0000,  378.0000, -6047.0000, 14.0000,  0, 127, 127
L 378.0000, -6030.0000, 23.0000,  378.0000, -6045.0000, 16.0000,  0, 127, 127
L 379.0000, -6008.0000, 18.0000,  378.0000, -6030.0000, 23.0000,  0, 127, 127
L 380.0000, -6007.0000, 15.0000,  379.0000, -6008.0000, 18.0000,  0, 127, 127
L 384.0000, -5977.0000, 16.0000,  380.0000, -6007.0000, 15.0000,  0, 127, 127
L 370.0000, -5938.0000, 15.0000,  384.0000, -5977.0000, 16.0000,  0, 127, 127
L 361.0000, -5938.0000, 15.0000,  370.0000, -5938.0000, 15.0000,  0, 127, 127
L 358.0000, -5935.0000, 16.0000,  361.0000, -5938.0000, 15.0000,  0, 127, 127
L 351.0000, -5902.0000, 16.0000,  358.0000, -5935.0000, 16.0000,  0, 127, 127
L 352.0000, -5883.0000, 17.0000,  351.0000, -5902.0000, 16.0000,  0, 127, 127
L 379.0000, -5854.0000, 16.0000,  352.0000, -5883.0000, 17.0000,  0, 127, 127
L 374.0000, -5843.0000, 16.0000,  379.0000, -5854.0000, 16.0000,  0, 127, 127
L 383.0000, -5817.0000, 17.0000,  374.0000, -5843.0000, 16.0000,  0, 127, 127
L 394.0000, -5809.0000, 16.0000,  383.0000, -5817.0000, 17.0000,  0, 127, 127
L 374.0000, -5783.0000, 18.0000,  394.0000, -5809.0000, 16.0000,  0, 127, 127
L 374.0000, -5778.0000, 20.0000,  374.0000, -5783.0000, 18.0000,  0, 127, 127
L 367.0000, -5783.0000, 17.0000,  362.0000, -5777.0000, 17.0000,  0, 127, 127
L 366.0000, -5787.0000, 17.0000,  367.0000, -5783.0000, 17.0000,  0, 127, 127
L 374.0000, -5804.0000, 17.0000,  366.0000, -5787.0000, 17.0000,  0, 127, 127
L 365.0000, -5845.0000, 16.0000,  374.0000, -5804.0000, 17.0000,  0, 127, 127
L 355.0000, -5854.0000, 24.0000,  365.0000, -5845.0000, 16.0000,  0, 127, 127
L 348.0000, -5861.0000, 25.0000,  355.0000, -5854.0000, 24.0000,  0, 127, 127
L 344.0000, -5863.0000, 21.0000,  348.0000, -5861.0000, 25.0000,  0, 127, 127
L 327.0000, -5874.0000, 19.0000,  344.0000, -5863.0000, 21.0000,  0, 127, 127
L 332.0000, -5898.0000, 16.0000,  327.0000, -5874.0000, 19.0000,  0, 127, 127
L 326.0000, -5922.0000, 16.0000,  332.0000, -5898.0000, 16.0000,  0, 127, 127
L 327.0000, -5935.0000, 16.0000,  326.0000, -5922.0000, 16.0000,  0, 127, 127
L 333.0000, -5939.0000, 17.0000,  327.0000, -5935.0000, 16.0000,  0, 127, 127
L 338.0000, -5936.0000, 16.0000,  333.0000, -5939.0000, 17.0000,  0, 127, 127
L 354.0000, -5949.0000, 15.0000,  338.0000, -5936.0000, 16.0000,  0, 127, 127
L 364.0000, -5999.0000, 14.0000,  354.0000, -5949.0000, 15.0000,  0, 127, 127
L 357.0000, -6016.0000, 13.0000,  364.0000, -5999.0000, 14.0000,  0, 127, 127
L 339.0000, -6020.0000, 13.0000,  357.0000, -6016.0000, 13.0000,  0, 127, 127
L 332.0000, -6013.0000, 15.0000,  339.0000, -6020.0000, 13.0000,  0, 127, 127
L 332.0000, -6008.0000, 16.0000,  332.0000, -6013.0000, 15.0000,  0, 127, 127
L 332.0000, -5993.0000, 15.0000,  332.0000, -6008.0000, 16.0000,  0, 127, 127
L 305.0000, -5986.0000, 21.0000,  332.0000, -5993.0000, 15.0000,  0, 127, 127
L 303.0000, -5986.0000, 17.0000,  305.0000, -5986.0000, 21.0000,  0, 127, 127
L 290.0000, -5993.0000, 17.0000,  303.0000, -5986.0000, 17.0000,  0, 127, 127
L 289.0000, -5996.0000, 17.0000,  290.0000, -5993.0000, 17.0000,  0, 127, 127
L 259.0000, -6021.0000, 12.0000,  289.0000, -5996.0000, 17.0000,  0, 127, 127
L 259.0000, -6029.0000, 12.0000,  259.0000, -6021.0000, 12.0000,  0, 127, 127
L 256.0000, -6037.0000, 11.0000,  259.0000, -6029.0000, 12.0000,  0, 127, 127
L 231.0000, -6052.0000, 9.0000,  256.0000, -6037.0000, 11.0000,  0, 127, 127
L 229.0000, -6069.0000, 9.0000,  231.0000, -6052.0000, 9.0000,  0, 127, 127
L 209.0000, -6091.0000, 9.0000,  229.0000, -6069.0000, 9.0000,  0, 127, 127
L 197.0000, -6097.0000, 9.0000,  209.0000, -6091.0000, 9.0000,  0, 127, 127
L 183.0000, -6100.0000, 3.0000,  197.0000, -6097.0000, 9.0000,  0, 127, 127
L 180.0000, -6106.0000, 2.0000,  183.0000, -6100.0000, 3.0000,  0, 127, 127
L 173.0000, -6112.0000, 0.0000,  180.0000, -6106.0000, 2.0000,  0, 127, 127
L 151.0000, -6103.0000, -2.0000,  173.0000, -6112.0000, 0.0000,  0, 127, 127
L 135.0000, -6087.0000, -2.0000,  151.0000, -6103.0000, -2.0000,  0, 127, 127
L 135.0000, -6082.0000, -3.0000,  135.0000, -6087.0000, -2.0000,  0, 127, 127
L 139.0000, -6073.0000, -2.0000,  135.0000, -6082.0000, -3.0000,  0, 127, 127
L 150.0000, -6061.0000, -3.0000,  139.0000, -6073.0000, -2.0000,  0, 127, 127
L 155.0000, -6044.0000, -3.0000,  150.0000, -6061.0000, -3.0000,  0, 127, 127
L 152.0000, -6040.0000, -1.0000,  155.0000, -6044.0000, -3.0000,  0, 127, 127
L 143.0000, -6037.0000, -1.0000,  152.0000, -6040.0000, -1.0000,  0, 127, 127
L 135.0000, -6026.0000, -3.0000,  143.0000, -6037.0000, -1.0000,  0, 127, 127
L 134.0000, -6020.0000, -2.0000,  135.0000, -6026.0000, -3.0000,  0, 127, 127
L 135.0000, -6017.0000, -2.0000,  134.0000, -6020.0000, -2.0000,  0, 127, 127
L 131.0000, -6013.0000, -1.0000,  135.0000, -6017.0000, -2.0000,  0, 127, 127
L 122.0000, -6023.0000, -2.0000,  131.0000, -6013.0000, -1.0000,  0, 127, 127
L 101.0000, -6011.0000, -1.0000,  122.0000, -6023.0000, -2.0000,  0, 127, 127
L 98.0000, -6010.0000, -2.0000,  101.0000, -6011.0000, -1.0000,  0, 0, 0
L 2070.0000, -1583.0000, 17.0000,  2088.0000, -1583.0000, 16.0000,  0, 0, 0
L 1996.0000, -1547.0000, 26.0000,  2070.0000, -1583.0000, 17.0000,  0, 0, 0
L 1935.0000, -1490.0000, 41.0000,  1996.0000, -1547.0000, 26.0000,  0, 0, 0
L 1849.0000, -1392.0000, 71.0000,  1935.0000, -1490.0000, 41.0000,  0, 0, 0
L 1819.0000, -1382.0000, 78.0000,  1849.0000, -1392.0000, 71.0000,  0, 0, 0
L 1763.0000, -1373.0000, 71.0000,  1819.0000, -1382.0000, 78.0000,  0, 0, 0
L 1732.0000, -1372.0000, 61.0000,  1763.0000, -1373.0000, 71.0000,  0, 0, 0
L 1671.0000, -1365.0000, 58.0000,  1732.0000, -1372.0000, 61.0000,  0, 0, 0
L 1645.0000, -1363.0000, 38.0000,  1671.0000, -1365.0000, 58.0000,  0, 0, 0
L 1626.0000, -1361.0000, 36.0000,  1645.0000, -1363.0000, 38.0000,  0, 0, 0
L 1617.0000, -1360.0000, 31.0000,  1626.0000, -1361.0000, 36.0000,  0, 0, 0
L 1591.0000, -1354.0000, 32.0000,  1617.0000, -1360.0000, 31.0000,  0, 0, 0
L 1712.0000, -1247.0000, 51.0000,  1595.0000, -1240.0000, 45.0000,  0, 0, 0
L 1731.0000, -1248.0000, 42.0000,  1712.0000, -1247.0000, 51.0000,  0, 0, 0
L 1747.0000, -1248.0000, 24.0000,  1731.0000, -1248.0000, 42.0000,  0, 0, 0
L 1811.0000, -1260.0000, 24.0000,  1747.0000, -1248.0000, 24.0000,  0, 0, 0
L 1842.0000, -1276.0000, 24.0000,  1811.0000, -1260.0000, 24.0000,  0, 0, 0
L 1850.0000, -1281.0000, 20.0000,  1842.0000, -1276.0000, 24.0000,  0, 0, 0
L 1956.0000, -1378.0000, 24.0000,  1850.0000, -1281.0000, 20.0000,  0, 0, 0
L 2035.0000, -1468.0000, 23.0000,  1956.0000, -1378.0000, 24.0000,  0, 0, 0
L 2041.0000, -1473.0000, 19.0000,  2035.0000, -1468.0000, 23.0000,  0, 0, 0
L 2079.0000, -1504.0000, 18.0000,  2041.0000, -1473.0000, 19.0000,  0, 0, 0
L 801.0000, -1054.0000, 38.0000,  803.0000, -1082.0000, 37.0000,  0, 127, 127
L 846.0000, -1055.0000, 39.0000,  801.0000, -1054.0000, 38.0000,  0, 127, 127
L 846.0000, -1090.0000, 41.0000,  846.0000, -1055.0000, 39.0000,  0, 127, 127
L 844.0000, -1091.0000, 41.0000,  846.0000, -1090.0000, 41.0000,  0, 127, 127
L 801.0000, -1089.0000, 43.0000,  844.0000, -1091.0000, 41.0000,  0, 127, 127
L 1027.0000, -3383.0000, 11.0000,  1033.0000, -3386.0000, 13.0000,  0, 127, 127
L 1022.0000, -3387.0000, 7.0000,  1027.0000, -3383.0000, 11.0000,  0, 127, 127
L 1015.0000, -3397.0000, 7.0000,  1022.0000, -3387.0000, 7.0000,  0, 127, 127
L 1016.0000, -3407.0000, 7.0000,  1015.0000, -3397.0000, 7.0000,  0, 127, 127
L 1032.0000, -3407.0000, 7.0000,  1016.0000, -3407.0000, 7.0000,  0, 127, 127
L 1032.0000, -3421.0000, 7.0000,  1032.0000, -3407.0000, 7.0000,  0, 127, 127
L 1016.0000, -3421.0000, 7.0000,  1032.0000, -3421.0000, 7.0000,  0, 127, 127
L 1016.0000, -3428.0000, 6.0000,  1016.0000, -3421.0000, 7.0000,  0, 127, 127
L 1021.0000, -3428.0000, 5.0000,  1016.0000, -3428.0000, 6.0000,  0, 127, 127
L 1021.0000, -3441.0000, 4.0000,  1021.0000, -3428.0000, 5.0000,  0, 127, 127
L 979.0000, -5045.0000, 161.0000,  1036.0000, -5102.0000, 161.0000,  0, 127, 127
L 1004.0000, -5019.0000, 161.0000,  979.0000, -5045.0000, 161.0000,  0, 127, 127
L 1059.0000, -5076.0000, 161.0000,  1004.0000, -5019.0000, 161.0000,  0, 127, 127
L 1035.0000, -5101.0000, 161.0000,  1059.0000, -5076.0000, 161.0000,  0, 127, 127
L 946.0000, -5051.0000, 104.0000,  926.0000, -5069.0000, 104.0000,  0, 0, 0
L 1027.0000, -4970.0000, 104.0000,  966.0000, -5031.0000, 104.0000,  0, 0, 0
L 1127.0000, -5064.0000, 104.0000,  1027.0000, -4970.0000, 104.0000,  0, 0, 0
L 1032.0000, -5169.0000, 104.0000,  1127.0000, -5064.0000, 104.0000,  0, 0, 0
L 925.0000, -5071.0000, 103.0000,  1032.0000, -5169.0000, 104.0000,  0, 0, 0
L -990.0000, -3782.0000, -12.0000,  -981.0000, -3788.0000, -11.0000,  0, 0, 0
L -991.0000, -3768.0000, -12.0000,  -990.0000, -3782.0000, -12.0000,  0, 0, 0
L -976.0000, -3760.0000, -12.0000,  -991.0000, -3768.0000, -12.0000,  0, 0, 0
L -963.0000, -3768.0000, -12.0000,  -976.0000, -3760.0000, -12.0000,  0, 0, 0
L -962.0000, -3782.0000, -12.0000,  -963.0000, -3768.0000, -12.0000,  0, 0, 0
L -969.0000, -3786.0000, -12.0000,  -962.0000, -3782.0000, -12.0000,  0, 0, 0
L -1002.0000, -3545.0000, -21.0000,  -1015.0000, -3534.0000, -20.0000,  0, 0, 127
L -976.0000, -3583.0000, -21.0000,  -1002.0000, -3545.0000, -21.0000,  0, 0, 127
L -971.0000, -3700.0000, -21.0000,  -976.0000, -3583.0000, -21.0000,  0, 0, 127
L -978.0000, -3719.0000, -21.0000,  -971.0000, -3700.0000, -21.0000,  0, 0, 127
L -999.0000, -3749.0000, -20.0000,  -978.0000, -3719.0000, -21.0000,  0, 0, 127
L -1010.0000, -3758.0000, -19.0000,  -999.0000, -3749.0000, -20.0000,  0, 0, 127
L -1014.0000, -3812.0000, -18.0000,  -1010.0000, -3758.0000, -19.0000,  0, 0, 127
L -1010.0000, -3818.0000, -18.0000,  -1014.0000, -3812.0000, -18.0000,  0, 0, 127
L -1001.0000, -3820.0000, -20.0000,  -1010.0000, -3818.0000, -18.0000,  0, 0, 127
L -954.0000, -3803.0000, -21.0000,  -1001.0000, -3820.0000, -20.0000,  0, 0, 127
L -946.0000, -3808.0000, -22.0000,  -954.0000, -3803.0000, -21.0000,  0, 0, 127
L -938.0000, -3841.0000, -20.0000,  -946.0000, -3808.0000, -22.0000,  0, 0, 127
L -942.0000, -3899.0000, -19.0000,  -938.0000, -3841.0000, -20.0000,  0, 0, 127
L -944.0000, -3905.0000, -22.0000,  -942.0000, -3899.0000, -19.0000,  0, 0, 127
L -959.0000, -3933.0000, -21.0000,  -944.0000, -3905.0000, -22.0000,  0, 0, 127
L -971.0000, -3946.0000, -21.0000,  -959.0000, -3933.0000, -21.0000,  0, 0, 127
L -941.0000, -4070.0000, -20.0000,  -971.0000, -3946.0000, -21.0000,  0, 0, 127
L -950.0000, -4134.0000, -20.0000,  -941.0000, -4070.0000, -20.0000,  0, 0, 127
L -987.0000, -4245.0000, -18.0000,  -950.0000, -4134.0000, -20.0000,  0, 0, 127
L -976.0000, -4295.0000, -18.0000,  -987.0000, -4245.0000, -18.0000,  0, 0, 127
L -943.0000, -4329.0000, -17.0000,  -976.0000, -4295.0000, -18.0000,  0, 0, 127
L -902.0000, -4357.0000, -18.0000,  -943.0000, -4329.0000, -17.0000,  0, 0, 127
L -823.0000, -4430.0000, -17.0000,  -902.0000, -4357.0000, -18.0000,  0, 0, 127
L -791.0000, -4487.0000, -17.0000,  -823.0000, -4430.0000, -17.0000,  0, 0, 127
L -775.0000, -4506.0000, -17.0000,  -791.0000, -4487.0000, -17.0000,  0, 0, 127
L -746.0000, -4530.0000, -17.0000,  -775.0000, -4506.0000, -17.0000,  0, 0, 127
L -641.0000, -4652.0000, -20.0000,  -746.0000, -4530.0000, -17.0000,  0, 0, 127
L -634.0000, -4682.0000, -20.0000,  -641.0000, -4652.0000, -20.0000,  0, 0, 127
L -636.0000, -4733.0000, -19.0000,  -634.0000, -4682.0000, -20.0000,  0, 0, 127
L -632.0000, -4736.0000, -19.0000,  -636.0000, -4733.0000, -19.0000,  0, 0, 127
L -628.0000, -4744.0000, -19.0000,  -632.0000, -4736.0000, -19.0000,  0, 0, 127
L -638.0000, -4771.0000, -18.0000,  -628.0000, -4744.0000, -19.0000,  0, 0, 127
L -660.0000, -4786.0000, -17.0000,  -638.0000, -4771.0000, -18.0000,  0, 0, 127
L -683.0000, -4790.0000, -17.0000,  -660.0000, -4786.0000, -17.0000,  0, 0, 127
L -721.0000, -4783.0000, -15.0000,  -683.0000, -4790.0000, -17.0000,  0, 0, 127
L -760.0000, -4771.0000, -21.0000,  -721.0000, -4783.0000, -15.0000,  0, 0, 127
L -805.0000, -4755.0000, -19.0000,  -760.0000, -4771.0000, -21.0000,  0, 0, 127
L -858.0000, -4702.0000, -13.0000,  -805.0000, -4755.0000, -19.0000,  0, 0, 127
L -889.0000, -4660.0000, -7.0000,  -858.0000, -4702.0000, -13.0000,  0, 0, 127
L -880.0000, -4659.0000, -18.0000,  -889.0000, -4660.0000, -7.0000,  0, 0, 127
L -877.0000, -4658.0000, -19.0000,  -880.0000, -4659.0000, -18.0000,  0, 0, 127
L -877.0000, -4651.0000, -19.0000,  -877.0000, -4658.0000, -19.0000,  0, 0, 127
L -892.0000, -4632.0000, -19.0000,  -877.0000, -4651.0000, -19.0000,  0, 0, 127
L -992.0000, -4570.0000, -19.0000,  -892.0000, -4632.0000, -19.0000,  0, 0, 127
L -1071.0000, -4490.0000, -19.0000,  -992.0000, -4570.0000, -19.0000,  0, 0, 127
L -1104.0000, -4354.0000, -19.0000,  -1071.0000, -4490.0000, -19.0000,  0, 0, 127
L -1089.0000, -4186.0000, -21.0000,  -1104.0000, -4354.0000, -19.0000,  0, 0, 127
L -1038.0000, -3941.0000, -21.0000,  -1089.0000, -4186.0000, -21.0000,  0, 0, 127
L -1045.0000, -3857.0000, -19.0000,  -1038.0000, -3941.0000, -21.0000,  0, 0, 127
L -1075.0000, -3778.0000, -20.0000,  -1045.0000, -3857.0000, -19.0000,  0, 0, 127
L -1056.0000, -3549.0000, -18.0000,  -1075.0000, -3778.0000, -20.0000,  0, 0, 127
L -1042.0000, -3534.0000, -17.0000,  -1056.0000, -3549.0000, -18.0000,  0, 0, 127
L -1019.0000, -3529.0000, -16.0000,  -1042.0000, -3534.0000, -17.0000,  0, 0, 127
L 212.0000, -2845.0000, 93.0000,  206.0000, -2851.0000, 93.0000,  127, 127, 127
L 227.0000, -2861.0000, 93.0000,  212.0000, -2845.0000, 92.0000,  127, 127, 127
L 220.0000, -2866.0000, 94.0000,  227.0000, -2861.0000, 93.0000,  127, 127, 127
L 203.0000, -2849.0000, 92.0000,  220.0000, -2866.0000, 93.0000,  127, 127, 127
L 158.0000, -2860.0000, 93.0000,  162.0000, -2865.0000, 93.0000,  127, 127, 127
L 171.0000, -2848.0000, 94.0000,  158.0000, -2860.0000, 92.0000,  127, 127, 127
L 175.0000, -2853.0000, 94.0000,  171.0000, -2848.0000, 93.0000,  127, 127, 127
L 163.0000, -2866.0000, 93.0000,  175.0000, -2853.0000, 94.0000,  127, 127, 127
L 163.0000, -2895.0000, 93.0000,  157.0000, -2900.0000, 94.0000,  127, 127, 127
L 178.0000, -2908.0000, 93.0000,  163.0000, -2895.0000, 93.0000,  127, 127, 127
L 179.0000, -2910.0000, 92.0000,  178.0000, -2908.0000, 93.0000,  127, 127, 127
L 174.0000, -2916.0000, 93.0000,  179.0000, -2910.0000, 92.0000,  127, 127, 127
L 155.0000, -2902.0000, 93.0000,  174.0000, -2916.0000, 93.0000,  127, 127, 127
L -1153.0000, -314.0000, 102.0000,  -1147.0000, -525.0000, 98.0000,  0, 0, 0
L -1147.0000, -525.0000, 98.0000,  -1147.0000, -546.0000, 104.0000,  0, 0, 0
L -1147.0000, -546.0000, 104.0000,  -1144.0000, -565.0000, 115.0000,  0, 0, 0
L -1144.0000, -565.0000, 115.0000,  -1139.0000, -597.0000, 120.0000,  0, 0, 0
L -1139.0000, -597.0000, 120.0000,  -1140.0000, -644.0000, 121.0000,  0, 0, 0
L -1140.0000, -644.0000, 121.0000,  -1141.0000, -648.0000, 116.0000,  0, 0, 0
L -1141.0000, -648.0000, 116.0000,  -1152.0000, -700.0000, 115.0000,  0, 0, 0
L -1152.0000, -700.0000, 115.0000,  -1151.0000, -907.0000, 119.0000,  0, 0, 0
L -1151.0000, -907.0000, 119.0000,  -1163.0000, -977.0000, 140.0000,  0, 0, 0
L -1163.0000, -977.0000, 140.0000,  -1165.0000, -1008.0000, 142.0000,  0, 0, 0
L -1165.0000, -1008.0000, 142.0000,  -1168.0000, -1059.0000, 159.0000,  0, 0, 0
L -1168.0000, -1059.0000, 159.0000,  -1173.0000, -1150.0000, 156.0000,  0, 0, 0
L -1173.0000, -1150.0000, 156.0000,  -1155.0000, -1349.0000, 118.0000,  0, 0, 0
L -1155.0000, -1349.0000, 118.0000,  -1160.0000, -1604.0000, 77.0000,  0, 0, 0
L -1160.0000, -1604.0000, 77.0000,  -1161.0000, -1647.0000, 81.0000,  0, 0, 0
L -1161.0000, -1647.0000, 81.0000,  -1162.0000, -1667.0000, 87.0000,  0, 0, 0
L -1162.0000, -1667.0000, 87.0000,  -1161.0000, -1953.0000, 69.0000,  0, 0, 0
L -1161.0000, -1953.0000, 69.0000,  -1164.0000, -2118.0000, 92.0000,  0, 0, 0
L -1164.0000, -2118.0000, 92.0000,  -1163.0000, -2286.0000, 87.0000,  0, 0, 0
L -1163.0000, -2286.0000, 87.0000,  -1160.0000, -2367.0000, 100.0000,  0, 0, 0
L -1160.0000, -2367.0000, 100.0000,  -1157.0000, -2383.0000, 99.0000,  0, 0, 0
L -1157.0000, -2383.0000, 99.0000,  -1156.0000, -2403.0000, 102.0000,  0, 0, 0
L -1156.0000, -2403.0000, 102.0000,  -1156.0000, -2444.0000, 120.0000,  0, 0, 0
L -1156.0000, -2444.0000, 120.0000,  -1163.0000, -2517.0000, 122.0000,  0, 0, 0
L -1163.0000, -2517.0000, 122.0000,  -1198.0000, -2593.0000, 121.0000,  0, 0, 0
L -1198.0000, -2593.0000, 121.0000,  -1216.0000, -2681.0000, 124.0000,  0, 0, 0
L -1216.0000, -2681.0000, 124.0000,  -1253.0000, -3305.0000, 138.0000,  0, 0, 0
L -1253.0000, -3305.0000, 138.0000,  -1253.0000, -3457.0000, 147.0000,  0, 0, 0
L -1253.0000, -3457.0000, 147.0000,  -1197.0000, -3538.0000, 155.0000,  0, 0, 0
L -1197.0000, -3538.0000, 155.0000,  -1196.0000, -3695.0000, 145.0000,  0, 0, 0
L -1196.0000, -3695.0000, 145.0000,  -1203.0000, -3723.0000, 154.0000,  0, 0, 0
L -1203.0000, -3723.0000, 154.0000,  -1217.0000, -3785.0000, 156.0000,  0, 0, 0
L -1217.0000, -3785.0000, 156.0000,  -1206.0000, -3915.0000, 155.0000,  0, 0, 0
L -1206.0000, -3915.0000, 155.0000,  -1219.0000, -4154.0000, 130.0000,  0, 0, 0
L -1219.0000, -4154.0000, 130.0000,  -1228.0000, -4547.0000, 137.0000,  0, 0, 0
L -1228.0000, -4547.0000, 137.0000,  -1184.0000, -4986.0000, 195.0000,  0, 0, 0
L -1184.0000, -4986.0000, 195.0000,  -1169.0000, -5082.0000, 189.0000,  0, 0, 0
L -1169.0000, -5082.0000, 189.0000,  -1100.0000, -5159.0000, 192.0000,  0, 0, 0
L -1100.0000, -5159.0000, 192.0000,  -1078.0000, -5171.0000, 191.0000,  0, 0, 0
L -1078.0000, -5171.0000, 191.0000,  -1021.0000, -5188.0000, 188.0000,  0, 0, 0
L -1021.0000, -5188.0000, 188.0000,  -920.0000, -5195.0000, 181.0000,  0, 0, 0
L -920.0000, -5195.0000, 181.0000,  -774.0000, -5180.0000, 166.0000,  0, 0, 0
L -774.0000, -5180.0000, 166.0000,  -608.0000, -5178.0000, 144.0000,  0, 0, 0
L -608.0000, -5178.0000, 144.0000,  -521.0000, -5160.0000, 132.0000,  0, 0, 0
L -521.0000, -5160.0000, 132.0000,  -443.0000, -5135.0000, 119.0000,  0, 0, 0
L -443.0000, -5135.0000, 119.0000,  -366.0000, -5099.0000, 87.0000,  0, 0, 0
L -366.0000, -5099.0000, 87.0000,  -336.0000, -5075.0000, 65.0000,  0, 0, 0
L -336.0000, -5075.0000, 65.0000,  -252.0000, -5058.0000, 23.0000,  0, 0, 0
L -252.0000, -5058.0000, 23.0000,  -236.0000, -5053.0000, 22.0000,  0, 0, 0
L -236.0000, -5053.0000, 22.0000,  -235.0000, -5068.0000, 15.0000,  0, 0, 0
L -235.0000, -5068.0000, 15.0000,  -235.0000, -5069.0000, 11.0000,  0, 0, 0
L -235.0000, -5069.0000, 11.0000,  -235.0000, -5082.0000, 10.0000,  0, 0, 0
L -235.0000, -5082.0000, 10.0000,  -251.0000, -5105.0000, 6.0000,  0, 0, 0
L -251.0000, -5105.0000, 6.0000,  -259.0000, -5110.0000, 4.0000,  0, 0, 0
L -259.0000, -5110.0000, 4.0000,  -260.0000, -5130.0000, 2.0000,  0, 0, 0
L -260.0000, -5130.0000, 2.0000,  -267.0000, -5140.0000, 5.0000,  0, 0, 0
L -267.0000, -5140.0000, 5.0000,  -266.0000, -5141.0000, 8.0000,  0, 0, 0
L -266.0000, -5141.0000, 8.0000,  -221.0000, -5173.0000, 8.0000,  0, 0, 0
L -221.0000, -5173.0000, 8.0000,  -218.0000, -5174.0000, 9.0000,  0, 0, 0
L -218.0000, -5174.0000, 9.0000,  -216.0000, -5179.0000, 11.0000,  0, 0, 0
L -216.0000, -5179.0000, 11.0000,  -216.0000, -5203.0000, 0.0000,  0, 0, 0
L -216.0000, -5203.0000, 0.0000,  -248.0000, -5213.0000, 0.0000,  0, 0, 0
L -248.0000, -5213.0000, 0.0000,  -250.0000, -5215.0000, 1.0000,  0, 0, 0
L -250.0000, -5215.0000, 1.0000,  -259.0000, -5214.0000, 2.0000,  0, 0, 0
L -259.0000, -5214.0000, 2.0000,  -268.0000, -5220.0000, 3.0000,  0, 0, 0
L -268.0000, -5220.0000, 3.0000,  -271.0000, -5227.0000, 4.0000,  0, 0, 0
L -271.0000, -5227.0000, 4.0000,  -270.0000, -5234.0000, 4.0000,  0, 0, 0
L -270.0000, -5234.0000, 4.0000,  -276.0000, -5238.0000, 4.0000,  0, 0, 0
L -276.0000, -5238.0000, 4.0000,  -265.0000, -5261.0000, 4.0000,  0, 0, 0
L -265.0000, -5261.0000, 4.0000,  -267.0000, -5267.0000, 5.0000,  0, 0, 0
L -267.0000, -5267.0000, 5.0000,  -264.0000, -5271.0000, 5.0000,  0, 0, 0
L -264.0000, -5271.0000, 5.0000,  -264.0000, -5276.0000, 4.0000,  0, 0, 0
L -264.0000, -5276.0000, 4.0000,  -269.0000, -5284.0000, 4.0000,  0, 0, 0
L -269.0000, -5284.0000, 4.0000,  -269.0000, -5286.0000, 6.0000,  0, 0, 0
L -269.0000, -5286.0000, 6.0000,  -234.0000, -5305.0000, 8.0000,  0, 0, 0
L -234.0000, -5305.0000, 8.0000,  -228.0000, -5316.0000, 8.0000,  0, 0, 0
L -228.0000, -5316.0000, 8.0000,  -237.0000, -5348.0000, 11.0000,  0, 0, 0
L -237.0000, -5348.0000, 11.0000,  -248.0000, -5369.0000, 8.0000,  0, 0, 0
L -248.0000, -5369.0000, 8.0000,  -255.0000, -5375.0000, 8.0000,  0, 0, 0
L -255.0000, -5375.0000, 8.0000,  -259.0000, -5381.0000, 12.0000,  0, 0, 0
L -259.0000, -5381.0000, 12.0000,  -259.0000, -5385.0000, 12.0000,  0, 0, 0
L -259.0000, -5385.0000, 12.0000,  -266.0000, -5392.0000, 12.0000,  0, 0, 0
L -266.0000, -5392.0000, 12.0000,  -271.0000, -5391.0000, 13.0000,  0, 0, 0
L -271.0000, -5391.0000, 13.0000,  -272.0000, -5395.0000, 12.0000,  0, 0, 0
L -272.0000, -5395.0000, 12.0000,  -244.0000, -5415.0000, 8.0000,  0, 0, 0
L -244.0000, -5415.0000, 8.0000,  -240.0000, -5416.0000, 7.0000,  0, 0, 0
L -240.0000, -5416.0000, 7.0000,  -232.0000, -5431.0000, 6.0000,  0, 0, 0
L -232.0000, -5431.0000, 6.0000,  -258.0000, -5445.0000, 5.0000,  0, 0, 0
L -258.0000, -5445.0000, 5.0000,  -287.0000, -5454.0000, 7.0000,  0, 0, 0
L -287.0000, -5454.0000, 7.0000,  -287.0000, -5456.0000, 7.0000,  0, 0, 0
L -287.0000, -5456.0000, 7.0000,  -288.0000, -5457.0000, 7.0000,  0, 0, 0
L -288.0000, -5457.0000, 7.0000,  -304.0000, -5455.0000, 6.0000,  0, 0, 0
L -304.0000, -5455.0000, 6.0000,  -308.0000, -5457.0000, 6.0000,  0, 0, 0
L -308.0000, -5457.0000, 6.0000,  -297.0000, -5502.0000, 8.0000,  0, 0, 0
L -297.0000, -5502.0000, 8.0000,  -304.0000, -5539.0000, 5.0000,  0, 0, 0
L -304.0000, -5539.0000, 5.0000,  -307.0000, -5544.0000, 5.0000,  0, 0, 0
L -307.0000, -5544.0000, 5.0000,  -305.0000, -5547.0000, 5.0000,  0, 0, 0
L -305.0000, -5547.0000, 5.0000,  -301.0000, -5548.0000, 8.0000,  0, 0, 0
L -301.0000, -5548.0000, 8.0000,  -284.0000, -5557.0000, 9.0000,  0, 0, 0
L -284.0000, -5557.0000, 9.0000,  -247.0000, -5560.0000, 9.0000,  0, 0, 0
L -247.0000, -5560.0000, 9.0000,  -179.0000, -5595.0000, 8.0000,  0, 0, 0
L -179.0000, -5595.0000, 8.0000,  -171.0000, -5600.0000, 10.0000,  0, 0, 0
L -171.0000, -5600.0000, 10.0000,  -147.0000, -5654.0000, 10.0000,  0, 0, 0
L -147.0000, -5654.0000, 10.0000,  -145.0000, -5654.0000, 10.0000,  0, 0, 0
L -145.0000, -5654.0000, 10.0000,  -137.0000, -5668.0000, 10.0000,  0, 0, 0
L -137.0000, -5668.0000, 10.0000,  -131.0000, -5673.0000, 10.0000,  0, 0, 0
L -131.0000, -5673.0000, 10.0000,  -135.0000, -5682.0000, 11.0000,  0, 0, 0
L -135.0000, -5682.0000, 11.0000,  -136.0000, -5683.0000, 13.0000,  0, 0, 0
L -136.0000, -5683.0000, 13.0000,  -169.0000, -5728.0000, 15.0000,  0, 0, 0
L -169.0000, -5728.0000, 15.0000,  -189.0000, -5765.0000, 34.0000,  0, 0, 0
L -189.0000, -5765.0000, 34.0000,  -291.0000, -6002.0000, 45.0000,  0, 0, 0
L -291.0000, -6002.0000, 45.0000,  -283.0000, -6059.0000, 45.0000,  0, 0, 0
L -283.0000, -6059.0000, 45.0000,  -260.0000, -6142.0000, 42.0000,  0, 0, 0
L -260.0000, -6142.0000, 42.0000,  -266.0000, -6167.0000, 42.0000,  0, 0, 0
L -266.0000, -6167.0000, 42.0000,  -221.0000, -6227.0000, 42.0000,  0, 0, 0
L -221.0000, -6227.0000, 42.0000,  -170.0000, -6253.0000, 40.0000,  0, 0, 0
L -170.0000, -6253.0000, 40.0000,  -130.0000, -6253.0000, 35.0000,  0, 0, 0
L -130.0000, -6253.0000, 35.0000,  -113.0000, -6253.0000, 40.0000,  0, 0, 0
L -113.0000, -6253.0000, 40.0000,  -44.0000, -6241.0000, 38.0000,  0, 0, 0
L -44.0000, -6241.0000, 38.0000,  0.0000, -6220.0000, 36.0000,  0, 0, 0
L 0.0000, -6220.0000, 36.0000,  6.0000, -6209.0000, 36.0000,  0, 0, 0
L 6.0000, -6209.0000, 36.0000,  8.0000, -6201.0000, 43.0000,  0, 0, 0
L 8.0000, -6201.0000, 43.0000,  8.0000, -6159.0000, 51.0000,  0, 0, 0
L 8.0000, -6159.0000, 51.0000,  26.0000, -6099.0000, 45.0000,  0, 0, 0
L 26.0000, -6099.0000, 45.0000,  31.0000, -6098.0000, 45.0000,  0, 0, 0
L 31.0000, -6098.0000, 45.0000,  54.0000, -6100.0000, 64.0000,  0, 0, 0
L 54.0000, -6100.0000, 64.0000,  55.0000, -6099.0000, 66.0000,  0, 0, 0
L 55.0000, -6099.0000, 66.0000,  73.0000, -6080.0000, 69.0000,  0, 0, 0
L 73.0000, -6080.0000, 69.0000,  76.0000, -6072.0000, 69.0000,  0, 0, 0
L 76.0000, -6072.0000, 69.0000,  94.0000, -6051.0000, 63.0000,  0, 0, 0
L 125.0000, -5996.0000, 56.0000,  139.0000, -5966.0000, 52.0000,  0, 0, 0
L 139.0000, -5966.0000, 52.0000,  136.0000, -5944.0000, 50.0000,  0, 0, 0
L 136.0000, -5944.0000, 50.0000,  136.0000, -5938.0000, 53.0000,  0, 0, 0
L 136.0000, -5938.0000, 53.0000,  133.0000, -5919.0000, 55.0000,  0, 0, 0
L 133.0000, -5919.0000, 55.0000,  132.0000, -5908.0000, 53.0000,  0, 0, 0
L 132.0000, -5908.0000, 53.0000,  150.0000, -5873.0000, 51.0000,  0, 0, 0
L 150.0000, -5873.0000, 51.0000,  195.0000, -5838.0000, 46.0000,  0, 0, 0
L 195.0000, -5838.0000, 46.0000,  198.0000, -5836.0000, 49.0000,  0, 0, 0
L 198.0000, -5836.0000, 49.0000,  209.0000, -5830.0000, 48.0000,  0, 0, 0
L 209.0000, -5830.0000, 48.0000,  216.0000, -5828.0000, 51.0000,  0, 0, 0
L 216.0000, -5828.0000, 51.0000,  221.0000, -5828.0000, 51.0000,  0, 0, 0
L 221.0000, -5828.0000, 51.0000,  228.0000, -5826.0000, 56.0000,  0, 0, 0
L 228.0000, -5826.0000, 56.0000,  255.0000, -5820.0000, 51.0000,  0, 0, 0
L 255.0000, -5820.0000, 51.0000,  284.0000, -5821.0000, 46.0000,  0, 0, 0
L 284.0000, -5821.0000, 46.0000,  357.0000, -5783.0000, 34.0000,  0, 0, 0
L 357.0000, -5783.0000, 34.0000,  364.0000, -5781.0000, 29.0000,  0, 0, 0
L 364.0000, -5781.0000, 29.0000,  364.0000, -5778.0000, 28.0000,  0, 0, 0
L 364.0000, -5778.0000, 28.0000,  385.0000, -5772.0000, 20.0000,  0, 0, 0
L 385.0000, -5772.0000, 20.0000,  424.0000, -5763.0000, 17.0000,  0, 0, 0
L 424.0000, -5763.0000, 17.0000,  441.0000, -5756.0000, 28.0000,  0, 0, 0
L 441.0000, -5756.0000, 28.0000,  455.0000, -5755.0000, 46.0000,  0, 0, 0
L 455.0000, -5755.0000, 46.0000,  460.0000, -5752.0000, 60.0000,  0, 0, 0
L 460.0000, -5752.0000, 60.0000,  462.0000, -5749.0000, 60.0000,  0, 0, 0
L 462.0000, -5749.0000, 60.0000,  467.0000, -5746.0000, 69.0000,  0, 0, 0
L 467.0000, -5746.0000, 69.0000,  491.0000, -5731.0000, 68.0000,  0, 0, 0
L 491.0000, -5731.0000, 68.0000,  488.0000, -5727.0000, 68.0000,  0, 0, 0
L 488.0000, -5727.0000, 68.0000,  527.0000, -5700.0000, 63.0000,  0, 0, 0
L 527.0000, -5700.0000, 63.0000,  535.0000, -5695.0000, 57.0000,  0, 0, 0
L 535.0000, -5695.0000, 57.0000,  540.0000, -5699.0000, 56.0000,  0, 0, 0
L 540.0000, -5699.0000, 56.0000,  564.0000, -5651.0000, 48.0000,  0, 0, 0
L 564.0000, -5651.0000, 48.0000,  567.0000, -5642.0000, 55.0000,  0, 0, 0
L 567.0000, -5642.0000, 55.0000,  566.0000, -5614.0000, 52.0000,  0, 0, 0
L 566.0000, -5614.0000, 52.0000,  564.0000, -5590.0000, 54.0000,  0, 0, 0
L 564.0000, -5590.0000, 54.0000,  562.0000, -5581.0000, 58.0000,  0, 0, 0
L 562.0000, -5581.0000, 58.0000,  551.0000, -5563.0000, 55.0000,  0, 0, 0
L 551.0000, -5563.0000, 55.0000,  458.0000, -5528.0000, 28.0000,  0, 0, 0
L 458.0000, -5528.0000, 28.0000,  398.0000, -5530.0000, 16.0000,  0, 0, 0
L 398.0000, -5530.0000, 16.0000,  396.0000, -5529.0000, 16.0000,  0, 0, 0
L 396.0000, -5529.0000, 16.0000,  394.0000, -5521.0000, 31.0000,  0, 0, 0
L 394.0000, -5521.0000, 31.0000,  384.0000, -5521.0000, 32.0000,  0, 0, 0
L 384.0000, -5521.0000, 32.0000,  357.0000, -5528.0000, 27.0000,  0, 0, 0
L 357.0000, -5528.0000, 27.0000,  325.0000, -5537.0000, 31.0000,  0, 0, 0
L 325.0000, -5537.0000, 31.0000,  314.0000, -5539.0000, 36.0000,  0, 0, 0
L 314.0000, -5539.0000, 36.0000,  296.0000, -5547.0000, 38.0000,  0, 0, 0
L 296.0000, -5547.0000, 38.0000,  217.0000, -5570.0000, 27.0000,  0, 0, 0
L 217.0000, -5570.0000, 27.0000,  210.0000, -5564.0000, 27.0000,  0, 0, 0
L 210.0000, -5564.0000, 27.0000,  195.0000, -5573.0000, 26.0000,  0, 0, 0
L 195.0000, -5573.0000, 26.0000,  185.0000, -5568.0000, 25.0000,  0, 0, 0
L 185.0000, -5568.0000, 25.0000,  177.0000, -5564.0000, 43.0000,  0, 0, 0
L 177.0000, -5564.0000, 43.0000,  168.0000, -5577.0000, 41.0000,  0, 0, 0
L 168.0000, -5577.0000, 41.0000,  161.0000, -5576.0000, 40.0000,  0, 0, 0
L 161.0000, -5576.0000, 40.0000,  143.0000, -5587.0000, 40.0000,  0, 0, 0
L 144.0000, -5587.0000, 40.0000,  74.0000, -5678.0000, 32.0000,  0, 0, 0
L 74.0000, -5678.0000, 32.0000,  68.0000, -5687.0000, 42.0000,  0, 0, 0
L 68.0000, -5687.0000, 42.0000,  62.0000, -5700.0000, 43.0000,  0, 0, 0
L 62.0000, -5700.0000, 43.0000,  54.0000, -5716.0000, 39.0000,  0, 0, 0
L 54.0000, -5716.0000, 39.0000,  39.0000, -5720.0000, 35.0000,  0, 0, 0
L 39.0000, -5720.0000, 35.0000,  19.0000, -5719.0000, 29.0000,  0, 0, 0
L 19.0000, -5719.0000, 29.0000,  3.0000, -5712.0000, 26.0000,  0, 0, 0
L 3.0000, -5712.0000, 26.0000,  -48.0000, -5669.0000, 20.0000,  0, 0, 0
L -48.0000, -5669.0000, 20.0000,  -103.0000, -5658.0000, 16.0000,  0, 0, 0
L -103.0000, -5658.0000, 16.0000,  -108.0000, -5664.0000, 16.0000,  0, 0, 0
L -108.0000, -5664.0000, 16.0000,  -122.0000, -5635.0000, 13.0000,  0, 0, 0
L -122.0000, -5635.0000, 13.0000,  -126.0000, -5616.0000, 11.0000,  0, 0, 0
L -126.0000, -5616.0000, 11.0000,  -125.0000, -5612.0000, 10.0000,  0, 0, 0
L -125.0000, -5612.0000, 10.0000,  -132.0000, -5609.0000, 10.0000,  0, 0, 0
L -132.0000, -5609.0000, 10.0000,  -131.0000, -5598.0000, 9.0000,  0, 0, 0
L -131.0000, -5598.0000, 9.0000,  -188.0000, -5573.0000, 5.0000,  0, 0, 0
L -188.0000, -5573.0000, 5.0000,  -202.0000, -5559.0000, 5.0000,  0, 0, 0
L -202.0000, -5559.0000, 5.0000,  -250.0000, -5536.0000, 4.0000,  0, 0, 0
L -250.0000, -5536.0000, 4.0000,  -255.0000, -5538.0000, 4.0000,  0, 0, 0
L -255.0000, -5538.0000, 4.0000,  -263.0000, -5528.0000, 4.0000,  0, 0, 0
L -263.0000, -5528.0000, 4.0000,  -240.0000, -5470.0000, 6.0000,  0, 0, 0
L -240.0000, -5470.0000, 6.0000,  -231.0000, -5465.0000, 7.0000,  0, 0, 0
L -231.0000, -5465.0000, 7.0000,  -232.0000, -5461.0000, 7.0000,  0, 0, 0
L -232.0000, -5461.0000, 7.0000,  -230.0000, -5462.0000, 7.0000,  0, 0, 0
L -230.0000, -5462.0000, 7.0000,  -205.0000, -5454.0000, 7.0000,  0, 0, 0
L -205.0000, -5454.0000, 7.0000,  -204.0000, -5452.0000, 7.0000,  0, 0, 0
L -204.0000, -5452.0000, 7.0000,  -212.0000, -5409.0000, 7.0000,  0, 0, 0
L -212.0000, -5409.0000, 7.0000,  -222.0000, -5383.0000, 7.0000,  0, 0, 0
L -222.0000, -5383.0000, 7.0000,  -221.0000, -5372.0000, 11.0000,  0, 0, 0
L -221.0000, -5372.0000, 11.0000,  -217.0000, -5365.0000, 10.0000,  0, 0, 0
L -217.0000, -5365.0000, 10.0000,  -210.0000, -5320.0000, 5.0000,  0, 0, 0
L -210.0000, -5320.0000, 5.0000,  -201.0000, -5314.0000, 3.0000,  0, 0, 0
L -201.0000, -5314.0000, 3.0000,  -219.0000, -5272.0000, 2.0000,  0, 0, 0
L -219.0000, -5272.0000, 2.0000,  -235.0000, -5264.0000, 2.0000,  0, 0, 0
L -235.0000, -5264.0000, 2.0000,  -242.0000, -5267.0000, 2.0000,  0, 0, 0
L -242.0000, -5267.0000, 2.0000,  -246.0000, -5250.0000, 2.0000,  0, 0, 0
L -246.0000, -5250.0000, 2.0000,  -244.0000, -5234.0000, 2.0000,  0, 0, 0
L -244.0000, -5234.0000, 2.0000,  -222.0000, -5233.0000, 2.0000,  0, 0, 0
L -222.0000, -5233.0000, 2.0000,  -196.0000, -5213.0000, 2.0000,  0, 0, 0
L -196.0000, -5213.0000, 2.0000,  -181.0000, -5209.0000, 4.0000,  0, 0, 0
L -181.0000, -5209.0000, 4.0000,  -174.0000, -5186.0000, 4.0000,  0, 0, 0
L -174.0000, -5186.0000, 4.0000,  -175.0000, -5182.0000, 4.0000,  0, 0, 0
L -175.0000, -5182.0000, 4.0000,  -186.0000, -5173.0000, 4.0000,  0, 0, 0
L -186.0000, -5173.0000, 4.0000,  -192.0000, -5171.0000, 4.0000,  0, 0, 0
L -192.0000, -5171.0000, 4.0000,  -195.0000, -5168.0000, 4.0000,  0, 0, 0
L -195.0000, -5168.0000, 4.0000,  -198.0000, -5158.0000, 3.0000,  0, 0, 0
L -198.0000, -5158.0000, 3.0000,  -199.0000, -5156.0000, 4.0000,  0, 0, 0
L -199.0000, -5156.0000, 4.0000,  -220.0000, -5148.0000, 4.0000,  0, 0, 0
L -220.0000, -5148.0000, 4.0000,  -234.0000, -5129.0000, 3.0000,  0, 0, 0
L -234.0000, -5129.0000, 3.0000,  -236.0000, -5127.0000, 6.0000,  0, 0, 0
L -236.0000, -5127.0000, 6.0000,  -238.0000, -5122.0000, 6.0000,  0, 0, 0
L -238.0000, -5122.0000, 6.0000,  -232.0000, -5122.0000, 6.0000,  0, 0, 0
L -232.0000, -5122.0000, 6.0000,  -230.0000, -5121.0000, 12.0000,  0, 0, 0
L -230.0000, -5121.0000, 12.0000,  -220.0000, -5113.0000, 11.0000,  0, 0, 0
L -220.0000, -5113.0000, 11.0000,  -211.0000, -5049.0000, 7.0000,  0, 0, 0
L -211.0000, -5049.0000, 7.0000,  -107.0000, -5052.0000, 7.0000,  0, 0, 0
L -107.0000, -5052.0000, 7.0000,  -96.0000, -5054.0000, 10.0000,  0, 0, 0
L -96.0000, -5054.0000, 10.0000,  -78.0000, -5060.0000, 10.0000,  0, 0, 0
L -78.0000, -5060.0000, 10.0000,  -75.0000, -5062.0000, 16.0000,  0, 0, 0
L -75.0000, -5062.0000, 16.0000,  -66.0000, -5065.0000, 22.0000,  0, 0, 0
L -66.0000, -5065.0000, 22.0000,  -55.0000, -5071.0000, 24.0000,  0, 0, 0
L -55.0000, -5071.0000, 24.0000,  -48.0000, -5085.0000, 36.0000,  0, 0, 0
L -48.0000, -5085.0000, 36.0000,  -38.0000, -5115.0000, 104.0000,  0, 0, 0
L -38.0000, -5115.0000, 104.0000,  -37.0000, -5116.0000, 104.0000,  0, 0, 0
L -37.0000, -5116.0000, 104.0000,  -22.0000, -5129.0000, 138.0000,  0, 0, 0
L -22.0000, -5129.0000, 138.0000,  5.0000, -5133.0000, 136.0000,  0, 0, 0
L 5.0000, -5133.0000, 136.0000,  78.0000, -5155.0000, 123.0000,  0, 0, 0
L 78.0000, -5155.0000, 123.0000,  134.0000, -5159.0000, 120.0000,  0, 0, 0
L 134.0000, -5159.0000, 120.0000,  360.0000, -5167.0000, 136.0000,  0, 0, 0
L 360.0000, -5167.0000, 136.0000,  373.0000, -5167.0000, 141.0000,  0, 0, 0
L 373.0000, -5167.0000, 141.0000,  392.0000, -5168.0000, 143.0000,  0, 0, 0
L 392.0000, -5168.0000, 143.0000,  399.0000, -5177.0000, 145.0000,  0, 0, 0
L 399.0000, -5177.0000, 145.0000,  402.0000, -5180.0000, 150.0000,  0, 0, 0
L 402.0000, -5180.0000, 150.0000,  430.0000, -5186.0000, 152.0000,  0, 0, 0
L 430.0000, -5186.0000, 152.0000,  518.0000, -5186.0000, 147.0000,  0, 0, 0
L 518.0000, -5186.0000, 147.0000,  611.0000, -5159.0000, 133.0000,  0, 0, 0
L 611.0000, -5159.0000, 133.0000,  666.0000, -5144.0000, 135.0000,  0, 0, 0
L 666.0000, -5144.0000, 135.0000,  677.0000, -5140.0000, 139.0000,  0, 0, 0
L 677.0000, -5140.0000, 139.0000,  688.0000, -5136.0000, 139.0000,  0, 0, 0
L 688.0000, -5136.0000, 139.0000,  750.0000, -5148.0000, 112.0000,  0, 0, 0
L 750.0000, -5148.0000, 112.0000,  776.0000, -5147.0000, 108.0000,  0, 0, 0
L 776.0000, -5147.0000, 108.0000,  771.0000, -5113.0000, 98.0000,  0, 0, 0
L 771.0000, -5113.0000, 98.0000,  774.0000, -5080.0000, 90.0000,  0, 0, 0
L 774.0000, -5080.0000, 90.0000,  774.0000, -5078.0000, 91.0000,  0, 0, 0
L 774.0000, -5078.0000, 91.0000,  774.0000, -5075.0000, 90.0000,  0, 0, 0
L 774.0000, -5075.0000, 90.0000,  820.0000, -4985.0000, 81.0000,  0, 0, 0
L 820.0000, -4985.0000, 81.0000,  858.0000, -4937.0000, 80.0000,  0, 0, 0
L 858.0000, -4937.0000, 80.0000,  877.0000, -4924.0000, 80.0000,  0, 0, 0
L 877.0000, -4924.0000, 80.0000,  885.0000, -4922.0000, 79.0000,  0, 0, 0
L 885.0000, -4922.0000, 79.0000,  906.0000, -4951.0000, 79.0000,  0, 0, 0
L 906.0000, -4951.0000, 79.0000,  901.0000, -4953.0000, 79.0000,  0, 0, 0
L 901.0000, -4953.0000, 79.0000,  890.0000, -4942.0000, 79.0000,  0, 0, 0
L 890.0000, -4942.0000, 79.0000,  847.0000, -4981.0000, 79.0000,  0, 0, 0
L 847.0000, -4981.0000, 79.0000,  838.0000, -4996.0000, 79.0000,  0, 0, 0
L 838.0000, -4996.0000, 79.0000,  867.0000, -5019.0000, 79.0000,  0, 0, 0
L 867.0000, -5019.0000, 79.0000,  839.0000, -5063.0000, 79.0000,  0, 0, 0
L 839.0000, -5063.0000, 79.0000,  811.0000, -5045.0000, 79.0000,  0, 0, 0
L 811.0000, -5045.0000, 79.0000,  792.0000, -5113.0000, 79.0000,  0, 0, 0
L 792.0000, -5113.0000, 79.0000,  793.0000, -5136.0000, 86.0000,  0, 0, 0
L 793.0000, -5136.0000, 86.0000,  802.0000, -5146.0000, 101.0000,  0, 0, 0
L 802.0000, -5146.0000, 101.0000,  821.0000, -5171.0000, 114.0000,  0, 0, 0
L 821.0000, -5171.0000, 114.0000,  842.0000, -5184.0000, 122.0000,  0, 0, 0
L 842.0000, -5184.0000, 122.0000,  874.0000, -5184.0000, 129.0000,  0, 0, 0
L 874.0000, -5184.0000, 129.0000,  1044.0000, -5179.0000, 123.0000,  0, 0, 0
L 1044.0000, -5179.0000, 123.0000,  1104.0000, -5163.0000, 117.0000,  0, 0, 0
L 1104.0000, -5163.0000, 117.0000,  1121.0000, -5150.0000, 119.0000,  0, 0, 0
L 1121.0000, -5150.0000, 119.0000,  1128.0000, -5141.0000, 119.0000,  0, 0, 0
L 1128.0000, -5141.0000, 119.0000,  1133.0000, -5134.0000, 122.0000,  0, 0, 0
L 1133.0000, -5134.0000, 122.0000,  1142.0000, -5118.0000, 121.0000,  0, 0, 0
L 1142.0000, -5118.0000, 121.0000,  1142.0000, -5061.0000, 115.0000,  0, 0, 0
L 1142.0000, -5061.0000, 115.0000,  1145.0000, -5045.0000, 122.0000,  0, 0, 0
L 1145.0000, -5045.0000, 122.0000,  1143.0000, -5024.0000, 122.0000,  0, 0, 0
L 1143.0000, -5024.0000, 122.0000,  1142.0000, -5019.0000, 127.0000,  0, 0, 0
L 1142.0000, -5019.0000, 127.0000,  1140.0000, -5005.0000, 131.0000,  0, 0, 0
L 1140.0000, -5005.0000, 131.0000,  1156.0000, -4951.0000, 123.0000,  0, 0, 0
L 1156.0000, -4951.0000, 123.0000,  1161.0000, -4913.0000, 134.0000,  0, 0, 0
L 1161.0000, -4913.0000, 134.0000,  1162.0000, -4912.0000, 136.0000,  0, 0, 0
L 1162.0000, -4912.0000, 136.0000,  1164.0000, -4900.0000, 133.0000,  0, 0, 0
L 1164.0000, -4900.0000, 133.0000,  1167.0000, -4875.0000, 133.0000,  0, 0, 0
L 1167.0000, -4875.0000, 133.0000,  1166.0000, -4877.0000, 132.0000,  0, 0, 0
L 1166.0000, -4877.0000, 132.0000,  1154.0000, -4873.0000, 121.0000,  0, 0, 0
L 1154.0000, -4873.0000, 121.0000,  1107.0000, -4860.0000, 104.0000,  0, 0, 0
L 1107.0000, -4860.0000, 104.0000,  1024.0000, -4871.0000, 85.0000,  0, 0, 0
L 1024.0000, -4871.0000, 85.0000,  1034.0000, -4908.0000, 85.0000,  0, 0, 0
L 1034.0000, -4908.0000, 85.0000,  1033.0000, -4909.0000, 85.0000,  0, 0, 0
L 1033.0000, -4909.0000, 85.0000,  993.0000, -4916.0000, 85.0000,  0, 0, 0
L 993.0000, -4916.0000, 85.0000,  984.0000, -4880.0000, 82.0000,  0, 0, 0
L 984.0000, -4880.0000, 82.0000,  965.0000, -4886.0000, 81.0000,  0, 0, 0
L 965.0000, -4886.0000, 81.0000,  913.0000, -4920.0000, 79.0000,  0, 0, 0
L 913.0000, -4920.0000, 79.0000,  912.0000, -4922.0000, 79.0000,  0, 0, 0
L 912.0000, -4922.0000, 79.0000,  919.0000, -4926.0000, 79.0000,  0, 0, 0
L 919.0000, -4926.0000, 79.0000,  915.0000, -4930.0000, 79.0000,  0, 0, 0
L 915.0000, -4930.0000, 79.0000,  914.0000, -4929.0000, 77.0000,  0, 0, 0
L 914.0000, -4929.0000, 77.0000,  897.0000, -4906.0000, 77.0000,  0, 0, 0
L 897.0000, -4906.0000, 77.0000,  939.0000, -4876.0000, 77.0000,  0, 0, 0
L 939.0000, -4876.0000, 77.0000,  1079.0000, -4840.0000, 77.0000,  0, 0, 0
L 1079.0000, -4840.0000, 77.0000,  1111.0000, -4842.0000, 78.0000,  0, 0, 0
L 1111.0000, -4842.0000, 78.0000,  1163.0000, -4858.0000, 102.0000,  0, 0, 0
L 1163.0000, -4858.0000, 102.0000,  1170.0000, -4861.0000, 113.0000,  0, 0, 0
L 1170.0000, -4861.0000, 113.0000,  1179.0000, -4835.0000, 114.0000,  0, 0, 0
L 1179.0000, -4835.0000, 114.0000,  1181.0000, -4826.0000, 118.0000,  0, 0, 0
L 1181.0000, -4826.0000, 118.0000,  1192.0000, -4792.0000, 119.0000,  0, 0, 0
L 1192.0000, -4792.0000, 119.0000,  1203.0000, -4618.0000, 129.0000,  0, 0, 0
L 1203.0000, -4618.0000, 129.0000,  1204.0000, -4606.0000, 136.0000,  0, 0, 0
L 1204.0000, -4606.0000, 136.0000,  1225.0000, -4414.0000, 143.0000,  0, 0, 0
L 1225.0000, -4414.0000, 143.0000,  1222.0000, -4288.0000, 140.0000,  0, 0, 0
L 1222.0000, -4288.0000, 140.0000,  1154.0000, -4165.0000, 132.0000,  0, 0, 0
L 1154.0000, -4165.0000, 132.0000,  1150.0000, -3650.0000, 109.0000,  0, 0, 0
L 1150.0000, -3650.0000, 109.0000,  1079.0000, -3451.0000, 98.0000,  0, 0, 0
L 1079.0000, -3451.0000, 98.0000,  1077.0000, -3324.0000, 100.0000,  0, 0, 0
L 1077.0000, -3324.0000, 100.0000,  1136.0000, -3198.0000, 93.0000,  0, 0, 0
L 1136.0000, -3198.0000, 93.0000,  1137.0000, -3180.0000, 110.0000,  0, 0, 0
L 1137.0000, -3180.0000, 110.0000,  1142.0000, -3147.0000, 127.0000,  0, 0, 0
L 1142.0000, -3147.0000, 127.0000,  1142.0000, -3125.0000, 131.0000,  0, 0, 0
L 1142.0000, -3125.0000, 131.0000,  1145.0000, -3120.0000, 132.0000,  0, 0, 0
L 1145.0000, -3120.0000, 132.0000,  1146.0000, -3119.0000, 135.0000,  0, 0, 0
L 1146.0000, -3119.0000, 135.0000,  1146.0000, -3076.0000, 133.0000,  0, 0, 0
L 1146.0000, -3076.0000, 133.0000,  1147.0000, -3070.0000, 131.0000,  0, 0, 0
L 1147.0000, -3070.0000, 131.0000,  1162.0000, -2989.0000, 129.0000,  0, 0, 0
L 1162.0000, -2989.0000, 129.0000,  1178.0000, -2685.0000, 103.0000,  0, 0, 0
L 1178.0000, -2685.0000, 103.0000,  1179.0000, -2651.0000, 106.0000,  0, 0, 0
L 1179.0000, -2651.0000, 106.0000,  1182.0000, -2627.0000, 118.0000,  0, 0, 0
L 1182.0000, -2627.0000, 118.0000,  1200.0000, -2478.0000, 158.0000,  0, 0, 0
L 1200.0000, -2478.0000, 158.0000,  1202.0000, -2343.0000, 153.0000,  0, 0, 0
L 1202.0000, -2343.0000, 153.0000,  1199.0000, -2242.0000, 141.0000,  0, 0, 0
L 1199.0000, -2242.0000, 141.0000,  1197.0000, -2233.0000, 154.0000,  0, 0, 0
L 1197.0000, -2233.0000, 154.0000,  1196.0000, -2219.0000, 161.0000,  0, 0, 0
L 1196.0000, -2219.0000, 161.0000,  1195.0000, -2198.0000, 164.0000,  0, 0, 0
L 1195.0000, -2198.0000, 164.0000,  1171.0000, -1877.0000, 124.0000,  0, 0, 0
L 1171.0000, -1877.0000, 124.0000,  1173.0000, -1823.0000, 125.0000,  0, 0, 0
L 1173.0000, -1823.0000, 125.0000,  1176.0000, -1760.0000, 160.0000,  0, 0, 0
L 1176.0000, -1760.0000, 160.0000,  1190.0000, -1529.0000, 136.0000,  0, 0, 0
L 1190.0000, -1529.0000, 136.0000,  1212.0000, -1457.0000, 135.0000,  0, 0, 0
L 1212.0000, -1457.0000, 135.0000,  1233.0000, -1424.0000, 130.0000,  0, 0, 0
L 1233.0000, -1424.0000, 130.0000,  1274.0000, -1399.0000, 123.0000,  0, 0, 0
L 1274.0000, -1399.0000, 123.0000,  1608.0000, -1361.0000, 67.0000,  0, 0, 0
L 1586.0000, -1242.0000, 47.0000,  1542.0000, -1239.0000, 42.0000,  0, 0, 0
L 1542.0000, -1239.0000, 42.0000,  1371.0000, -1249.0000, 56.0000,  0, 0, 0
L 1371.0000, -1249.0000, 56.0000,  1183.0000, -1218.0000, 67.0000,  0, 0, 0
L 1183.0000, -1218.0000, 67.0000,  1141.0000, -1197.0000, 82.0000,  0, 0, 0
L 1141.0000, -1197.0000, 82.0000,  1111.0000, -1175.0000, 87.0000,  0, 0, 0
L 1111.0000, -1175.0000, 87.0000,  1107.0000, -1166.0000, 87.0000,  0, 0, 0
L 1107.0000, -1166.0000, 87.0000,  1108.0000, -1143.0000, 87.0000,  0, 0, 0
L 1108.0000, -1143.0000, 87.0000,  1124.0000, -1127.0000, 87.0000,  0, 0, 0
L 1124.0000, -1127.0000, 87.0000,  1154.0000, -1038.0000, 86.0000,  0, 0, 0
L 1154.0000, -1038.0000, 86.0000,  1155.0000, -1020.0000, 87.0000,  0, 0, 0
L 1155.0000, -1020.0000, 87.0000,  1156.0000, -993.0000, 97.0000,  0, 0, 0
L 1156.0000, -993.0000, 97.0000,  1176.0000, -430.0000, 80.0000,  0, 0, 0
L 1176.0000, -430.0000, 80.0000,  1176.0000, -416.0000, 73.0000,  0, 0, 0
L 1176.0000, -416.0000, 73.0000,  1180.0000, -416.0000, 73.0000,  0, 0, 0
L 1180.0000, -416.0000, 73.0000,  1183.0000, -396.0000, 70.0000,  0, 0, 0
L 1183.0000, -396.0000, 70.0000,  1168.0000, -255.0000, 63.0000,  0, 0, 0
L 1168.0000, -255.0000, 63.0000,  1166.0000, -237.0000, 71.0000,  0, 0, 0
L 1166.0000, -237.0000, 71.0000,  1161.0000, -199.0000, 68.0000,  0, 0, 0
L 1161.0000, -199.0000, 68.0000,  1166.0000, -157.0000, 66.0000,  0, 0, 0
L 1166.0000, -157.0000, 66.0000,  1195.0000, -72.0000, 65.0000,  0, 0, 0
L 1195.0000, -72.0000, 65.0000,  1200.0000, -46.0000, 78.0000,  0, 0, 0
L 1200.0000, -46.0000, 78.0000,  1199.0000, -23.0000, 95.0000,  0, 0, 0
L 1199.0000, -23.0000, 95.0000,  1198.0000, -5.0000, 97.0000,  0, 0, 0
L -86.0000, -128.0000, 10.0000,  -78.0000, -386.0000, 10.0000,  127, 127, 127
L -78.0000, -386.0000, 10.0000,  -35.0000, -434.0000, 10.0000,  127, 127, 127
L -35.0000, -434.0000, 10.0000,  -19.0000, -442.0000, 10.0000,  127, 127, 127
L -19.0000, -442.0000, 10.0000,  89.0000, -447.0000, 10.0000,  127, 127, 127
L 89.0000, -447.0000, 10.0000,  319.0000, -438.0000, 10.0000,  127, 127, 127
L 319.0000, -438.0000, 10.0000,  369.0000, -428.0000, 11.0000,  127, 127, 127
L 369.0000, -428.0000, 11.0000,  428.0000, -468.0000, 11.0000,  127, 127, 127
L 428.0000, -468.0000, 11.0000,  442.0000, -509.0000, 11.0000,  127, 127, 127
L 442.0000, -509.0000, 11.0000,  489.0000, -591.0000, 12.0000,  127, 127, 127
L 489.0000, -591.0000, 12.0000,  501.0000, -668.0000, 17.0000,  127, 127, 127
L 501.0000, -668.0000, 17.0000,  590.0000, -889.0000, 22.0000,  127, 127, 127
L 590.0000, -889.0000, 22.0000,  649.0000, -964.0000, 22.0000,  127, 127, 127
L 649.0000, -964.0000, 22.0000,  750.0000, -1166.0000, 22.0000,  127, 127, 127
L 750.0000, -1166.0000, 22.0000,  823.0000, -1220.0000, 24.0000,  127, 127, 127
L 823.0000, -1220.0000, 24.0000,  935.0000, -1231.0000, 25.0000,  127, 127, 127
L 935.0000, -1231.0000, 25.0000,  1146.0000, -1272.0000, 33.0000,  127, 127, 127
L 1146.0000, -1272.0000, 33.0000,  1840.0000, -1288.0000, 25.0000,  127, 127, 127
L 1840.0000, -1288.0000, 25.0000,  1917.0000, -1353.0000, 23.0000,  127, 127, 127
L 1870.0000, -1376.0000, 21.0000,  1734.0000, -1332.0000, 18.0000,  127, 127, 127
L 1734.0000, -1332.0000, 18.0000,  1180.0000, -1321.0000, 32.0000,  127, 127, 127
L 1180.0000, -1321.0000, 32.0000,  1154.0000, -1331.0000, 33.0000,  127, 127, 127
L 1154.0000, -1331.0000, 33.0000,  749.0000, -1220.0000, 32.0000,  127, 127, 127
L 749.0000, -1220.0000, 32.0000,  488.0000, -745.0000, 25.0000,  127, 127, 127
L 488.0000, -745.0000, 25.0000,  403.0000, -506.0000, 21.0000,  127, 127, 127
L 403.0000, -506.0000, 21.0000,  342.0000, -481.0000, 17.0000,  127, 127, 127
L 342.0000, -481.0000, 17.0000,  12.0000, -482.0000, 11.0000,  127, 127, 127
L 12.0000, -482.0000, 11.0000,  -17.0000, -538.0000, 11.0000,  127, 127, 127
L -17.0000, -538.0000, 11.0000,  -89.0000, -588.0000, 11.0000,  127, 127, 127
L -89.0000, -588.0000, 11.0000,  -81.0000, -951.0000, 11.0000,  127, 127, 127
L -81.0000, -951.0000, 11.0000,  -146.0000, -1051.0000, 16.0000,  127, 127, 127
L -146.0000, -1051.0000, 16.0000,  -158.0000, -1060.0000, 16.0000,  127, 127, 127
L -158.0000, -1060.0000, 16.0000,  -217.0000, -1180.0000, 15.0000,  127, 127, 127
L -217.0000, -1180.0000, 15.0000,  -289.0000, -1379.0000, 13.0000,  127, 127, 127
L -289.0000, -1379.0000, 13.0000,  -400.0000, -1503.0000, 13.0000,  127, 127, 127
L -400.0000, -1503.0000, 13.0000,  -408.0000, -1531.0000, 13.0000,  127, 127, 127
L -408.0000, -1531.0000, 13.0000,  -418.0000, -1630.0000, 18.0000,  127, 127, 127
L -418.0000, -1630.0000, 18.0000,  -403.0000, -1664.0000, 21.0000,  127, 127, 127
L -403.0000, -1664.0000, 21.0000,  -387.0000, -2144.0000, 16.0000,  127, 127, 127
L -387.0000, -2144.0000, 16.0000,  -287.0000, -2374.0000, 7.0000,  127, 127, 127
L -287.0000, -2374.0000, 7.0000,  -233.0000, -2404.0000, 7.0000,  127, 127, 127
L -233.0000, -2404.0000, 7.0000,  -141.0000, -2440.0000, 10.0000,  127, 127, 127
L -141.0000, -2440.0000, 10.0000,  -104.0000, -2482.0000, 12.0000,  127, 127, 127
L -104.0000, -2482.0000, 12.0000,  -80.0000, -2871.0000, 8.0000,  127, 127, 127
L -80.0000, -2871.0000, 8.0000,  -92.0000, -2936.0000, 8.0000,  127, 127, 127
L -92.0000, -2936.0000, 8.0000,  -89.0000, -3310.0000, 8.0000,  127, 127, 127
L -89.0000, -3310.0000, 8.0000,  -141.0000, -3482.0000, 9.0000,  127, 127, 127
L -141.0000, -3482.0000, 9.0000,  -232.0000, -3535.0000, 8.0000,  127, 127, 127
L -232.0000, -3535.0000, 8.0000,  -366.0000, -3592.0000, 8.0000,  127, 127, 127
L -366.0000, -3592.0000, 8.0000,  -395.0000, -3703.0000, 8.0000,  127, 127, 127
L -395.0000, -3703.0000, 8.0000,  -383.0000, -4102.0000, 8.0000,  127, 127, 127
L -383.0000, -4102.0000, 8.0000,  -333.0000, -4171.0000, 8.0000,  127, 127, 127
L -333.0000, -4171.0000, 8.0000,  -248.0000, -4457.0000, 7.0000,  127, 127, 127
L -248.0000, -4457.0000, 7.0000,  -182.0000, -4812.0000, 6.0000,  127, 127, 127
L -182.0000, -4812.0000, 6.0000,  -198.0000, -4827.0000, 6.0000,  127, 127, 127
L -198.0000, -4827.0000, 6.0000,  -207.0000, -4830.0000, 6.0000,  127, 127, 127
L -207.0000, -4830.0000, 6.0000,  -233.0000, -4825.0000, 6.0000,  127, 127, 127
L -233.0000, -4825.0000, 6.0000,  -273.0000, -4773.0000, 6.0000,  127, 127, 127
L -273.0000, -4773.0000, 6.0000,  -304.0000, -4770.0000, 7.0000,  127, 127, 127
L -304.0000, -4770.0000, 7.0000,  -293.0000, -4739.0000, 7.0000,  127, 127, 127
L -293.0000, -4739.0000, 7.0000,  -269.0000, -4708.0000, 7.0000,  127, 127, 127
L -269.0000, -4708.0000, 7.0000,  -265.0000, -4693.0000, 7.0000,  127, 127, 127
L -265.0000, -4693.0000, 7.0000,  -267.0000, -4498.0000, 7.0000,  127, 127, 127
L -267.0000, -4498.0000, 7.0000,  -418.0000, -4045.0000, 7.0000,  127, 127, 127
L -418.0000, -4045.0000, 7.0000,  -421.0000, -3612.0000, 8.0000,  127, 127, 127
L -421.0000, -3612.0000, 8.0000,  -386.0000, -3562.0000, 8.0000,  127, 127, 127
L -386.0000, -3562.0000, 8.0000,  -185.0000, -3489.0000, 7.0000,  127, 127, 127
L -185.0000, -3489.0000, 7.0000,  -115.0000, -3268.0000, 9.0000,  127, 127, 127
L -115.0000, -3268.0000, 9.0000,  -109.0000, -2865.0000, 9.0000,  127, 127, 127
L -109.0000, -2865.0000, 9.0000,  -133.0000, -2512.0000, 9.0000,  127, 127, 127
L -133.0000, -2512.0000, 9.0000,  -162.0000, -2481.0000, 9.0000,  127, 127, 127
L -162.0000, -2481.0000, 9.0000,  -321.0000, -2400.0000, 9.0000,  127, 127, 127
L -321.0000, -2400.0000, 9.0000,  -443.0000, -2132.0000, 12.0000,  127, 127, 127
L -443.0000, -2132.0000, 12.0000,  -441.0000, -1524.0000, 20.0000,  127, 127, 127
L -441.0000, -1524.0000, 20.0000,  -301.0000, -1324.0000, 13.0000,  127, 127, 127
L -301.0000, -1324.0000, 13.0000,  -256.0000, -1111.0000, 3.0000,  127, 127, 127
L -256.0000, -1111.0000, 3.0000,  -203.0000, -1052.0000, 12.0000,  127, 127, 127
L -203.0000, -1052.0000, 12.0000,  -196.0000, -1038.0000, 14.0000,  127, 127, 127
L -196.0000, -1038.0000, 14.0000,  -175.0000, -1023.0000, 15.0000,  127, 127, 127
L -175.0000, -1023.0000, 15.0000,  -153.0000, -985.0000, 16.0000,  127, 127, 127
L -153.0000, -985.0000, 16.0000,  -136.0000, -968.0000, 16.0000,  127, 127, 127
L -136.0000, -968.0000, 16.0000,  -112.0000, -904.0000, 16.0000,  127, 127, 127
L -112.0000, -904.0000, 16.0000,  -144.0000, -727.0000, 11.0000,  127, 127, 127
L -144.0000, -727.0000, 11.0000,  -103.0000, -73.0000, 10.0000,  127, 127, 127
L 1041.0000, -3456.0000, 13.0000,  1031.0000, -3438.0000, 9.0000,  0, 0, 0
L 1031.0000, -3438.0000, 9.0000,  1020.0000, -3433.0000, 8.0000,  0, 0, 0
L 1020.0000, -3433.0000, 8.0000,  1012.0000, -3425.0000, 5.0000,  0, 0, 0
L 1012.0000, -3425.0000, 5.0000,  987.0000, -3425.0000, 1.0000,  0, 0, 0
L 987.0000, -3425.0000, 1.0000,  984.0000, -3404.0000, 2.0000,  0, 0, 0
L 984.0000, -3404.0000, 2.0000,  1015.0000, -3401.0000, 4.0000,  0, 0, 0
L 1015.0000, -3401.0000, 4.0000,  1020.0000, -3400.0000, 6.0000,  0, 0, 0
L 1020.0000, -3400.0000, 6.0000,  1026.0000, -3368.0000, 8.0000,  0, 0, 0
L 1026.0000, -3368.0000, 8.0000,  1031.0000, -3361.0000, 17.0000,  0, 0, 0
L 1031.0000, -3361.0000, 17.0000,  1042.0000, -3355.0000, 22.0000,  0, 0, 0
L 1042.0000, -3355.0000, 22.0000,  1061.0000, -3344.0000, 60.0000,  0, 0, 0
L 1061.0000, -3344.0000, 60.0000,  1075.0000, -3334.0000, 73.0000,  0, 0, 0
L 1035.0000, -3449.0000, 11.0000,  1044.0000, -3466.0000, 13.0000,  0, 0, 0
L 1044.0000, -3466.0000, 13.0000,  1046.0000, -3469.0000, 20.0000,  0, 0, 0
L 1046.0000, -3469.0000, 20.0000,  1055.0000, -3475.0000, 28.0000,  0, 0, 0
L 1055.0000, -3475.0000, 28.0000,  1070.0000, -3482.0000, 32.0000,  0, 0, 0
L 1070.0000, -3482.0000, 32.0000,  1085.0000, -3485.0000, 49.0000,  0, 0, 0
