P 210.1550, -319.5250, 4.3760,  0, 0, 0,  3,  Varrok_(Weaponer)
P 205.8370, -286.1530, 4.3760,  0, 0, 0,  3,  Bubbgrib_(Smith)
P -652.4640, -496.5920, 4.3760,  0, 0, 0,  3,  Trurg_(Soulbinder)
P -494.2340, -510.3220, 4.4770,  0, 0, 0,  3,  Grop_(Merchant)
P -479.7160, -448.6340, 4.4770,  0, 0, 0,  3,  Cikoona_(Weaponer)
P -384.1530, -223.5450, 60.3450,  0, 0, 0,  3,  Brokk_(Merchant)
P -492.8630, 331.3020, 46.3450,  0, 0, 0,  3,  Praak_(Fletcher)
P 0.8440, 244.8720, 2.6020,  0, 0, 0,  3,  Angrog_(Merchant)
P 96.2360, 379.5130, 0.6260,  0, 240, 0,  3,  to_Feerrott
P 141.2440, -251.9390, 4.6950,  0, 0, 0,  3,  Lopuka_(Armorer)
P 195.3130, -246.3520, 4.6890,  0, 0, 0,  3,  Zarg_(Armorer)
P 197.8030, -364.6430, 4.7900,  0, 0, 0,  3,  Juk_(Armorer)
P 136.6650, -363.1110, 4.7900,  0, 0, 0,  3,  Duuga_(Armorer)
P 369.5010, -216.4210, 4.7900,  0, 0, 0,  3,  Rora_(Weaponer)
P -38.7860, 63.8560, -26.6240,  0, 0, 127,  3,  Horgus_(GM_Warrior)
P 27.5680, 72.9530, -26.6240,  0, 0, 127,  3,  Kogna_(GM_Warrior)
P 68.1160, -37.0800, -26.6240,  0, 0, 127,  3,  Lork_(GM_Warrior)
P 1.9750, -80.9910, -26.6240,  0, 0, 0,  3,  Snarg_(Weaponer)
P -70.7850, -27.4180, -26.6240,  0, 0, 127,  3,  Guntrik_(GM_Warrior)
P 262.7530, 4.0700, -6.6240,  0, 0, 0,  3,  Ungral_(Banker)
P 36.6540, -335.5820, 16.3760,  0, 0, 127,  3,  Soonog_(GM_Shadowknight)
P 43.1320, -311.4900, 16.3760,  0, 0, 127,  3,  Ruksa_(GM_Shadowknight)
P 41.3440, -357.8570, 16.3760,  0, 0, 127,  3,  Bonlarg_(GM_Shadowknight)
P 4.0900, -276.0740, 4.3760,  0, 0, 0,  3,  Crilt_(Spells)
P -13.5450, -266.1470, 4.3760,  0, 0, 0,  3,  Iksob_(Merchant)
P -679.9310, -269.0510, 4.5000,  0, 0, 0,  3,  Sinsaal_(Merchant)
P -697.1570, -624.5530, 4.3760,  0, 0, 0,  3,  Gretamog_(Tailoring)
P -684.5210, -655.4480, 4.4770,  0, 0, 0,  3,  Uoola_(Merchant)
P -848.8960, -817.4110, 39.4630,  0, 0, 0,  3,  Hrak_(Merchant)
P -874.6120, -752.9090, 39.3760,  0, 0, 127,  3,  Jargo_(GM_Shaman)
P -809.0450, -730.9380, 39.3760,  0, 0, 127,  3,  Fuga_(GM_Shaman)
P -985.7700, -631.5580, 80.3450,  0, 0, 127,  3,  Zulort_(GM_Shaman)
P -977.4820, -654.7960, 80.3450,  0, 0, 0,  3,  Squeea_(Weaponer)
P -1000.0100, -625.3750, 80.3450,  0, 0, 0,  3,  Cralk_(Spells)
P -1094.5120, -650.1210, 80.3450,  0, 0, 127,  3,  Marda_(GM_Shaman)
P -1070.7760, -320.1120, 80.3450,  0, 0, 0,  3,  Rognok_(Spells)
P -1059.1130, -266.3860, 80.3450,  0, 0, 0,  3,  Brogdog_(Spells)
P -1160.2750, -251.2560, 80.4470,  0, 0, 127,  3,  Bordag_(GM_Beastlord)
P -847.7470, -98.1360, 39.3760,  0, 0, 0,  3,  Puglala_(Smithing)
P -877.4140, -75.1410, 39.3760,  0, 0, 0,  3,  Brana_(Weaponer)
P -913.4000, -186.9470, 39.3760,  0, 0, 0,  3,  Blergerda_(Smithing)
P -786.2900, -331.1400, 39.3760,  0, 0, 0,  3,  Gralbug_(Smithing)
P 308.8640, -193.3130, 4.6890,  0, 0, 0,  3,  Meet_and_Drink_Tew_Bie
P 219.3700, 11.1050, -6.3120,  0, 0, 0,  3,  Oggok's_Keep
P -51.9750, -332.0530, 4.6890,  0, 0, 0,  3,  Greenblood_Guild
P -523.8280, -208.0800, 61.4270,  0, 0, 0,  3,  Priest_of_Discord
P 99.0000, 345.0000, 0.0000,  255, 255, 255,  2,  Succor_Point
