L -3652.0000, -1183.0000, 36.0000,  -3651.0000, -1166.0000, 37.0000,  0, 0, 0
L -3651.0000, -1166.0000, 37.0000,  -3630.0000, -1109.0000, 45.0000,  0, 0, 0
L -3630.0000, -1109.0000, 45.0000,  -3590.0000, -1040.0000, 42.0000,  0, 0, 0
L -3590.0000, -1040.0000, 42.0000,  -3449.0000, -931.0000, 49.0000,  0, 0, 0
L -3449.0000, -931.0000, 49.0000,  -3389.0000, -900.0000, 40.0000,  0, 0, 0
L -3389.0000, -900.0000, 40.0000,  -3321.0000, -895.0000, 37.0000,  0, 0, 0
L -3321.0000, -895.0000, 37.0000,  -3275.0000, -905.0000, 32.0000,  0, 0, 0
L -3275.0000, -905.0000, 32.0000,  -3242.0000, -943.0000, 21.0000,  0, 0, 0
L -3242.0000, -943.0000, 21.0000,  -3241.0000, -1003.0000, 31.0000,  0, 0, 0
L -3241.0000, -1003.0000, 31.0000,  -3242.0000, -1006.0000, 33.0000,  0, 0, 0
L -3242.0000, -1006.0000, 33.0000,  -3242.0000, -1038.0000, 31.0000,  0, 0, 0
L -3242.0000, -1038.0000, 31.0000,  -3251.0000, -1109.0000, 35.0000,  0, 0, 0
L -3251.0000, -1109.0000, 35.0000,  -3252.0000, -1143.0000, 51.0000,  0, 0, 0
L -3252.0000, -1143.0000, 51.0000,  -3222.0000, -1161.0000, 40.0000,  0, 0, 0
L -3222.0000, -1161.0000, 40.0000,  -3173.0000, -1180.0000, 36.0000,  0, 0, 0
L -3173.0000, -1180.0000, 36.0000,  -3128.0000, -1178.0000, 32.0000,  0, 0, 0
L -3128.0000, -1178.0000, 32.0000,  -3024.0000, -1135.0000, 38.0000,  0, 0, 0
L -3024.0000, -1135.0000, 38.0000,  -2921.0000, -1087.0000, 28.0000,  0, 0, 0
L -2921.0000, -1087.0000, 28.0000,  -2916.0000, -1086.0000, 23.0000,  0, 0, 0
L -2916.0000, -1086.0000, 23.0000,  -2874.0000, -1092.0000, 17.0000,  0, 0, 0
L -2874.0000, -1092.0000, 17.0000,  -2824.0000, -1122.0000, 10.0000,  0, 0, 0
L -2824.0000, -1122.0000, 10.0000,  -2817.0000, -1128.0000, 15.0000,  0, 0, 0
L -2817.0000, -1128.0000, 15.0000,  -2813.0000, -1132.0000, 14.0000,  0, 0, 0
L -2813.0000, -1132.0000, 14.0000,  -2775.0000, -1175.0000, 17.0000,  0, 0, 0
L -2775.0000, -1175.0000, 17.0000,  -2746.0000, -1191.0000, 21.0000,  0, 0, 0
L -2746.0000, -1191.0000, 21.0000,  -2719.0000, -1196.0000, 24.0000,  0, 0, 0
L -2719.0000, -1196.0000, 24.0000,  -2666.0000, -1209.0000, 42.0000,  0, 0, 0
L -2666.0000, -1209.0000, 42.0000,  -2635.0000, -1219.0000, 35.0000,  0, 0, 0
L -2635.0000, -1219.0000, 35.0000,  -2599.0000, -1230.0000, 41.0000,  0, 0, 0
L -2599.0000, -1230.0000, 41.0000,  -2562.0000, -1242.0000, 38.0000,  0, 0, 0
L -2562.0000, -1242.0000, 38.0000,  -2557.0000, -1243.0000, 36.0000,  0, 0, 0
L -2557.0000, -1243.0000, 36.0000,  -2541.0000, -1252.0000, 44.0000,  0, 0, 0
L -2541.0000, -1252.0000, 44.0000,  -2517.0000, -1264.0000, 41.0000,  0, 0, 0
L -2517.0000, -1264.0000, 41.0000,  -2513.0000, -1267.0000, 38.0000,  0, 0, 0
L -2513.0000, -1267.0000, 38.0000,  -2411.0000, -1321.0000, 31.0000,  0, 0, 0
L -2411.0000, -1321.0000, 31.0000,  -2406.0000, -1324.0000, 33.0000,  0, 0, 0
L -2406.0000, -1324.0000, 33.0000,  -2386.0000, -1330.0000, 30.0000,  0, 0, 0
L -2386.0000, -1330.0000, 30.0000,  -2248.0000, -1312.0000, 28.0000,  0, 0, 0
L -2248.0000, -1312.0000, 28.0000,  -2223.0000, -1305.0000, 34.0000,  0, 0, 0
L -2223.0000, -1305.0000, 34.0000,  -2123.0000, -1289.0000, 29.0000,  0, 0, 0
L -2123.0000, -1289.0000, 29.0000,  -2010.0000, -1182.0000, 33.0000,  0, 0, 0
L -2010.0000, -1182.0000, 33.0000,  -1966.0000, -1130.0000, 29.0000,  0, 0, 0
L -1966.0000, -1130.0000, 29.0000,  -1961.0000, -1124.0000, 32.0000,  0, 0, 0
L -1961.0000, -1124.0000, 32.0000,  -1955.0000, -1118.0000, 31.0000,  0, 0, 0
L -1955.0000, -1118.0000, 31.0000,  -1941.0000, -1104.0000, 34.0000,  0, 0, 0
L -1941.0000, -1104.0000, 34.0000,  -1856.0000, -1026.0000, 28.0000,  0, 0, 0
L -1856.0000, -1026.0000, 28.0000,  -1819.0000, -987.0000, 15.0000,  0, 0, 0
L -1819.0000, -987.0000, 15.0000,  -1801.0000, -978.0000, 15.0000,  0, 0, 0
L -1801.0000, -978.0000, 15.0000,  -1732.0000, -951.0000, 1.0000,  0, 0, 0
L -1732.0000, -951.0000, 1.0000,  -1645.0000, -921.0000, 14.0000,  0, 0, 0
L -1645.0000, -921.0000, 14.0000,  -1619.0000, -911.0000, 15.0000,  0, 0, 0
L -1619.0000, -911.0000, 15.0000,  -1605.0000, -901.0000, 8.0000,  0, 0, 0
L -1605.0000, -901.0000, 8.0000,  -1578.0000, -891.0000, -1.0000,  0, 0, 0
L -1578.0000, -891.0000, -1.0000,  -1568.0000, -888.0000, -10.0000,  0, 0, 0
L -1568.0000, -888.0000, -10.0000,  -1562.0000, -888.0000, -10.0000,  0, 0, 0
L -1562.0000, -888.0000, -10.0000,  -1529.0000, -889.0000, -5.0000,  0, 0, 0
L -1529.0000, -889.0000, -5.0000,  -1474.0000, -907.0000, 23.0000,  0, 0, 0
L -1474.0000, -907.0000, 23.0000,  -1515.0000, -970.0000, 61.0000,  0, 0, 0
L -1515.0000, -970.0000, 61.0000,  -1544.0000, -1008.0000, 67.0000,  0, 0, 0
L -1544.0000, -1008.0000, 67.0000,  -1565.0000, -1046.0000, 72.0000,  0, 0, 0
L -1565.0000, -1046.0000, 72.0000,  -1585.0000, -1141.0000, 83.0000,  0, 0, 0
L -1585.0000, -1141.0000, 83.0000,  -1537.0000, -1177.0000, 76.0000,  0, 0, 0
L -1537.0000, -1177.0000, 76.0000,  -1483.0000, -1200.0000, 77.0000,  0, 0, 0
L -1483.0000, -1200.0000, 77.0000,  -1380.0000, -1197.0000, 79.0000,  0, 0, 0
L -1380.0000, -1197.0000, 79.0000,  -1339.0000, -1175.0000, 82.0000,  0, 0, 0
L -1339.0000, -1175.0000, 82.0000,  -1328.0000, -1163.0000, 84.0000,  0, 0, 0
L -1328.0000, -1163.0000, 84.0000,  -1330.0000, -1012.0000, 71.0000,  0, 0, 0
L -1330.0000, -1012.0000, 71.0000,  -1328.0000, -950.0000, 42.0000,  0, 0, 0
L -1328.0000, -950.0000, 42.0000,  -1343.0000, -848.0000, 18.0000,  0, 0, 0
L -1343.0000, -848.0000, 18.0000,  -1345.0000, -808.0000, 20.0000,  0, 0, 0
L -1345.0000, -808.0000, 20.0000,  -1336.0000, -777.0000, 20.0000,  0, 0, 0
L -1336.0000, -777.0000, 20.0000,  -1313.0000, -754.0000, 32.0000,  0, 0, 0
L -1313.0000, -754.0000, 32.0000,  -1276.0000, -749.0000, 55.0000,  0, 0, 0
L -1276.0000, -749.0000, 55.0000,  -1259.0000, -757.0000, 67.0000,  0, 0, 0
L -1259.0000, -757.0000, 67.0000,  -1248.0000, -788.0000, 81.0000,  0, 0, 0
L -1248.0000, -788.0000, 81.0000,  -1245.0000, -819.0000, 85.0000,  0, 0, 0
L -1245.0000, -819.0000, 85.0000,  -1252.0000, -840.0000, 91.0000,  0, 0, 0
L -1252.0000, -840.0000, 91.0000,  -1220.0000, -950.0000, 109.0000,  0, 0, 0
L -1220.0000, -950.0000, 109.0000,  -1191.0000, -977.0000, 90.0000,  0, 0, 0
L -1191.0000, -977.0000, 90.0000,  -1175.0000, -993.0000, 80.0000,  0, 0, 0
L -1175.0000, -993.0000, 80.0000,  -1172.0000, -996.0000, 82.0000,  0, 0, 0
L -1172.0000, -996.0000, 82.0000,  -1165.0000, -1000.0000, 81.0000,  0, 0, 0
L -1165.0000, -1000.0000, 81.0000,  -1133.0000, -1010.0000, 73.0000,  0, 0, 0
L -1133.0000, -1010.0000, 73.0000,  -1102.0000, -1009.0000, 60.0000,  0, 0, 0
L -1102.0000, -1009.0000, 60.0000,  -1080.0000, -1005.0000, 45.0000,  0, 0, 0
L -1080.0000, -1005.0000, 45.0000,  -1071.0000, -1005.0000, 46.0000,  0, 0, 0
L -1071.0000, -1005.0000, 46.0000,  -1054.0000, -1005.0000, 54.0000,  0, 0, 0
L -1054.0000, -1005.0000, 54.0000,  -1026.0000, -1007.0000, 77.0000,  0, 0, 0
L -1026.0000, -1007.0000, 77.0000,  -991.0000, -1005.0000, 94.0000,  0, 0, 0
L -991.0000, -1005.0000, 94.0000,  -965.0000, -1003.0000, 94.0000,  0, 0, 0
L -965.0000, -1003.0000, 94.0000,  -948.0000, -1000.0000, 102.0000,  0, 0, 0
L -948.0000, -1000.0000, 102.0000,  -935.0000, -998.0000, 104.0000,  0, 0, 0
L -935.0000, -998.0000, 104.0000,  -867.0000, -986.0000, 85.0000,  0, 0, 0
L -867.0000, -986.0000, 85.0000,  -830.0000, -986.0000, 62.0000,  0, 0, 0
L -830.0000, -986.0000, 62.0000,  -752.0000, -1046.0000, 14.0000,  0, 0, 0
L -752.0000, -1046.0000, 14.0000,  -752.0000, -1049.0000, 15.0000,  0, 0, 0
L -752.0000, -1049.0000, 15.0000,  -742.0000, -1055.0000, 11.0000,  0, 0, 0
L -742.0000, -1055.0000, 11.0000,  -605.0000, -1160.0000, -7.0000,  0, 0, 0
L -605.0000, -1160.0000, -7.0000,  -521.0000, -1194.0000, -4.0000,  0, 0, 0
L -521.0000, -1194.0000, -4.0000,  -433.0000, -1208.0000, 6.0000,  0, 0, 0
L -433.0000, -1208.0000, 6.0000,  -303.0000, -1165.0000, 22.0000,  0, 0, 0
L -303.0000, -1165.0000, 22.0000,  -297.0000, -1145.0000, 20.0000,  0, 0, 0
L -297.0000, -1145.0000, 20.0000,  -295.0000, -1148.0000, 21.0000,  0, 0, 0
L -295.0000, -1148.0000, 21.0000,  -294.0000, -1149.0000, 21.0000,  0, 0, 0
L -294.0000, -1149.0000, 21.0000,  -293.0000, -1147.0000, 22.0000,  0, 0, 0
L -293.0000, -1147.0000, 22.0000,  -269.0000, -1143.0000, 31.0000,  0, 0, 0
L -269.0000, -1143.0000, 31.0000,  -180.0000, -1102.0000, 71.0000,  0, 0, 0
L -180.0000, -1102.0000, 71.0000,  -104.0000, -1061.0000, 93.0000,  0, 0, 0
L -104.0000, -1061.0000, 93.0000,  -86.0000, -1038.0000, 94.0000,  0, 0, 0
L -86.0000, -1038.0000, 94.0000,  -61.0000, -1000.0000, 106.0000,  0, 0, 0
L -61.0000, -1000.0000, 106.0000,  -50.0000, -990.0000, 113.0000,  0, 0, 0
L -50.0000, -990.0000, 113.0000,  -24.0000, -965.0000, 120.0000,  0, 0, 0
L -24.0000, -965.0000, 120.0000,  77.0000, -866.0000, 108.0000,  0, 0, 0
L 77.0000, -866.0000, 108.0000,  112.0000, -840.0000, 98.0000,  0, 0, 0
L 112.0000, -840.0000, 98.0000,  117.0000, -836.0000, 93.0000,  0, 0, 0
L 117.0000, -836.0000, 93.0000,  165.0000, -835.0000, 96.0000,  0, 0, 0
L 165.0000, -835.0000, 96.0000,  183.0000, -836.0000, 92.0000,  0, 0, 0
L 183.0000, -836.0000, 92.0000,  203.0000, -839.0000, 80.0000,  0, 0, 0
L 203.0000, -839.0000, 80.0000,  212.0000, -842.0000, 72.0000,  0, 0, 0
L 212.0000, -842.0000, 72.0000,  273.0000, -874.0000, 55.0000,  0, 0, 0
L 273.0000, -874.0000, 55.0000,  305.0000, -896.0000, 58.0000,  0, 0, 0
L 305.0000, -896.0000, 58.0000,  332.0000, -912.0000, 52.0000,  0, 0, 0
L 332.0000, -912.0000, 52.0000,  361.0000, -927.0000, 49.0000,  0, 0, 0
L 361.0000, -927.0000, 49.0000,  396.0000, -945.0000, 29.0000,  0, 0, 0
L 396.0000, -945.0000, 29.0000,  443.0000, -962.0000, 27.0000,  0, 0, 0
L 443.0000, -962.0000, 27.0000,  452.0000, -965.0000, 33.0000,  0, 0, 0
L 452.0000, -965.0000, 33.0000,  462.0000, -968.0000, 28.0000,  0, 0, 0
L 462.0000, -968.0000, 28.0000,  467.0000, -970.0000, 18.0000,  0, 0, 0
L 467.0000, -970.0000, 18.0000,  497.0000, -993.0000, 20.0000,  0, 0, 0
L 497.0000, -993.0000, 20.0000,  512.0000, -1036.0000, 32.0000,  0, 0, 0
L 512.0000, -1036.0000, 32.0000,  536.0000, -1079.0000, 52.0000,  0, 0, 0
L 536.0000, -1079.0000, 52.0000,  546.0000, -1088.0000, 55.0000,  0, 0, 0
L 546.0000, -1088.0000, 55.0000,  592.0000, -1155.0000, 69.0000,  0, 0, 0
L 592.0000, -1155.0000, 69.0000,  632.0000, -1181.0000, 73.0000,  0, 0, 0
L 632.0000, -1181.0000, 73.0000,  670.0000, -1175.0000, 62.0000,  0, 0, 0
L 670.0000, -1175.0000, 62.0000,  683.0000, -1164.0000, 58.0000,  0, 0, 0
L 683.0000, -1164.0000, 58.0000,  701.0000, -1149.0000, 40.0000,  0, 0, 0
L 701.0000, -1149.0000, 40.0000,  729.0000, -1132.0000, 25.0000,  0, 0, 0
L 729.0000, -1132.0000, 25.0000,  732.0000, -1132.0000, 21.0000,  0, 0, 0
L 732.0000, -1132.0000, 21.0000,  794.0000, -1137.0000, 19.0000,  0, 0, 0
L 794.0000, -1137.0000, 19.0000,  866.0000, -1131.0000, 21.0000,  0, 0, 0
L 866.0000, -1131.0000, 21.0000,  967.0000, -1089.0000, 11.0000,  0, 0, 0
L 967.0000, -1089.0000, 11.0000,  1002.0000, -1084.0000, 9.0000,  0, 0, 0
L 1002.0000, -1084.0000, 9.0000,  1026.0000, -1081.0000, 16.0000,  0, 0, 0
L 1026.0000, -1081.0000, 16.0000,  1096.0000, -1071.0000, 13.0000,  0, 0, 0
L 1096.0000, -1071.0000, 13.0000,  1121.0000, -1067.0000, 20.0000,  0, 0, 0
L 1121.0000, -1067.0000, 20.0000,  1138.0000, -1064.0000, 19.0000,  0, 0, 0
L 1138.0000, -1064.0000, 19.0000,  1146.0000, -1063.0000, 14.0000,  0, 0, 0
L 1146.0000, -1063.0000, 14.0000,  1198.0000, -1067.0000, -6.0000,  0, 0, 0
L 1198.0000, -1067.0000, -6.0000,  1418.0000, -1058.0000, -9.0000,  0, 0, 0
L 1418.0000, -1058.0000, -9.0000,  1517.0000, -1084.0000, 13.0000,  0, 0, 0
L 1517.0000, -1084.0000, 13.0000,  1561.0000, -1085.0000, 19.0000,  0, 0, 0
L 1561.0000, -1085.0000, 19.0000,  1628.0000, -1072.0000, 10.0000,  0, 0, 0
L 1628.0000, -1072.0000, 10.0000,  1647.0000, -1069.0000, 15.0000,  0, 0, 0
L 1647.0000, -1069.0000, 15.0000,  1665.0000, -1066.0000, 11.0000,  0, 0, 0
L 1665.0000, -1066.0000, 11.0000,  1694.0000, -1062.0000, 16.0000,  0, 0, 0
L 1694.0000, -1062.0000, 16.0000,  1727.0000, -1056.0000, 13.0000,  0, 0, 0
L 1727.0000, -1056.0000, 13.0000,  1760.0000, -1047.0000, 14.0000,  0, 0, 0
L 1760.0000, -1047.0000, 14.0000,  1798.0000, -1020.0000, 11.0000,  0, 0, 0
L 1798.0000, -1020.0000, 11.0000,  1802.0000, -1016.0000, 14.0000,  0, 0, 0
L 1802.0000, -1016.0000, 14.0000,  1851.0000, -974.0000, 10.0000,  0, 0, 0
L 1851.0000, -974.0000, 10.0000,  1915.0000, -868.0000, 32.0000,  0, 0, 0
L 1915.0000, -868.0000, 32.0000,  1957.0000, -838.0000, 52.0000,  0, 0, 0
L 1957.0000, -838.0000, 52.0000,  2032.0000, -843.0000, 92.0000,  0, 0, 0
L 2032.0000, -843.0000, 92.0000,  2072.0000, -849.0000, 105.0000,  0, 0, 0
L 2072.0000, -849.0000, 105.0000,  2184.0000, -834.0000, 101.0000,  0, 0, 0
L 2184.0000, -834.0000, 101.0000,  2227.0000, -834.0000, 86.0000,  0, 0, 0
L 2227.0000, -834.0000, 86.0000,  2236.0000, -835.0000, 85.0000,  0, 0, 0
L 2236.0000, -835.0000, 85.0000,  2277.0000, -842.0000, 47.0000,  0, 0, 0
L 2277.0000, -842.0000, 47.0000,  2341.0000, -924.0000, 53.0000,  0, 0, 0
L 2341.0000, -924.0000, 53.0000,  2357.0000, -948.0000, 51.0000,  0, 0, 0
L 2357.0000, -948.0000, 51.0000,  2357.0000, -958.0000, 53.0000,  0, 0, 0
L 2357.0000, -958.0000, 53.0000,  2368.0000, -1040.0000, 42.0000,  0, 0, 0
L 2368.0000, -1040.0000, 42.0000,  2400.0000, -1296.0000, 82.0000,  0, 0, 0
L 2478.0000, -1245.0000, 73.0000,  2467.0000, -1224.0000, 75.0000,  0, 0, 0
L 2467.0000, -1224.0000, 75.0000,  2456.0000, -1204.0000, 67.0000,  0, 0, 0
L 2456.0000, -1204.0000, 67.0000,  2458.0000, -1190.0000, 64.0000,  0, 0, 0
L 2458.0000, -1190.0000, 64.0000,  2477.0000, -1137.0000, 61.0000,  0, 0, 0
L 2477.0000, -1137.0000, 61.0000,  2487.0000, -1109.0000, 40.0000,  0, 0, 0
L 2487.0000, -1109.0000, 40.0000,  2577.0000, -1032.0000, 42.0000,  0, 0, 0
L 2577.0000, -1032.0000, 42.0000,  2596.0000, -1026.0000, 45.0000,  0, 0, 0
L 2596.0000, -1026.0000, 45.0000,  2640.0000, -1020.0000, 40.0000,  0, 0, 0
L 2640.0000, -1020.0000, 40.0000,  2657.0000, -1025.0000, 42.0000,  0, 0, 0
L 2657.0000, -1025.0000, 42.0000,  2684.0000, -1035.0000, 38.0000,  0, 0, 0
L 2684.0000, -1035.0000, 38.0000,  2738.0000, -1064.0000, 55.0000,  0, 0, 0
L 2738.0000, -1064.0000, 55.0000,  2858.0000, -1091.0000, 78.0000,  0, 0, 0
L 2858.0000, -1091.0000, 78.0000,  2924.0000, -1099.0000, 79.0000,  0, 0, 0
L 2924.0000, -1099.0000, 79.0000,  2926.0000, -1099.0000, 78.0000,  0, 0, 0
L 2926.0000, -1099.0000, 78.0000,  2979.0000, -1107.0000, 78.0000,  0, 0, 0
L 2979.0000, -1107.0000, 78.0000,  3049.0000, -1111.0000, 106.0000,  0, 0, 0
L 3049.0000, -1111.0000, 106.0000,  3092.0000, -1102.0000, 109.0000,  0, 0, 0
L 3092.0000, -1102.0000, 109.0000,  3183.0000, -1023.0000, 98.0000,  0, 0, 0
L 3183.0000, -1023.0000, 98.0000,  3366.0000, -848.0000, 64.0000,  0, 0, 0
L 3366.0000, -848.0000, 64.0000,  3461.0000, -759.0000, 38.0000,  0, 0, 0
L 3461.0000, -759.0000, 38.0000,  3705.0000, -662.0000, 36.0000,  0, 0, 0
L 3705.0000, -662.0000, 36.0000,  4051.0000, -634.0000, 30.0000,  0, 0, 0
L 4077.0000, 13.0000, 18.0000,  4053.0000, 12.0000, 18.0000,  0, 0, 0
L 4053.0000, 12.0000, 18.0000,  3763.0000, 54.0000, 33.0000,  0, 0, 0
L 3763.0000, 54.0000, 33.0000,  3726.0000, 67.0000, 29.0000,  0, 0, 0
L 3726.0000, 67.0000, 29.0000,  3672.0000, 114.0000, 30.0000,  0, 0, 0
L 3672.0000, 114.0000, 30.0000,  3618.0000, 145.0000, 33.0000,  0, 0, 0
L 3618.0000, 145.0000, 33.0000,  3595.0000, 152.0000, 51.0000,  0, 0, 0
L 3595.0000, 152.0000, 51.0000,  3568.0000, 160.0000, 60.0000,  0, 0, 0
L 3568.0000, 160.0000, 60.0000,  3544.0000, 167.0000, 53.0000,  0, 0, 0
L 3544.0000, 167.0000, 53.0000,  3475.0000, 212.0000, 42.0000,  0, 0, 0
L 3475.0000, 212.0000, 42.0000,  3444.0000, 231.0000, 48.0000,  0, 0, 0
L 3444.0000, 231.0000, 48.0000,  3419.0000, 247.0000, 47.0000,  0, 0, 0
L 3419.0000, 247.0000, 47.0000,  3400.0000, 260.0000, 35.0000,  0, 0, 0
L 3400.0000, 260.0000, 35.0000,  3378.0000, 281.0000, 23.0000,  0, 0, 0
L 3378.0000, 281.0000, 23.0000,  3331.0000, 332.0000, 21.0000,  0, 0, 0
L 3331.0000, 332.0000, 21.0000,  3284.0000, 380.0000, 33.0000,  0, 0, 0
L 3284.0000, 380.0000, 33.0000,  3275.0000, 394.0000, 31.0000,  0, 0, 0
L 3275.0000, 394.0000, 31.0000,  3243.0000, 675.0000, 63.0000,  0, 0, 0
L 3243.0000, 675.0000, 63.0000,  3020.0000, 818.0000, 68.0000,  0, 0, 0
L 3020.0000, 818.0000, 68.0000,  2958.0000, 843.0000, 66.0000,  0, 0, 0
L 2958.0000, 843.0000, 66.0000,  2923.0000, 851.0000, 66.0000,  0, 0, 0
L 2923.0000, 851.0000, 66.0000,  2879.0000, 868.0000, 76.0000,  0, 0, 0
L 2879.0000, 868.0000, 76.0000,  2816.0000, 892.0000, 75.0000,  0, 0, 0
L 2816.0000, 892.0000, 75.0000,  2751.0000, 916.0000, 59.0000,  0, 0, 0
L 2751.0000, 916.0000, 59.0000,  2713.0000, 929.0000, 59.0000,  0, 0, 0
L 2713.0000, 929.0000, 59.0000,  2667.0000, 946.0000, 73.0000,  0, 0, 0
L 2667.0000, 946.0000, 73.0000,  2658.0000, 948.0000, 72.0000,  0, 0, 0
L 2658.0000, 948.0000, 72.0000,  2620.0000, 960.0000, 50.0000,  0, 0, 0
L 2620.0000, 960.0000, 50.0000,  2562.0000, 981.0000, 60.0000,  0, 0, 0
L 2562.0000, 981.0000, 60.0000,  2530.0000, 994.0000, 57.0000,  0, 0, 0
L 2530.0000, 994.0000, 57.0000,  2513.0000, 1000.0000, 61.0000,  0, 0, 0
L 2513.0000, 1000.0000, 61.0000,  2486.0000, 1010.0000, 51.0000,  0, 0, 0
L 2486.0000, 1010.0000, 51.0000,  2476.0000, 1013.0000, 42.0000,  0, 0, 0
L 2476.0000, 1013.0000, 42.0000,  2459.0000, 1016.0000, 39.0000,  0, 0, 0
L 2459.0000, 1016.0000, 39.0000,  2440.0000, 1019.0000, 41.0000,  0, 0, 0
L 2440.0000, 1019.0000, 41.0000,  2413.0000, 1024.0000, 53.0000,  0, 0, 0
L 2413.0000, 1024.0000, 53.0000,  2385.0000, 1037.0000, 47.0000,  0, 0, 0
L 2385.0000, 1037.0000, 47.0000,  2301.0000, 1113.0000, 48.0000,  0, 0, 0
L 2301.0000, 1113.0000, 48.0000,  2253.0000, 1248.0000, 68.0000,  0, 0, 0
L 2253.0000, 1248.0000, 68.0000,  2226.0000, 1343.0000, 59.0000,  0, 0, 0
L 2226.0000, 1343.0000, 59.0000,  2216.0000, 1392.0000, 64.0000,  0, 0, 0
L 2216.0000, 1392.0000, 64.0000,  2215.0000, 1403.0000, 62.0000,  0, 0, 0
L 2215.0000, 1403.0000, 62.0000,  2240.0000, 1594.0000, 57.0000,  0, 0, 0
L 2240.0000, 1594.0000, 57.0000,  2249.0000, 1619.0000, 44.0000,  0, 0, 0
L 2249.0000, 1619.0000, 44.0000,  2279.0000, 1652.0000, 32.0000,  0, 0, 0
L 2279.0000, 1652.0000, 32.0000,  2286.0000, 1666.0000, 23.0000,  0, 0, 0
L 2286.0000, 1666.0000, 23.0000,  2295.0000, 1665.0000, 23.0000,  0, 0, 0
L 2295.0000, 1665.0000, 23.0000,  2296.0000, 1666.0000, 23.0000,  0, 0, 0
L 2296.0000, 1666.0000, 23.0000,  2316.0000, 1666.0000, 26.0000,  0, 0, 0
L 2316.0000, 1666.0000, 26.0000,  2316.0000, 1664.0000, 26.0000,  0, 0, 0
L 2316.0000, 1664.0000, 26.0000,  2325.0000, 1662.0000, 27.0000,  0, 0, 0
L 2325.0000, 1662.0000, 27.0000,  2358.0000, 1668.0000, 30.0000,  0, 0, 0
L 2358.0000, 1668.0000, 30.0000,  2403.0000, 1666.0000, 32.0000,  0, 0, 0
L 2403.0000, 1666.0000, 32.0000,  2413.0000, 1648.0000, 32.0000,  0, 0, 0
L 2413.0000, 1648.0000, 32.0000,  2416.0000, 1644.0000, 36.0000,  0, 0, 0
L 2416.0000, 1644.0000, 36.0000,  2563.0000, 1530.0000, 52.0000,  0, 0, 0
L 2563.0000, 1530.0000, 52.0000,  2577.0000, 1527.0000, 47.0000,  0, 0, 0
L 2577.0000, 1527.0000, 47.0000,  2606.0000, 1532.0000, 51.0000,  0, 0, 0
L 2606.0000, 1532.0000, 51.0000,  2646.0000, 1548.0000, 42.0000,  0, 0, 0
L 2646.0000, 1548.0000, 42.0000,  2673.0000, 1556.0000, 48.0000,  0, 0, 0
L 2673.0000, 1556.0000, 48.0000,  2708.0000, 1576.0000, 51.0000,  0, 0, 0
L 2708.0000, 1576.0000, 51.0000,  2769.0000, 1643.0000, 37.0000,  0, 0, 0
L 2769.0000, 1643.0000, 37.0000,  2854.0000, 1823.0000, 41.0000,  0, 0, 0
L 2854.0000, 1823.0000, 41.0000,  2843.0000, 1848.0000, 47.0000,  0, 0, 0
L 2843.0000, 1848.0000, 47.0000,  2816.0000, 1896.0000, 45.0000,  0, 0, 0
L 2816.0000, 1896.0000, 45.0000,  2790.0000, 1929.0000, 54.0000,  0, 0, 0
L 2790.0000, 1929.0000, 54.0000,  2737.0000, 1969.0000, 41.0000,  0, 0, 0
L 2737.0000, 1969.0000, 41.0000,  2660.0000, 2000.0000, 36.0000,  0, 0, 0
L 2660.0000, 2000.0000, 36.0000,  2646.0000, 2000.0000, 33.0000,  0, 0, 0
L 2646.0000, 2000.0000, 33.0000,  2510.0000, 1913.0000, 41.0000,  0, 0, 0
L 2510.0000, 1913.0000, 41.0000,  2434.0000, 1868.0000, 34.0000,  0, 0, 0
L 2434.0000, 1868.0000, 34.0000,  2343.0000, 1889.0000, 30.0000,  0, 0, 0
L 2343.0000, 1889.0000, 30.0000,  2333.0000, 1898.0000, 30.0000,  0, 0, 0
L 2333.0000, 1898.0000, 30.0000,  2345.0000, 1945.0000, 49.0000,  0, 0, 0
L 2345.0000, 1945.0000, 49.0000,  2399.0000, 2072.0000, 56.0000,  0, 0, 0
L 2356.0000, 2105.0000, 53.0000,  2269.0000, 1922.0000, 49.0000,  0, 0, 0
L 2269.0000, 1922.0000, 49.0000,  2224.0000, 1811.0000, 19.0000,  0, 0, 0
L 2224.0000, 1811.0000, 19.0000,  2158.0000, 1571.0000, 57.0000,  0, 0, 0
L 2158.0000, 1571.0000, 57.0000,  2150.0000, 1372.0000, 61.0000,  0, 0, 0
L 2150.0000, 1372.0000, 61.0000,  2180.0000, 1220.0000, 64.0000,  0, 0, 0
L 2180.0000, 1220.0000, 64.0000,  2186.0000, 1123.0000, 54.0000,  0, 0, 0
L 2186.0000, 1123.0000, 54.0000,  2178.0000, 1113.0000, 48.0000,  0, 0, 0
L 2178.0000, 1113.0000, 48.0000,  2170.0000, 1107.0000, 55.0000,  0, 0, 0
L 2170.0000, 1107.0000, 55.0000,  2158.0000, 1095.0000, 47.0000,  0, 0, 0
L 2158.0000, 1095.0000, 47.0000,  2155.0000, 1095.0000, 45.0000,  0, 0, 0
L 2155.0000, 1095.0000, 45.0000,  2142.0000, 1098.0000, 50.0000,  0, 0, 0
L 2142.0000, 1098.0000, 50.0000,  1959.0000, 1092.0000, 32.0000,  0, 0, 0
L 1959.0000, 1092.0000, 32.0000,  1942.0000, 1087.0000, 24.0000,  0, 0, 0
L 1942.0000, 1087.0000, 24.0000,  1888.0000, 1056.0000, 30.0000,  0, 0, 0
L 1888.0000, 1056.0000, 30.0000,  1868.0000, 1042.0000, 48.0000,  0, 0, 0
L 1868.0000, 1042.0000, 48.0000,  1846.0000, 1034.0000, 49.0000,  0, 0, 0
L 1846.0000, 1034.0000, 49.0000,  1831.0000, 1031.0000, 41.0000,  0, 0, 0
L 1831.0000, 1031.0000, 41.0000,  1789.0000, 1051.0000, 50.0000,  0, 0, 0
L 1789.0000, 1051.0000, 50.0000,  1576.0000, 1076.0000, 88.0000,  0, 0, 0
L 1576.0000, 1076.0000, 88.0000,  1368.0000, 1135.0000, 48.0000,  0, 0, 0
L 1368.0000, 1135.0000, 48.0000,  1271.0000, 1150.0000, 48.0000,  0, 0, 0
L 1271.0000, 1150.0000, 48.0000,  1180.0000, 1155.0000, 76.0000,  0, 0, 0
L 1180.0000, 1155.0000, 76.0000,  1132.0000, 1161.0000, 78.0000,  0, 0, 0
L 1132.0000, 1161.0000, 78.0000,  1095.0000, 1168.0000, 68.0000,  0, 0, 0
L 1095.0000, 1168.0000, 68.0000,  970.0000, 1191.0000, 58.0000,  0, 0, 0
L 970.0000, 1191.0000, 58.0000,  885.0000, 1157.0000, 51.0000,  0, 0, 0
L 885.0000, 1157.0000, 51.0000,  821.0000, 1089.0000, 56.0000,  0, 0, 0
L 821.0000, 1089.0000, 56.0000,  802.0000, 1070.0000, 49.0000,  0, 0, 0
L 802.0000, 1070.0000, 49.0000,  796.0000, 1066.0000, 52.0000,  0, 0, 0
L 796.0000, 1066.0000, 52.0000,  725.0000, 1023.0000, 63.0000,  0, 0, 0
L 725.0000, 1023.0000, 63.0000,  680.0000, 1005.0000, 68.0000,  0, 0, 0
L 680.0000, 1005.0000, 68.0000,  647.0000, 1003.0000, 72.0000,  0, 0, 0
L 647.0000, 1003.0000, 72.0000,  638.0000, 1002.0000, 80.0000,  0, 0, 0
L 638.0000, 1002.0000, 80.0000,  629.0000, 1001.0000, 82.0000,  0, 0, 0
L 629.0000, 1001.0000, 82.0000,  583.0000, 1005.0000, 103.0000,  0, 0, 0
L 583.0000, 1005.0000, 103.0000,  556.0000, 1011.0000, 107.0000,  0, 0, 0
L 556.0000, 1011.0000, 107.0000,  276.0000, 1005.0000, 134.0000,  0, 0, 0
L 276.0000, 1005.0000, 134.0000,  174.0000, 1035.0000, 149.0000,  0, 0, 0
L 174.0000, 1035.0000, 149.0000,  43.0000, 1063.0000, 138.0000,  0, 0, 0
L 43.0000, 1063.0000, 138.0000,  -23.0000, 1070.0000, 114.0000,  0, 0, 0
L -23.0000, 1070.0000, 114.0000,  -210.0000, 1065.0000, 99.0000,  0, 0, 0
L -210.0000, 1065.0000, 99.0000,  -221.0000, 1060.0000, 98.0000,  0, 0, 0
L -221.0000, 1060.0000, 98.0000,  -290.0000, 932.0000, 90.0000,  0, 0, 0
L -290.0000, 932.0000, 90.0000,  -306.0000, 915.0000, 93.0000,  0, 0, 0
L -306.0000, 915.0000, 93.0000,  -347.0000, 902.0000, 96.0000,  0, 0, 0
L -347.0000, 902.0000, 96.0000,  -395.0000, 906.0000, 85.0000,  0, 0, 0
L -395.0000, 906.0000, 85.0000,  -450.0000, 917.0000, 85.0000,  0, 0, 0
L -450.0000, 917.0000, 85.0000,  -496.0000, 926.0000, 75.0000,  0, 0, 0
L -496.0000, 926.0000, 75.0000,  -510.0000, 932.0000, 66.0000,  0, 0, 0
L -510.0000, 932.0000, 66.0000,  -529.0000, 971.0000, 69.0000,  0, 0, 0
L -529.0000, 971.0000, 69.0000,  -616.0000, 1012.0000, 80.0000,  0, 0, 0
L -616.0000, 1012.0000, 80.0000,  -652.0000, 1023.0000, 76.0000,  0, 0, 0
L -652.0000, 1023.0000, 76.0000,  -693.0000, 1053.0000, 60.0000,  0, 0, 0
L -693.0000, 1053.0000, 60.0000,  -734.0000, 1074.0000, 55.0000,  0, 0, 0
L -734.0000, 1074.0000, 55.0000,  -807.0000, 1072.0000, 41.0000,  0, 0, 0
L -807.0000, 1072.0000, 41.0000,  -905.0000, 1061.0000, 55.0000,  0, 0, 0
L -905.0000, 1061.0000, 55.0000,  -923.0000, 1060.0000, 49.0000,  0, 0, 0
L -923.0000, 1060.0000, 49.0000,  -933.0000, 1059.0000, 41.0000,  0, 0, 0
L -933.0000, 1059.0000, 41.0000,  -941.0000, 1072.0000, 41.0000,  0, 0, 0
L -941.0000, 1072.0000, 41.0000,  -942.0000, 1166.0000, 41.0000,  0, 0, 0
L -942.0000, 1166.0000, 41.0000,  -1032.0000, 1165.0000, 41.0000,  0, 0, 0
L -1052.0000, 1164.0000, 41.0000,  -1052.0000, 1145.0000, 41.0000,  0, 0, 0
L -1052.0000, 1145.0000, 41.0000,  -964.0000, 1148.0000, 41.0000,  0, 0, 0
L -964.0000, 1148.0000, 41.0000,  -963.0000, 1147.0000, 41.0000,  0, 0, 0
L -963.0000, 1147.0000, 41.0000,  -964.0000, 1074.0000, 43.0000,  0, 0, 0
L -964.0000, 1074.0000, 43.0000,  -1002.0000, 1064.0000, 57.0000,  0, 0, 0
L -1002.0000, 1064.0000, 57.0000,  -1012.0000, 1061.0000, 64.0000,  0, 0, 0
L -1012.0000, 1061.0000, 64.0000,  -1084.0000, 1044.0000, 76.0000,  0, 0, 0
L -1084.0000, 1044.0000, 76.0000,  -1103.0000, 1038.0000, 86.0000,  0, 0, 0
L -1103.0000, 1038.0000, 86.0000,  -1111.0000, 1034.0000, 85.0000,  0, 0, 0
L -1111.0000, 1034.0000, 85.0000,  -1137.0000, 1024.0000, 74.0000,  0, 0, 0
L -1137.0000, 1024.0000, 74.0000,  -1150.0000, 1016.0000, 76.0000,  0, 0, 0
L -1150.0000, 1016.0000, 76.0000,  -1166.0000, 1006.0000, 85.0000,  0, 0, 0
L -1166.0000, 1006.0000, 85.0000,  -1184.0000, 996.0000, 90.0000,  0, 0, 0
L -1184.0000, 996.0000, 90.0000,  -1192.0000, 993.0000, 90.0000,  0, 0, 0
L -1192.0000, 993.0000, 90.0000,  -1210.0000, 987.0000, 97.0000,  0, 0, 0
L -1210.0000, 987.0000, 97.0000,  -1258.0000, 975.0000, 99.0000,  0, 0, 0
L -1258.0000, 975.0000, 99.0000,  -1276.0000, 972.0000, 101.0000,  0, 0, 0
L -1276.0000, 972.0000, 101.0000,  -1338.0000, 960.0000, 122.0000,  0, 0, 0
L -1338.0000, 960.0000, 122.0000,  -1405.0000, 946.0000, 137.0000,  0, 0, 0
L -1405.0000, 946.0000, 137.0000,  -1508.0000, 942.0000, 136.0000,  0, 0, 0
L -1508.0000, 942.0000, 136.0000,  -1567.0000, 945.0000, 111.0000,  0, 0, 0
L -1567.0000, 945.0000, 111.0000,  -1675.0000, 975.0000, 114.0000,  0, 0, 0
L -1675.0000, 975.0000, 114.0000,  -1722.0000, 990.0000, 101.0000,  0, 0, 0
L -1722.0000, 990.0000, 101.0000,  -1753.0000, 996.0000, 80.0000,  0, 0, 0
L -1753.0000, 996.0000, 80.0000,  -1791.0000, 1000.0000, 96.0000,  0, 0, 0
L -1791.0000, 1000.0000, 96.0000,  -1820.0000, 1003.0000, 102.0000,  0, 0, 0
L -1820.0000, 1003.0000, 102.0000,  -1840.0000, 1007.0000, 100.0000,  0, 0, 0
L -1840.0000, 1007.0000, 100.0000,  -1865.0000, 1019.0000, 111.0000,  0, 0, 0
L -1865.0000, 1019.0000, 111.0000,  -1887.0000, 1030.0000, 107.0000,  0, 0, 0
L -1887.0000, 1030.0000, 107.0000,  -1914.0000, 1075.0000, 102.0000,  0, 0, 0
L -1914.0000, 1075.0000, 102.0000,  -1942.0000, 1113.0000, 101.0000,  0, 0, 0
L -1942.0000, 1113.0000, 101.0000,  -1964.0000, 1139.0000, 107.0000,  0, 0, 0
L -1964.0000, 1139.0000, 107.0000,  -1985.0000, 1155.0000, 118.0000,  0, 0, 0
L -1985.0000, 1155.0000, 118.0000,  -2031.0000, 1172.0000, 117.0000,  0, 0, 0
L -2031.0000, 1172.0000, 117.0000,  -2070.0000, 1180.0000, 123.0000,  0, 0, 0
L -2070.0000, 1180.0000, 123.0000,  -2167.0000, 1191.0000, 123.0000,  0, 0, 0
L -2167.0000, 1191.0000, 123.0000,  -2205.0000, 1190.0000, 127.0000,  0, 0, 0
L -2205.0000, 1190.0000, 127.0000,  -2283.0000, 1175.0000, 109.0000,  0, 0, 0
L -2283.0000, 1175.0000, 109.0000,  -2300.0000, 1168.0000, 109.0000,  0, 0, 0
L -2300.0000, 1168.0000, 109.0000,  -2327.0000, 1157.0000, 96.0000,  0, 0, 0
L -2327.0000, 1157.0000, 96.0000,  -2355.0000, 1145.0000, 99.0000,  0, 0, 0
L -2355.0000, 1145.0000, 99.0000,  -2363.0000, 1142.0000, 102.0000,  0, 0, 0
L -2363.0000, 1142.0000, 102.0000,  -2393.0000, 1139.0000, 106.0000,  0, 0, 0
L -2393.0000, 1139.0000, 106.0000,  -2418.0000, 1139.0000, 114.0000,  0, 0, 0
L -2418.0000, 1139.0000, 114.0000,  -2438.0000, 1135.0000, 115.0000,  0, 0, 0
L -2438.0000, 1135.0000, 115.0000,  -2467.0000, 1129.0000, 109.0000,  0, 0, 0
L -2467.0000, 1129.0000, 109.0000,  -2481.0000, 1126.0000, 115.0000,  0, 0, 0
L -2481.0000, 1126.0000, 115.0000,  -2503.0000, 1103.0000, 170.0000,  0, 0, 0
L -2503.0000, 1103.0000, 170.0000,  -2513.0000, 1089.0000, 172.0000,  0, 0, 0
L -2513.0000, 1089.0000, 172.0000,  -2522.0000, 1074.0000, 184.0000,  0, 0, 0
L -2522.0000, 1074.0000, 184.0000,  -2535.0000, 1049.0000, 175.0000,  0, 0, 0
L -2535.0000, 1049.0000, 175.0000,  -2539.0000, 1040.0000, 169.0000,  0, 0, 0
L -2539.0000, 1040.0000, 169.0000,  -2543.0000, 1032.0000, 171.0000,  0, 0, 0
L -2543.0000, 1032.0000, 171.0000,  -2550.0000, 1017.0000, 170.0000,  0, 0, 0
L -2550.0000, 1017.0000, 170.0000,  -2552.0000, 1014.0000, 168.0000,  0, 0, 0
L -2552.0000, 1014.0000, 168.0000,  -2580.0000, 977.0000, 169.0000,  0, 0, 0
L -2580.0000, 977.0000, 169.0000,  -2592.0000, 960.0000, 143.0000,  0, 0, 0
L -2592.0000, 960.0000, 143.0000,  -2612.0000, 940.0000, 140.0000,  0, 0, 0
L -2612.0000, 940.0000, 140.0000,  -2635.0000, 918.0000, 164.0000,  0, 0, 0
L -2635.0000, 918.0000, 164.0000,  -2641.0000, 910.0000, 161.0000,  0, 0, 0
L -2641.0000, 910.0000, 161.0000,  -2660.0000, 886.0000, 121.0000,  0, 0, 0
L -2660.0000, 886.0000, 121.0000,  -2669.0000, 879.0000, 130.0000,  0, 0, 0
L -2669.0000, 879.0000, 130.0000,  -2704.0000, 855.0000, 127.0000,  0, 0, 0
L -2704.0000, 855.0000, 127.0000,  -2711.0000, 851.0000, 128.0000,  0, 0, 0
L -2711.0000, 851.0000, 128.0000,  -2720.0000, 846.0000, 127.0000,  0, 0, 0
L -2720.0000, 846.0000, 127.0000,  -2739.0000, 836.0000, 114.0000,  0, 0, 0
L -2739.0000, 836.0000, 114.0000,  -2744.0000, 836.0000, 111.0000,  0, 0, 0
L -2744.0000, 836.0000, 111.0000,  -2777.0000, 856.0000, 124.0000,  0, 0, 0
L -2777.0000, 856.0000, 124.0000,  -2875.0000, 869.0000, 118.0000,  0, 0, 0
L -2875.0000, 869.0000, 118.0000,  -2893.0000, 871.0000, 104.0000,  0, 0, 0
L -2893.0000, 871.0000, 104.0000,  -2925.0000, 879.0000, 94.0000,  0, 0, 0
L -2925.0000, 879.0000, 94.0000,  -2949.0000, 886.0000, 94.0000,  0, 0, 0
L -2949.0000, 886.0000, 94.0000,  -2972.0000, 895.0000, 82.0000,  0, 0, 0
L -2972.0000, 895.0000, 82.0000,  -3010.0000, 925.0000, 82.0000,  0, 0, 0
L -3010.0000, 925.0000, 82.0000,  -3033.0000, 932.0000, 78.0000,  0, 0, 0
L -3033.0000, 932.0000, 78.0000,  -3118.0000, 934.0000, 39.0000,  0, 0, 0
L -3118.0000, 934.0000, 39.0000,  -3146.0000, 930.0000, 33.0000,  0, 0, 0
L -3146.0000, 930.0000, 33.0000,  -3171.0000, 917.0000, 30.0000,  0, 0, 0
L -3171.0000, 917.0000, 30.0000,  -3198.0000, 909.0000, 36.0000,  0, 0, 0
L -3198.0000, 909.0000, 36.0000,  -3224.0000, 902.0000, 28.0000,  0, 0, 0
L -3224.0000, 902.0000, 28.0000,  -3232.0000, 901.0000, 23.0000,  0, 0, 0
L -3232.0000, 901.0000, 23.0000,  -3431.0000, 867.0000, 12.0000,  0, 0, 0
L -3431.0000, 867.0000, 12.0000,  -3479.0000, 776.0000, 0.0000,  0, 0, 0
L -3479.0000, 776.0000, 0.0000,  -3532.0000, 656.0000, 15.0000,  0, 0, 0
L -3532.0000, 656.0000, 15.0000,  -3549.0000, 636.0000, 19.0000,  0, 0, 0
L -3549.0000, 636.0000, 19.0000,  -3591.0000, 600.0000, 16.0000,  0, 0, 0
L -3591.0000, 600.0000, 16.0000,  -3616.0000, 570.0000, 20.0000,  0, 0, 0
L -3616.0000, 570.0000, 20.0000,  -3628.0000, 527.0000, 24.0000,  0, 0, 0
L -3628.0000, 527.0000, 24.0000,  -3601.0000, 479.0000, 14.0000,  0, 0, 0
L -3601.0000, 479.0000, 14.0000,  -3577.0000, 431.0000, 13.0000,  0, 0, 0
L -3577.0000, 431.0000, 13.0000,  -3573.0000, 335.0000, 45.0000,  0, 0, 0
L -3573.0000, 335.0000, 45.0000,  -3575.0000, 322.0000, 43.0000,  0, 0, 0
L -3575.0000, 322.0000, 43.0000,  -3580.0000, 313.0000, 44.0000,  0, 0, 0
L -3580.0000, 313.0000, 44.0000,  -3597.0000, 277.0000, 33.0000,  0, 0, 0
L -3597.0000, 277.0000, 33.0000,  -3604.0000, 262.0000, 19.0000,  0, 0, 0
L -3604.0000, 262.0000, 19.0000,  -3622.0000, 227.0000, 5.0000,  0, 0, 0
L -3622.0000, 227.0000, 5.0000,  -3683.0000, 109.0000, 17.0000,  0, 0, 0
L -3683.0000, 109.0000, 17.0000,  -3693.0000, 67.0000, 25.0000,  0, 0, 0
L -3693.0000, 67.0000, 25.0000,  -3684.0000, -38.0000, 73.0000,  0, 0, 0
L -3684.0000, -38.0000, 73.0000,  -3684.0000, -72.0000, 74.0000,  0, 0, 0
L -3684.0000, -72.0000, 74.0000,  -3727.0000, -125.0000, 67.0000,  0, 0, 0
L -3727.0000, -125.0000, 67.0000,  -3779.0000, -161.0000, 63.0000,  0, 0, 0
L -3779.0000, -161.0000, 63.0000,  -3790.0000, -237.0000, 53.0000,  0, 0, 0
L -3790.0000, -237.0000, 53.0000,  -3773.0000, -331.0000, 28.0000,  0, 0, 0
L -3773.0000, -331.0000, 28.0000,  -3735.0000, -396.0000, 47.0000,  0, 0, 0
L -3735.0000, -396.0000, 47.0000,  -3716.0000, -448.0000, 68.0000,  0, 0, 0
L -3716.0000, -448.0000, 68.0000,  -3708.0000, -498.0000, 72.0000,  0, 0, 0
L -3708.0000, -498.0000, 72.0000,  -3773.0000, -619.0000, 65.0000,  0, 0, 0
L -3773.0000, -619.0000, 65.0000,  -3781.0000, -662.0000, 82.0000,  0, 0, 0
L -3781.0000, -662.0000, 82.0000,  -3762.0000, -743.0000, 80.0000,  0, 0, 0
L -3762.0000, -743.0000, 80.0000,  -3733.0000, -787.0000, 77.0000,  0, 0, 0
L -3733.0000, -787.0000, 77.0000,  -3729.0000, -788.0000, 78.0000,  0, 0, 0
L -3729.0000, -788.0000, 78.0000,  -3723.0000, -787.0000, 78.0000,  0, 0, 0
L -3723.0000, -787.0000, 78.0000,  -3697.0000, -781.0000, 70.0000,  0, 0, 0
L -3697.0000, -781.0000, 70.0000,  -3627.0000, -791.0000, 65.0000,  0, 0, 0
L -3627.0000, -791.0000, 65.0000,  -3608.0000, -793.0000, 59.0000,  0, 0, 0
L -3608.0000, -793.0000, 59.0000,  -3583.0000, -795.0000, 57.0000,  0, 0, 0
L -3583.0000, -795.0000, 57.0000,  -3555.0000, -802.0000, 47.0000,  0, 0, 0
L -3555.0000, -802.0000, 47.0000,  -3532.0000, -814.0000, 48.0000,  0, 0, 0
L -3532.0000, -814.0000, 48.0000,  -3525.0000, -822.0000, 48.0000,  0, 0, 0
L -3525.0000, -822.0000, 48.0000,  -3506.0000, -846.0000, 32.0000,  0, 0, 0
L -3506.0000, -846.0000, 32.0000,  -3512.0000, -875.0000, 34.0000,  0, 0, 0
L -3512.0000, -875.0000, 34.0000,  -3645.0000, -1026.0000, 36.0000,  0, 0, 0
L -3645.0000, -1026.0000, 36.0000,  -3687.0000, -1149.0000, 39.0000,  0, 0, 0
L -2717.0000, -398.0000, -40.0000,  -2652.0000, -433.0000, -40.0000,  0, 0, 127
L -2652.0000, -433.0000, -40.0000,  -2405.0000, -417.0000, -38.0000,  0, 0, 127
L -2405.0000, -417.0000, -38.0000,  -2276.0000, -433.0000, -40.0000,  0, 0, 127
L -2276.0000, -433.0000, -40.0000,  -2159.0000, -376.0000, -40.0000,  0, 0, 127
L -2159.0000, -376.0000, -40.0000,  -2138.0000, -356.0000, -40.0000,  0, 0, 127
L -2138.0000, -356.0000, -40.0000,  -2136.0000, -217.0000, -40.0000,  0, 0, 127
L -2136.0000, -217.0000, -40.0000,  -2153.0000, -186.0000, -39.0000,  0, 0, 127
L -2153.0000, -186.0000, -39.0000,  -2296.0000, -112.0000, -40.0000,  0, 0, 127
L -2296.0000, -112.0000, -40.0000,  -2345.0000, -106.0000, -40.0000,  0, 0, 127
L -2345.0000, -106.0000, -40.0000,  -2503.0000, -123.0000, -40.0000,  0, 0, 127
L -2503.0000, -123.0000, -40.0000,  -2515.0000, -128.0000, -40.0000,  0, 0, 127
L -2515.0000, -128.0000, -40.0000,  -2590.0000, -180.0000, -40.0000,  0, 0, 127
L -2590.0000, -180.0000, -40.0000,  -2653.0000, -242.0000, -40.0000,  0, 0, 127
L -2653.0000, -242.0000, -40.0000,  -2721.0000, -359.0000, -40.0000,  0, 0, 127
L -2721.0000, -359.0000, -40.0000,  -2723.0000, -384.0000, -41.0000,  0, 0, 127
L -2723.0000, -384.0000, -41.0000,  -2717.0000, -397.0000, -40.0000,  0, 0, 127
L -1699.0000, -215.0000, 11.0000,  -1764.0000, -215.0000, 9.0000,  0, 0, 0
L -1764.0000, -215.0000, 9.0000,  -1764.0000, -205.0000, 10.0000,  0, 0, 0
L -1764.0000, -205.0000, 10.0000,  -1778.0000, -205.0000, 9.0000,  0, 0, 0
L -1778.0000, -205.0000, 9.0000,  -1775.0000, -140.0000, 8.0000,  0, 0, 0
L -1775.0000, -140.0000, 8.0000,  -1790.0000, -140.0000, 8.0000,  0, 0, 0
L -1790.0000, -140.0000, 8.0000,  -1791.0000, -203.0000, 9.0000,  0, 0, 0
L -1791.0000, -203.0000, 9.0000,  -1803.0000, -203.0000, 9.0000,  0, 0, 0
L -1803.0000, -203.0000, 9.0000,  -1803.0000, -215.0000, 8.0000,  0, 0, 0
L -1803.0000, -215.0000, 8.0000,  -1864.0000, -216.0000, 10.0000,  0, 0, 0
L -1864.0000, -216.0000, 10.0000,  -1865.0000, -228.0000, 9.0000,  0, 0, 0
L -1865.0000, -228.0000, 9.0000,  -1803.0000, -230.0000, 8.0000,  0, 0, 0
L -1803.0000, -230.0000, 8.0000,  -1803.0000, -243.0000, 8.0000,  0, 0, 0
L -1803.0000, -243.0000, 8.0000,  -1791.0000, -243.0000, 9.0000,  0, 0, 0
L -1791.0000, -243.0000, 9.0000,  -1791.0000, -305.0000, 9.0000,  0, 0, 0
L -1791.0000, -305.0000, 9.0000,  -1779.0000, -306.0000, 9.0000,  0, 0, 0
L -1779.0000, -306.0000, 9.0000,  -1777.0000, -243.0000, 9.0000,  0, 0, 0
L -1777.0000, -243.0000, 9.0000,  -1764.0000, -243.0000, 9.0000,  0, 0, 0
L -1764.0000, -243.0000, 9.0000,  -1764.0000, -230.0000, 9.0000,  0, 0, 0
L -1764.0000, -230.0000, 9.0000,  -1702.0000, -231.0000, 11.0000,  0, 0, 0
L -1702.0000, -231.0000, 11.0000,  -1702.0000, -216.0000, 11.0000,  0, 0, 0
L -1287.0000, 63.0000, 15.0000,  -1313.0000, 89.0000, 14.0000,  127, 127, 127
L -1313.0000, 89.0000, 14.0000,  -1316.0000, 119.0000, 14.0000,  127, 127, 127
L -1316.0000, 119.0000, 14.0000,  -1304.0000, 130.0000, 15.0000,  127, 127, 127
L -1304.0000, 130.0000, 15.0000,  -1304.0000, 135.0000, 15.0000,  127, 127, 127
L -1304.0000, 135.0000, 15.0000,  -1281.0000, 136.0000, 15.0000,  127, 127, 127
L -1281.0000, 136.0000, 15.0000,  -1276.0000, 144.0000, 15.0000,  127, 127, 127
L -1276.0000, 144.0000, 15.0000,  -1268.0000, 238.0000, 14.0000,  127, 127, 127
L -1268.0000, 238.0000, 14.0000,  -1280.0000, 262.0000, 14.0000,  127, 127, 127
L -1280.0000, 262.0000, 14.0000,  -1278.0000, 298.0000, 14.0000,  127, 127, 127
L -1278.0000, 298.0000, 14.0000,  -1297.0000, 312.0000, 13.0000,  127, 127, 127
L -1297.0000, 312.0000, 13.0000,  -1368.0000, 432.0000, 14.0000,  127, 127, 127
L -1368.0000, 432.0000, 14.0000,  -1404.0000, 450.0000, 11.0000,  127, 127, 127
L -1404.0000, 450.0000, 11.0000,  -1464.0000, 461.0000, 3.0000,  127, 127, 127
L -1464.0000, 461.0000, 3.0000,  -1703.0000, 469.0000, 2.0000,  127, 127, 127
L -1703.0000, 469.0000, 2.0000,  -1764.0000, 478.0000, 6.0000,  127, 127, 127
L -1764.0000, 478.0000, 6.0000,  -1843.0000, 484.0000, 1.0000,  127, 127, 127
L -1843.0000, 484.0000, 1.0000,  -2071.0000, 452.0000, -22.0000,  127, 127, 127
L -2071.0000, 452.0000, -22.0000,  -2110.0000, 428.0000, -23.0000,  127, 127, 127
L -2110.0000, 428.0000, -23.0000,  -2134.0000, 384.0000, -26.0000,  127, 127, 127
L -2134.0000, 384.0000, -26.0000,  -2141.0000, 240.0000, -20.0000,  127, 127, 127
L -2141.0000, 240.0000, -20.0000,  -2168.0000, 209.0000, -20.0000,  127, 127, 127
L -2168.0000, 209.0000, -20.0000,  -2177.0000, 206.0000, -20.0000,  127, 127, 127
L -2177.0000, 206.0000, -20.0000,  -2987.0000, 200.0000, -14.0000,  127, 127, 127
L -2987.0000, 200.0000, -14.0000,  -3023.0000, 193.0000, -9.0000,  127, 127, 127
L -3023.0000, 193.0000, -9.0000,  -3114.0000, 194.0000, -14.0000,  127, 127, 127
L -3114.0000, 194.0000, -14.0000,  -3303.0000, 229.0000, -8.0000,  127, 127, 127
L -3303.0000, 229.0000, -8.0000,  -3342.0000, 220.0000, -5.0000,  127, 127, 127
L -3342.0000, 220.0000, -5.0000,  -3401.0000, 146.0000, -4.0000,  127, 127, 127
L -3401.0000, 146.0000, -4.0000,  -3428.0000, -59.0000, 3.0000,  127, 127, 127
L -3428.0000, -59.0000, 3.0000,  -3401.0000, -217.0000, -3.0000,  127, 127, 127
L -3401.0000, -217.0000, -3.0000,  -3424.0000, -405.0000, 0.0000,  127, 127, 127
L -3424.0000, -405.0000, 0.0000,  -3401.0000, -714.0000, 9.0000,  127, 127, 127
L -3401.0000, -714.0000, 9.0000,  -3414.0000, -781.0000, 20.0000,  127, 127, 127
L -3414.0000, -781.0000, 20.0000,  -3481.0000, -789.0000, 22.0000,  127, 127, 127
L -3481.0000, -789.0000, 22.0000,  -3511.0000, -830.0000, 33.0000,  127, 127, 127
L -3511.0000, -830.0000, 33.0000,  -3513.0000, -833.0000, 36.0000,  127, 127, 127
L -3513.0000, -833.0000, 36.0000,  -3512.0000, -844.0000, 34.0000,  127, 127, 127
L -3512.0000, -844.0000, 34.0000,  -3450.0000, -888.0000, 34.0000,  127, 127, 127
L -3450.0000, -888.0000, 34.0000,  -3372.0000, -893.0000, 38.0000,  127, 127, 127
L -3372.0000, -893.0000, 38.0000,  -3361.0000, -872.0000, 33.0000,  127, 127, 127
L -3361.0000, -872.0000, 33.0000,  -3361.0000, -794.0000, 26.0000,  127, 127, 127
L -3361.0000, -794.0000, 26.0000,  -3356.0000, -705.0000, 11.0000,  127, 127, 127
L -3356.0000, -705.0000, 11.0000,  -3388.0000, -526.0000, 1.0000,  127, 127, 127
L -3388.0000, -526.0000, 1.0000,  -3388.0000, 58.0000, -10.0000,  127, 127, 127
L -3388.0000, 58.0000, -10.0000,  -3363.0000, 146.0000, -5.0000,  127, 127, 127
L -3363.0000, 146.0000, -5.0000,  -3318.0000, 187.0000, -6.0000,  127, 127, 127
L -3318.0000, 187.0000, -6.0000,  -3255.0000, 190.0000, -10.0000,  127, 127, 127
L -3255.0000, 190.0000, -10.0000,  -3136.0000, 163.0000, -16.0000,  127, 127, 127
L -3136.0000, 163.0000, -16.0000,  -3036.0000, 155.0000, -6.0000,  127, 127, 127
L -3036.0000, 155.0000, -6.0000,  -2957.0000, 178.0000, -15.0000,  127, 127, 127
L -2957.0000, 178.0000, -15.0000,  -2840.0000, 168.0000, -22.0000,  127, 127, 127
L -2840.0000, 168.0000, -22.0000,  -2612.0000, 156.0000, -36.0000,  127, 127, 127
L -2612.0000, 156.0000, -36.0000,  -2509.0000, 135.0000, -35.0000,  127, 127, 127
L -2509.0000, 135.0000, -35.0000,  -2293.0000, 141.0000, -31.0000,  127, 127, 127
L -2293.0000, 141.0000, -31.0000,  -2242.0000, 136.0000, -30.0000,  127, 127, 127
L -2242.0000, 136.0000, -30.0000,  -2208.0000, 138.0000, -28.0000,  127, 127, 127
L -2208.0000, 138.0000, -28.0000,  -2143.0000, 200.0000, -20.0000,  127, 127, 127
L -2143.0000, 200.0000, -20.0000,  -2136.0000, 199.0000, -20.0000,  127, 127, 127
L -2136.0000, 199.0000, -20.0000,  -2115.0000, 231.0000, -20.0000,  127, 127, 127
L -2115.0000, 231.0000, -20.0000,  -2104.0000, 356.0000, -26.0000,  127, 127, 127
L -2104.0000, 356.0000, -26.0000,  -2048.0000, 426.0000, -24.0000,  127, 127, 127
L -2048.0000, 426.0000, -24.0000,  -1880.0000, 449.0000, -8.0000,  127, 127, 127
L -1961.0000, 246.0000, -21.0000,  -2033.0000, 244.0000, -21.0000,  127, 127, 127
L -2033.0000, 244.0000, -21.0000,  -2030.0000, 146.0000, -20.0000,  127, 127, 127
L -2030.0000, 146.0000, -20.0000,  -2025.0000, 142.0000, -20.0000,  127, 127, 127
L -2025.0000, 142.0000, -20.0000,  -1972.0000, 134.0000, -20.0000,  127, 127, 127
L -1972.0000, 134.0000, -20.0000,  -1937.0000, 145.0000, -21.0000,  127, 127, 127
L -1937.0000, 145.0000, -21.0000,  -1929.0000, 197.0000, -21.0000,  127, 127, 127
L -1929.0000, 197.0000, -21.0000,  -1942.0000, 239.0000, -20.0000,  127, 127, 127
L -1942.0000, 239.0000, -20.0000,  -1952.0000, 242.0000, -21.0000,  127, 127, 127
L -1889.0000, 447.0000, -10.0000,  -1845.0000, 447.0000, -3.0000,  127, 127, 127
L -1845.0000, 447.0000, -3.0000,  -1821.0000, 457.0000, 1.0000,  127, 127, 127
L -1821.0000, 457.0000, 1.0000,  -1506.0000, 437.0000, -2.0000,  127, 127, 127
L -1506.0000, 437.0000, -2.0000,  -1402.0000, 415.0000, 12.0000,  127, 127, 127
L -1402.0000, 415.0000, 12.0000,  -1388.0000, 398.0000, 13.0000,  127, 127, 127
L -1388.0000, 398.0000, 13.0000,  -1356.0000, 123.0000, 12.0000,  127, 127, 127
L -1356.0000, 123.0000, 12.0000,  -1333.0000, 61.0000, 11.0000,  127, 127, 127
L -1333.0000, 61.0000, 11.0000,  -1301.0000, 49.0000, 13.0000,  127, 127, 127
L -1301.0000, 49.0000, 13.0000,  -1130.0000, 38.0000, 27.0000,  127, 127, 127
L -1130.0000, 38.0000, 27.0000,  -1113.0000, 21.0000, 29.0000,  127, 127, 127
L -1113.0000, 21.0000, 29.0000,  -1079.0000, -40.0000, 33.0000,  127, 127, 127
L -1079.0000, -40.0000, 33.0000,  -1024.0000, -75.0000, 34.0000,  127, 127, 127
L -1024.0000, -75.0000, 34.0000,  -1015.0000, -93.0000, 32.0000,  127, 127, 127
L -1015.0000, -93.0000, 32.0000,  -963.0000, -122.0000, 27.0000,  127, 127, 127
L -963.0000, -122.0000, 27.0000,  -936.0000, -153.0000, 22.0000,  127, 127, 127
L -936.0000, -153.0000, 22.0000,  -869.0000, -206.0000, 8.0000,  127, 127, 127
L -869.0000, -206.0000, 8.0000,  -743.0000, -261.0000, -1.0000,  127, 127, 127
L -743.0000, -261.0000, -1.0000,  -686.0000, -389.0000, -7.0000,  127, 127, 127
L -686.0000, -389.0000, -7.0000,  -593.0000, -438.0000, -14.0000,  127, 127, 127
L -593.0000, -438.0000, -14.0000,  -300.0000, -440.0000, 11.0000,  127, 127, 127
L -300.0000, -440.0000, 11.0000,  -275.0000, -449.0000, 13.0000,  127, 127, 127
L -275.0000, -449.0000, 13.0000,  -184.0000, -463.0000, 19.0000,  127, 127, 127
L -184.0000, -463.0000, 19.0000,  -144.0000, -452.0000, 20.0000,  127, 127, 127
L -144.0000, -452.0000, 20.0000,  -85.0000, -400.0000, 21.0000,  127, 127, 127
L -85.0000, -400.0000, 21.0000,  -46.0000, -121.0000, 21.0000,  127, 127, 127
L -46.0000, -121.0000, 21.0000,  0.0000, -96.0000, 21.0000,  127, 127, 127
L 0.0000, -96.0000, 21.0000,  187.0000, -100.0000, 21.0000,  127, 127, 127
L 187.0000, -100.0000, 21.0000,  265.0000, -124.0000, 21.0000,  127, 127, 127
L 265.0000, -124.0000, 21.0000,  241.0000, -153.0000, 21.0000,  127, 127, 127
L 241.0000, -153.0000, 21.0000,  238.0000, -180.0000, 21.0000,  127, 127, 127
L 238.0000, -180.0000, 21.0000,  259.0000, -193.0000, 21.0000,  127, 127, 127
L 259.0000, -193.0000, 21.0000,  277.0000, -197.0000, 21.0000,  127, 127, 127
L 277.0000, -197.0000, 21.0000,  320.0000, -196.0000, 21.0000,  127, 127, 127
L 320.0000, -196.0000, 21.0000,  337.0000, -187.0000, 21.0000,  127, 127, 127
L 337.0000, -187.0000, 21.0000,  356.0000, -146.0000, 21.0000,  127, 127, 127
L 356.0000, -146.0000, 21.0000,  380.0000, -122.0000, 21.0000,  127, 127, 127
L 380.0000, -122.0000, 21.0000,  398.0000, -120.0000, 21.0000,  127, 127, 127
L 398.0000, -120.0000, 21.0000,  408.0000, -131.0000, 21.0000,  127, 127, 127
L 408.0000, -131.0000, 21.0000,  436.0000, -668.0000, -7.0000,  127, 127, 127
L 436.0000, -668.0000, -7.0000,  454.0000, -715.0000, -10.0000,  127, 127, 127
L 454.0000, -715.0000, -10.0000,  648.0000, -832.0000, -11.0000,  127, 127, 127
L 648.0000, -832.0000, -11.0000,  739.0000, -901.0000, -6.0000,  127, 127, 127
L 739.0000, -901.0000, -6.0000,  757.0000, -897.0000, -5.0000,  127, 127, 127
L 757.0000, -897.0000, -5.0000,  771.0000, -873.0000, -7.0000,  127, 127, 127
L 771.0000, -873.0000, -7.0000,  750.0000, -849.0000, -9.0000,  127, 127, 127
L 750.0000, -849.0000, -9.0000,  504.0000, -720.0000, -15.0000,  127, 127, 127
L 504.0000, -720.0000, -15.0000,  470.0000, -686.0000, -11.0000,  127, 127, 127
L 470.0000, -686.0000, -11.0000,  454.0000, -114.0000, 20.0000,  127, 127, 127
L 454.0000, -114.0000, 20.0000,  470.0000, -102.0000, 20.0000,  127, 127, 127
L 470.0000, -102.0000, 20.0000,  558.0000, -85.0000, 9.0000,  127, 127, 127
L 558.0000, -85.0000, 9.0000,  647.0000, -97.0000, 5.0000,  127, 127, 127
L 647.0000, -97.0000, 5.0000,  716.0000, -165.0000, 10.0000,  127, 127, 127
L 716.0000, -165.0000, 10.0000,  801.0000, -224.0000, 25.0000,  127, 127, 127
L 801.0000, -224.0000, 25.0000,  906.0000, -183.0000, 25.0000,  127, 127, 127
L 906.0000, -183.0000, 25.0000,  1160.0000, -195.0000, 44.0000,  127, 127, 127
L 1160.0000, -195.0000, 44.0000,  1254.0000, -179.0000, 44.0000,  127, 127, 127
L 1254.0000, -179.0000, 44.0000,  1313.0000, -143.0000, 46.0000,  127, 127, 127
L 1313.0000, -143.0000, 46.0000,  1341.0000, -31.0000, 52.0000,  127, 127, 127
L 1341.0000, -31.0000, 52.0000,  1358.0000, 279.0000, 56.0000,  127, 127, 127
L 1358.0000, 279.0000, 56.0000,  1425.0000, 300.0000, 54.0000,  127, 127, 127
L 1425.0000, 300.0000, 54.0000,  1634.0000, 295.0000, 35.0000,  127, 127, 127
L 1634.0000, 295.0000, 35.0000,  1677.0000, 274.0000, 31.0000,  127, 127, 127
L 1677.0000, 274.0000, 31.0000,  1694.0000, 248.0000, 27.0000,  127, 127, 127
L 1694.0000, 248.0000, 27.0000,  1690.0000, 76.0000, 19.0000,  127, 127, 127
L 1690.0000, 76.0000, 19.0000,  1743.0000, -19.0000, 15.0000,  127, 127, 127
L 1743.0000, -19.0000, 15.0000,  1788.0000, -50.0000, 18.0000,  127, 127, 127
L 1788.0000, -50.0000, 18.0000,  1927.0000, -79.0000, 35.0000,  127, 127, 127
L 1927.0000, -79.0000, 35.0000,  1946.0000, -87.0000, 37.0000,  127, 127, 127
L 1946.0000, -87.0000, 37.0000,  2060.0000, -92.0000, 24.0000,  127, 127, 127
L 2060.0000, -92.0000, 24.0000,  2181.0000, -55.0000, 13.0000,  127, 127, 127
L 2181.0000, -55.0000, 13.0000,  2250.0000, 2.0000, 11.0000,  127, 127, 127
L 2250.0000, 2.0000, 11.0000,  2315.0000, 36.0000, 11.0000,  127, 127, 127
L 2315.0000, 36.0000, 11.0000,  2407.0000, 38.0000, 10.0000,  127, 127, 127
L 2407.0000, 38.0000, 10.0000,  2446.0000, 14.0000, 10.0000,  127, 127, 127
L 2446.0000, 14.0000, 10.0000,  2475.0000, -137.0000, 10.0000,  127, 127, 127
L 2475.0000, -137.0000, 10.0000,  2544.0000, -214.0000, 9.0000,  127, 127, 127
L 2544.0000, -214.0000, 9.0000,  2893.0000, -211.0000, 2.0000,  127, 127, 127
L 2893.0000, -211.0000, 2.0000,  2981.0000, -228.0000, 11.0000,  127, 127, 127
L 2981.0000, -228.0000, 11.0000,  2992.0000, -239.0000, 12.0000,  127, 127, 127
L 2992.0000, -239.0000, 12.0000,  2994.0000, -302.0000, 12.0000,  127, 127, 127
L 2994.0000, -302.0000, 12.0000,  2960.0000, -380.0000, 11.0000,  127, 127, 127
L 2960.0000, -380.0000, 11.0000,  2769.0000, -454.0000, 6.0000,  127, 127, 127
L 2769.0000, -454.0000, 6.0000,  2731.0000, -513.0000, 7.0000,  127, 127, 127
L 2731.0000, -513.0000, 7.0000,  2710.0000, -907.0000, 22.0000,  127, 127, 127
L 2710.0000, -907.0000, 22.0000,  2684.0000, -942.0000, 22.0000,  127, 127, 127
L 2684.0000, -942.0000, 22.0000,  2522.0000, -956.0000, 22.0000,  127, 127, 127
L 2522.0000, -956.0000, 22.0000,  2509.0000, -958.0000, 26.0000,  127, 127, 127
L 2509.0000, -958.0000, 26.0000,  2453.0000, -993.0000, 33.0000,  127, 127, 127
L 2453.0000, -993.0000, 33.0000,  2429.0000, -1021.0000, 35.0000,  127, 127, 127
L 2429.0000, -1021.0000, 35.0000,  2381.0000, -1047.0000, 38.0000,  127, 127, 127
L 2381.0000, -1047.0000, 38.0000,  2378.0000, -1054.0000, 39.0000,  127, 127, 127
L 2378.0000, -1054.0000, 39.0000,  2411.0000, -1071.0000, 35.0000,  127, 127, 127
L 2411.0000, -1071.0000, 35.0000,  2439.0000, -1149.0000, 48.0000,  127, 127, 127
L 2439.0000, -1149.0000, 48.0000,  2448.0000, -1143.0000, 47.0000,  127, 127, 127
L 2448.0000, -1143.0000, 47.0000,  2454.0000, -1133.0000, 44.0000,  127, 127, 127
L 2454.0000, -1133.0000, 44.0000,  2470.0000, -1098.0000, 36.0000,  127, 127, 127
L 2470.0000, -1098.0000, 36.0000,  2519.0000, -1078.0000, 39.0000,  127, 127, 127
L 2519.0000, -1078.0000, 39.0000,  2517.0000, -1068.0000, 36.0000,  127, 127, 127
L 2517.0000, -1068.0000, 36.0000,  2495.0000, -1030.0000, 34.0000,  127, 127, 127
L 2495.0000, -1030.0000, 34.0000,  2501.0000, -1013.0000, 32.0000,  127, 127, 127
L 2501.0000, -1013.0000, 32.0000,  2545.0000, -992.0000, 24.0000,  127, 127, 127
L 2545.0000, -992.0000, 24.0000,  2708.0000, -970.0000, 24.0000,  127, 127, 127
L 2708.0000, -970.0000, 24.0000,  2727.0000, -946.0000, 24.0000,  127, 127, 127
L 2727.0000, -946.0000, 24.0000,  2753.0000, -593.0000, 10.0000,  127, 127, 127
L 2753.0000, -593.0000, 10.0000,  2773.0000, -520.0000, 7.0000,  127, 127, 127
L 2773.0000, -520.0000, 7.0000,  2815.0000, -474.0000, 6.0000,  127, 127, 127
L 2815.0000, -474.0000, 6.0000,  2947.0000, -443.0000, 14.0000,  127, 127, 127
L 2947.0000, -443.0000, 14.0000,  2988.0000, -406.0000, 12.0000,  127, 127, 127
L 2988.0000, -406.0000, 12.0000,  3043.0000, -255.0000, 14.0000,  127, 127, 127
L 3043.0000, -255.0000, 14.0000,  3076.0000, -206.0000, 14.0000,  127, 127, 127
L 3076.0000, -206.0000, 14.0000,  3192.0000, -204.0000, 13.0000,  127, 127, 127
L 3192.0000, -204.0000, 13.0000,  3235.0000, -192.0000, 11.0000,  127, 127, 127
L 3235.0000, -192.0000, 11.0000,  3320.0000, -227.0000, 9.0000,  127, 127, 127
L 3320.0000, -227.0000, 9.0000,  3352.0000, -234.0000, 7.0000,  127, 127, 127
L 3352.0000, -234.0000, 7.0000,  3381.0000, -224.0000, 6.0000,  127, 127, 127
L 3381.0000, -224.0000, 6.0000,  3390.0000, -202.0000, 7.0000,  127, 127, 127
L 3390.0000, -202.0000, 7.0000,  3384.0000, -183.0000, 7.0000,  127, 127, 127
L 3384.0000, -183.0000, 7.0000,  3345.0000, -152.0000, 7.0000,  127, 127, 127
L 3345.0000, -152.0000, 7.0000,  3274.0000, -160.0000, 9.0000,  127, 127, 127
L 3274.0000, -160.0000, 9.0000,  2936.0000, -176.0000, 4.0000,  127, 127, 127
L 2936.0000, -176.0000, 4.0000,  2832.0000, -174.0000, 5.0000,  127, 127, 127
L 2832.0000, -174.0000, 5.0000,  2813.0000, -151.0000, 5.0000,  127, 127, 127
L 2813.0000, -151.0000, 5.0000,  2812.0000, -122.0000, 4.0000,  127, 127, 127
L 2812.0000, -122.0000, 4.0000,  2807.0000, -104.0000, 4.0000,  127, 127, 127
L 2807.0000, -104.0000, 4.0000,  2789.0000, -90.0000, 4.0000,  127, 127, 127
L 2789.0000, -90.0000, 4.0000,  2745.0000, -88.0000, 5.0000,  127, 127, 127
L 2745.0000, -88.0000, 5.0000,  2708.0000, -130.0000, 6.0000,  127, 127, 127
L 2708.0000, -130.0000, 6.0000,  2664.0000, -165.0000, 6.0000,  127, 127, 127
L 2664.0000, -165.0000, 6.0000,  2609.0000, -173.0000, 8.0000,  127, 127, 127
L 2609.0000, -173.0000, 8.0000,  2520.0000, -142.0000, 9.0000,  127, 127, 127
L 2520.0000, -142.0000, 9.0000,  2515.0000, -132.0000, 9.0000,  127, 127, 127
L 2515.0000, -132.0000, 9.0000,  2506.0000, -28.0000, 9.0000,  127, 127, 127
L 2506.0000, -28.0000, 9.0000,  2464.0000, 54.0000, 10.0000,  127, 127, 127
L 2464.0000, 54.0000, 10.0000,  2442.0000, 64.0000, 10.0000,  127, 127, 127
L 2442.0000, 64.0000, 10.0000,  2286.0000, 64.0000, 13.0000,  127, 127, 127
L 2286.0000, 64.0000, 13.0000,  2111.0000, -53.0000, 19.0000,  127, 127, 127
L 2111.0000, -53.0000, 19.0000,  2000.0000, -67.0000, 33.0000,  127, 127, 127
L 2000.0000, -67.0000, 33.0000,  1985.0000, -61.0000, 35.0000,  127, 127, 127
L 1985.0000, -61.0000, 35.0000,  1975.0000, -48.0000, 34.0000,  127, 127, 127
L 1975.0000, -48.0000, 34.0000,  1973.0000, -33.0000, 34.0000,  127, 127, 127
L 1973.0000, -33.0000, 34.0000,  1960.0000, -25.0000, 33.0000,  127, 127, 127
L 1960.0000, -25.0000, 33.0000,  1939.0000, -23.0000, 33.0000,  127, 127, 127
L 1939.0000, -23.0000, 33.0000,  1915.0000, -50.0000, 33.0000,  127, 127, 127
L 1915.0000, -50.0000, 33.0000,  1888.0000, -51.0000, 31.0000,  127, 127, 127
L 1888.0000, -51.0000, 31.0000,  1784.0000, -5.0000, 20.0000,  127, 127, 127
L 1784.0000, -5.0000, 20.0000,  1736.0000, 52.0000, 17.0000,  127, 127, 127
L 1736.0000, 52.0000, 17.0000,  1726.0000, 193.0000, 21.0000,  127, 127, 127
L 1726.0000, 193.0000, 21.0000,  1704.0000, 305.0000, 33.0000,  127, 127, 127
L 1704.0000, 305.0000, 33.0000,  1681.0000, 322.0000, 35.0000,  127, 127, 127
L 1681.0000, 322.0000, 35.0000,  1632.0000, 344.0000, 43.0000,  127, 127, 127
L 1632.0000, 344.0000, 43.0000,  1575.0000, 338.0000, 46.0000,  127, 127, 127
L 1575.0000, 338.0000, 46.0000,  1512.0000, 343.0000, 51.0000,  127, 127, 127
L 1512.0000, 343.0000, 51.0000,  1460.0000, 372.0000, 55.0000,  127, 127, 127
L 1460.0000, 372.0000, 55.0000,  1379.0000, 374.0000, 56.0000,  127, 127, 127
L 1379.0000, 374.0000, 56.0000,  1341.0000, 351.0000, 56.0000,  127, 127, 127
L 1341.0000, 351.0000, 56.0000,  1334.0000, 330.0000, 56.0000,  127, 127, 127
L 1334.0000, 330.0000, 56.0000,  1326.0000, 57.0000, 60.0000,  127, 127, 127
L 1326.0000, 57.0000, 60.0000,  1278.0000, -139.0000, 45.0000,  127, 127, 127
L 1278.0000, -139.0000, 45.0000,  1248.0000, -150.0000, 44.0000,  127, 127, 127
L 1248.0000, -150.0000, 44.0000,  972.0000, -150.0000, 30.0000,  127, 127, 127
L 972.0000, -150.0000, 30.0000,  790.0000, -181.0000, 21.0000,  127, 127, 127
L 790.0000, -181.0000, 21.0000,  749.0000, -159.0000, 13.0000,  127, 127, 127
L 749.0000, -159.0000, 13.0000,  676.0000, -77.0000, 6.0000,  127, 127, 127
L 676.0000, -77.0000, 6.0000,  622.0000, -60.0000, 4.0000,  127, 127, 127
L 622.0000, -60.0000, 4.0000,  483.0000, -55.0000, 18.0000,  127, 127, 127
L 483.0000, -55.0000, 18.0000,  368.0000, -56.0000, 21.0000,  127, 127, 127
L 368.0000, -56.0000, 21.0000,  334.0000, -22.0000, 21.0000,  127, 127, 127
L 334.0000, -22.0000, 21.0000,  310.0000, -22.0000, 21.0000,  127, 127, 127
L 310.0000, -22.0000, 21.0000,  263.0000, -51.0000, 21.0000,  127, 127, 127
L 263.0000, -51.0000, 21.0000,  4.0000, -55.0000, 21.0000,  127, 127, 127
L 4.0000, -55.0000, 21.0000,  -51.0000, -80.0000, 21.0000,  127, 127, 127
L -51.0000, -80.0000, 21.0000,  -80.0000, -116.0000, 21.0000,  127, 127, 127
L -80.0000, -116.0000, 21.0000,  -108.0000, -378.0000, 21.0000,  127, 127, 127
L -108.0000, -378.0000, 21.0000,  -190.0000, -443.0000, 19.0000,  127, 127, 127
L -190.0000, -443.0000, 19.0000,  -223.0000, -447.0000, 17.0000,  127, 127, 127
L -223.0000, -447.0000, 17.0000,  -297.0000, -422.0000, 14.0000,  127, 127, 127
L -297.0000, -422.0000, 14.0000,  -550.0000, -407.0000, -8.0000,  127, 127, 127
L -550.0000, -407.0000, -8.0000,  -644.0000, -382.0000, -8.0000,  127, 127, 127
L -644.0000, -382.0000, -8.0000,  -680.0000, -279.0000, -3.0000,  127, 127, 127
L -680.0000, -279.0000, -3.0000,  -702.0000, 35.0000, 2.0000,  127, 127, 127
L -702.0000, 35.0000, 2.0000,  -744.0000, 68.0000, 4.0000,  127, 127, 127
L -744.0000, 68.0000, 4.0000,  -823.0000, 87.0000, 13.0000,  127, 127, 127
L -823.0000, 87.0000, 13.0000,  -812.0000, 113.0000, 13.0000,  127, 127, 127
L -812.0000, 113.0000, 13.0000,  -818.0000, 120.0000, 13.0000,  127, 127, 127
L -818.0000, 120.0000, 13.0000,  -835.0000, 125.0000, 13.0000,  127, 127, 127
L -835.0000, 125.0000, 13.0000,  -850.0000, 122.0000, 14.0000,  127, 127, 127
L -850.0000, 122.0000, 14.0000,  -860.0000, 115.0000, 14.0000,  127, 127, 127
L -860.0000, 115.0000, 14.0000,  -871.0000, 92.0000, 14.0000,  127, 127, 127
L -871.0000, 92.0000, 14.0000,  -903.0000, 73.0000, 14.0000,  127, 127, 127
L -903.0000, 73.0000, 14.0000,  -925.0000, 66.0000, 14.0000,  127, 127, 127
L -925.0000, 66.0000, 14.0000,  -1056.0000, 70.0000, 23.0000,  127, 127, 127
L -1056.0000, 70.0000, 23.0000,  -1290.0000, 66.0000, 15.0000,  127, 127, 127
L -1057.0000, -6.0000, 30.0000,  -1017.0000, -52.0000, 32.0000,  127, 127, 127
L -1017.0000, -52.0000, 32.0000,  -966.0000, -68.0000, 27.0000,  127, 127, 127
L -966.0000, -68.0000, 27.0000,  -870.0000, -180.0000, 11.0000,  127, 127, 127
L -870.0000, -180.0000, 11.0000,  -812.0000, -189.0000, 2.0000,  127, 127, 127
L -812.0000, -189.0000, 2.0000,  -760.0000, -174.0000, -1.0000,  127, 127, 127
L -760.0000, -174.0000, -1.0000,  -728.0000, -132.0000, -1.0000,  127, 127, 127
L -728.0000, -132.0000, -1.0000,  -727.0000, -6.0000, 3.0000,  127, 127, 127
L -727.0000, -6.0000, 3.0000,  -738.0000, 23.0000, 4.0000,  127, 127, 127
L -738.0000, 23.0000, 4.0000,  -765.0000, 42.0000, 6.0000,  127, 127, 127
L -765.0000, 42.0000, 6.0000,  -826.0000, 40.0000, 13.0000,  127, 127, 127
L -826.0000, 40.0000, 13.0000,  -894.0000, 47.0000, 14.0000,  127, 127, 127
L -894.0000, 47.0000, 14.0000,  -1017.0000, 46.0000, 21.0000,  127, 127, 127
L -1017.0000, 46.0000, 21.0000,  -1020.0000, 43.0000, 21.0000,  127, 127, 127
L -1020.0000, 43.0000, 21.0000,  -1048.0000, 27.0000, 26.0000,  127, 127, 127
L -1048.0000, 27.0000, 26.0000,  -1058.0000, 16.0000, 28.0000,  127, 127, 127
L -1058.0000, 16.0000, 28.0000,  -1053.0000, 3.0000, 28.0000,  127, 127, 127
L -1053.0000, 3.0000, 28.0000,  -1053.0000, -9.0000, 30.0000,  127, 127, 127
L -1047.0000, -791.0000, 7.0000,  -1077.0000, -814.0000, 7.0000,  0, 0, 0
L -1077.0000, -814.0000, 7.0000,  -1084.0000, -812.0000, 7.0000,  0, 0, 0
L -1084.0000, -812.0000, 7.0000,  -1109.0000, -785.0000, 8.0000,  0, 0, 0
L -1109.0000, -785.0000, 8.0000,  -1119.0000, -794.0000, 8.0000,  0, 0, 0
L -1119.0000, -794.0000, 8.0000,  -1096.0000, -822.0000, 8.0000,  0, 0, 0
L -1096.0000, -822.0000, 8.0000,  -1097.0000, -833.0000, 8.0000,  0, 0, 0
L -1097.0000, -833.0000, 8.0000,  -1124.0000, -855.0000, 8.0000,  0, 0, 0
L -1124.0000, -855.0000, 8.0000,  -1115.0000, -866.0000, 8.0000,  0, 0, 0
L -1115.0000, -866.0000, 8.0000,  -1085.0000, -843.0000, 7.0000,  0, 0, 0
L -1085.0000, -843.0000, 7.0000,  -1080.0000, -844.0000, 7.0000,  0, 0, 0
L -1080.0000, -844.0000, 7.0000,  -1052.0000, -874.0000, 7.0000,  0, 0, 0
L -1052.0000, -874.0000, 7.0000,  -1041.0000, -866.0000, 6.0000,  0, 0, 0
L -1041.0000, -866.0000, 6.0000,  -1066.0000, -836.0000, 7.0000,  0, 0, 0
L -1066.0000, -836.0000, 7.0000,  -1066.0000, -825.0000, 7.0000,  0, 0, 0
L -1066.0000, -825.0000, 7.0000,  -1039.0000, -802.0000, 7.0000,  0, 0, 0
L -1039.0000, -802.0000, 7.0000,  -1040.0000, -800.0000, 9.0000,  0, 0, 0
L -1040.0000, -800.0000, 9.0000,  -1047.0000, -793.0000, 7.0000,  0, 0, 0
