P -3663.0000, -1182.0000, 36.0000,  0, 0, 0,  3,  ZL-Kithicor
P 2441.0000, -1273.0000, 72.0000,  0, 0, 0,  3,  ZL-Nek_Forest
P 4055.0000, -289.0000, 17.0000,  0, 0, 0,  3,  ZL-Freeport
P 2379.0000, 2087.0000, 52.0000,  0, 0, 0,  3,  ZL-North_Ro
P -1040.0000, 1165.0000, 41.0000,  0, 0, 0,  3,  ZL-Befallen
P -843.0000, 64.0000, 13.0000,  0, 0, 0,  1,  Toll_Booth
P 192.0000, -709.0000, 24.0000,  0, 0, 0,  1,  Orc-2
P 1359.0000, -919.0000, -19.0000,  0, 0, 0,  1,  Orc-1
P 2208.0000, 1331.0000, 56.0000,  0, 0, 0,  2,  Forces_of_Light
P -3406.6589, -808.9471, 26.5619,  127, 0, 0,  3,  SC1
P -2865.6975, -340.7071, -24.3994,  127, 0, 0,  3,  SC2
P -2869.6755, 548.4989, 46.5297,  127, 0, 0,  3,  SC3
P 2474.6436, 1643.7777, 31.9186,  127, 0, 0,  3,  SC4
P 2507.0300, 1803.7887, 35.7016,  127, 0, 0,  3,  Merrin
P 2542.0969, 1626.2548, 32.0621,  127, 0, 0,  3,  Tallyd
P 2511.9863, 1598.4685, 32.1646,  127, 0, 0,  3,  Sil
