P -961.4603, -452.0803, 98.4307,  0, 0, 240,  3,  Kurn's_Tower
P -841.9910, -449.1248, 98.4521,  0, 0, 240,  3,  Kurn's_Tower
P -924.4266, 1898.3920, -25.0042,  240, 127, 0,  3,  Phara_Dar
P -1196.2687, 1723.8807, -25.0038,  240, 127, 0,  3,  Talendor
P -962.2321, 1940.3427, -30.9071,  127, 0, 0,  3,  Assistant_Josic_(Spells)
P 567.5073, 1916.2850, -49.1407,  0, 0, 240,  3,  Instance?
P -860.5772, 1837.0941, -25.0043,  240, 127, 0,  3,  Jaled_Dar
P -869.5263, 1385.7428, -25.0046,  240, 127, 0,  3,  Gorenaire
P -1276.8102, 1227.3862, -25.0048,  240, 127, 0,  3,  Severillous
P -1354.1710, 628.6600, -25.5524,  240, 127, 0,  3,  Trakanon
P -582.0754, -1233.0688, -41.4538,  240, 0, 0,  3,  Jrascza_the_Feral
P -2831.3425, -3331.4807, -108.8439,  240, 0, 0,  3,  Sibilisian_emmisary
P -2748.1067, -3241.5100, -136.3564,  0, 0, 240,  3,  Meeting_place
P 567.5073, 1916.2850, -49.1407,  0, 0, 240,  3,  Hatchery_-_Kaesora_B
P 74.6479, 1668.6453, -43.5330,  0, 0, 240,  3,  Kaesora_-_Mission_instance
P -30.5436, 2216.2141, -49.1407,  0, 0, 240,  3,  Library_-_Kaesora_A
P -111.9695, 1973.5217, -53.7796,  240, 0, 0,  3,  Commander_Koth
P -961.0000, -452.0000, 98.0000,  0, 0, 240,  3,  ZL-Kurns_Stronghold
P 75.0000, 1669.0000, -44.0000,  0, 0, 240,  3,  Kaesora
P -3812.0000, 1944.0000, -43.0000,  0, 0, 240,  3,  East_Cabilis
P -3578.0000, 1487.0000, -45.0000,  0, 0, 240,  3,  East_Cabilis
P -965.4472, 1938.6492, -30.5296,  127, 0, 0,  3,  Tynoc_Herald_of_the_Scale_(Faction_vendor)
P -682.2109, -2030.0857, -47.4351,  240, 0, 0,  3,  Escaped_Sarnak
P -458.7474, -1618.8986, -52.0706,  240, 0, 0,  3,  Escaped_Sarnak
P -2245.4617, 1011.3847, -51.9663,  0, 0, 240,  3,  Shade_of_Taroff
P -585.9006, -541.3077, -46.8877,  240, 0, 0,  3,  Iksar_alchemists
P -396.9512, 2770.6445, -53.5749,  0, 0, 240,  3,  Emerald_Jungle
P -303.0548, -1353.7023, -48.9037,  240, 0, 0,  3,  Darkcoil_the_Constrictor
P -704.1769, -2083.2085, -47.1698,  240, 0, 0,  3,  Oracle_Vro'_Zok
P -1027.7192, -1383.3724, -36.8035,  240, 0, 0,  3,  An_Ancient_bonegrinder
P -539.9681, -1031.8580, -26.8124,  240, 0, 0,  3,  Fluttershade_(Roaming)
P -1662.5334, 1986.3683, -23.6117,  240, 0, 0,  3,  Battleguard_Gauntas
P -792.3801, 791.3243, -53.8635,  240, 0, 0,  3,  Naskado_The_Demented_(Roaming)
P -2741.8743, 2040.6316, -50.1322,  240, 0, 0,  3,  Slact_the_Frozen_hand_(Roaming)
P -479.2836, -1238.4459, -36.6786,  240, 0, 0,  3,  Escaped_Sarnak
P -468.0306, -1187.1616, -33.9804,  240, 0, 0,  3,  Escaped_Sarnak
P -1175.3464, 2413.7922, -53.7274,  240, 0, 0,  3,  Escaped_Sarnak
P -648.7472, 206.9166, -35.4709,  240, 0, 0,  3,  Blackblade_Lorkis_(Roaming)
P 65.4269, 1577.0262, -40.3099,  240, 0, 0,  3,  Emperor_Ganak
