L -50.0000, -3.0000, 1.0000,  47.0000, -7.0000, 6.0000,  0, 0, 0
L 47.0000, -7.0000, 6.0000,  47.0000, -1.0000, 6.0000,  0, 0, 0
L 47.0000, -1.0000, 6.0000,  45.0000, -2.0000, 6.0000,  0, 0, 0
L 45.0000, -2.0000, 6.0000,  47.0000, 93.0000, 6.0000,  0, 0, 0
L 47.0000, 93.0000, 6.0000,  37.0000, 94.0000, 6.0000,  0, 0, 0
L 37.0000, 94.0000, 6.0000,  37.0000, 112.0000, 6.0000,  0, 0, 0
L 37.0000, 112.0000, 6.0000,  46.0000, 112.0000, 6.0000,  0, 0, 0
L 46.0000, 112.0000, 6.0000,  46.0000, 180.0000, 0.0000,  0, 0, 0
L 46.0000, 180.0000, 0.0000,  45.0000, 214.0000, -14.0000,  0, 0, 0
L 45.0000, 214.0000, -14.0000,  45.0000, 273.0000, -28.0000,  0, 0, 0
L 45.0000, 273.0000, -28.0000,  37.0000, 273.0000, -28.0000,  0, 0, 0
L 37.0000, 273.0000, -28.0000,  37.0000, 287.0000, -31.0000,  0, 0, 0
L 37.0000, 287.0000, -31.0000,  46.0000, 288.0000, -31.0000,  0, 0, 0
L 46.0000, 288.0000, -31.0000,  46.0000, 387.0000, -35.0000,  0, 0, 0
L 46.0000, 387.0000, -35.0000,  -53.0000, 387.0000, -35.0000,  0, 0, 0
L -53.0000, 387.0000, -35.0000,  -54.0000, 377.0000, -35.0000,  0, 0, 0
L -54.0000, 377.0000, -35.0000,  -143.0000, 376.0000, -35.0000,  0, 0, 0
L -143.0000, 376.0000, -35.0000,  -143.0000, 465.0000, -35.0000,  0, 0, 0
L -143.0000, 465.0000, -35.0000,  -101.0000, 464.0000, -35.0000,  0, 0, 0
L -101.0000, 464.0000, -35.0000,  -100.0000, 579.0000, -32.0000,  0, 0, 0
L -100.0000, 579.0000, -32.0000,  -132.0000, 579.0000, -32.0000,  0, 0, 0
L -132.0000, 579.0000, -32.0000,  -133.0000, 495.0000, -33.0000,  0, 0, 0
L -133.0000, 495.0000, -33.0000,  -146.0000, 495.0000, -35.0000,  0, 0, 0
L -146.0000, 495.0000, -35.0000,  -146.0000, 578.0000, -68.0000,  0, 0, 0
L -146.0000, 578.0000, -68.0000,  -143.0000, 663.0000, -75.0000,  0, 0, 0
L -143.0000, 663.0000, -75.0000,  25.0000, 664.0000, -75.0000,  0, 0, 0
L 25.0000, 664.0000, -75.0000,  25.0000, 625.0000, -75.0000,  0, 0, 0
L 25.0000, 625.0000, -75.0000,  63.0000, 623.0000, -75.0000,  0, 0, 0
L 63.0000, 623.0000, -75.0000,  62.0000, 577.0000, -75.0000,  0, 0, 0
L 62.0000, 577.0000, -75.0000,  99.0000, 575.0000, -74.0000,  0, 0, 0
L 99.0000, 575.0000, -74.0000,  98.0000, 615.0000, -73.0000,  0, 0, 0
L 98.0000, 615.0000, -73.0000,  97.0000, 616.0000, -73.0000,  0, 0, 0
L 97.0000, 616.0000, -73.0000,  97.0000, 623.0000, -73.0000,  0, 0, 0
L 97.0000, 623.0000, -73.0000,  139.0000, 623.0000, -73.0000,  0, 0, 0
L 139.0000, 623.0000, -73.0000,  137.0000, 664.0000, -73.0000,  0, 0, 0
L 137.0000, 664.0000, -73.0000,  185.0000, 663.0000, -73.0000,  0, 0, 0
L 185.0000, 663.0000, -73.0000,  185.0000, 700.0000, -73.0000,  0, 0, 0
L 185.0000, 700.0000, -73.0000,  151.0000, 700.0000, -73.0000,  0, 0, 0
L 151.0000, 700.0000, -73.0000,  145.0000, 698.0000, -73.0000,  0, 0, 0
L 145.0000, 698.0000, -73.0000,  135.0000, 697.0000, -73.0000,  0, 0, 0
L 135.0000, 697.0000, -73.0000,  136.0000, 738.0000, -73.0000,  0, 0, 0
L 136.0000, 738.0000, -73.0000,  97.0000, 737.0000, -73.0000,  0, 0, 0
L 97.0000, 737.0000, -73.0000,  97.0000, 902.0000, -73.0000,  0, 0, 0
L 97.0000, 902.0000, -73.0000,  138.0000, 903.0000, -73.0000,  0, 0, 0
L 138.0000, 903.0000, -73.0000,  137.0000, 943.0000, -73.0000,  0, 0, 0
L 137.0000, 943.0000, -73.0000,  226.0000, 943.0000, -73.0000,  0, 0, 0
L 226.0000, 943.0000, -73.0000,  223.0000, 902.0000, -73.0000,  0, 0, 0
L 223.0000, 902.0000, -73.0000,  260.0000, 901.0000, -73.0000,  0, 0, 0
L 260.0000, 901.0000, -73.0000,  252.0000, 900.0000, -73.0000,  0, 0, 0
L 252.0000, 900.0000, -73.0000,  260.0000, 901.0000, -73.0000,  0, 0, 0
L 260.0000, 901.0000, -73.0000,  257.0000, 943.0000, -73.0000,  0, 0, 0
L 257.0000, 943.0000, -73.0000,  348.0000, 944.0000, -73.0000,  0, 0, 0
L 348.0000, 944.0000, -73.0000,  348.0000, 935.0000, -73.0000,  0, 0, 0
L 348.0000, 935.0000, -73.0000,  432.0000, 936.0000, -73.0000,  0, 0, 0
L 432.0000, 936.0000, -73.0000,  433.0000, 942.0000, -73.0000,  0, 0, 0
L 433.0000, 942.0000, -73.0000,  449.0000, 943.0000, -73.0000,  0, 0, 0
L 449.0000, 943.0000, -73.0000,  449.0000, 934.0000, -73.0000,  0, 0, 0
L 449.0000, 934.0000, -73.0000,  547.0000, 933.0000, -73.0000,  0, 0, 0
L 547.0000, 933.0000, -73.0000,  546.0000, 1034.0000, -73.0000,  0, 0, 0
L 546.0000, 1034.0000, -73.0000,  538.0000, 1034.0000, -73.0000,  0, 0, 0
L 538.0000, 1034.0000, -73.0000,  537.0000, 1050.0000, -73.0000,  0, 0, 0
L 537.0000, 1050.0000, -73.0000,  545.0000, 1050.0000, -73.0000,  0, 0, 0
L 545.0000, 1050.0000, -73.0000,  545.0000, 1093.0000, -73.0000,  0, 0, 0
L 545.0000, 1093.0000, -73.0000,  544.0000, 1213.0000, -109.0000,  0, 0, 0
L 544.0000, 1213.0000, -109.0000,  537.0000, 1213.0000, -109.0000,  0, 0, 0
L 537.0000, 1213.0000, -109.0000,  537.0000, 1227.0000, -110.0000,  0, 0, 0
L 537.0000, 1227.0000, -110.0000,  545.0000, 1227.0000, -110.0000,  0, 0, 0
L 545.0000, 1227.0000, -110.0000,  546.0000, 1273.0000, -112.0000,  0, 0, 0
L 546.0000, 1273.0000, -112.0000,  591.0000, 1274.0000, -112.0000,  0, 0, 0
L 591.0000, 1274.0000, -112.0000,  591.0000, 1282.0000, -112.0000,  0, 0, 0
L 591.0000, 1282.0000, -112.0000,  596.0000, 1283.0000, -112.0000,  0, 0, 0
L 596.0000, 1283.0000, -112.0000,  605.0000, 1283.0000, -112.0000,  0, 0, 0
L 605.0000, 1283.0000, -112.0000,  606.0000, 1274.0000, -112.0000,  0, 0, 0
L 606.0000, 1274.0000, -112.0000,  694.0000, 1275.0000, -112.0000,  0, 0, 0
L 694.0000, 1275.0000, -112.0000,  694.0000, 1284.0000, -112.0000,  0, 0, 0
L 694.0000, 1284.0000, -112.0000,  776.0000, 1283.0000, -115.0000,  0, 0, 0
L 776.0000, 1283.0000, -115.0000,  889.0000, 1282.0000, -149.0000,  0, 0, 0
L 889.0000, 1282.0000, -149.0000,  982.0000, 1284.0000, -154.0000,  0, 0, 0
L 982.0000, 1284.0000, -154.0000,  984.0000, 1257.0000, -154.0000,  0, 0, 0
L 984.0000, 1257.0000, -154.0000,  998.0000, 1257.0000, -154.0000,  0, 0, 0
L 998.0000, 1257.0000, -154.0000,  999.0000, 1236.0000, -154.0000,  0, 0, 0
L 999.0000, 1236.0000, -154.0000,  1021.0000, 1188.0000, -154.0000,  0, 0, 0
L 1021.0000, 1188.0000, -154.0000,  1033.0000, 1181.0000, -154.0000,  0, 0, 0
L 1033.0000, 1181.0000, -154.0000,  1033.0000, 1154.0000, -154.0000,  0, 0, 0
L 1033.0000, 1154.0000, -154.0000,  1058.0000, 1122.0000, -154.0000,  0, 0, 0
L 1058.0000, 1122.0000, -154.0000,  1099.0000, 1092.0000, -154.0000,  0, 0, 0
L 1099.0000, 1092.0000, -154.0000,  1114.0000, 1094.0000, -154.0000,  0, 0, 0
L 1114.0000, 1094.0000, -154.0000,  1126.0000, 1085.0000, -154.0000,  0, 0, 0
L 1126.0000, 1085.0000, -154.0000,  1127.0000, 1076.0000, -154.0000,  0, 0, 0
L 1127.0000, 1076.0000, -154.0000,  1171.0000, 1054.0000, -154.0000,  0, 0, 0
L 1171.0000, 1054.0000, -154.0000,  1195.0000, 1053.0000, -154.0000,  0, 0, 0
L 1195.0000, 1053.0000, -154.0000,  1198.0000, 1051.0000, -154.0000,  0, 0, 0
L 1198.0000, 1051.0000, -154.0000,  1197.0000, 1040.0000, -154.0000,  0, 0, 0
L 1197.0000, 1040.0000, -154.0000,  1196.0000, 1040.0000, -154.0000,  0, 0, 0
L 1196.0000, 1040.0000, -154.0000,  1194.0000, 985.0000, -154.0000,  0, 0, 0
L 1194.0000, 985.0000, -154.0000,  1223.0000, 985.0000, -154.0000,  0, 0, 0
L 1223.0000, 985.0000, -154.0000,  1223.0000, 897.0000, -154.0000,  0, 0, 0
L 1223.0000, 897.0000, -154.0000,  1181.0000, 897.0000, -154.0000,  0, 0, 0
L 1181.0000, 897.0000, -154.0000,  1183.0000, 784.0000, -154.0000,  0, 0, 0
L 1183.0000, 784.0000, -154.0000,  1220.0000, 783.0000, -154.0000,  0, 0, 0
L 1220.0000, 783.0000, -154.0000,  1233.0000, 797.0000, -154.0000,  0, 0, 0
L 1233.0000, 797.0000, -154.0000,  1249.0000, 797.0000, -154.0000,  0, 0, 0
L 1249.0000, 797.0000, -154.0000,  1258.0000, 783.0000, -154.0000,  0, 0, 0
L 1258.0000, 783.0000, -154.0000,  1262.0000, 782.0000, -154.0000,  0, 0, 0
L 1262.0000, 782.0000, -154.0000,  1264.0000, 780.0000, -153.0000,  0, 0, 0
L 1264.0000, 780.0000, -153.0000,  1299.0000, 785.0000, -153.0000,  0, 0, 0
L 1299.0000, 785.0000, -153.0000,  1295.0000, 896.0000, -153.0000,  0, 0, 0
L 1295.0000, 896.0000, -153.0000,  1255.0000, 896.0000, -153.0000,  0, 0, 0
L 1255.0000, 896.0000, -153.0000,  1256.0000, 984.0000, -153.0000,  0, 0, 0
L 1256.0000, 984.0000, -153.0000,  1284.0000, 984.0000, -153.0000,  0, 0, 0
L 1284.0000, 984.0000, -153.0000,  1283.0000, 1052.0000, -153.0000,  0, 0, 0
L 1283.0000, 1052.0000, -153.0000,  1314.0000, 1055.0000, -153.0000,  0, 0, 0
L 1314.0000, 1055.0000, -153.0000,  1350.0000, 1073.0000, -153.0000,  0, 0, 0
L 1350.0000, 1073.0000, -153.0000,  1360.0000, 1094.0000, -153.0000,  0, 0, 0
L 1360.0000, 1094.0000, -153.0000,  1380.0000, 1094.0000, -153.0000,  0, 0, 0
L 1380.0000, 1094.0000, -153.0000,  1419.0000, 1119.0000, -153.0000,  0, 0, 0
L 1419.0000, 1119.0000, -153.0000,  1447.0000, 1157.0000, -153.0000,  0, 0, 0
L 1447.0000, 1157.0000, -153.0000,  1448.0000, 1183.0000, -153.0000,  0, 0, 0
L 1448.0000, 1183.0000, -153.0000,  1452.0000, 1190.0000, -153.0000,  0, 0, 0
L 1452.0000, 1190.0000, -153.0000,  1465.0000, 1195.0000, -153.0000,  0, 0, 0
L 1465.0000, 1195.0000, -153.0000,  1485.0000, 1235.0000, -153.0000,  0, 0, 0
L 1485.0000, 1235.0000, -153.0000,  1491.0000, 1277.0000, -153.0000,  0, 0, 0
L 1491.0000, 1277.0000, -153.0000,  1482.0000, 1293.0000, -153.0000,  0, 0, 0
L 1482.0000, 1293.0000, -153.0000,  1478.0000, 1311.0000, -153.0000,  0, 0, 0
L 1478.0000, 1311.0000, -153.0000,  1488.0000, 1319.0000, -153.0000,  0, 0, 0
L 1488.0000, 1319.0000, -153.0000,  1486.0000, 1363.0000, -153.0000,  0, 0, 0
L 1486.0000, 1363.0000, -153.0000,  1470.0000, 1404.0000, -153.0000,  0, 0, 0
L 1470.0000, 1404.0000, -153.0000,  1441.0000, 1422.0000, -155.0000,  0, 0, 0
L 1441.0000, 1422.0000, -155.0000,  1447.0000, 1441.0000, -155.0000,  0, 0, 0
L 1447.0000, 1441.0000, -155.0000,  1417.0000, 1480.0000, -155.0000,  0, 0, 0
L 1417.0000, 1480.0000, -155.0000,  1385.0000, 1505.0000, -155.0000,  0, 0, 0
L 1385.0000, 1505.0000, -155.0000,  1358.0000, 1506.0000, -155.0000,  0, 0, 0
L 1358.0000, 1506.0000, -155.0000,  1349.0000, 1528.0000, -155.0000,  0, 0, 0
L 1349.0000, 1528.0000, -155.0000,  1313.0000, 1548.0000, -155.0000,  0, 0, 0
L 1313.0000, 1548.0000, -155.0000,  1284.0000, 1546.0000, -155.0000,  0, 0, 0
L 1284.0000, 1546.0000, -155.0000,  1283.0000, 1558.0000, -155.0000,  0, 0, 0
L 1283.0000, 1558.0000, -155.0000,  1286.0000, 1559.0000, -155.0000,  0, 0, 0
L 1286.0000, 1559.0000, -155.0000,  1287.0000, 1613.0000, -155.0000,  0, 0, 0
L 1287.0000, 1613.0000, -155.0000,  1283.0000, 1614.0000, -155.0000,  0, 0, 0
L 1283.0000, 1614.0000, -155.0000,  1283.0000, 1616.0000, -155.0000,  0, 0, 0
L 1283.0000, 1616.0000, -155.0000,  1256.0000, 1617.0000, -155.0000,  0, 0, 0
L 1256.0000, 1617.0000, -155.0000,  1255.0000, 1706.0000, -155.0000,  0, 0, 0
L 1255.0000, 1706.0000, -155.0000,  1297.0000, 1705.0000, -155.0000,  0, 0, 0
L 1297.0000, 1705.0000, -155.0000,  1296.0000, 1815.0000, -155.0000,  0, 0, 0
L 1296.0000, 1815.0000, -155.0000,  1261.0000, 1815.0000, -155.0000,  0, 0, 0
L 1261.0000, 1815.0000, -155.0000,  1254.0000, 1805.0000, -155.0000,  0, 0, 0
L 1254.0000, 1805.0000, -155.0000,  1240.0000, 1800.0000, -155.0000,  0, 0, 0
L 1240.0000, 1800.0000, -155.0000,  1216.0000, 1817.0000, -155.0000,  0, 0, 0
L 1216.0000, 1817.0000, -155.0000,  1184.0000, 1816.0000, -155.0000,  0, 0, 0
L 1184.0000, 1816.0000, -155.0000,  1184.0000, 1705.0000, -155.0000,  0, 0, 0
L 1184.0000, 1705.0000, -155.0000,  1223.0000, 1703.0000, -155.0000,  0, 0, 0
L 1223.0000, 1703.0000, -155.0000,  1223.0000, 1617.0000, -155.0000,  0, 0, 0
L 1223.0000, 1617.0000, -155.0000,  1196.0000, 1615.0000, -155.0000,  0, 0, 0
L 1196.0000, 1615.0000, -155.0000,  1197.0000, 1548.0000, -155.0000,  0, 0, 0
L 1197.0000, 1548.0000, -155.0000,  1193.0000, 1544.0000, -155.0000,  0, 0, 0
L 1193.0000, 1544.0000, -155.0000,  1158.0000, 1536.0000, -155.0000,  0, 0, 0
L 1158.0000, 1536.0000, -155.0000,  1132.0000, 1524.0000, -155.0000,  0, 0, 0
L 1132.0000, 1524.0000, -155.0000,  1123.0000, 1502.0000, -155.0000,  0, 0, 0
L 1123.0000, 1502.0000, -155.0000,  1094.0000, 1502.0000, -155.0000,  0, 0, 0
L 1094.0000, 1502.0000, -155.0000,  1036.0000, 1445.0000, -155.0000,  0, 0, 0
L 1036.0000, 1445.0000, -155.0000,  1037.0000, 1420.0000, -155.0000,  0, 0, 0
L 1037.0000, 1420.0000, -155.0000,  1016.0000, 1408.0000, -155.0000,  0, 0, 0
L 1016.0000, 1408.0000, -155.0000,  995.0000, 1368.0000, -155.0000,  0, 0, 0
L 995.0000, 1368.0000, -155.0000,  994.0000, 1347.0000, -155.0000,  0, 0, 0
L 994.0000, 1347.0000, -155.0000,  986.0000, 1346.0000, -155.0000,  0, 0, 0
L 986.0000, 1346.0000, -155.0000,  985.0000, 1317.0000, -155.0000,  0, 0, 0
L 985.0000, 1317.0000, -155.0000,  850.0000, 1317.0000, -155.0000,  0, 0, 0
L 850.0000, 1317.0000, -155.0000,  778.0000, 1316.0000, -120.0000,  0, 0, 0
L 778.0000, 1316.0000, -120.0000,  692.0000, 1315.0000, -119.0000,  0, 0, 0
L 692.0000, 1315.0000, -119.0000,  692.0000, 1327.0000, -117.0000,  0, 0, 0
L 692.0000, 1327.0000, -117.0000,  611.0000, 1327.0000, -116.0000,  0, 0, 0
L 611.0000, 1327.0000, -116.0000,  611.0000, 1317.0000, -116.0000,  0, 0, 0
L 611.0000, 1317.0000, -116.0000,  589.0000, 1317.0000, -116.0000,  0, 0, 0
L 589.0000, 1317.0000, -116.0000,  588.0000, 1326.0000, -116.0000,  0, 0, 0
L 588.0000, 1326.0000, -116.0000,  493.0000, 1326.0000, -115.0000,  0, 0, 0
L 493.0000, 1326.0000, -115.0000,  493.0000, 1232.0000, -115.0000,  0, 0, 0
L 493.0000, 1232.0000, -115.0000,  503.0000, 1231.0000, -115.0000,  0, 0, 0
L 503.0000, 1231.0000, -115.0000,  502.0000, 1210.0000, -115.0000,  0, 0, 0
L 502.0000, 1210.0000, -115.0000,  498.0000, 1210.0000, -115.0000,  0, 0, 0
L 498.0000, 1210.0000, -115.0000,  497.0000, 1167.0000, -115.0000,  0, 0, 0
L 497.0000, 1167.0000, -115.0000,  497.0000, 1076.0000, -79.0000,  0, 0, 0
L 497.0000, 1076.0000, -79.0000,  497.0000, 1047.0000, -79.0000,  0, 0, 0
L 497.0000, 1047.0000, -79.0000,  505.0000, 1047.0000, -79.0000,  0, 0, 0
L 505.0000, 1047.0000, -79.0000,  505.0000, 1033.0000, -79.0000,  0, 0, 0
L 505.0000, 1033.0000, -79.0000,  495.0000, 1033.0000, -79.0000,  0, 0, 0
L 495.0000, 1033.0000, -79.0000,  494.0000, 986.0000, -79.0000,  0, 0, 0
L 494.0000, 986.0000, -79.0000,  449.0000, 986.0000, -79.0000,  0, 0, 0
L 449.0000, 986.0000, -79.0000,  449.0000, 976.0000, -79.0000,  0, 0, 0
L 449.0000, 976.0000, -79.0000,  427.0000, 976.0000, -79.0000,  0, 0, 0
L 427.0000, 976.0000, -79.0000,  426.0000, 977.0000, -79.0000,  0, 0, 0
L 426.0000, 977.0000, -79.0000,  426.0000, 985.0000, -79.0000,  0, 0, 0
L 426.0000, 985.0000, -79.0000,  352.0000, 985.0000, -79.0000,  0, 0, 0
L 352.0000, 985.0000, -79.0000,  352.0000, 975.0000, -79.0000,  0, 0, 0
L 352.0000, 975.0000, -79.0000,  137.0000, 976.0000, -79.0000,  0, 0, 0
L 137.0000, 976.0000, -79.0000,  136.0000, 1019.0000, -78.0000,  0, 0, 0
L 136.0000, 1019.0000, -78.0000,  96.0000, 1016.0000, -78.0000,  0, 0, 0
L 96.0000, 1016.0000, -78.0000,  93.0000, 1006.0000, -78.0000,  0, 0, 0
L 93.0000, 1006.0000, -78.0000,  78.0000, 1001.0000, -78.0000,  0, 0, 0
L 78.0000, 1001.0000, -78.0000,  71.0000, 1003.0000, -78.0000,  0, 0, 0
L 71.0000, 1003.0000, -78.0000,  62.0000, 1016.0000, -78.0000,  0, 0, 0
L 62.0000, 1016.0000, -78.0000,  23.0000, 1015.0000, -78.0000,  0, 0, 0
L 23.0000, 1015.0000, -78.0000,  23.0000, 976.0000, -78.0000,  0, 0, 0
L 23.0000, 976.0000, -78.0000,  -64.0000, 975.0000, -78.0000,  0, 0, 0
L -64.0000, 975.0000, -78.0000,  -63.0000, 1017.0000, -75.0000,  0, 0, 0
L -63.0000, 1017.0000, -75.0000,  -178.0000, 1018.0000, -75.0000,  0, 0, 0
L -178.0000, 1018.0000, -75.0000,  -178.0000, 1012.0000, -75.0000,  0, 0, 0
L -178.0000, 1012.0000, -75.0000,  -176.0000, 1012.0000, -75.0000,  0, 0, 0
L -176.0000, 1012.0000, -75.0000,  -175.0000, 1011.0000, -75.0000,  0, 0, 0
L -175.0000, 1011.0000, -75.0000,  -175.0000, 990.0000, -75.0000,  0, 0, 0
L -175.0000, 990.0000, -75.0000,  -97.0000, 989.0000, -75.0000,  0, 0, 0
L -97.0000, 989.0000, -75.0000,  -94.0000, 977.0000, -75.0000,  0, 0, 0
L -94.0000, 977.0000, -75.0000,  -175.0000, 975.0000, -97.0000,  0, 0, 0
L -175.0000, 975.0000, -97.0000,  -308.0000, 974.0000, -111.0000,  0, 0, 0
L -308.0000, 974.0000, -111.0000,  -308.0000, 982.0000, -111.0000,  0, 0, 0
L -308.0000, 982.0000, -111.0000,  -393.0000, 982.0000, -112.0000,  0, 0, 0
L -393.0000, 982.0000, -112.0000,  -394.0000, 975.0000, -112.0000,  0, 0, 0
L -394.0000, 975.0000, -112.0000,  -407.0000, 976.0000, -112.0000,  0, 0, 0
L -407.0000, 976.0000, -112.0000,  -407.0000, 985.0000, -112.0000,  0, 0, 0
L -407.0000, 985.0000, -112.0000,  -454.0000, 985.0000, -112.0000,  0, 0, 0
L -454.0000, 985.0000, -112.0000,  -455.0000, 1010.0000, -112.0000,  0, 0, 0
L -455.0000, 1010.0000, -112.0000,  -462.0000, 1010.0000, -112.0000,  0, 0, 0
L -462.0000, 1010.0000, -112.0000,  -463.0000, 1034.0000, -112.0000,  0, 0, 0
L -463.0000, 1034.0000, -112.0000,  -458.0000, 1034.0000, -112.0000,  0, 0, 0
L -458.0000, 1034.0000, -112.0000,  -456.0000, 1086.0000, -118.0000,  0, 0, 0
L -456.0000, 1086.0000, -118.0000,  -455.0000, 1177.0000, -134.0000,  0, 0, 0
L -455.0000, 1177.0000, -134.0000,  -463.0000, 1177.0000, -135.0000,  0, 0, 0
L -463.0000, 1177.0000, -135.0000,  -459.0000, 1290.0000, -144.0000,  0, 0, 0
L -459.0000, 1290.0000, -144.0000,  -464.0000, 1290.0000, -144.0000,  0, 0, 0
L -464.0000, 1290.0000, -144.0000,  -465.0000, 1386.0000, -150.0000,  0, 0, 0
L -465.0000, 1386.0000, -150.0000,  -425.0000, 1385.0000, -150.0000,  0, 0, 0
L -425.0000, 1385.0000, -150.0000,  -423.0000, 1423.0000, -150.0000,  0, 0, 0
L -423.0000, 1423.0000, -150.0000,  -393.0000, 1424.0000, -150.0000,  0, 0, 0
L -393.0000, 1424.0000, -150.0000,  -247.0000, 1424.0000, -188.0000,  0, 0, 0
L -247.0000, 1424.0000, -188.0000,  -144.0000, 1423.0000, -194.0000,  0, 0, 0
L -144.0000, 1423.0000, -194.0000,  -145.0000, 1544.0000, -194.0000,  0, 0, 0
L -145.0000, 1544.0000, -194.0000,  14.0000, 1546.0000, -194.0000,  0, 0, 0
L 14.0000, 1546.0000, -194.0000,  13.0000, 1613.0000, -194.0000,  0, 0, 0
L 13.0000, 1613.0000, -194.0000,  1.0000, 1624.0000, -195.0000,  0, 0, 0
L 1.0000, 1624.0000, -195.0000,  12.0000, 1653.0000, -195.0000,  0, 0, 0
L 12.0000, 1653.0000, -195.0000,  14.0000, 2024.0000, -195.0000,  0, 0, 0
L 14.0000, 2024.0000, -195.0000,  6.0000, 2024.0000, -195.0000,  0, 0, 0
L 6.0000, 2024.0000, -195.0000,  6.0000, 2011.0000, -195.0000,  0, 0, 0
L 6.0000, 2011.0000, -195.0000,  -78.0000, 2011.0000, -195.0000,  0, 0, 0
L -78.0000, 2011.0000, -195.0000,  -78.0000, 2033.0000, -195.0000,  0, 0, 0
L -77.0000, 2036.0000, -195.0000,  -77.0000, 2055.0000, -197.0000,  0, 0, 0
L -77.0000, 2055.0000, -197.0000,  -17.0000, 2055.0000, -197.0000,  0, 0, 0
L -17.0000, 2055.0000, -197.0000,  -16.0000, 2056.0000, -197.0000,  0, 0, 0
L -16.0000, 2056.0000, -197.0000,  -15.0000, 2085.0000, -197.0000,  0, 0, 0
L -15.0000, 2085.0000, -197.0000,  -5.0000, 2086.0000, -197.0000,  0, 0, 0
L -5.0000, 2086.0000, -197.0000,  -5.0000, 2135.0000, -195.0000,  0, 0, 0
L -5.0000, 2135.0000, -195.0000,  -33.0000, 2135.0000, -195.0000,  0, 0, 0
L -33.0000, 2135.0000, -195.0000,  -33.0000, 2133.0000, -195.0000,  0, 0, 0
L -33.0000, 2133.0000, -195.0000,  -34.0000, 2132.0000, -195.0000,  0, 0, 0
L -34.0000, 2132.0000, -195.0000,  -110.0000, 2133.0000, -195.0000,  0, 0, 0
L -110.0000, 2133.0000, -195.0000,  -110.0000, 2135.0000, -195.0000,  0, 0, 0
L -110.0000, 2135.0000, -195.0000,  -129.0000, 2135.0000, -195.0000,  0, 0, 0
L -129.0000, 2135.0000, -195.0000,  -128.0000, 2025.0000, -195.0000,  0, 0, 0
L -128.0000, 2025.0000, -195.0000,  -99.0000, 2025.0000, -195.0000,  0, 0, 0
L -99.0000, 2025.0000, -195.0000,  -98.0000, 2026.0000, -195.0000,  0, 0, 0
L -98.0000, 2026.0000, -195.0000,  -91.0000, 2026.0000, -195.0000,  0, 0, 0
L -91.0000, 2026.0000, -195.0000,  -92.0000, 2010.0000, -195.0000,  0, 0, 0
L -92.0000, 2010.0000, -195.0000,  -142.0000, 2011.0000, -195.0000,  0, 0, 0
L -142.0000, 2011.0000, -195.0000,  -141.0000, 2019.0000, -195.0000,  0, 0, 0
L -141.0000, 2019.0000, -195.0000,  -141.0000, 2145.0000, -159.0000,  0, 0, 0
L -141.0000, 2145.0000, -159.0000,  -109.0000, 2147.0000, -156.0000,  0, 0, 0
L -109.0000, 2147.0000, -156.0000,  -1.0000, 2145.0000, -155.0000,  0, 0, 0
L -1.0000, 2145.0000, -155.0000,  -1.0000, 2179.0000, -155.0000,  0, 0, 0
L -1.0000, 2179.0000, -155.0000,  -318.0000, 2177.0000, -153.0000,  0, 0, 0
L -318.0000, 2177.0000, -153.0000,  -319.0000, 2141.0000, -153.0000,  0, 0, 0
L -319.0000, 2141.0000, -153.0000,  -292.0000, 2141.0000, -153.0000,  0, 0, 0
L -292.0000, 2141.0000, -153.0000,  -291.0000, 2142.0000, -153.0000,  0, 0, 0
L -291.0000, 2142.0000, -153.0000,  -287.0000, 2142.0000, -153.0000,  0, 0, 0
L -287.0000, 2142.0000, -153.0000,  -287.0000, 2134.0000, -153.0000,  0, 0, 0
L -287.0000, 2134.0000, -153.0000,  -310.0000, 2134.0000, -153.0000,  0, 0, 0
L -310.0000, 2134.0000, -153.0000,  -309.0000, 2025.0000, -153.0000,  0, 0, 0
L -309.0000, 2025.0000, -153.0000,  -221.0000, 2025.0000, -153.0000,  0, 0, 0
L -221.0000, 2025.0000, -153.0000,  -222.0000, 2062.0000, -153.0000,  0, 0, 0
L -222.0000, 2062.0000, -153.0000,  -216.0000, 2061.0000, -153.0000,  0, 0, 0
L -216.0000, 2061.0000, -153.0000,  -215.0000, 2053.0000, -153.0000,  0, 0, 0
L -215.0000, 2053.0000, -153.0000,  -195.0000, 2052.0000, -153.0000,  0, 0, 0
L -195.0000, 2052.0000, -153.0000,  -196.0000, 2045.0000, -153.0000,  0, 0, 0
L -196.0000, 2045.0000, -153.0000,  -216.0000, 2045.0000, -153.0000,  0, 0, 0
L -216.0000, 2045.0000, -153.0000,  -216.0000, 2025.0000, -153.0000,  0, 0, 0
L -216.0000, 2025.0000, -153.0000,  -185.0000, 2025.0000, -151.0000,  0, 0, 0
L -185.0000, 2025.0000, -151.0000,  -187.0000, 2051.0000, -151.0000,  0, 0, 0
L -187.0000, 2051.0000, -151.0000,  -186.0000, 2052.0000, -151.0000,  0, 0, 0
L -186.0000, 2052.0000, -151.0000,  -185.0000, 2098.0000, -151.0000,  0, 0, 0
L -185.0000, 2098.0000, -151.0000,  -217.0000, 2096.0000, -151.0000,  0, 0, 0
L -217.0000, 2096.0000, -151.0000,  -218.0000, 2069.0000, -151.0000,  0, 0, 0
L -218.0000, 2069.0000, -151.0000,  -221.0000, 2070.0000, -151.0000,  0, 0, 0
L -221.0000, 2070.0000, -151.0000,  -221.0000, 2105.0000, -151.0000,  0, 0, 0
L -221.0000, 2105.0000, -151.0000,  -216.0000, 2107.0000, -151.0000,  0, 0, 0
L -216.0000, 2107.0000, -151.0000,  -215.0000, 2102.0000, -151.0000,  0, 0, 0
L -215.0000, 2102.0000, -151.0000,  -185.0000, 2103.0000, -151.0000,  0, 0, 0
L -185.0000, 2103.0000, -151.0000,  -185.0000, 2135.0000, -151.0000,  0, 0, 0
L -185.0000, 2135.0000, -151.0000,  -217.0000, 2135.0000, -151.0000,  0, 0, 0
L -217.0000, 2135.0000, -151.0000,  -217.0000, 2114.0000, -151.0000,  0, 0, 0
L -217.0000, 2114.0000, -151.0000,  -221.0000, 2114.0000, -151.0000,  0, 0, 0
L -221.0000, 2114.0000, -151.0000,  -222.0000, 2135.0000, -151.0000,  0, 0, 0
L -222.0000, 2135.0000, -151.0000,  -268.0000, 2135.0000, -151.0000,  0, 0, 0
L -268.0000, 2135.0000, -151.0000,  -268.0000, 2134.0000, -151.0000,  0, 0, 0
L -268.0000, 2134.0000, -151.0000,  -272.0000, 2133.0000, -151.0000,  0, 0, 0
L -272.0000, 2133.0000, -151.0000,  -273.0000, 2146.0000, -151.0000,  0, 0, 0
L -273.0000, 2146.0000, -151.0000,  -177.0000, 2143.0000, -151.0000,  0, 0, 0
L -177.0000, 2143.0000, -151.0000,  -176.0000, 2060.0000, -181.0000,  0, 0, 0
L -176.0000, 2060.0000, -181.0000,  -175.0000, 2018.0000, -187.0000,  0, 0, 0
L -175.0000, 2018.0000, -187.0000,  -175.0000, 2017.0000, -188.0000,  0, 0, 0
L -175.0000, 2017.0000, -188.0000,  -175.0000, 2014.0000, -189.0000,  0, 0, 0
L -175.0000, 2014.0000, -189.0000,  -230.0000, 2014.0000, -190.0000,  0, 0, 0
L -230.0000, 2014.0000, -190.0000,  -229.0000, 2033.0000, -190.0000,  0, 0, 0
L -229.0000, 2033.0000, -190.0000,  -190.0000, 2033.0000, -190.0000,  0, 0, 0
L -190.0000, 2033.0000, -190.0000,  -189.0000, 2132.0000, -190.0000,  0, 0, 0
L -189.0000, 2132.0000, -190.0000,  -310.0000, 2132.0000, -190.0000,  0, 0, 0
L -310.0000, 2132.0000, -190.0000,  -309.0000, 2026.0000, -190.0000,  0, 0, 0
L -309.0000, 2026.0000, -190.0000,  -242.0000, 2027.0000, -190.0000,  0, 0, 0
L -242.0000, 2027.0000, -190.0000,  -241.0000, 2015.0000, -190.0000,  0, 0, 0
L -241.0000, 2015.0000, -190.0000,  -314.0000, 2013.0000, -195.0000,  0, 0, 0
L -314.0000, 2013.0000, -195.0000,  -321.0000, 2015.0000, -195.0000,  0, 0, 0
L -321.0000, 2015.0000, -195.0000,  -321.0000, 2023.0000, -195.0000,  0, 0, 0
L -321.0000, 2023.0000, -195.0000,  -339.0000, 2021.0000, -195.0000,  0, 0, 0
L -339.0000, 2021.0000, -195.0000,  -340.0000, 1964.0000, -195.0000,  0, 0, 0
L -340.0000, 1964.0000, -195.0000,  -334.0000, 1964.0000, -195.0000,  0, 0, 0
L -334.0000, 1964.0000, -195.0000,  -333.0000, 1648.0000, -195.0000,  0, 0, 0
L -333.0000, 1648.0000, -195.0000,  -322.0000, 1635.0000, -196.0000,  0, 0, 0
L -322.0000, 1635.0000, -196.0000,  -332.0000, 1613.0000, -196.0000,  0, 0, 0
L -332.0000, 1613.0000, -196.0000,  -334.0000, 1613.0000, -196.0000,  0, 0, 0
L -334.0000, 1613.0000, -196.0000,  -335.0000, 1588.0000, -196.0000,  0, 0, 0
L -335.0000, 1588.0000, -196.0000,  -340.0000, 1587.0000, -196.0000,  0, 0, 0
L -340.0000, 1587.0000, -196.0000,  -340.0000, 1586.0000, -195.0000,  0, 0, 0
L -340.0000, 1586.0000, -195.0000,  -340.0000, 1545.0000, -194.0000,  0, 0, 0
L -340.0000, 1545.0000, -194.0000,  -176.0000, 1544.0000, -194.0000,  0, 0, 0
L -176.0000, 1544.0000, -194.0000,  -177.0000, 1455.0000, -194.0000,  0, 0, 0
L -177.0000, 1455.0000, -194.0000,  -282.0000, 1457.0000, -190.0000,  0, 0, 0
L -282.0000, 1457.0000, -190.0000,  -330.0000, 1457.0000, -166.0000,  0, 0, 0
L -330.0000, 1457.0000, -166.0000,  -360.0000, 1456.0000, -159.0000,  0, 0, 0
L -360.0000, 1456.0000, -159.0000,  -425.0000, 1455.0000, -159.0000,  0, 0, 0
L -425.0000, 1455.0000, -159.0000,  -423.0000, 1496.0000, -157.0000,  0, 0, 0
L -423.0000, 1496.0000, -157.0000,  -424.0000, 1497.0000, -156.0000,  0, 0, 0
L -424.0000, 1497.0000, -156.0000,  -467.0000, 1497.0000, -156.0000,  0, 0, 0
L -467.0000, 1497.0000, -156.0000,  -464.0000, 1588.0000, -156.0000,  0, 0, 0
L -464.0000, 1588.0000, -156.0000,  -422.0000, 1585.0000, -156.0000,  0, 0, 0
L -422.0000, 1585.0000, -156.0000,  -421.0000, 1593.0000, -156.0000,  0, 0, 0
L -421.0000, 1593.0000, -156.0000,  -421.0000, 1599.0000, -153.0000,  0, 0, 0
L -421.0000, 1599.0000, -153.0000,  -424.0000, 1696.0000, -153.0000,  0, 0, 0
L -424.0000, 1696.0000, -153.0000,  -458.0000, 1696.0000, -153.0000,  0, 0, 0
L -458.0000, 1696.0000, -153.0000,  -480.0000, 1681.0000, -154.0000,  0, 0, 0
L -480.0000, 1681.0000, -154.0000,  -486.0000, 1681.0000, -154.0000,  0, 0, 0
L -486.0000, 1681.0000, -154.0000,  -503.0000, 1697.0000, -154.0000,  0, 0, 0
L -503.0000, 1697.0000, -154.0000,  -537.0000, 1696.0000, -154.0000,  0, 0, 0
L -537.0000, 1696.0000, -154.0000,  -536.0000, 1584.0000, -154.0000,  0, 0, 0
L -536.0000, 1584.0000, -154.0000,  -497.0000, 1585.0000, -154.0000,  0, 0, 0
L -497.0000, 1585.0000, -154.0000,  -495.0000, 1498.0000, -154.0000,  0, 0, 0
L -495.0000, 1498.0000, -154.0000,  -535.0000, 1496.0000, -154.0000,  0, 0, 0
L -535.0000, 1496.0000, -154.0000,  -536.0000, 1456.0000, -154.0000,  0, 0, 0
L -536.0000, 1456.0000, -154.0000,  -625.0000, 1457.0000, -154.0000,  0, 0, 0
L -625.0000, 1457.0000, -154.0000,  -625.0000, 1495.0000, -154.0000,  0, 0, 0
L -625.0000, 1495.0000, -154.0000,  -735.0000, 1498.0000, -154.0000,  0, 0, 0
L -735.0000, 1498.0000, -154.0000,  -735.0000, 1459.0000, -154.0000,  0, 0, 0
L -735.0000, 1459.0000, -154.0000,  -721.0000, 1446.0000, -154.0000,  0, 0, 0
L -721.0000, 1446.0000, -154.0000,  -723.0000, 1429.0000, -154.0000,  0, 0, 0
L -723.0000, 1429.0000, -154.0000,  -738.0000, 1415.0000, -154.0000,  0, 0, 0
L -738.0000, 1415.0000, -154.0000,  -738.0000, 1384.0000, -154.0000,  0, 0, 0
L -738.0000, 1384.0000, -154.0000,  -622.0000, 1386.0000, -154.0000,  0, 0, 0
L -622.0000, 1386.0000, -154.0000,  -623.0000, 1423.0000, -154.0000,  0, 0, 0
L -623.0000, 1423.0000, -154.0000,  -536.0000, 1423.0000, -154.0000,  0, 0, 0
L -536.0000, 1423.0000, -154.0000,  -537.0000, 1384.0000, -154.0000,  0, 0, 0
L -537.0000, 1384.0000, -154.0000,  -495.0000, 1384.0000, -154.0000,  0, 0, 0
L -495.0000, 1384.0000, -154.0000,  -497.0000, 1292.0000, -154.0000,  0, 0, 0
L -497.0000, 1292.0000, -154.0000,  -500.0000, 1291.0000, -154.0000,  0, 0, 0
L -500.0000, 1291.0000, -154.0000,  -501.0000, 1206.0000, -154.0000,  0, 0, 0
L -501.0000, 1206.0000, -154.0000,  -495.0000, 1205.0000, -154.0000,  0, 0, 0
L -495.0000, 1205.0000, -154.0000,  -495.0000, 1190.0000, -154.0000,  0, 0, 0
L -495.0000, 1190.0000, -154.0000,  -501.0000, 1190.0000, -154.0000,  0, 0, 0
L -501.0000, 1190.0000, -154.0000,  -502.0000, 1149.0000, -154.0000,  0, 0, 0
L -502.0000, 1149.0000, -154.0000,  -503.0000, 1067.0000, -119.0000,  0, 0, 0
L -503.0000, 1067.0000, -119.0000,  -502.0000, 1027.0000, -119.0000,  0, 0, 0
L -502.0000, 1027.0000, -119.0000,  -497.0000, 1027.0000, -119.0000,  0, 0, 0
L -497.0000, 1027.0000, -119.0000,  -496.0000, 1012.0000, -119.0000,  0, 0, 0
L -496.0000, 1012.0000, -119.0000,  -498.0000, 1011.0000, -119.0000,  0, 0, 0
L -498.0000, 1011.0000, -119.0000,  -507.0000, 1010.0000, -119.0000,  0, 0, 0
L -507.0000, 1010.0000, -119.0000,  -506.0000, 933.0000, -116.0000,  0, 0, 0
L -506.0000, 933.0000, -116.0000,  -410.0000, 934.0000, -116.0000,  0, 0, 0
L -410.0000, 934.0000, -116.0000,  -410.0000, 942.0000, -116.0000,  0, 0, 0
L -410.0000, 942.0000, -116.0000,  -388.0000, 943.0000, -116.0000,  0, 0, 0
L -388.0000, 943.0000, -116.0000,  -388.0000, 938.0000, -116.0000,  0, 0, 0
L -388.0000, 938.0000, -116.0000,  -309.0000, 937.0000, -116.0000,  0, 0, 0
L -309.0000, 937.0000, -116.0000,  -309.0000, 945.0000, -116.0000,  0, 0, 0
L -309.0000, 945.0000, -116.0000,  -107.0000, 945.0000, -85.0000,  0, 0, 0
L -107.0000, 945.0000, -85.0000,  -95.0000, 945.0000, -79.0000,  0, 0, 0
L -95.0000, 945.0000, -79.0000,  -95.0000, 931.0000, -77.0000,  0, 0, 0
L -95.0000, 931.0000, -77.0000,  -173.0000, 931.0000, -75.0000,  0, 0, 0
L -173.0000, 931.0000, -75.0000,  -173.0000, 901.0000, -75.0000,  0, 0, 0
L -173.0000, 901.0000, -75.0000,  -64.0000, 902.0000, -75.0000,  0, 0, 0
L -64.0000, 902.0000, -75.0000,  -65.0000, 942.0000, -75.0000,  0, 0, 0
L -65.0000, 942.0000, -75.0000,  -64.0000, 942.0000, -75.0000,  0, 0, 0
L -64.0000, 942.0000, -75.0000,  -21.0000, 942.0000, -75.0000,  0, 0, 0
L -21.0000, 942.0000, -75.0000,  -19.0000, 942.0000, -74.0000,  0, 0, 0
L -19.0000, 942.0000, -74.0000,  24.0000, 943.0000, -72.0000,  0, 0, 0
L 24.0000, 943.0000, -72.0000,  24.0000, 902.0000, -72.0000,  0, 0, 0
L 24.0000, 902.0000, -72.0000,  64.0000, 902.0000, -72.0000,  0, 0, 0
L 64.0000, 902.0000, -72.0000,  64.0000, 736.0000, -72.0000,  0, 0, 0
L 64.0000, 736.0000, -72.0000,  24.0000, 735.0000, -72.0000,  0, 0, 0
L 24.0000, 735.0000, -72.0000,  23.0000, 696.0000, -72.0000,  0, 0, 0
L 23.0000, 696.0000, -72.0000,  -176.0000, 697.0000, -72.0000,  0, 0, 0
L -176.0000, 697.0000, -72.0000,  -177.0000, 696.0000, -72.0000,  0, 0, 0
L -177.0000, 696.0000, -72.0000,  -177.0000, 578.0000, -72.0000,  0, 0, 0
L -177.0000, 578.0000, -72.0000,  -176.0000, 490.0000, -39.0000,  0, 0, 0
L -176.0000, 490.0000, -39.0000,  -190.0000, 491.0000, -39.0000,  0, 0, 0
L -190.0000, 491.0000, -39.0000,  -190.0000, 579.0000, -33.0000,  0, 0, 0
L -190.0000, 579.0000, -33.0000,  -218.0000, 577.0000, -33.0000,  0, 0, 0
L -218.0000, 577.0000, -33.0000,  -217.0000, 464.0000, -33.0000,  0, 0, 0
L -217.0000, 464.0000, -33.0000,  -183.0000, 465.0000, -33.0000,  0, 0, 0
L -183.0000, 465.0000, -33.0000,  -176.0000, 467.0000, -33.0000,  0, 0, 0
L -176.0000, 467.0000, -33.0000,  -177.0000, 343.0000, -33.0000,  0, 0, 0
L -177.0000, 343.0000, -33.0000,  -54.0000, 344.0000, -33.0000,  0, 0, 0
L -54.0000, 344.0000, -33.0000,  -54.0000, 336.0000, -33.0000,  0, 0, 0
L -54.0000, 336.0000, -33.0000,  -5.0000, 336.0000, -33.0000,  0, 0, 0
L -5.0000, 336.0000, -33.0000,  -4.0000, 288.0000, -33.0000,  0, 0, 0
L -4.0000, 288.0000, -33.0000,  2.0000, 289.0000, -33.0000,  0, 0, 0
L 2.0000, 289.0000, -33.0000,  3.0000, 273.0000, -33.0000,  0, 0, 0
L 3.0000, 273.0000, -33.0000,  -2.0000, 273.0000, -33.0000,  0, 0, 0
L -2.0000, 273.0000, -33.0000,  -2.0000, 239.0000, -33.0000,  0, 0, 0
L -2.0000, 239.0000, -33.0000,  -1.0000, 108.0000, 1.0000,  0, 0, 0
L -1.0000, 108.0000, 1.0000,  5.0000, 108.0000, 1.0000,  0, 0, 0
L 5.0000, 108.0000, 1.0000,  4.0000, 90.0000, 1.0000,  0, 0, 0
L 4.0000, 90.0000, 1.0000,  -5.0000, 89.0000, 1.0000,  0, 0, 0
L -5.0000, 89.0000, 1.0000,  -6.0000, 45.0000, 1.0000,  0, 0, 0
L -6.0000, 45.0000, 1.0000,  -50.0000, 44.0000, 1.0000,  0, 0, 0
L 1048.0000, 1271.0000, -154.0000,  1048.0000, 1248.0000, -156.0000,  127, 127, 127
L 1048.0000, 1248.0000, -156.0000,  1049.0000, 1247.0000, -156.0000,  127, 127, 127
L 1049.0000, 1247.0000, -156.0000,  1046.0000, 1230.0000, -159.0000,  127, 127, 127
L 1046.0000, 1230.0000, -159.0000,  1096.0000, 1149.0000, -159.0000,  127, 127, 127
L 1096.0000, 1149.0000, -159.0000,  1140.0000, 1115.0000, -159.0000,  127, 127, 127
L 1140.0000, 1115.0000, -159.0000,  1162.0000, 1106.0000, -159.0000,  127, 127, 127
L 1162.0000, 1106.0000, -159.0000,  1165.0000, 1071.0000, -159.0000,  127, 127, 127
L 1165.0000, 1071.0000, -159.0000,  1171.0000, 1072.0000, -158.0000,  127, 127, 127
L 1171.0000, 1072.0000, -158.0000,  1170.0000, 1093.0000, -167.0000,  127, 127, 127
L 1170.0000, 1093.0000, -167.0000,  1171.0000, 1102.0000, -175.0000,  127, 127, 127
L 1171.0000, 1102.0000, -175.0000,  1170.0000, 1117.0000, -181.0000,  127, 127, 127
L 1170.0000, 1117.0000, -181.0000,  1136.0000, 1126.0000, -183.0000,  127, 127, 127
L 1136.0000, 1126.0000, -183.0000,  1066.0000, 1194.0000, -183.0000,  127, 127, 127
L 1066.0000, 1194.0000, -183.0000,  1054.0000, 1389.0000, -183.0000,  127, 127, 127
L 1054.0000, 1389.0000, -183.0000,  1136.0000, 1480.0000, -183.0000,  127, 127, 127
L 1136.0000, 1480.0000, -183.0000,  1166.0000, 1490.0000, -183.0000,  127, 127, 127
L 1166.0000, 1490.0000, -183.0000,  1167.0000, 1471.0000, -187.0000,  127, 127, 127
L 1167.0000, 1471.0000, -187.0000,  1170.0000, 1470.0000, -187.0000,  127, 127, 127
L 1170.0000, 1470.0000, -187.0000,  1171.0000, 1471.0000, -187.0000,  127, 127, 127
L 1171.0000, 1471.0000, -187.0000,  1172.0000, 1480.0000, -186.0000,  127, 127, 127
L 1172.0000, 1480.0000, -186.0000,  1170.0000, 1525.0000, -163.0000,  127, 127, 127
L 1170.0000, 1525.0000, -163.0000,  1169.0000, 1529.0000, -159.0000,  127, 127, 127
L 1169.0000, 1529.0000, -159.0000,  1165.0000, 1529.0000, -158.0000,  127, 127, 127
L 1165.0000, 1529.0000, -158.0000,  1164.0000, 1503.0000, -159.0000,  127, 127, 127
L 1164.0000, 1503.0000, -159.0000,  1126.0000, 1476.0000, -159.0000,  127, 127, 127
L 1126.0000, 1476.0000, -159.0000,  1055.0000, 1403.0000, -158.0000,  127, 127, 127
L 1055.0000, 1403.0000, -158.0000,  1048.0000, 1271.0000, -158.0000,  127, 127, 127
L 1097.0000, 1255.0000, -186.0000,  1110.0000, 1229.0000, -189.0000,  127, 127, 127
L 1110.0000, 1229.0000, -189.0000,  1174.0000, 1164.0000, -189.0000,  127, 127, 127
L 1174.0000, 1164.0000, -189.0000,  1268.0000, 1159.0000, -189.0000,  127, 127, 127
L 1268.0000, 1159.0000, -189.0000,  1315.0000, 1168.0000, -189.0000,  127, 127, 127
L 1315.0000, 1168.0000, -189.0000,  1364.0000, 1216.0000, -189.0000,  127, 127, 127
L 1364.0000, 1216.0000, -189.0000,  1373.0000, 1244.0000, -189.0000,  127, 127, 127
L 1373.0000, 1244.0000, -189.0000,  1323.0000, 1244.0000, -189.0000,  127, 127, 127
L 1323.0000, 1244.0000, -189.0000,  1323.0000, 1288.0000, -189.0000,  127, 127, 127
L 1323.0000, 1288.0000, -189.0000,  1355.0000, 1289.0000, -191.0000,  127, 127, 127
L 1355.0000, 1289.0000, -191.0000,  1406.0000, 1288.0000, -216.0000,  127, 127, 127
L 1406.0000, 1288.0000, -216.0000,  1411.0000, 1288.0000, -216.0000,  127, 127, 127
L 1411.0000, 1288.0000, -216.0000,  1411.0000, 1292.0000, -216.0000,  127, 127, 127
L 1411.0000, 1292.0000, -216.0000,  1332.0000, 1294.0000, -253.0000,  127, 127, 127
L 1332.0000, 1294.0000, -253.0000,  1331.0000, 1308.0000, -254.0000,  127, 127, 127
L 1331.0000, 1308.0000, -254.0000,  1410.0000, 1308.0000, -218.0000,  127, 127, 127
L 1410.0000, 1308.0000, -218.0000,  1411.0000, 1309.0000, -217.0000,  127, 127, 127
L 1411.0000, 1309.0000, -217.0000,  1411.0000, 1310.0000, -217.0000,  127, 127, 127
L 1411.0000, 1310.0000, -217.0000,  1410.0000, 1311.0000, -216.0000,  127, 127, 127
L 1410.0000, 1311.0000, -216.0000,  1351.0000, 1312.0000, -192.0000,  127, 127, 127
L 1351.0000, 1312.0000, -192.0000,  1321.0000, 1311.0000, -188.0000,  127, 127, 127
L 1321.0000, 1311.0000, -188.0000,  1322.0000, 1358.0000, -188.0000,  127, 127, 127
L 1322.0000, 1358.0000, -188.0000,  1379.0000, 1358.0000, -188.0000,  127, 127, 127
L 1379.0000, 1358.0000, -188.0000,  1367.0000, 1378.0000, -189.0000,  127, 127, 127
L 1367.0000, 1378.0000, -189.0000,  1311.0000, 1431.0000, -190.0000,  127, 127, 127
L 1311.0000, 1431.0000, -190.0000,  1290.0000, 1439.0000, -188.0000,  127, 127, 127
L 1290.0000, 1439.0000, -188.0000,  1193.0000, 1438.0000, -188.0000,  127, 127, 127
L 1193.0000, 1438.0000, -188.0000,  1174.0000, 1433.0000, -188.0000,  127, 127, 127
L 1174.0000, 1433.0000, -188.0000,  1149.0000, 1416.0000, -189.0000,  127, 127, 127
L 1149.0000, 1416.0000, -189.0000,  1105.0000, 1361.0000, -189.0000,  127, 127, 127
L 1105.0000, 1361.0000, -189.0000,  1092.0000, 1279.0000, -189.0000,  127, 127, 127
L 1092.0000, 1279.0000, -189.0000,  1097.0000, 1255.0000, -189.0000,  127, 127, 127
L 1225.0000, 1141.0000, -247.0000,  1225.0000, 1085.0000, -249.0000,  127, 64, 0
L 1225.0000, 1085.0000, -249.0000,  1226.0000, 1021.0000, -270.0000,  127, 64, 0
L 1226.0000, 1021.0000, -270.0000,  1225.0000, 938.0000, -281.0000,  127, 64, 0
L 1225.0000, 938.0000, -281.0000,  1224.0000, 831.0000, -282.0000,  127, 64, 0
L 1224.0000, 831.0000, -282.0000,  1355.0000, 836.0000, -287.0000,  127, 64, 0
L 1355.0000, 836.0000, -287.0000,  1446.0000, 837.0000, -317.0000,  127, 64, 0
L 1446.0000, 837.0000, -317.0000,  1540.0000, 833.0000, -323.0000,  127, 64, 0
L 1540.0000, 833.0000, -323.0000,  1535.0000, 947.0000, -324.0000,  127, 64, 0
L 1535.0000, 947.0000, -324.0000,  1535.0000, 1102.0000, -361.0000,  127, 64, 0
L 1535.0000, 1102.0000, -361.0000,  1535.0000, 1244.0000, -361.0000,  127, 64, 0
L 1535.0000, 1244.0000, -361.0000,  1553.0000, 1243.0000, -361.0000,  127, 64, 0
L 1553.0000, 1243.0000, -361.0000,  1553.0000, 1292.0000, -361.0000,  127, 64, 0
L 1553.0000, 1292.0000, -361.0000,  1545.0000, 1293.0000, -361.0000,  127, 64, 0
L 1545.0000, 1293.0000, -361.0000,  1545.0000, 1314.0000, -361.0000,  127, 64, 0
L 1545.0000, 1314.0000, -361.0000,  1554.0000, 1312.0000, -361.0000,  127, 64, 0
L 1554.0000, 1312.0000, -361.0000,  1555.0000, 1362.0000, -361.0000,  127, 64, 0
L 1555.0000, 1362.0000, -361.0000,  1536.0000, 1362.0000, -361.0000,  127, 64, 0
L 1536.0000, 1362.0000, -361.0000,  1534.0000, 1533.0000, -361.0000,  127, 64, 0
L 1534.0000, 1533.0000, -361.0000,  1533.0000, 1598.0000, -337.0000,  127, 64, 0
L 1533.0000, 1598.0000, -337.0000,  1535.0000, 1728.0000, -329.0000,  127, 64, 0
L 1535.0000, 1728.0000, -329.0000,  1416.0000, 1724.0000, -329.0000,  127, 64, 0
L 1416.0000, 1724.0000, -329.0000,  1343.0000, 1724.0000, -292.0000,  127, 64, 0
L 1343.0000, 1724.0000, -292.0000,  1224.0000, 1727.0000, -289.0000,  127, 64, 0
L 1224.0000, 1727.0000, -289.0000,  1225.0000, 1679.0000, -289.0000,  127, 64, 0
L 1225.0000, 1679.0000, -289.0000,  1226.0000, 1541.0000, -250.0000,  127, 64, 0
L 1226.0000, 1541.0000, -250.0000,  1225.0000, 1470.0000, -249.0000,  127, 64, 0
L 1255.0000, 1471.0000, -249.0000,  1255.0000, 1535.0000, -249.0000,  127, 64, 0
L 1255.0000, 1535.0000, -249.0000,  1255.0000, 1693.0000, -284.0000,  127, 64, 0
L 1255.0000, 1693.0000, -284.0000,  1327.0000, 1696.0000, -286.0000,  127, 64, 0
L 1327.0000, 1696.0000, -286.0000,  1503.0000, 1697.0000, -322.0000,  127, 64, 0
L 1503.0000, 1697.0000, -322.0000,  1505.0000, 1624.0000, -325.0000,  127, 64, 0
L 1505.0000, 1624.0000, -325.0000,  1507.0000, 1539.0000, -348.0000,  127, 64, 0
L 1507.0000, 1539.0000, -348.0000,  1504.0000, 1364.0000, -360.0000,  127, 64, 0
L 1504.0000, 1364.0000, -360.0000,  1486.0000, 1363.0000, -360.0000,  127, 64, 0
L 1486.0000, 1363.0000, -360.0000,  1486.0000, 1315.0000, -360.0000,  127, 64, 0
L 1486.0000, 1315.0000, -360.0000,  1340.0000, 1314.0000, -364.0000,  127, 64, 0
L 1340.0000, 1314.0000, -364.0000,  1339.0000, 1313.0000, -364.0000,  127, 64, 0
L 1339.0000, 1313.0000, -364.0000,  1325.0000, 1339.0000, -364.0000,  127, 64, 0
L 1325.0000, 1339.0000, -364.0000,  1322.0000, 1372.0000, -364.0000,  127, 64, 0
L 1322.0000, 1372.0000, -364.0000,  1309.0000, 1381.0000, -364.0000,  127, 64, 0
L 1309.0000, 1381.0000, -364.0000,  1171.0000, 1383.0000, -364.0000,  127, 64, 0
L 1171.0000, 1383.0000, -364.0000,  1161.0000, 1370.0000, -364.0000,  127, 64, 0
L 1161.0000, 1370.0000, -364.0000,  1159.0000, 1370.0000, -364.0000,  127, 64, 0
L 1159.0000, 1370.0000, -364.0000,  1158.0000, 1369.0000, -364.0000,  127, 64, 0
L 1158.0000, 1369.0000, -364.0000,  1156.0000, 1231.0000, -367.0000,  127, 64, 0
L 1156.0000, 1231.0000, -367.0000,  1170.0000, 1217.0000, -367.0000,  127, 64, 0
L 1170.0000, 1217.0000, -367.0000,  1309.0000, 1217.0000, -366.0000,  127, 64, 0
L 1309.0000, 1217.0000, -366.0000,  1318.0000, 1226.0000, -366.0000,  127, 64, 0
L 1318.0000, 1226.0000, -366.0000,  1321.0000, 1236.0000, -366.0000,  127, 64, 0
L 1321.0000, 1236.0000, -366.0000,  1322.0000, 1260.0000, -366.0000,  127, 64, 0
L 1322.0000, 1260.0000, -366.0000,  1333.0000, 1285.0000, -366.0000,  127, 64, 0
L 1333.0000, 1285.0000, -366.0000,  1502.0000, 1284.0000, -365.0000,  127, 64, 0
L 1502.0000, 1284.0000, -365.0000,  1492.0000, 1286.0000, -365.0000,  127, 64, 0
L 1492.0000, 1286.0000, -365.0000,  1490.0000, 1285.0000, -365.0000,  127, 64, 0
L 1490.0000, 1285.0000, -365.0000,  1488.0000, 1240.0000, -365.0000,  127, 64, 0
L 1488.0000, 1240.0000, -365.0000,  1504.0000, 1240.0000, -365.0000,  127, 64, 0
L 1504.0000, 1240.0000, -365.0000,  1505.0000, 1061.0000, -363.0000,  127, 64, 0
L 1505.0000, 1061.0000, -363.0000,  1506.0000, 968.0000, -330.0000,  127, 64, 0
L 1506.0000, 968.0000, -330.0000,  1505.0000, 881.0000, -329.0000,  127, 64, 0
L 1505.0000, 881.0000, -329.0000,  1499.0000, 867.0000, -329.0000,  127, 64, 0
L 1499.0000, 867.0000, -329.0000,  1485.0000, 867.0000, -329.0000,  127, 64, 0
L 1485.0000, 867.0000, -329.0000,  1484.0000, 866.0000, -329.0000,  127, 64, 0
L 1484.0000, 866.0000, -329.0000,  1440.0000, 865.0000, -328.0000,  127, 64, 0
L 1440.0000, 865.0000, -328.0000,  1354.0000, 864.0000, -290.0000,  127, 64, 0
L 1354.0000, 864.0000, -290.0000,  1257.0000, 865.0000, -289.0000,  127, 64, 0
L 1257.0000, 865.0000, -289.0000,  1256.0000, 886.0000, -289.0000,  127, 64, 0
L 1256.0000, 886.0000, -289.0000,  1255.0000, 887.0000, -289.0000,  127, 64, 0
L 1255.0000, 887.0000, -289.0000,  1256.0000, 1013.0000, -288.0000,  127, 64, 0
L 1256.0000, 1013.0000, -288.0000,  1259.0000, 1016.0000, -288.0000,  127, 64, 0
L 1259.0000, 1016.0000, -288.0000,  1258.0000, 1085.0000, -253.0000,  127, 64, 0
L 1258.0000, 1085.0000, -253.0000,  1255.0000, 1085.0000, -253.0000,  127, 64, 0
L 1255.0000, 1085.0000, -253.0000,  1256.0000, 1129.0000, -249.0000,  127, 64, 0
L 1199.0000, 1304.0000, -252.0000,  1203.0000, 1317.0000, -254.0000,  127, 64, 0
L 1203.0000, 1317.0000, -254.0000,  1213.0000, 1333.0000, -254.0000,  127, 64, 0
L 1213.0000, 1333.0000, -254.0000,  1224.0000, 1340.0000, -254.0000,  127, 64, 0
L 1224.0000, 1340.0000, -254.0000,  1257.0000, 1341.0000, -254.0000,  127, 64, 0
L 1257.0000, 1341.0000, -254.0000,  1277.0000, 1322.0000, -254.0000,  127, 64, 0
L 1277.0000, 1322.0000, -254.0000,  1283.0000, 1302.0000, -254.0000,  127, 64, 0
L 1283.0000, 1302.0000, -254.0000,  1285.0000, 1302.0000, -254.0000,  127, 64, 0
L 1285.0000, 1302.0000, -254.0000,  1286.0000, 1300.0000, -251.0000,  127, 64, 0
L 1286.0000, 1300.0000, -251.0000,  1263.0000, 1262.0000, -251.0000,  127, 64, 0
L 1263.0000, 1262.0000, -251.0000,  1248.0000, 1257.0000, -251.0000,  127, 64, 0
L 1248.0000, 1257.0000, -251.0000,  1242.0000, 1258.0000, -251.0000,  127, 64, 0
L 1242.0000, 1258.0000, -251.0000,  1241.0000, 1259.0000, -251.0000,  127, 64, 0
L 1241.0000, 1259.0000, -251.0000,  1228.0000, 1261.0000, -251.0000,  127, 64, 0
L 1228.0000, 1261.0000, -251.0000,  1204.0000, 1277.0000, -253.0000,  127, 64, 0
L 1204.0000, 1277.0000, -253.0000,  1198.0000, 1303.0000, -253.0000,  127, 64, 0
L 1224.0000, 1221.0000, -567.0000,  1223.0000, 1209.0000, -565.0000,  59, 46, 0
L 1223.0000, 1209.0000, -565.0000,  1225.0000, 1074.0000, -564.0000,  59, 46, 0
L 1225.0000, 1074.0000, -564.0000,  1209.0000, 1074.0000, -564.0000,  59, 46, 0
L 1209.0000, 1074.0000, -564.0000,  1208.0000, 1021.0000, -564.0000,  59, 46, 0
L 1208.0000, 1021.0000, -564.0000,  1217.0000, 1021.0000, -564.0000,  59, 46, 0
L 1217.0000, 1021.0000, -564.0000,  1217.0000, 1001.0000, -564.0000,  59, 46, 0
L 1217.0000, 1001.0000, -564.0000,  1209.0000, 1001.0000, -564.0000,  59, 46, 0
L 1209.0000, 1001.0000, -564.0000,  1208.0000, 940.0000, -564.0000,  59, 46, 0
L 1208.0000, 940.0000, -564.0000,  1272.0000, 940.0000, -564.0000,  59, 46, 0
L 1272.0000, 940.0000, -564.0000,  1271.0000, 983.0000, -564.0000,  59, 46, 0
L 1271.0000, 983.0000, -564.0000,  1275.0000, 995.0000, -564.0000,  59, 46, 0
L 1275.0000, 995.0000, -564.0000,  1454.0000, 997.0000, -566.0000,  59, 46, 0
L 1454.0000, 997.0000, -566.0000,  1526.0000, 996.0000, -588.0000,  59, 46, 0
L 1526.0000, 996.0000, -588.0000,  1580.0000, 996.0000, -598.0000,  59, 46, 0
L 1580.0000, 996.0000, -598.0000,  1694.0000, 997.0000, -599.0000,  59, 46, 0
L 1694.0000, 997.0000, -599.0000,  1694.0000, 953.0000, -599.0000,  59, 46, 0
L 1694.0000, 953.0000, -599.0000,  1703.0000, 952.0000, -599.0000,  59, 46, 0
L 1703.0000, 952.0000, -599.0000,  1704.0000, 701.0000, -599.0000,  59, 46, 0
L 1704.0000, 701.0000, -599.0000,  1764.0000, 705.0000, -600.0000,  59, 46, 0
L 1764.0000, 705.0000, -600.0000,  2077.0000, 707.0000, -676.0000,  59, 46, 0
L 2077.0000, 707.0000, -676.0000,  2134.0000, 706.0000, -683.0000,  59, 46, 0
L 2134.0000, 706.0000, -683.0000,  2135.0000, 707.0000, -683.0000,  59, 46, 0
L 2135.0000, 707.0000, -683.0000,  2136.0000, 847.0000, -684.0000,  59, 46, 0
L 2136.0000, 847.0000, -684.0000,  2141.0000, 870.0000, -684.0000,  59, 46, 0
L 2141.0000, 870.0000, -684.0000,  2176.0000, 872.0000, -684.0000,  59, 46, 0
L 2176.0000, 872.0000, -684.0000,  2197.0000, 883.0000, -684.0000,  59, 46, 0
L 2197.0000, 883.0000, -684.0000,  2196.0000, 901.0000, -684.0000,  59, 46, 0
L 2196.0000, 901.0000, -684.0000,  2197.0000, 1029.0000, -727.0000,  59, 46, 0
L 2197.0000, 1029.0000, -727.0000,  2194.0000, 1039.0000, -728.0000,  59, 46, 0
L 2194.0000, 1039.0000, -728.0000,  2242.0000, 1041.0000, -731.0000,  59, 46, 0
L 2242.0000, 1041.0000, -731.0000,  2247.0000, 1039.0000, -731.0000,  59, 46, 0
L 2247.0000, 1039.0000, -731.0000,  2246.0000, 975.0000, -696.0000,  59, 46, 0
L 2246.0000, 975.0000, -696.0000,  2247.0000, 959.0000, -697.0000,  59, 46, 0
L 2247.0000, 959.0000, -697.0000,  2300.0000, 966.0000, -702.0000,  59, 46, 0
L 2300.0000, 966.0000, -702.0000,  2367.0000, 995.0000, -702.0000,  59, 46, 0
L 2367.0000, 995.0000, -702.0000,  2402.0000, 1045.0000, -703.0000,  59, 46, 0
L 2402.0000, 1045.0000, -703.0000,  2416.0000, 1090.0000, -705.0000,  59, 46, 0
L 2416.0000, 1090.0000, -705.0000,  2414.0000, 1091.0000, -706.0000,  59, 46, 0
L 2414.0000, 1091.0000, -706.0000,  2360.0000, 1090.0000, -710.0000,  59, 46, 0
L 2360.0000, 1090.0000, -710.0000,  2351.0000, 1132.0000, -711.0000,  59, 46, 0
L 2351.0000, 1132.0000, -711.0000,  2365.0000, 1144.0000, -712.0000,  59, 46, 0
L 2365.0000, 1144.0000, -712.0000,  2418.0000, 1148.0000, -713.0000,  59, 46, 0
L 2418.0000, 1148.0000, -713.0000,  2411.0000, 1178.0000, -713.0000,  59, 46, 0
L 2411.0000, 1178.0000, -713.0000,  2370.0000, 1245.0000, -715.0000,  59, 46, 0
L 2370.0000, 1245.0000, -715.0000,  2293.0000, 1279.0000, -717.0000,  59, 46, 0
L 2293.0000, 1279.0000, -717.0000,  2246.0000, 1279.0000, -721.0000,  59, 46, 0
L 2246.0000, 1279.0000, -721.0000,  2250.0000, 1205.0000, -730.0000,  59, 46, 0
L 2250.0000, 1205.0000, -730.0000,  2250.0000, 1200.0000, -734.0000,  59, 46, 0
L 2250.0000, 1200.0000, -734.0000,  2248.0000, 1200.0000, -733.0000,  59, 46, 0
L 2248.0000, 1200.0000, -733.0000,  2248.0000, 1198.0000, -733.0000,  59, 46, 0
L 2248.0000, 1198.0000, -733.0000,  2246.0000, 1197.0000, -734.0000,  59, 46, 0
L 2246.0000, 1197.0000, -734.0000,  2203.0000, 1198.0000, -733.0000,  59, 46, 0
L 2203.0000, 1198.0000, -733.0000,  2201.0000, 1262.0000, -693.0000,  59, 46, 0
L 2201.0000, 1262.0000, -693.0000,  2200.0000, 1262.0000, -693.0000,  59, 46, 0
L 2200.0000, 1262.0000, -693.0000,  2199.0000, 1264.0000, -694.0000,  59, 46, 0
L 2199.0000, 1264.0000, -694.0000,  2197.0000, 1362.0000, -689.0000,  59, 46, 0
L 2197.0000, 1362.0000, -689.0000,  2185.0000, 1368.0000, -689.0000,  59, 46, 0
L 2185.0000, 1368.0000, -689.0000,  2179.0000, 1374.0000, -689.0000,  59, 46, 0
L 2179.0000, 1374.0000, -689.0000,  2139.0000, 1370.0000, -689.0000,  59, 46, 0
L 2139.0000, 1370.0000, -689.0000,  2137.0000, 1529.0000, -689.0000,  59, 46, 0
L 2137.0000, 1529.0000, -689.0000,  2137.0000, 1538.0000, -685.0000,  59, 46, 0
L 2137.0000, 1538.0000, -685.0000,  1868.0000, 1536.0000, -684.0000,  59, 46, 0
L 1868.0000, 1536.0000, -684.0000,  1794.0000, 1534.0000, -650.0000,  59, 46, 0
L 1794.0000, 1534.0000, -650.0000,  1708.0000, 1537.0000, -649.0000,  59, 46, 0
L 1708.0000, 1537.0000, -649.0000,  1700.0000, 1536.0000, -644.0000,  59, 46, 0
L 1700.0000, 1536.0000, -644.0000,  1704.0000, 1288.0000, -615.0000,  59, 46, 0
L 1704.0000, 1288.0000, -615.0000,  1706.0000, 1278.0000, -610.0000,  59, 46, 0
L 1706.0000, 1278.0000, -610.0000,  1705.0000, 1068.0000, -609.0000,  59, 46, 0
L 1705.0000, 1068.0000, -609.0000,  1689.0000, 1068.0000, -609.0000,  59, 46, 0
L 1689.0000, 1068.0000, -609.0000,  1687.0000, 1024.0000, -608.0000,  59, 46, 0
L 1687.0000, 1024.0000, -608.0000,  1559.0000, 1024.0000, -608.0000,  59, 46, 0
L 1559.0000, 1024.0000, -608.0000,  1520.0000, 1025.0000, -601.0000,  59, 46, 0
L 1520.0000, 1025.0000, -601.0000,  1460.0000, 1024.0000, -571.0000,  59, 46, 0
L 1460.0000, 1024.0000, -571.0000,  1272.0000, 1024.0000, -569.0000,  59, 46, 0
L 1272.0000, 1024.0000, -569.0000,  1270.0000, 1067.0000, -569.0000,  59, 46, 0
L 1270.0000, 1067.0000, -569.0000,  1254.0000, 1072.0000, -569.0000,  59, 46, 0
L 1254.0000, 1072.0000, -569.0000,  1255.0000, 1216.0000, -569.0000,  59, 46, 0
L 1735.0000, 946.0000, -600.0000,  1734.0000, 742.0000, -600.0000,  59, 46, 0
L 1734.0000, 742.0000, -600.0000,  1739.0000, 738.0000, -600.0000,  59, 46, 0
L 1739.0000, 738.0000, -600.0000,  1739.0000, 737.0000, -600.0000,  59, 46, 0
L 1739.0000, 737.0000, -600.0000,  1774.0000, 734.0000, -601.0000,  59, 46, 0
L 1774.0000, 734.0000, -601.0000,  2090.0000, 735.0000, -681.0000,  59, 46, 0
L 2090.0000, 735.0000, -681.0000,  2100.0000, 738.0000, -682.0000,  59, 46, 0
L 2100.0000, 738.0000, -682.0000,  2101.0000, 745.0000, -682.0000,  59, 46, 0
L 2101.0000, 745.0000, -682.0000,  2103.0000, 746.0000, -682.0000,  59, 46, 0
L 2103.0000, 746.0000, -682.0000,  2103.0000, 876.0000, -682.0000,  59, 46, 0
L 2103.0000, 876.0000, -682.0000,  2099.0000, 882.0000, -682.0000,  59, 46, 0
L 2099.0000, 882.0000, -682.0000,  2072.0000, 881.0000, -682.0000,  59, 46, 0
L 2072.0000, 881.0000, -682.0000,  2059.0000, 895.0000, -682.0000,  59, 46, 0
L 2059.0000, 895.0000, -682.0000,  2014.0000, 908.0000, -682.0000,  59, 46, 0
L 2014.0000, 908.0000, -682.0000,  1955.0000, 940.0000, -682.0000,  59, 46, 0
L 1955.0000, 940.0000, -682.0000,  1901.0000, 1006.0000, -682.0000,  59, 46, 0
L 1901.0000, 1006.0000, -682.0000,  1904.0000, 1022.0000, -682.0000,  59, 46, 0
L 1904.0000, 1022.0000, -682.0000,  1893.0000, 1042.0000, -683.0000,  59, 46, 0
L 1893.0000, 1042.0000, -683.0000,  1878.0000, 1047.0000, -683.0000,  59, 46, 0
L 1878.0000, 1047.0000, -683.0000,  1867.0000, 1042.0000, -683.0000,  59, 46, 0
L 1867.0000, 1042.0000, -683.0000,  1860.0000, 1035.0000, -683.0000,  59, 46, 0
L 1860.0000, 1035.0000, -683.0000,  1858.0000, 1025.0000, -683.0000,  59, 46, 0
L 1858.0000, 1025.0000, -683.0000,  1806.0000, 1026.0000, -683.0000,  59, 46, 0
L 1806.0000, 1026.0000, -683.0000,  1805.0000, 1027.0000, -683.0000,  59, 46, 0
L 1805.0000, 1027.0000, -683.0000,  1805.0000, 1039.0000, -683.0000,  59, 46, 0
L 1805.0000, 1039.0000, -683.0000,  1801.0000, 1039.0000, -683.0000,  59, 46, 0
L 1801.0000, 1039.0000, -683.0000,  1801.0000, 1077.0000, -683.0000,  59, 46, 0
L 1801.0000, 1077.0000, -683.0000,  1805.0000, 1079.0000, -683.0000,  59, 46, 0
L 1805.0000, 1079.0000, -683.0000,  1804.0000, 1096.0000, -683.0000,  59, 46, 0
L 1804.0000, 1096.0000, -683.0000,  1801.0000, 1096.0000, -683.0000,  59, 46, 0
L 1801.0000, 1096.0000, -683.0000,  1802.0000, 1149.0000, -683.0000,  59, 46, 0
L 1802.0000, 1149.0000, -683.0000,  1805.0000, 1151.0000, -682.0000,  59, 46, 0
L 1805.0000, 1151.0000, -682.0000,  1805.0000, 1161.0000, -682.0000,  59, 46, 0
L 1805.0000, 1161.0000, -682.0000,  1801.0000, 1161.0000, -682.0000,  59, 46, 0
L 1801.0000, 1161.0000, -682.0000,  1801.0000, 1205.0000, -682.0000,  59, 46, 0
L 1801.0000, 1205.0000, -682.0000,  1806.0000, 1205.0000, -682.0000,  59, 46, 0
L 1806.0000, 1205.0000, -682.0000,  1807.0000, 1216.0000, -682.0000,  59, 46, 0
L 1807.0000, 1216.0000, -682.0000,  1857.0000, 1215.0000, -682.0000,  59, 46, 0
L 1857.0000, 1215.0000, -682.0000,  1863.0000, 1203.0000, -682.0000,  59, 46, 0
L 1863.0000, 1203.0000, -682.0000,  1880.0000, 1192.0000, -682.0000,  59, 46, 0
L 1880.0000, 1192.0000, -682.0000,  1895.0000, 1203.0000, -682.0000,  59, 46, 0
L 1895.0000, 1203.0000, -682.0000,  1908.0000, 1235.0000, -682.0000,  59, 46, 0
L 1908.0000, 1235.0000, -682.0000,  1950.0000, 1295.0000, -682.0000,  59, 46, 0
L 1950.0000, 1295.0000, -682.0000,  2030.0000, 1344.0000, -682.0000,  59, 46, 0
L 2030.0000, 1344.0000, -682.0000,  2047.0000, 1337.0000, -682.0000,  59, 46, 0
L 2047.0000, 1337.0000, -682.0000,  2069.0000, 1354.0000, -682.0000,  59, 46, 0
L 2069.0000, 1354.0000, -682.0000,  2103.0000, 1362.0000, -682.0000,  59, 46, 0
L 2103.0000, 1362.0000, -682.0000,  2101.0000, 1503.0000, -682.0000,  59, 46, 0
L 2101.0000, 1503.0000, -682.0000,  1863.0000, 1504.0000, -682.0000,  59, 46, 0
L 1863.0000, 1504.0000, -682.0000,  1807.0000, 1505.0000, -654.0000,  59, 46, 0
L 1807.0000, 1505.0000, -654.0000,  1737.0000, 1507.0000, -649.0000,  59, 46, 0
L 1737.0000, 1507.0000, -649.0000,  1736.0000, 1494.0000, -649.0000,  59, 46, 0
L 1736.0000, 1494.0000, -649.0000,  1735.0000, 1493.0000, -649.0000,  59, 46, 0
L 1735.0000, 1493.0000, -649.0000,  1734.0000, 1492.0000, -649.0000,  59, 46, 0
L 1734.0000, 1492.0000, -649.0000,  1736.0000, 1351.0000, -646.0000,  59, 46, 0
L 1736.0000, 1351.0000, -646.0000,  1737.0000, 1350.0000, -646.0000,  59, 46, 0
L 1737.0000, 1350.0000, -646.0000,  1737.0000, 1286.0000, -613.0000,  59, 46, 0
L 1737.0000, 1286.0000, -613.0000,  1733.0000, 1285.0000, -613.0000,  59, 46, 0
L 1733.0000, 1285.0000, -613.0000,  1734.0000, 1076.0000, -609.0000,  59, 46, 0
L 1734.0000, 1076.0000, -609.0000,  1750.0000, 1075.0000, -608.0000,  59, 46, 0
L 1750.0000, 1075.0000, -608.0000,  1751.0000, 1074.0000, -608.0000,  59, 46, 0
L 1751.0000, 1074.0000, -608.0000,  1753.0000, 1017.0000, -605.0000,  59, 46, 0
L 1753.0000, 1017.0000, -605.0000,  1742.0000, 1016.0000, -605.0000,  59, 46, 0
L 1742.0000, 1016.0000, -605.0000,  1742.0000, 1000.0000, -605.0000,  59, 46, 0
L 1742.0000, 1000.0000, -605.0000,  1750.0000, 1000.0000, -605.0000,  59, 46, 0
L 1750.0000, 1000.0000, -605.0000,  1749.0000, 952.0000, -605.0000,  59, 46, 0
L 1749.0000, 952.0000, -605.0000,  1736.0000, 951.0000, -605.0000,  59, 46, 0
L 1736.0000, 951.0000, -605.0000,  1735.0000, 950.0000, -605.0000,  59, 46, 0
L 1735.0000, 950.0000, -605.0000,  1735.0000, 948.0000, -605.0000,  59, 46, 0
L 1927.0000, 1096.0000, -689.0000,  1939.0000, 1045.0000, -689.0000,  127, 127, 127
L 1939.0000, 1045.0000, -689.0000,  1992.0000, 980.0000, -689.0000,  127, 127, 127
L 1992.0000, 980.0000, -689.0000,  2069.0000, 938.0000, -689.0000,  127, 127, 127
L 2069.0000, 938.0000, -689.0000,  2144.0000, 920.0000, -689.0000,  127, 127, 127
L 2144.0000, 920.0000, -689.0000,  2199.0000, 921.0000, -689.0000,  127, 127, 127
L 2199.0000, 921.0000, -689.0000,  2198.0000, 1043.0000, -743.0000,  127, 127, 127
L 2198.0000, 1043.0000, -743.0000,  2149.0000, 1042.0000, -742.0000,  127, 127, 127
L 2149.0000, 1042.0000, -742.0000,  2146.0000, 1042.0000, -734.0000,  127, 127, 127
L 2146.0000, 1042.0000, -734.0000,  2122.0000, 1048.0000, -734.0000,  127, 127, 127
L 2122.0000, 1048.0000, -734.0000,  2106.0000, 1060.0000, -736.0000,  127, 127, 127
L 2106.0000, 1060.0000, -736.0000,  2089.0000, 1088.0000, -738.0000,  127, 127, 127
L 2089.0000, 1088.0000, -738.0000,  2089.0000, 1090.0000, -737.0000,  127, 127, 127
L 2089.0000, 1090.0000, -737.0000,  2088.0000, 1097.0000, -737.0000,  127, 127, 127
L 2088.0000, 1097.0000, -737.0000,  2057.0000, 1097.0000, -737.0000,  127, 127, 127
L 2057.0000, 1097.0000, -737.0000,  1921.0000, 1096.0000, -690.0000,  127, 127, 127
L 1921.0000, 1096.0000, -690.0000,  1893.0000, 1097.0000, -688.0000,  127, 127, 127
L 1893.0000, 1097.0000, -688.0000,  1883.0000, 1105.0000, -687.0000,  127, 127, 127
L 1883.0000, 1105.0000, -687.0000,  1884.0000, 1106.0000, -688.0000,  127, 127, 127
L 1884.0000, 1106.0000, -688.0000,  2086.0000, 1104.0000, -789.0000,  127, 127, 127
L 2086.0000, 1104.0000, -789.0000,  2106.0000, 1065.0000, -789.0000,  127, 127, 127
L 2106.0000, 1065.0000, -789.0000,  2125.0000, 1048.0000, -789.0000,  127, 127, 127
L 2125.0000, 1048.0000, -789.0000,  2197.0000, 1043.0000, -789.0000,  127, 127, 127
L 2197.0000, 1043.0000, -789.0000,  2198.0000, 1047.0000, -789.0000,  127, 127, 127
L 2198.0000, 1047.0000, -789.0000,  2219.0000, 1047.0000, -786.0000,  127, 127, 127
L 2219.0000, 1047.0000, -786.0000,  2254.0000, 1046.0000, -771.0000,  127, 127, 127
L 2252.0000, 1059.0000, -771.0000,  2197.0000, 1060.0000, -782.0000,  127, 127, 127
L 2197.0000, 1060.0000, -782.0000,  2169.0000, 1079.0000, -783.0000,  127, 127, 127
L 2169.0000, 1079.0000, -783.0000,  2156.0000, 1122.0000, -783.0000,  127, 127, 127
L 2156.0000, 1122.0000, -783.0000,  2170.0000, 1161.0000, -784.0000,  127, 127, 127
L 2170.0000, 1161.0000, -784.0000,  2200.0000, 1181.0000, -784.0000,  127, 127, 127
L 2200.0000, 1181.0000, -784.0000,  2226.0000, 1183.0000, -783.0000,  127, 127, 127
L 2226.0000, 1183.0000, -783.0000,  2246.0000, 1181.0000, -771.0000,  127, 127, 127
L 2246.0000, 1181.0000, -771.0000,  2256.0000, 1180.0000, -771.0000,  127, 127, 127
L 2256.0000, 1180.0000, -771.0000,  2277.0000, 1165.0000, -771.0000,  127, 127, 127
L 2277.0000, 1165.0000, -771.0000,  2291.0000, 1128.0000, -771.0000,  127, 127, 127
L 2291.0000, 1128.0000, -771.0000,  2268.0000, 1128.0000, -761.0000,  127, 127, 127
L 2268.0000, 1128.0000, -761.0000,  2268.0000, 1132.0000, -761.0000,  127, 127, 127
L 2268.0000, 1132.0000, -761.0000,  2280.0000, 1133.0000, -761.0000,  127, 127, 127
L 2280.0000, 1133.0000, -761.0000,  2286.0000, 1141.0000, -761.0000,  127, 127, 127
L 2286.0000, 1141.0000, -761.0000,  2278.0000, 1156.0000, -761.0000,  127, 127, 127
L 2278.0000, 1156.0000, -761.0000,  2263.0000, 1168.0000, -761.0000,  127, 127, 127
L 2263.0000, 1168.0000, -761.0000,  2202.0000, 1173.0000, -761.0000,  127, 127, 127
L 2202.0000, 1173.0000, -761.0000,  2173.0000, 1158.0000, -761.0000,  127, 127, 127
L 2173.0000, 1158.0000, -761.0000,  2164.0000, 1141.0000, -761.0000,  127, 127, 127
L 2164.0000, 1141.0000, -761.0000,  2165.0000, 1102.0000, -761.0000,  127, 127, 127
L 2165.0000, 1102.0000, -761.0000,  2175.0000, 1083.0000, -761.0000,  127, 127, 127
L 2175.0000, 1083.0000, -761.0000,  2195.0000, 1067.0000, -761.0000,  127, 127, 127
L 2195.0000, 1067.0000, -761.0000,  2253.0000, 1067.0000, -758.0000,  127, 127, 127
L 2253.0000, 1067.0000, -758.0000,  2266.0000, 1074.0000, -759.0000,  127, 127, 127
L 2266.0000, 1074.0000, -759.0000,  2281.0000, 1093.0000, -760.0000,  127, 127, 127
L 2281.0000, 1093.0000, -760.0000,  2283.0000, 1107.0000, -761.0000,  127, 127, 127
L 2283.0000, 1107.0000, -761.0000,  2271.0000, 1107.0000, -761.0000,  127, 127, 127
L 2271.0000, 1107.0000, -761.0000,  2271.0000, 1111.0000, -761.0000,  127, 127, 127
L 2271.0000, 1111.0000, -761.0000,  2290.0000, 1111.0000, -769.0000,  127, 127, 127
L 2290.0000, 1111.0000, -769.0000,  2291.0000, 1098.0000, -769.0000,  127, 127, 127
L 2291.0000, 1098.0000, -769.0000,  2286.0000, 1084.0000, -769.0000,  127, 127, 127
L 2286.0000, 1084.0000, -769.0000,  2278.0000, 1074.0000, -769.0000,  127, 127, 127
L 2278.0000, 1074.0000, -769.0000,  2254.0000, 1061.0000, -769.0000,  127, 127, 127
L 2254.0000, 966.0000, -769.0000,  2254.0000, 820.0000, -765.0000,  0, 0, 0
L 2254.0000, 820.0000, -765.0000,  2414.0000, 825.0000, -765.0000,  0, 0, 0
L 2414.0000, 825.0000, -765.0000,  2415.0000, 822.0000, -764.0000,  0, 0, 0
L 2415.0000, 822.0000, -764.0000,  2416.0000, 793.0000, -764.0000,  0, 0, 0
L 2416.0000, 793.0000, -764.0000,  2481.0000, 793.0000, -764.0000,  0, 0, 0
L 2481.0000, 793.0000, -764.0000,  2479.0000, 782.0000, -764.0000,  0, 0, 0
L 2479.0000, 782.0000, -764.0000,  2446.0000, 780.0000, -764.0000,  0, 0, 0
L 2446.0000, 780.0000, -764.0000,  2445.0000, 743.0000, -764.0000,  0, 0, 0
L 2445.0000, 743.0000, -764.0000,  2516.0000, 744.0000, -765.0000,  0, 0, 0
L 2516.0000, 744.0000, -765.0000,  2515.0000, 783.0000, -765.0000,  0, 0, 0
L 2515.0000, 783.0000, -765.0000,  2493.0000, 784.0000, -765.0000,  0, 0, 0
L 2493.0000, 784.0000, -765.0000,  2493.0000, 794.0000, -765.0000,  0, 0, 0
L 2493.0000, 794.0000, -765.0000,  2506.0000, 793.0000, -765.0000,  0, 0, 0
L 2506.0000, 793.0000, -765.0000,  2506.0000, 885.0000, -765.0000,  0, 0, 0
L 2506.0000, 885.0000, -765.0000,  2414.0000, 886.0000, -765.0000,  0, 0, 0
L 2414.0000, 886.0000, -765.0000,  2416.0000, 856.0000, -765.0000,  0, 0, 0
L 2416.0000, 856.0000, -765.0000,  2310.0000, 857.0000, -765.0000,  0, 0, 0
L 2310.0000, 857.0000, -765.0000,  2308.0000, 857.0000, -762.0000,  0, 0, 0
L 2308.0000, 857.0000, -762.0000,  2288.0000, 854.0000, -762.0000,  0, 0, 0
L 2288.0000, 854.0000, -762.0000,  2288.0000, 875.0000, -762.0000,  0, 0, 0
L 2288.0000, 875.0000, -762.0000,  2287.0000, 876.0000, -762.0000,  0, 0, 0
L 2287.0000, 876.0000, -762.0000,  2287.0000, 962.0000, -762.0000,  0, 0, 0
L 2287.0000, 1276.0000, -762.0000,  2286.0000, 1380.0000, -762.0000,  0, 0, 0
L 2286.0000, 1380.0000, -762.0000,  2287.0000, 1382.0000, -762.0000,  0, 0, 0
L 2287.0000, 1382.0000, -762.0000,  2383.0000, 1383.0000, -762.0000,  0, 0, 0
L 2383.0000, 1383.0000, -762.0000,  2383.0000, 1377.0000, -762.0000,  0, 0, 0
L 2383.0000, 1377.0000, -762.0000,  2476.0000, 1375.0000, -762.0000,  0, 0, 0
L 2476.0000, 1375.0000, -762.0000,  2476.0000, 1497.0000, -758.0000,  0, 0, 0
L 2476.0000, 1497.0000, -758.0000,  2434.0000, 1496.0000, -755.0000,  0, 0, 0
L 2434.0000, 1496.0000, -755.0000,  2434.0000, 1455.0000, -755.0000,  0, 0, 0
L 2434.0000, 1455.0000, -755.0000,  2400.0000, 1457.0000, -755.0000,  0, 0, 0
L 2400.0000, 1457.0000, -755.0000,  2374.0000, 1457.0000, -762.0000,  0, 0, 0
L 2374.0000, 1457.0000, -762.0000,  2375.0000, 1414.0000, -765.0000,  0, 0, 0
L 2375.0000, 1414.0000, -765.0000,  2250.0000, 1417.0000, -763.0000,  0, 0, 0
L 2250.0000, 1417.0000, -763.0000,  2255.0000, 1279.0000, -764.0000,  0, 0, 0
L -153.0000, 1767.0000, -194.0000,  -87.0000, 1766.0000, -194.0000,  0, 0, 0
L -87.0000, 1766.0000, -194.0000,  -88.0000, 1912.0000, -194.0000,  0, 0, 0
L -88.0000, 1912.0000, -194.0000,  -233.0000, 1912.0000, -194.0000,  0, 0, 0
L -233.0000, 1912.0000, -194.0000,  -232.0000, 1768.0000, -194.0000,  0, 0, 0
L -232.0000, 1768.0000, -194.0000,  -165.0000, 1767.0000, -194.0000,  0, 0, 0
L -165.0000, 1767.0000, -194.0000,  -165.0000, 1780.0000, -194.0000,  0, 0, 0
L -165.0000, 1780.0000, -194.0000,  -224.0000, 1776.0000, -194.0000,  0, 0, 0
L -224.0000, 1776.0000, -194.0000,  -225.0000, 1818.0000, -191.0000,  0, 0, 0
L -225.0000, 1818.0000, -191.0000,  -225.0000, 1905.0000, -169.0000,  0, 0, 0
L -225.0000, 1905.0000, -169.0000,  -95.0000, 1905.0000, -169.0000,  0, 0, 0
L -95.0000, 1905.0000, -169.0000,  -95.0000, 1775.0000, -193.0000,  0, 0, 0
L -95.0000, 1775.0000, -193.0000,  -153.0000, 1776.0000, -190.0000,  0, 0, 0
L -153.0000, 1776.0000, -190.0000,  -153.0000, 1767.0000, -190.0000,  0, 0, 0
