L -303.0000, -177.0000, -91.0000,  -303.0000, -176.0000, -91.0000,  0, 0, 0
L -305.0000, -178.0000, -91.0000,  -303.0000, -176.0000, -91.0000,  0, 0, 0
L -306.0000, -177.0000, -91.0000,  -305.0000, -178.0000, -91.0000,  0, 0, 0
L -309.0000, -180.0000, -91.0000,  -306.0000, -177.0000, -91.0000,  0, 0, 0
L -318.0000, -189.0000, -91.0000,  -315.0000, -187.0000, -91.0000,  0, 0, 0
L -317.0000, -190.0000, -91.0000,  -318.0000, -189.0000, -91.0000,  0, 0, 0
L -319.0000, -192.0000, -91.0000,  -317.0000, -190.0000, -91.0000,  0, 0, 0
L -318.0000, -193.0000, -91.0000,  -319.0000, -192.0000, -91.0000,  0, 0, 0
L -298.0000, -10.0000, -134.0000,  -297.0000, -10.0000, -134.0000,  0, 0, 0
L -297.0000, -6.0000, -134.0000,  -297.0000, -10.0000, -134.0000,  0, 0, 0
L -302.0000, -6.0000, -134.0000,  -297.0000, -6.0000, -134.0000,  0, 0, 0
L -302.0000, -10.0000, -134.0000,  -302.0000, -6.0000, -134.0000,  0, 0, 0
L -301.0000, -10.0000, -134.0000,  -302.0000, -10.0000, -134.0000,  0, 0, 0
L -301.0000, -12.0000, -134.0000,  -301.0000, -10.0000, -134.0000,  0, 0, 0
L -300.0000, -12.0000, -134.0000,  -301.0000, -12.0000, -134.0000,  0, 0, 0
L -300.0000, -40.0000, -134.0000,  -300.0000, -12.0000, -134.0000,  0, 0, 0
L -316.0000, -40.0000, -134.0000,  -300.0000, -40.0000, -134.0000,  0, 0, 0
L -316.0000, -6.0000, -134.0000,  -316.0000, -40.0000, -134.0000,  0, 0, 0
L -321.0000, -6.0000, -134.0000,  -316.0000, -6.0000, -134.0000,  0, 0, 0
L -321.0000, -40.0000, -134.0000,  -321.0000, -6.0000, -134.0000,  0, 0, 0
L -324.0000, -40.0000, -134.0000,  -321.0000, -40.0000, -134.0000,  0, 0, 0
L -324.0000, -38.0000, -134.0000,  -324.0000, -40.0000, -134.0000,  0, 0, 0
L -327.0000, -38.0000, -134.0000,  -324.0000, -38.0000, -134.0000,  0, 0, 0
L -327.0000, -37.0000, -134.0000,  -327.0000, -38.0000, -134.0000,  0, 0, 0
L -331.0000, -37.0000, -134.0000,  -327.0000, -37.0000, -134.0000,  0, 0, 0
L -331.0000, -43.0000, -134.0000,  -331.0000, -37.0000, -134.0000,  0, 0, 0
L -327.0000, -43.0000, -134.0000,  -331.0000, -43.0000, -134.0000,  0, 0, 0
L -327.0000, -41.0000, -134.0000,  -327.0000, -43.0000, -134.0000,  0, 0, 0
L -372.0000, -9.0000, -134.0000,  -374.0000, -9.0000, -134.0000,  0, 0, 0
L -374.0000, -5.0000, -134.0000,  -374.0000, -9.0000, -134.0000,  0, 0, 0
L -368.0000, -5.0000, -134.0000,  -374.0000, -5.0000, -134.0000,  0, 0, 0
L -368.0000, -9.0000, -134.0000,  -368.0000, -5.0000, -134.0000,  0, 0, 0
L -369.0000, -9.0000, -134.0000,  -368.0000, -9.0000, -134.0000,  0, 0, 0
L -369.0000, -12.0000, -134.0000,  -369.0000, -9.0000, -134.0000,  0, 0, 0
L -370.0000, -12.0000, -134.0000,  -369.0000, -12.0000, -134.0000,  0, 0, 0
L -370.0000, -20.0000, -134.0000,  -370.0000, -12.0000, -134.0000,  0, 0, 0
L -369.0000, -21.0000, -134.0000,  -370.0000, -20.0000, -134.0000,  0, 0, 0
L -368.0000, -20.0000, -134.0000,  -369.0000, -21.0000, -134.0000,  0, 0, 0
L -366.0000, -22.0000, -134.0000,  -368.0000, -20.0000, -134.0000,  0, 0, 0
L -365.0000, -21.0000, -134.0000,  -366.0000, -22.0000, -134.0000,  0, 0, 0
L -362.0000, -24.0000, -134.0000,  -365.0000, -21.0000, -134.0000,  0, 0, 0
L -367.0000, -28.0000, -134.0000,  -362.0000, -24.0000, -134.0000,  0, 0, 0
L -301.0000, -175.0000, -91.0000,  -303.0000, -177.0000, -91.0000,  0, 0, 0
L -301.0000, -145.0000, -91.0000,  -301.0000, -175.0000, -91.0000,  0, 0, 0
L -321.0000, -125.0000, -91.0000,  -301.0000, -145.0000, -91.0000,  0, 0, 0
L -325.0000, -125.0000, -91.0000,  -321.0000, -125.0000, -91.0000,  0, 0, 0
L -325.0000, -126.0000, -91.0000,  -325.0000, -125.0000, -91.0000,  0, 0, 0
L -328.0000, -126.0000, -91.0000,  -325.0000, -126.0000, -91.0000,  0, 0, 0
L -328.0000, -127.0000, -91.0000,  -328.0000, -126.0000, -91.0000,  0, 0, 0
L -331.0000, -127.0000, -91.0000,  -328.0000, -127.0000, -91.0000,  0, 0, 0
L -331.0000, -121.0000, -91.0000,  -331.0000, -127.0000, -90.0000,  0, 0, 0
L -328.0000, -121.0000, -91.0000,  -331.0000, -121.0000, -91.0000,  0, 0, 0
L -328.0000, -123.0000, -91.0000,  -328.0000, -121.0000, -91.0000,  0, 0, 0
L -326.0000, -123.0000, -91.0000,  -328.0000, -123.0000, -91.0000,  0, 0, 0
L -325.0000, -41.0000, -134.0000,  -326.0000, -123.0000, -91.0000,  0, 0, 0
L -327.0000, -41.0000, -134.0000,  -325.0000, -41.0000, -134.0000,  0, 0, 0
L -320.0000, -195.0000, -91.0000,  -318.0000, -193.0000, -91.0000,  0, 0, 0
L -350.0000, -195.0000, -91.0000,  -320.0000, -195.0000, -91.0000,  0, 0, 0
L -370.0000, -175.0000, -91.0000,  -350.0000, -195.0000, -91.0000,  0, 0, 0
L -370.0000, -145.0000, -91.0000,  -370.0000, -175.0000, -91.0000,  0, 0, 0
L -350.0000, -125.0000, -91.0000,  -370.0000, -145.0000, -91.0000,  0, 0, 0
L -347.0000, -125.0000, -91.0000,  -350.0000, -125.0000, -91.0000,  0, 0, 0
L -347.0000, -125.0000, -91.0000,  -347.0000, -126.0000, -91.0000,  0, 0, 0
L -344.0000, -126.0000, -91.0000,  -347.0000, -126.0000, -91.0000,  0, 0, 0
L -344.0000, -127.0000, -91.0000,  -344.0000, -126.0000, -91.0000,  0, 0, 0
L -341.0000, -127.0000, -91.0000,  -344.0000, -127.0000, -91.0000,  0, 0, 0
L -341.0000, -121.0000, -91.0000,  -341.0000, -127.0000, -90.0000,  0, 0, 0
L -344.0000, -121.0000, -91.0000,  -341.0000, -121.0000, -91.0000,  0, 0, 0
L -344.0000, -123.0000, -91.0000,  -344.0000, -121.0000, -91.0000,  0, 0, 0
L -347.0000, -123.0000, -91.0000,  -344.0000, -123.0000, -91.0000,  0, 0, 0
L -346.0000, -41.0000, -134.0000,  -347.0000, -123.0000, -91.0000,  0, 0, 0
L -344.0000, -41.0000, -134.0000,  -346.0000, -41.0000, -134.0000,  0, 0, 0
L -344.0000, -41.0000, -134.0000,  -344.0000, -43.0000, -134.0000,  0, 0, 0
L -340.0000, -43.0000, -134.0000,  -344.0000, -43.0000, -134.0000,  0, 0, 0
L -340.0000, -37.0000, -134.0000,  -340.0000, -43.0000, -134.0000,  0, 0, 0
L -344.0000, -37.0000, -134.0000,  -340.0000, -37.0000, -134.0000,  0, 0, 0
L -344.0000, -38.0000, -134.0000,  -344.0000, -37.0000, -134.0000,  0, 0, 0
L -346.0000, -38.0000, -134.0000,  -344.0000, -38.0000, -134.0000,  0, 0, 0
L -346.0000, -40.0000, -134.0000,  -346.0000, -38.0000, -134.0000,  0, 0, 0
L -350.0000, -40.0000, -134.0000,  -346.0000, -40.0000, -134.0000,  0, 0, 0
L -353.0000, -37.0000, -134.0000,  -350.0000, -40.0000, -134.0000,  0, 0, 0
L -352.0000, -36.0000, -134.0000,  -353.0000, -37.0000, -134.0000,  0, 0, 0
L -354.0000, -34.0000, -134.0000,  -352.0000, -36.0000, -134.0000,  0, 0, 0
L -353.0000, -33.0000, -134.0000,  -354.0000, -34.0000, -134.0000,  0, 0, 0
L -356.0000, -30.0000, -134.0000,  -353.0000, -33.0000, -134.0000,  0, 0, 0
L -360.0000, -35.0000, -134.0000,  -356.0000, -30.0000, -134.0000,  0, 0, 0
L -368.0000, 25.0000, -134.0000,  -370.0000, 23.0000, -134.0000,  0, 0, 0
L -368.0000, 25.0000, -134.0000,  -369.0000, 26.0000, -134.0000,  0, 0, 0
L -369.0000, 26.0000, -134.0000,  -367.0000, 28.0000, -134.0000,  0, 0, 0
L -372.0000, -10.0000, -134.0000,  -372.0000, -9.0000, -134.0000,  0, 0, 0
L -397.0000, -10.0000, -134.0000,  -372.0000, -10.0000, -134.0000,  0, 0, 0
L -399.0000, -8.0000, -134.0000,  -397.0000, -10.0000, -134.0000,  0, 0, 0
L -399.0000, 7.0000, -134.0000,  -399.0000, -8.0000, -134.0000,  0, 0, 0
L -484.0000, 7.0000, -96.0000,  -399.0000, 7.0000, -103.0000,  0, 0, 0
L -483.0000, 2.0000, -90.0000,  -484.0000, 7.0000, -90.0000,  0, 0, 0
L -505.0000, -21.0000, -90.0000,  -504.0000, -22.0000, -90.0000,  0, 0, 0
L -505.0000, 27.0000, -90.0000,  -505.0000, -21.0000, -90.0000,  0, 0, 0
L -504.0000, 28.0000, -90.0000,  -505.0000, 27.0000, -90.0000,  0, 0, 0
L -377.0000, 28.0000, -134.0000,  -504.0000, 28.0000, -90.0000,  0, 0, 0
L -375.0000, 27.0000, -134.0000,  -377.0000, 28.0000, -134.0000,  0, 0, 0
L -375.0000, 10.0000, -134.0000,  -375.0000, 27.0000, -134.0000,  0, 0, 0
L -372.0000, 10.0000, -134.0000,  -375.0000, 10.0000, -134.0000,  0, 0, 0
L -372.0000, 8.0000, -134.0000,  -372.0000, 10.0000, -134.0000,  0, 0, 0
L -374.0000, 8.0000, -134.0000,  -372.0000, 8.0000, -134.0000,  0, 0, 0
L -374.0000, 4.0000, -134.0000,  -374.0000, 8.0000, -134.0000,  0, 0, 0
L -368.0000, 4.0000, -134.0000,  -374.0000, 4.0000, -134.0000,  0, 0, 0
L -368.0000, 8.0000, -134.0000,  -368.0000, 4.0000, -134.0000,  0, 0, 0
L -369.0000, 8.0000, -134.0000,  -368.0000, 8.0000, -134.0000,  0, 0, 0
L -369.0000, 11.0000, -134.0000,  -369.0000, 8.0000, -134.0000,  0, 0, 0
L -370.0000, 11.0000, -134.0000,  -369.0000, 11.0000, -134.0000,  0, 0, 0
L -370.0000, 20.0000, -134.0000,  -370.0000, 11.0000, -134.0000,  0, 0, 0
L -368.0000, 21.0000, -134.0000,  -370.0000, 20.0000, -134.0000,  0, 0, 0
L -368.0000, 21.0000, -134.0000,  -368.0000, 20.0000, -134.0000,  0, 0, 0
L -366.0000, 23.0000, -134.0000,  -368.0000, 20.0000, -134.0000,  0, 0, 0
L -366.0000, 23.0000, -134.0000,  -365.0000, 22.0000, -134.0000,  0, 0, 0
L -362.0000, 24.0000, -134.0000,  -365.0000, 22.0000, -134.0000,  0, 0, 0
L -367.0000, 28.0000, -134.0000,  -362.0000, 24.0000, -134.0000,  0, 0, 0
L -396.0000, 80.0000, -107.0000,  -395.0000, 84.0000, -107.0000,  0, 0, 0
L -406.0000, 59.0000, -111.0000,  -370.0000, 23.0000, -134.0000,  0, 0, 0
L -425.0000, 79.0000, -107.0000,  -406.0000, 59.0000, -111.0000,  0, 0, 0
L -424.0000, 84.0000, -107.0000,  -425.0000, 79.0000, -107.0000,  0, 0, 0
L -415.0000, 94.0000, -107.0000,  -424.0000, 84.0000, -107.0000,  0, 0, 0
L -408.0000, 101.0000, -104.0000,  -415.0000, 94.0000, -107.0000,  0, 0, 0
L -385.0000, 123.0000, -81.0000,  -408.0000, 101.0000, -104.0000,  0, 0, 0
L -389.0000, 126.0000, -79.0000,  -385.0000, 123.0000, -79.0000,  0, 0, 0
L -413.0000, 103.0000, -55.0000,  -389.0000, 126.0000, -78.0000,  0, 0, 0
L -428.0000, 88.0000, -54.0000,  -413.0000, 103.0000, -55.0000,  0, 0, 0
L -431.0000, 88.0000, -54.0000,  -428.0000, 88.0000, -54.0000,  0, 0, 0
L -445.0000, 102.0000, -54.0000,  -431.0000, 88.0000, -54.0000,  0, 0, 0
L -444.0000, 103.0000, -54.0000,  -445.0000, 102.0000, -54.0000,  0, 0, 0
L -430.0000, 117.0000, -54.0000,  -428.0000, 114.0000, -54.0000,  0, 0, 0
L -432.0000, 115.0000, -54.0000,  -430.0000, 117.0000, -54.0000,  0, 0, 0
L -405.0000, 137.0000, -77.0000,  -428.0000, 114.0000, -54.0000,  0, 0, 0
L -391.0000, 151.0000, -79.0000,  -405.0000, 137.0000, -77.0000,  0, 0, 0
L -386.0000, 151.0000, -79.0000,  -391.0000, 151.0000, -79.0000,  0, 0, 0
L -359.0000, 125.0000, -79.0000,  -386.0000, 151.0000, -79.0000,  0, 0, 0
L -359.0000, 125.0000, -79.0000,  -360.0000, 120.0000, -79.0000,  0, 0, 0
L -369.0000, 111.0000, -79.0000,  -360.0000, 120.0000, -79.0000,  0, 0, 0
L -395.0000, 84.0000, -105.0000,  -369.0000, 111.0000, -79.0000,  0, 0, 0
L -355.0000, 38.0000, -134.0000,  -396.0000, 80.0000, -108.0000,  0, 0, 0
L -356.0000, 37.0000, -134.0000,  -355.0000, 38.0000, -134.0000,  0, 0, 0
L -357.0000, 38.0000, -134.0000,  -356.0000, 37.0000, -134.0000,  0, 0, 0
L -360.0000, 35.0000, -134.0000,  -357.0000, 38.0000, -134.0000,  0, 0, 0
L -356.0000, 31.0000, -134.0000,  -360.0000, 35.0000, -134.0000,  0, 0, 0
L -353.0000, 34.0000, -134.0000,  -356.0000, 31.0000, -134.0000,  0, 0, 0
L -354.0000, 35.0000, -134.0000,  -353.0000, 34.0000, -134.0000,  0, 0, 0
L -352.0000, 37.0000, -134.0000,  -354.0000, 35.0000, -134.0000,  0, 0, 0
L -353.0000, 37.0000, -134.0000,  -352.0000, 37.0000, -134.0000,  0, 0, 0
L -350.0000, 40.0000, -134.0000,  -353.0000, 37.0000, -134.0000,  0, 0, 0
L -346.0000, 40.0000, -134.0000,  -350.0000, 40.0000, -134.0000,  0, 0, 0
L -346.0000, 39.0000, -134.0000,  -346.0000, 40.0000, -134.0000,  0, 0, 0
L -344.0000, 39.0000, -134.0000,  -346.0000, 39.0000, -134.0000,  0, 0, 0
L -344.0000, 39.0000, -134.0000,  -344.0000, 38.0000, -134.0000,  0, 0, 0
L -340.0000, 38.0000, -134.0000,  -344.0000, 38.0000, -134.0000,  0, 0, 0
L -183.0000, 34.0000, -81.0000,  -183.0000, -53.0000, -81.0000,  0, 0, 0
L -187.0000, -57.0000, -99.0000,  -183.0000, -53.0000, -99.0000,  0, 0, 0
L -285.0000, -56.0000, -127.0000,  -187.0000, -57.0000, -127.0000,  0, 0, 0
L -287.0000, -54.0000, -127.0000,  -285.0000, -56.0000, -127.0000,  0, 0, 0
L -287.0000, -12.0000, -132.0000,  -287.0000, -54.0000, -130.0000,  0, 0, 0
L -298.0000, -12.0000, -134.0000,  -287.0000, -12.0000, -134.0000,  0, 0, 0
L -298.0000, -10.0000, -134.0000,  -298.0000, -12.0000, -134.0000,  0, 0, 0
L -201.0000, -39.0000, -88.0000,  -200.0000, 20.0000, -81.0000,  0, 0, 0
L -267.0000, -39.0000, -124.0000,  -201.0000, -39.0000, -122.0000,  0, 0, 0
L -267.0000, 8.0000, -134.0000,  -267.0000, -39.0000, -134.0000,  0, 0, 0
L -267.0000, 8.0000, -134.0000,  -269.0000, 10.0000, -134.0000,  0, 0, 0
L -298.0000, 10.0000, -134.0000,  -269.0000, 10.0000, -134.0000,  0, 0, 0
L -297.0000, 7.0000, -134.0000,  -298.0000, 7.0000, -134.0000,  0, 0, 0
L -298.0000, 7.0000, -134.0000,  -298.0000, 9.0000, -134.0000,  0, 0, 0
L -297.0000, 4.0000, -134.0000,  -297.0000, 7.0000, -134.0000,  0, 0, 0
L -303.0000, 4.0000, -134.0000,  -297.0000, 4.0000, -134.0000,  0, 0, 0
L -303.0000, 4.0000, -134.0000,  -303.0000, 7.0000, -134.0000,  0, 0, 0
L -301.0000, 7.0000, -134.0000,  -303.0000, 7.0000, -134.0000,  0, 0, 0
L -301.0000, 10.0000, -134.0000,  -301.0000, 7.0000, -134.0000,  0, 0, 0
L -300.0000, 10.0000, -134.0000,  -301.0000, 10.0000, -134.0000,  0, 0, 0
L -300.0000, 40.0000, -134.0000,  -300.0000, 10.0000, -134.0000,  0, 0, 0
L -316.0000, 40.0000, -134.0000,  -300.0000, 40.0000, -134.0000,  0, 0, 0
L -316.0000, 5.0000, -134.0000,  -316.0000, 40.0000, -134.0000,  0, 0, 0
L -321.0000, 5.0000, -134.0000,  -316.0000, 5.0000, -134.0000,  0, 0, 0
L -321.0000, 40.0000, -134.0000,  -321.0000, 5.0000, -134.0000,  0, 0, 0
L -324.0000, 40.0000, -134.0000,  -321.0000, 40.0000, -134.0000,  0, 0, 0
L -324.0000, 39.0000, -134.0000,  -324.0000, 40.0000, -134.0000,  0, 0, 0
L -327.0000, 39.0000, -134.0000,  -324.0000, 39.0000, -134.0000,  0, 0, 0
L -327.0000, 38.0000, -134.0000,  -327.0000, 39.0000, -134.0000,  0, 0, 0
L -330.0000, 38.0000, -134.0000,  -327.0000, 38.0000, -134.0000,  0, 0, 0
L -304.0000, -184.0000, -91.0000,  -309.0000, -180.0000, -91.0000,  0, 0, 0
L -302.0000, -182.0000, -91.0000,  -304.0000, -184.0000, -91.0000,  0, 0, 0
L -303.0000, -180.0000, -91.0000,  -302.0000, -182.0000, -91.0000,  0, 0, 0
L -302.0000, -180.0000, -91.0000,  -303.0000, -180.0000, -91.0000,  0, 0, 0
L -284.0000, -198.0000, -91.0000,  -302.0000, -180.0000, -91.0000,  0, 0, 0
L -284.0000, -201.0000, -91.0000,  -284.0000, -198.0000, -91.0000,  0, 0, 0
L -294.0000, -211.0000, -91.0000,  -284.0000, -201.0000, -91.0000,  0, 0, 0
L -320.0000, -236.0000, -76.0000,  -294.0000, -211.0000, -91.0000,  0, 0, 0
L -317.0000, -239.0000, -73.0000,  -320.0000, -236.0000, -73.0000,  0, 0, 0
L -296.0000, -217.0000, -60.0000,  -317.0000, -239.0000, -72.0000,  0, 0, 0
L -281.0000, -201.0000, -58.0000,  -296.0000, -217.0000, -60.0000,  0, 0, 0
L -276.0000, -200.0000, -58.0000,  -281.0000, -201.0000, -58.0000,  0, 0, 0
L -264.0000, -211.0000, -58.0000,  -276.0000, -200.0000, -58.0000,  0, 0, 0
L -265.0000, -212.0000, -58.0000,  -264.0000, -211.0000, -58.0000,  0, 0, 0
L -266.0000, -211.0000, -58.0000,  -265.0000, -212.0000, -58.0000,  0, 0, 0
L -269.0000, -214.0000, -58.0000,  -266.0000, -211.0000, -58.0000,  0, 0, 0
L -265.0000, -218.0000, -58.0000,  -269.0000, -214.0000, -58.0000,  0, 0, 0
L -262.0000, -215.0000, -58.0000,  -265.0000, -218.0000, -58.0000,  0, 0, 0
L -263.0000, -214.0000, -58.0000,  -262.0000, -215.0000, -58.0000,  0, 0, 0
L -261.0000, -212.0000, -58.0000,  -263.0000, -214.0000, -58.0000,  0, 0, 0
L -262.0000, -212.0000, -58.0000,  -261.0000, -212.0000, -58.0000,  0, 0, 0
L -259.0000, -209.0000, -58.0000,  -262.0000, -212.0000, -58.0000,  0, 0, 0
L -231.0000, -209.0000, -58.0000,  -259.0000, -209.0000, -58.0000,  0, 0, 0
L -228.0000, -212.0000, -58.0000,  -231.0000, -209.0000, -58.0000,  0, 0, 0
L -228.0000, -213.0000, -58.0000,  -228.0000, -212.0000, -58.0000,  0, 0, 0
L -226.0000, -214.0000, -58.0000,  -228.0000, -213.0000, -58.0000,  0, 0, 0
L -227.0000, -215.0000, -58.0000,  -226.0000, -214.0000, -58.0000,  0, 0, 0
L -225.0000, -218.0000, -58.0000,  -227.0000, -215.0000, -58.0000,  0, 0, 0
L -220.0000, -214.0000, -58.0000,  -225.0000, -218.0000, -58.0000,  0, 0, 0
L -223.0000, -211.0000, -57.0000,  -220.0000, -214.0000, -57.0000,  0, 0, 0
L -224.0000, -212.0000, -58.0000,  -223.0000, -211.0000, -58.0000,  0, 0, 0
L -225.0000, -211.0000, -58.0000,  -224.0000, -212.0000, -58.0000,  0, 0, 0
L -212.0000, -224.0000, -58.0000,  -211.0000, -223.0000, -58.0000,  0, 0, 0
L -211.0000, -226.0000, -58.0000,  -212.0000, -224.0000, -58.0000,  0, 0, 0
L -214.0000, -221.0000, -57.0000,  -211.0000, -223.0000, -57.0000,  0, 0, 0
L -218.0000, -225.0000, -58.0000,  -214.0000, -221.0000, -58.0000,  0, 0, 0
L -215.0000, -227.0000, -58.0000,  -218.0000, -225.0000, -58.0000,  0, 0, 0
L -214.0000, -226.0000, -58.0000,  -215.0000, -227.0000, -58.0000,  0, 0, 0
L -210.0000, -230.0000, -58.0000,  -214.0000, -226.0000, -58.0000,  0, 0, 0
L -210.0000, -258.0000, -58.0000,  -210.0000, -230.0000, -58.0000,  0, 0, 0
L -231.0000, -279.0000, -58.0000,  -210.0000, -258.0000, -58.0000,  0, 0, 0
L -259.0000, -279.0000, -58.0000,  -231.0000, -279.0000, -58.0000,  0, 0, 0
L -280.0000, -258.0000, -58.0000,  -259.0000, -279.0000, -58.0000,  0, 0, 0
L -280.0000, -230.0000, -58.0000,  -280.0000, -258.0000, -58.0000,  0, 0, 0
L -278.0000, -228.0000, -58.0000,  -280.0000, -230.0000, -58.0000,  0, 0, 0
L -278.0000, -228.0000, -58.0000,  -277.0000, -228.0000, -58.0000,  0, 0, 0
L -271.0000, -225.0000, -58.0000,  -277.0000, -228.0000, -58.0000,  0, 0, 0
L -276.0000, -221.0000, -58.0000,  -271.0000, -225.0000, -58.0000,  0, 0, 0
L -278.0000, -223.0000, -58.0000,  -276.0000, -221.0000, -58.0000,  0, 0, 0
L -277.0000, -224.0000, -58.0000,  -278.0000, -223.0000, -58.0000,  0, 0, 0
L -278.0000, -225.0000, -58.0000,  -277.0000, -224.0000, -58.0000,  0, 0, 0
L -282.0000, -225.0000, -58.0000,  -278.0000, -225.0000, -58.0000,  0, 0, 0
L -303.0000, -247.0000, -71.0000,  -282.0000, -225.0000, -58.0000,  0, 0, 0
L -314.0000, -259.0000, -73.0000,  -303.0000, -247.0000, -71.0000,  0, 0, 0
L -318.0000, -259.0000, -73.0000,  -314.0000, -259.0000, -73.0000,  0, 0, 0
L -341.0000, -237.0000, -73.0000,  -318.0000, -259.0000, -73.0000,  0, 0, 0
L -341.0000, -232.0000, -73.0000,  -341.0000, -237.0000, -73.0000,  0, 0, 0
L -331.0000, -223.0000, -73.0000,  -341.0000, -232.0000, -73.0000,  0, 0, 0
L -309.0000, -199.0000, -89.0000,  -331.0000, -223.0000, -73.0000,  0, 0, 0
L -315.0000, -193.0000, -91.0000,  -309.0000, -199.0000, -91.0000,  0, 0, 0
L -315.0000, -192.0000, -91.0000,  -315.0000, -193.0000, -91.0000,  0, 0, 0
L -314.0000, -193.0000, -91.0000,  -315.0000, -192.0000, -91.0000,  0, 0, 0
L -311.0000, -191.0000, -91.0000,  -314.0000, -193.0000, -91.0000,  0, 0, 0
L -315.0000, -187.0000, -90.0000,  -311.0000, -191.0000, -91.0000,  0, 0, 0
L -485.0000, -103.0000, -54.0000,  -486.0000, -102.0000, -54.0000,  0, 0, 0
L -488.0000, -105.0000, -54.0000,  -486.0000, -102.0000, -54.0000,  0, 0, 0
L -484.0000, -109.0000, -54.0000,  -488.0000, -105.0000, -54.0000,  0, 0, 0
L -481.0000, -107.0000, -54.0000,  -484.0000, -109.0000, -54.0000,  0, 0, 0
L -482.0000, -105.0000, -54.0000,  -481.0000, -107.0000, -54.0000,  0, 0, 0
L -480.0000, -103.0000, -54.0000,  -482.0000, -105.0000, -54.0000,  0, 0, 0
L -482.0000, -102.0000, -54.0000,  -480.0000, -103.0000, -54.0000,  0, 0, 0
L -479.0000, -100.0000, -54.0000,  -482.0000, -102.0000, -54.0000,  0, 0, 0
L -450.0000, -100.0000, -54.0000,  -479.0000, -100.0000, -54.0000,  0, 0, 0
L -448.0000, -102.0000, -54.0000,  -450.0000, -100.0000, -54.0000,  0, 0, 0
L -449.0000, -103.0000, -54.0000,  -448.0000, -102.0000, -54.0000,  0, 0, 0
L -447.0000, -105.0000, -54.0000,  -449.0000, -103.0000, -54.0000,  0, 0, 0
L -448.0000, -106.0000, -54.0000,  -447.0000, -105.0000, -54.0000,  0, 0, 0
L -445.0000, -109.0000, -54.0000,  -448.0000, -106.0000, -54.0000,  0, 0, 0
L -441.0000, -105.0000, -54.0000,  -445.0000, -109.0000, -54.0000,  0, 0, 0
L -444.0000, -102.0000, -54.0000,  -441.0000, -105.0000, -54.0000,  0, 0, 0
L -445.0000, -103.0000, -54.0000,  -444.0000, -102.0000, -54.0000,  0, 0, 0
L -357.0000, -37.0000, -134.0000,  -360.0000, -35.0000, -134.0000,  0, 0, 0
L -356.0000, -36.0000, -134.0000,  -357.0000, -37.0000, -134.0000,  0, 0, 0
L -354.0000, -38.0000, -134.0000,  -356.0000, -36.0000, -134.0000,  0, 0, 0
L -395.0000, -79.0000, -101.0000,  -354.0000, -38.0000, -107.0000,  0, 0, 0
L -393.0000, -87.0000, -100.0000,  -395.0000, -79.0000, -100.0000,  0, 0, 0
L -360.0000, -120.0000, -78.0000,  -393.0000, -87.0000, -78.0000,  0, 0, 0
L -359.0000, -124.0000, -78.0000,  -360.0000, -120.0000, -78.0000,  0, 0, 0
L -386.0000, -151.0000, -78.0000,  -359.0000, -124.0000, -78.0000,  0, 0, 0
L -391.0000, -151.0000, -78.0000,  -386.0000, -151.0000, -78.0000,  0, 0, 0
L -446.0000, -102.0000, -54.0000,  -445.0000, -103.0000, -54.0000,  0, 0, 0
L -432.0000, -87.0000, -54.0000,  -446.0000, -102.0000, -54.0000,  0, 0, 0
L -428.0000, -87.0000, -54.0000,  -432.0000, -87.0000, -54.0000,  0, 0, 0
L -389.0000, -127.0000, -74.0000,  -428.0000, -87.0000, -70.0000,  0, 0, 0
L -385.0000, -123.0000, -78.0000,  -389.0000, -127.0000, -78.0000,  0, 0, 0
L -404.0000, -105.0000, -95.0000,  -385.0000, -123.0000, -83.0000,  0, 0, 0
L -425.0000, -85.0000, -100.0000,  -404.0000, -105.0000, -95.0000,  0, 0, 0
L -426.0000, -80.0000, -100.0000,  -425.0000, -85.0000, -100.0000,  0, 0, 0
L -413.0000, -66.0000, -100.0000,  -426.0000, -80.0000, -100.0000,  0, 0, 0
L -371.0000, -23.0000, -134.0000,  -413.0000, -66.0000, -100.0000,  0, 0, 0
L -369.0000, -25.0000, -134.0000,  -371.0000, -23.0000, -134.0000,  0, 0, 0
L -369.0000, -25.0000, -134.0000,  -369.0000, -26.0000, -134.0000,  0, 0, 0
L -367.0000, -28.0000, -134.0000,  -369.0000, -26.0000, -134.0000,  0, 0, 0
L -429.0000, -113.0000, -57.0000,  -391.0000, -151.0000, -60.0000,  0, 0, 0
L -432.0000, -116.0000, -54.0000,  -429.0000, -113.0000, -54.0000,  0, 0, 0
L -433.0000, -115.0000, -54.0000,  -432.0000, -116.0000, -54.0000,  0, 0, 0
L -432.0000, -114.0000, -54.0000,  -433.0000, -115.0000, -54.0000,  0, 0, 0
L -435.0000, -111.0000, -54.0000,  -432.0000, -114.0000, -54.0000,  0, 0, 0
L -439.0000, -115.0000, -54.0000,  -435.0000, -111.0000, -54.0000,  0, 0, 0
L -436.0000, -118.0000, -54.0000,  -439.0000, -115.0000, -54.0000,  0, 0, 0
L -435.0000, -117.0000, -54.0000,  -436.0000, -118.0000, -54.0000,  0, 0, 0
L -433.0000, -119.0000, -54.0000,  -435.0000, -117.0000, -54.0000,  0, 0, 0
L -432.0000, -117.0000, -54.0000,  -433.0000, -119.0000, -54.0000,  0, 0, 0
L -430.0000, -120.0000, -54.0000,  -432.0000, -117.0000, -54.0000,  0, 0, 0
L -430.0000, -187.0000, -54.0000,  -430.0000, -120.0000, -54.0000,  0, 0, 0
L -450.0000, -207.0000, -54.0000,  -430.0000, -187.0000, -54.0000,  0, 0, 0
L -450.0000, -228.0000, -54.0000,  -450.0000, -207.0000, -54.0000,  0, 0, 0
L -479.0000, -228.0000, -54.0000,  -450.0000, -228.0000, -54.0000,  0, 0, 0
L -479.0000, -228.0000, -54.0000,  -479.0000, -207.0000, -54.0000,  0, 0, 0
L -499.0000, -187.0000, -54.0000,  -479.0000, -207.0000, -54.0000,  0, 0, 0
L -530.0000, -187.0000, -54.0000,  -499.0000, -187.0000, -54.0000,  0, 0, 0
L -530.0000, -120.0000, -54.0000,  -530.0000, -187.0000, -54.0000,  0, 0, 0
L -499.0000, -120.0000, -54.0000,  -530.0000, -120.0000, -54.0000,  0, 0, 0
L -498.0000, -118.0000, -54.0000,  -499.0000, -120.0000, -54.0000,  0, 0, 0
L -496.0000, -119.0000, -54.0000,  -498.0000, -118.0000, -54.0000,  0, 0, 0
L -494.0000, -117.0000, -54.0000,  -496.0000, -119.0000, -54.0000,  0, 0, 0
L -493.0000, -119.0000, -54.0000,  -494.0000, -117.0000, -54.0000,  0, 0, 0
L -491.0000, -116.0000, -54.0000,  -493.0000, -119.0000, -54.0000,  0, 0, 0
L -495.0000, -112.0000, -54.0000,  -491.0000, -116.0000, -54.0000,  0, 0, 0
L -497.0000, -114.0000, -54.0000,  -495.0000, -112.0000, -54.0000,  0, 0, 0
L -496.0000, -115.0000, -54.0000,  -497.0000, -114.0000, -54.0000,  0, 0, 0
L -568.0000, 50.0000, -26.0000,  -566.0000, 47.0000, -26.0000,  0, 0, 0
L -483.0000, -102.0000, -54.0000,  -485.0000, -103.0000, -54.0000,  0, 0, 0
L -555.0000, -31.0000, -25.0000,  -483.0000, -102.0000, -54.0000,  0, 0, 0
L -556.0000, -33.0000, -25.0000,  -555.0000, -31.0000, -25.0000,  0, 0, 0
L -555.0000, -34.0000, -25.0000,  -556.0000, -33.0000, -25.0000,  0, 0, 0
L -558.0000, -36.0000, -25.0000,  -555.0000, -34.0000, -25.0000,  0, 0, 0
L -562.0000, -32.0000, -26.0000,  -558.0000, -36.0000, -25.0000,  0, 0, 0
L -560.0000, -30.0000, -26.0000,  -562.0000, -32.0000, -26.0000,  0, 0, 0
L -559.0000, -31.0000, -26.0000,  -560.0000, -30.0000, -26.0000,  0, 0, 0
L -557.0000, -28.0000, -26.0000,  -559.0000, -31.0000, -26.0000,  0, 0, 0
L -556.0000, -29.0000, -26.0000,  -557.0000, -28.0000, -26.0000,  0, 0, 0
L -549.0000, -9.0000, -26.0000,  -556.0000, -29.0000, -26.0000,  0, 0, 0
L -550.0000, -9.0000, -26.0000,  -549.0000, -9.0000, -26.0000,  0, 0, 0
L -550.0000, -6.0000, -26.0000,  -550.0000, -9.0000, -26.0000,  0, 0, 0
L -544.0000, -6.0000, -26.0000,  -550.0000, -6.0000, -25.0000,  0, 0, 0
L -544.0000, -10.0000, -26.0000,  -544.0000, -6.0000, -26.0000,  0, 0, 0
L -546.0000, -10.0000, -26.0000,  -544.0000, -10.0000, -26.0000,  0, 0, 0
L -498.0000, -117.0000, -54.0000,  -496.0000, -115.0000, -54.0000,  0, 0, 0
L -502.0000, -113.0000, -54.0000,  -498.0000, -117.0000, -54.0000,  0, 0, 0
L -569.0000, -46.0000, -25.0000,  -502.0000, -113.0000, -54.0000,  0, 0, 0
L -568.0000, -45.0000, -25.0000,  -569.0000, -46.0000, -25.0000,  0, 0, 0
L -567.0000, -46.0000, -25.0000,  -568.0000, -45.0000, -25.0000,  0, 0, 0
L -564.0000, -43.0000, -25.0000,  -567.0000, -46.0000, -25.0000,  0, 0, 0
L -569.0000, -39.0000, -26.0000,  -564.0000, -43.0000, -25.0000,  0, 0, 0
L -571.0000, -42.0000, -26.0000,  -569.0000, -39.0000, -26.0000,  0, 0, 0
L -570.0000, -43.0000, -26.0000,  -571.0000, -42.0000, -26.0000,  0, 0, 0
L -591.0000, -55.0000, -26.0000,  -570.0000, -43.0000, -26.0000,  0, 0, 0
L -596.0000, -55.0000, -26.0000,  -591.0000, -55.0000, -26.0000,  0, 0, 0
L -601.0000, -74.0000, -26.0000,  -596.0000, -55.0000, -26.0000,  0, 0, 0
L -617.0000, -76.0000, -26.0000,  -601.0000, -74.0000, -26.0000,  0, 0, 0
L -633.0000, -72.0000, -26.0000,  -617.0000, -76.0000, -26.0000,  0, 0, 0
L -651.0000, -61.0000, -26.0000,  -633.0000, -72.0000, -26.0000,  0, 0, 0
L -647.0000, -43.0000, -26.0000,  -651.0000, -61.0000, -26.0000,  0, 0, 0
L -651.0000, -40.0000, -26.0000,  -647.0000, -43.0000, -26.0000,  0, 0, 0
L -665.0000, -18.0000, -26.0000,  -651.0000, -40.0000, -26.0000,  0, 0, 0
L -684.0000, -16.0000, -26.0000,  -665.0000, -18.0000, -26.0000,  0, 0, 0
L -689.0000, 0.0000, -26.0000,  -684.0000, -16.0000, -26.0000,  0, 0, 0
L -688.0000, 13.0000, -26.0000,  -689.0000, 0.0000, -26.0000,  0, 0, 0
L -680.0000, 36.0000, -26.0000,  -688.0000, 13.0000, -26.0000,  0, 0, 0
L -661.0000, 34.0000, -26.0000,  -680.0000, 36.0000, -26.0000,  0, 0, 0
L -661.0000, 35.0000, -26.0000,  -661.0000, 34.0000, -26.0000,  0, 0, 0
L -659.0000, 39.0000, -26.0000,  -661.0000, 34.0000, -26.0000,  0, 0, 0
L -640.0000, 57.0000, -26.0000,  -659.0000, 39.0000, -26.0000,  0, 0, 0
L -642.0000, 76.0000, -26.0000,  -640.0000, 57.0000, -26.0000,  0, 0, 0
L -627.0000, 83.0000, -26.0000,  -642.0000, 76.0000, -26.0000,  0, 0, 0
L -605.0000, 85.0000, -26.0000,  -627.0000, 83.0000, -26.0000,  0, 0, 0
L -591.0000, 82.0000, -26.0000,  -605.0000, 85.0000, -26.0000,  0, 0, 0
L -590.0000, 81.0000, -26.0000,  -591.0000, 82.0000, -26.0000,  0, 0, 0
L -588.0000, 62.0000, -26.0000,  -590.0000, 81.0000, -26.0000,  0, 0, 0
L -583.0000, 61.0000, -26.0000,  -588.0000, 62.0000, -26.0000,  0, 0, 0
L -567.0000, 50.0000, -26.0000,  -583.0000, 61.0000, -26.0000,  0, 0, 0
L -567.0000, 50.0000, -26.0000,  -568.0000, 50.0000, -26.0000,  0, 0, 0
L -567.0000, 46.0000, -26.0000,  -566.0000, 47.0000, -26.0000,  0, 0, 0
L -565.0000, 44.0000, -26.0000,  -567.0000, 46.0000, -26.0000,  0, 0, 0
L -560.0000, 47.0000, -26.0000,  -565.0000, 44.0000, -26.0000,  0, 0, 0
L -563.0000, 50.0000, -26.0000,  -560.0000, 47.0000, -26.0000,  0, 0, 0
L -564.0000, 49.0000, -26.0000,  -563.0000, 50.0000, -26.0000,  0, 0, 0
L -565.0000, 51.0000, -26.0000,  -564.0000, 49.0000, -26.0000,  0, 0, 0
L -507.0000, 110.0000, -53.0000,  -565.0000, 51.0000, -26.0000,  0, 0, 0
L -499.0000, 117.0000, -54.0000,  -507.0000, 110.0000, -53.0000,  0, 0, 0
L -498.0000, 116.0000, -54.0000,  -499.0000, 117.0000, -54.0000,  0, 0, 0
L -499.0000, 115.0000, -54.0000,  -498.0000, 116.0000, -54.0000,  0, 0, 0
L -496.0000, 112.0000, -54.0000,  -499.0000, 115.0000, -54.0000,  0, 0, 0
L -492.0000, 116.0000, -54.0000,  -496.0000, 112.0000, -54.0000,  0, 0, 0
L -495.0000, 119.0000, -54.0000,  -492.0000, 116.0000, -54.0000,  0, 0, 0
L -496.0000, 118.0000, -54.0000,  -495.0000, 119.0000, -54.0000,  0, 0, 0
L -498.0000, 120.0000, -54.0000,  -496.0000, 118.0000, -54.0000,  0, 0, 0
L -499.0000, 119.0000, -54.0000,  -498.0000, 120.0000, -54.0000,  0, 0, 0
L -500.0000, 121.0000, -54.0000,  -499.0000, 119.0000, -54.0000,  0, 0, 0
L -531.0000, 121.0000, -54.0000,  -500.0000, 121.0000, -54.0000,  0, 0, 0
L -531.0000, 188.0000, -54.0000,  -531.0000, 121.0000, -54.0000,  0, 0, 0
L -500.0000, 188.0000, -54.0000,  -531.0000, 188.0000, -54.0000,  0, 0, 0
L -480.0000, 209.0000, -54.0000,  -500.0000, 188.0000, -54.0000,  0, 0, 0
L -480.0000, 229.0000, -54.0000,  -480.0000, 209.0000, -54.0000,  0, 0, 0
L -450.0000, 229.0000, -54.0000,  -480.0000, 229.0000, -54.0000,  0, 0, 0
L -450.0000, 209.0000, -54.0000,  -450.0000, 229.0000, -54.0000,  0, 0, 0
L -431.0000, 190.0000, -54.0000,  -450.0000, 209.0000, -54.0000,  0, 0, 0
L -430.0000, 121.0000, -54.0000,  -431.0000, 190.0000, -54.0000,  0, 0, 0
L -434.0000, 117.0000, -54.0000,  -430.0000, 121.0000, -54.0000,  0, 0, 0
L -435.0000, 118.0000, -54.0000,  -434.0000, 117.0000, -54.0000,  0, 0, 0
L -438.0000, 116.0000, -54.0000,  -435.0000, 118.0000, -54.0000,  0, 0, 0
L -433.0000, 112.0000, -54.0000,  -438.0000, 116.0000, -54.0000,  0, 0, 0
L -431.0000, 114.0000, -54.0000,  -433.0000, 112.0000, -54.0000,  0, 0, 0
L -432.0000, 115.0000, -54.0000,  -431.0000, 114.0000, -54.0000,  0, 0, 0
L -444.0000, 103.0000, -54.0000,  -443.0000, 102.0000, -54.0000,  0, 0, 0
L -440.0000, 105.0000, -54.0000,  -443.0000, 102.0000, -54.0000,  0, 0, 0
L -444.0000, 109.0000, -54.0000,  -440.0000, 105.0000, -54.0000,  0, 0, 0
L -447.0000, 106.0000, -54.0000,  -444.0000, 109.0000, -54.0000,  0, 0, 0
L -446.0000, 105.0000, -54.0000,  -447.0000, 106.0000, -54.0000,  0, 0, 0
L -450.0000, 101.0000, -54.0000,  -446.0000, 105.0000, -54.0000,  0, 0, 0
L -480.0000, 101.0000, -54.0000,  -450.0000, 101.0000, -54.0000,  0, 0, 0
L -482.0000, 103.0000, -54.0000,  -480.0000, 101.0000, -54.0000,  0, 0, 0
L -482.0000, 103.0000, -54.0000,  -481.0000, 103.0000, -54.0000,  0, 0, 0
L -484.0000, 106.0000, -54.0000,  -481.0000, 103.0000, -54.0000,  0, 0, 0
L -483.0000, 107.0000, -54.0000,  -484.0000, 106.0000, -54.0000,  0, 0, 0
L -485.0000, 110.0000, -54.0000,  -483.0000, 107.0000, -54.0000,  0, 0, 0
L -489.0000, 105.0000, -54.0000,  -485.0000, 110.0000, -54.0000,  0, 0, 0
L -487.0000, 103.0000, -54.0000,  -489.0000, 105.0000, -54.0000,  0, 0, 0
L -486.0000, 104.0000, -54.0000,  -487.0000, 103.0000, -54.0000,  0, 0, 0
L -484.0000, 102.0000, -54.0000,  -486.0000, 104.0000, -54.0000,  0, 0, 0
L -489.0000, 97.0000, -54.0000,  -484.0000, 102.0000, -54.0000,  0, 0, 0
L -552.0000, 34.0000, -26.0000,  -489.0000, 97.0000, -54.0000,  0, 0, 0
L -553.0000, 36.0000, -26.0000,  -552.0000, 34.0000, -26.0000,  0, 0, 0
L -553.0000, 36.0000, -26.0000,  -552.0000, 37.0000, -26.0000,  0, 0, 0
L -554.0000, 40.0000, -26.0000,  -552.0000, 37.0000, -26.0000,  0, 0, 0
L -559.0000, 36.0000, -26.0000,  -554.0000, 40.0000, -26.0000,  0, 0, 0
L -557.0000, 33.0000, -26.0000,  -559.0000, 36.0000, -26.0000,  0, 0, 0
L -556.0000, 34.0000, -26.0000,  -557.0000, 33.0000, -26.0000,  0, 0, 0
L -553.0000, 32.0000, -26.0000,  -556.0000, 34.0000, -26.0000,  0, 0, 0
L -547.0000, 11.0000, -26.0000,  -553.0000, 32.0000, -26.0000,  0, 0, 0
L -548.0000, 7.0000, -26.0000,  -547.0000, 11.0000, -26.0000,  0, 0, 0
L -548.0000, 7.0000, -26.0000,  -549.0000, 8.0000, -26.0000,  0, 0, 0
L -549.0000, 4.0000, -26.0000,  -549.0000, 8.0000, -26.0000,  0, 0, 0
L -543.0000, 3.0000, -26.0000,  -549.0000, 4.0000, -26.0000,  0, 0, 0
L -543.0000, 7.0000, -26.0000,  -543.0000, 3.0000, -26.0000,  0, 0, 0
L -545.0000, 7.0000, -26.0000,  -543.0000, 7.0000, -26.0000,  0, 0, 0
L -185.0000, 36.0000, -81.0000,  -183.0000, 34.0000, -81.0000,  0, 0, 0
L -204.0000, 20.0000, -81.0000,  -200.0000, 20.0000, -81.0000,  0, 0, 0
L -219.0000, 36.0000, -81.0000,  -185.0000, 36.0000, -81.0000,  0, 0, 0
L -222.0000, 34.0000, -81.0000,  -219.0000, 36.0000, -81.0000,  0, 0, 0
L -204.0000, -41.0000, -53.0000,  -201.0000, -41.0000, -53.0000,  0, 0, 0
L -204.0000, 20.0000, -64.0000,  -204.0000, -41.0000, -62.0000,  0, 0, 0
L -222.0000, -53.0000, -53.0000,  -222.0000, 34.0000, -53.0000,  0, 0, 0
L -219.0000, -56.0000, -53.0000,  -222.0000, -53.0000, -53.0000,  0, 0, 0
L -187.0000, -56.0000, -53.0000,  -219.0000, -56.0000, -53.0000,  0, 0, 0
L -184.0000, -53.0000, -53.0000,  -187.0000, -56.0000, -53.0000,  0, 0, 0
L -37.0000, 25.0000, 0.0000,  -38.0000, 24.0000, 0.0000,  0, 0, 0
L -38.0000, 26.0000, 0.0000,  -37.0000, 25.0000, 0.0000,  0, 0, 0
L -35.0000, 28.0000, 0.0000,  -38.0000, 26.0000, 0.0000,  0, 0, 0
L -31.0000, 24.0000, 0.0000,  -35.0000, 28.0000, 0.0000,  0, 0, 0
L -34.0000, 22.0000, 0.0000,  -31.0000, 24.0000, 0.0000,  0, 0, 0
L -35.0000, 23.0000, 0.0000,  -34.0000, 22.0000, 0.0000,  0, 0, 0
L -37.0000, 20.0000, 0.0000,  -35.0000, 23.0000, 0.0000,  0, 0, 0
L -38.0000, 22.0000, 0.0000,  -37.0000, 20.0000, 0.0000,  0, 0, 0
L -40.0000, 20.0000, 0.0000,  -38.0000, 22.0000, 0.0000,  0, 0, 0
L -40.0000, 11.0000, 0.0000,  -40.0000, 20.0000, 0.0000,  0, 0, 0
L -38.0000, 8.0000, 0.0000,  -38.0000, 11.0000, 0.0000,  0, 0, 0
L -37.0000, 8.0000, 0.0000,  -38.0000, 8.0000, 0.0000,  0, 0, 0
L -38.0000, 11.0000, 0.0000,  -40.0000, 11.0000, 0.0000,  0, 0, 0
L -37.0000, 4.0000, 0.0000,  -37.0000, 8.0000, 0.0000,  0, 0, 0
L -43.0000, 4.0000, 0.0000,  -37.0000, 4.0000, 0.0000,  0, 0, 0
L -26.0000, 38.0000, 0.0000,  -25.0000, 37.0000, 0.0000,  0, 0, 0
L -29.0000, 35.0000, 0.0000,  -26.0000, 38.0000, 0.0000,  0, 0, 0
L -25.0000, 31.0000, 0.0000,  -29.0000, 35.0000, 0.0000,  0, 0, 0
L -22.0000, 34.0000, 0.0000,  -25.0000, 31.0000, 0.0000,  0, 0, 0
L -23.0000, 35.0000, 0.0000,  -22.0000, 34.0000, 0.0000,  0, 0, 0
L -21.0000, 37.0000, 0.0000,  -23.0000, 35.0000, 0.0000,  0, 0, 0
L -22.0000, 37.0000, 0.0000,  -21.0000, 37.0000, 0.0000,  0, 0, 0
L -20.0000, 40.0000, 0.0000,  -22.0000, 37.0000, 0.0000,  0, 0, 0
L -3.0000, 40.0000, 0.0000,  -20.0000, 40.0000, 0.0000,  0, 0, 0
L 2.0000, 5.0000, 0.0000,  2.0000, 40.0000, 0.0000,  0, 0, 0
L -3.0000, 5.0000, 0.0000,  2.0000, 5.0000, 0.0000,  0, 0, 0
L -3.0000, 5.0000, 0.0000,  -3.0000, 40.0000, 0.0000,  0, 0, 0
L 30.0000, 40.0000, 0.0000,  2.0000, 40.0000, 0.0000,  0, 0, 0
L 30.0000, 8.0000, 0.0000,  30.0000, 40.0000, 0.0000,  0, 0, 0
L 30.0000, 8.0000, 0.0000,  28.0000, 7.0000, 0.0000,  0, 0, 0
L 28.0000, 4.0000, 0.0000,  28.0000, 7.0000, 0.0000,  0, 0, 0
L 34.0000, 4.0000, 0.0000,  28.0000, 4.0000, 0.0000,  0, 0, 0
L 34.0000, 8.0000, 0.0000,  34.0000, 4.0000, 0.0000,  0, 0, 0
L 33.0000, 8.0000, 0.0000,  34.0000, 8.0000, 0.0000,  0, 0, 0
L 33.0000, 10.0000, 0.0000,  33.0000, 8.0000, 0.0000,  0, 0, 0
L 33.0000, 10.0000, 0.0000,  36.0000, 10.0000, 0.0000,  0, 0, 0
L -184.0000, 15.0000, -35.0000,  -184.0000, -53.0000, -36.0000,  0, 0, 0
L -181.0000, 17.0000, -33.0000,  -184.0000, 15.0000, -33.0000,  0, 0, 0
L -166.0000, 17.0000, -33.0000,  -181.0000, 17.0000, -33.0000,  0, 0, 0
L -168.0000, 17.0000, -33.0000,  -166.0000, 17.0000, -33.0000,  0, 0, 0
L -168.0000, 21.0000, -33.0000,  -168.0000, 17.0000, -33.0000,  0, 0, 0
L -162.0000, 21.0000, -33.0000,  -168.0000, 21.0000, -33.0000,  0, 0, 0
L -162.0000, 17.0000, -33.0000,  -162.0000, 21.0000, -33.0000,  0, 0, 0
L -163.0000, 17.0000, -33.0000,  -162.0000, 17.0000, -33.0000,  0, 0, 0
L -163.0000, 14.0000, -33.0000,  -163.0000, 17.0000, -33.0000,  0, 0, 0
L -166.0000, 14.0000, -33.0000,  -163.0000, 14.0000, -33.0000,  0, 0, 0
L -166.0000, -40.0000, -33.0000,  -166.0000, 14.0000, -33.0000,  0, 0, 0
L -146.0000, -40.0000, -33.0000,  -166.0000, -40.0000, -33.0000,  0, 0, 0
L -146.0000, -38.0000, -33.0000,  -146.0000, -40.0000, -33.0000,  0, 0, 0
L -143.0000, -41.0000, -32.0000,  -143.0000, -42.0000, -32.0000,  0, 0, 0
L -143.0000, -38.0000, -32.0000,  -146.0000, -38.0000, -33.0000,  0, 0, 0
L -143.0000, -36.0000, -32.0000,  -143.0000, -38.0000, -32.0000,  0, 0, 0
L -140.0000, -36.0000, -33.0000,  -143.0000, -36.0000, -33.0000,  0, 0, 0
L -140.0000, -42.0000, -32.0000,  -140.0000, -36.0000, -32.0000,  0, 0, 0
L -143.0000, -42.0000, -32.0000,  -140.0000, -42.0000, -32.0000,  0, 0, 0
L -145.0000, -41.0000, -32.0000,  -143.0000, -41.0000, -32.0000,  0, 0, 0
L -201.0000, 30.0000, -33.0000,  -201.0000, -41.0000, -33.0000,  0, 0, 0
L -198.0000, 34.0000, -33.0000,  -201.0000, 30.0000, -33.0000,  0, 0, 0
L -167.0000, 34.0000, -33.0000,  -198.0000, 34.0000, -33.0000,  0, 0, 0
L -167.0000, 34.0000, -33.0000,  -168.0000, 34.0000, -33.0000,  0, 0, 0
L -168.0000, 30.0000, -33.0000,  -168.0000, 34.0000, -33.0000,  0, 0, 0
L -162.0000, 30.0000, -33.0000,  -168.0000, 30.0000, -33.0000,  0, 0, 0
L -162.0000, 34.0000, -33.0000,  -162.0000, 30.0000, -33.0000,  0, 0, 0
L -162.0000, 34.0000, -33.0000,  -163.0000, 34.0000, -33.0000,  0, 0, 0
L -163.0000, 37.0000, -33.0000,  -163.0000, 34.0000, -33.0000,  0, 0, 0
L -166.0000, 37.0000, -33.0000,  -163.0000, 37.0000, -33.0000,  0, 0, 0
L -166.0000, 40.0000, -33.0000,  -166.0000, 37.0000, -33.0000,  0, 0, 0
L -146.0000, 40.0000, -33.0000,  -166.0000, 40.0000, -33.0000,  0, 0, 0
L -146.0000, 40.0000, -33.0000,  -146.0000, 39.0000, -33.0000,  0, 0, 0
L -143.0000, 39.0000, -33.0000,  -146.0000, 39.0000, -33.0000,  0, 0, 0
L -143.0000, 37.0000, -33.0000,  -143.0000, 39.0000, -33.0000,  0, 0, 0
L -140.0000, 37.0000, -33.0000,  -143.0000, 37.0000, -33.0000,  0, 0, 0
L -140.0000, 43.0000, -33.0000,  -140.0000, 37.0000, -33.0000,  0, 0, 0
L -143.0000, 43.0000, -33.0000,  -140.0000, 43.0000, -33.0000,  0, 0, 0
L -143.0000, 42.0000, -33.0000,  -143.0000, 43.0000, -33.0000,  0, 0, 0
L -145.0000, 42.0000, -33.0000,  -143.0000, 42.0000, -33.0000,  0, 0, 0
L -126.0000, 42.0000, -33.0000,  -124.0000, 42.0000, -33.0000,  0, 0, 0
L -126.0000, 42.0000, -33.0000,  -126.0000, 43.0000, -33.0000,  0, 0, 0
L -130.0000, 43.0000, -33.0000,  -126.0000, 43.0000, -33.0000,  0, 0, 0
L -130.0000, 37.0000, -33.0000,  -130.0000, 43.0000, -33.0000,  0, 0, 0
L -130.0000, 37.0000, -33.0000,  -126.0000, 37.0000, -33.0000,  0, 0, 0
L -126.0000, 39.0000, -33.0000,  -126.0000, 37.0000, -33.0000,  0, 0, 0
L -126.0000, 39.0000, -33.0000,  -124.0000, 39.0000, -33.0000,  0, 0, 0
L -124.0000, 40.0000, -33.0000,  -124.0000, 39.0000, -33.0000,  0, 0, 0
L -100.0000, 40.0000, -33.0000,  -124.0000, 40.0000, -33.0000,  0, 0, 0
L -100.0000, 12.0000, -33.0000,  -100.0000, 40.0000, -33.0000,  0, 0, 0
L -100.0000, 12.0000, -33.0000,  -102.0000, 12.0000, -33.0000,  0, 0, 0
L -102.0000, 9.0000, -33.0000,  -102.0000, 12.0000, -33.0000,  0, 0, 0
L -102.0000, 9.0000, -33.0000,  -103.0000, 9.0000, -33.0000,  0, 0, 0
L -103.0000, 9.0000, -33.0000,  -103.0000, 5.0000, -33.0000,  0, 0, 0
L -97.0000, 5.0000, -33.0000,  -103.0000, 5.0000, -33.0000,  0, 0, 0
L -97.0000, 9.0000, -33.0000,  -97.0000, 5.0000, -33.0000,  0, 0, 0
L -126.0000, -41.0000, -32.0000,  -124.0000, -41.0000, -32.0000,  0, 0, 0
L -126.0000, -42.0000, -32.0000,  -126.0000, -41.0000, -32.0000,  0, 0, 0
L -126.0000, -42.0000, -32.0000,  -130.0000, -42.0000, -32.0000,  0, 0, 0
L -130.0000, -36.0000, -32.0000,  -130.0000, -42.0000, -32.0000,  0, 0, 0
L -126.0000, -36.0000, -33.0000,  -130.0000, -36.0000, -33.0000,  0, 0, 0
L -126.0000, -38.0000, -33.0000,  -126.0000, -36.0000, -32.0000,  0, 0, 0
L -124.0000, -38.0000, -33.0000,  -126.0000, -38.0000, -33.0000,  0, 0, 0
L -124.0000, -40.0000, -33.0000,  -124.0000, -38.0000, -33.0000,  0, 0, 0
L -100.0000, -40.0000, -33.0000,  -124.0000, -40.0000, -33.0000,  0, 0, 0
L -100.0000, -11.0000, -33.0000,  -100.0000, -40.0000, -33.0000,  0, 0, 0
L -102.0000, -11.0000, -33.0000,  -100.0000, -11.0000, -33.0000,  0, 0, 0
L -102.0000, -8.0000, -33.0000,  -102.0000, -11.0000, -33.0000,  0, 0, 0
L -103.0000, -8.0000, -33.0000,  -102.0000, -8.0000, -33.0000,  0, 0, 0
L -103.0000, -4.0000, -33.0000,  -103.0000, -8.0000, -33.0000,  0, 0, 0
L -97.0000, -4.0000, -33.0000,  -103.0000, -4.0000, -33.0000,  0, 0, 0
L -97.0000, -7.0000, -33.0000,  -97.0000, -4.0000, -33.0000,  0, 0, 0
L 36.0000, 38.0000, 0.0000,  36.0000, 10.0000, 0.0000,  0, 0, 0
L 42.0000, 43.0000, 0.0000,  36.0000, 38.0000, 0.0000,  0, 0, 0
L 62.0000, 43.0000, 0.0000,  42.0000, 43.0000, 0.0000,  0, 0, 0
L -95.0000, -41.0000, -16.0000,  -95.0000, -7.0000, -16.0000,  0, 0, 0
L -78.0000, -29.0000, -33.0000,  -78.0000, 7.0000, -33.0000,  0, 0, 0
L -43.0000, 8.0000, 0.0000,  -43.0000, 4.0000, 0.0000,  0, 0, 0
L -72.0000, 8.0000, 0.0000,  -43.0000, 8.0000, 0.0000,  0, 0, 0
L -75.0000, 4.0000, 0.0000,  -72.0000, 8.0000, 0.0000,  0, 0, 0
L -75.0000, -29.0000, -13.0000,  -75.0000, 4.0000, 0.0000,  0, 0, 0
L -78.0000, -29.0000, -16.0000,  -75.0000, -29.0000, -16.0000,  0, 0, 0
L -80.0000, 9.0000, -33.0000,  -78.0000, 7.0000, -33.0000,  0, 0, 0
L -97.0000, 9.0000, -33.0000,  -80.0000, 9.0000, -33.0000,  0, 0, 0
L -97.0000, -7.0000, -33.0000,  -95.0000, -7.0000, -33.0000,  0, 0, 0
L -92.0000, -45.0000, -16.0000,  -95.0000, -41.0000, -16.0000,  0, 0, 0
L -62.0000, -45.0000, -16.0000,  -92.0000, -45.0000, -16.0000,  0, 0, 0
L -58.0000, -41.0000, -16.0000,  -62.0000, -45.0000, -16.0000,  0, 0, 0
L -58.0000, -8.0000, -7.0000,  -58.0000, -41.0000, -16.0000,  0, 0, 0
L -43.0000, -8.0000, 0.0000,  -58.0000, -8.0000, 0.0000,  0, 0, 0
L -43.0000, -5.0000, 0.0000,  -43.0000, -8.0000, 0.0000,  0, 0, 0
L -37.0000, -5.0000, 0.0000,  -43.0000, -5.0000, 0.0000,  0, 0, 0
L -37.0000, -9.0000, 0.0000,  -37.0000, -5.0000, 0.0000,  0, 0, 0
L -38.0000, -9.0000, 0.0000,  -37.0000, -9.0000, 0.0000,  0, 0, 0
L -38.0000, -12.0000, 0.0000,  -38.0000, -9.0000, 0.0000,  0, 0, 0
L -40.0000, -12.0000, 0.0000,  -38.0000, -12.0000, 0.0000,  0, 0, 0
L -40.0000, -20.0000, 0.0000,  -40.0000, -12.0000, 0.0000,  0, 0, 0
L -38.0000, -22.0000, 0.0000,  -40.0000, -20.0000, 0.0000,  0, 0, 0
L -37.0000, -20.0000, 0.0000,  -38.0000, -22.0000, 0.0000,  0, 0, 0
L -35.0000, -22.0000, 0.0000,  -37.0000, -20.0000, 0.0000,  0, 0, 0
L -34.0000, -21.0000, 0.0000,  -35.0000, -22.0000, 0.0000,  0, 0, 0
L -31.0000, -24.0000, 0.0000,  -34.0000, -21.0000, 0.0000,  0, 0, 0
L -35.0000, -28.0000, 0.0000,  -31.0000, -24.0000, 0.0000,  0, 0, 0
L -38.0000, -25.0000, 0.0000,  -35.0000, -28.0000, 0.0000,  0, 0, 0
L -37.0000, -24.0000, 0.0000,  -38.0000, -25.0000, 0.0000,  0, 0, 0
L -38.0000, -23.0000, 0.0000,  -37.0000, -24.0000, 0.0000,  0, 0, 0
L -118.0000, -101.0000, -24.0000,  -38.0000, -23.0000, -3.0000,  0, 0, 0
L -116.0000, -103.0000, -24.0000,  -118.0000, -101.0000, -24.0000,  0, 0, 0
L -115.0000, -102.0000, -24.0000,  -116.0000, -103.0000, -24.0000,  0, 0, 0
L -113.0000, -104.0000, -24.0000,  -115.0000, -102.0000, -24.0000,  0, 0, 0
L -117.0000, -109.0000, -24.0000,  -113.0000, -104.0000, -24.0000,  0, 0, 0
L -119.0000, -106.0000, -24.0000,  -117.0000, -109.0000, -24.0000,  0, 0, 0
L -118.0000, -105.0000, -24.0000,  -119.0000, -106.0000, -24.0000,  0, 0, 0
L -121.0000, -102.0000, -24.0000,  -118.0000, -105.0000, -24.0000,  0, 0, 0
L -126.0000, -102.0000, -24.0000,  -121.0000, -102.0000, -24.0000,  0, 0, 0
L -126.0000, -104.0000, -24.0000,  -126.0000, -102.0000, -24.0000,  0, 0, 0
L -130.0000, -104.0000, -24.0000,  -126.0000, -104.0000, -24.0000,  0, 0, 0
L -130.0000, -98.0000, -24.0000,  -130.0000, -104.0000, -24.0000,  0, 0, 0
L -126.0000, -98.0000, -25.0000,  -130.0000, -98.0000, -25.0000,  0, 0, 0
L -126.0000, -99.0000, -24.0000,  -126.0000, -98.0000, -24.0000,  0, 0, 0
L -124.0000, -99.0000, -24.0000,  -126.0000, -99.0000, -24.0000,  0, 0, 0
L -124.0000, -41.0000, -32.0000,  -124.0000, -99.0000, -24.0000,  0, 0, 0
L -145.0000, -99.0000, -24.0000,  -145.0000, -41.0000, -32.0000,  0, 0, 0
L -145.0000, -99.0000, -24.0000,  -143.0000, -99.0000, -24.0000,  0, 0, 0
L -143.0000, -98.0000, -24.0000,  -143.0000, -99.0000, -24.0000,  0, 0, 0
L -139.0000, -98.0000, -24.0000,  -143.0000, -98.0000, -24.0000,  0, 0, 0
L -139.0000, -104.0000, -24.0000,  -139.0000, -98.0000, -24.0000,  0, 0, 0
L -143.0000, -104.0000, -24.0000,  -139.0000, -104.0000, -24.0000,  0, 0, 0
L -143.0000, -103.0000, -24.0000,  -143.0000, -104.0000, -24.0000,  0, 0, 0
L -146.0000, -103.0000, -24.0000,  -143.0000, -103.0000, -24.0000,  0, 0, 0
L -146.0000, -100.0000, -24.0000,  -146.0000, -103.0000, -24.0000,  0, 0, 0
L -150.0000, -100.0000, -24.0000,  -146.0000, -100.0000, -24.0000,  0, 0, 0
L -170.0000, -120.0000, -24.0000,  -150.0000, -100.0000, -24.0000,  0, 0, 0
L -170.0000, -150.0000, -24.0000,  -170.0000, -120.0000, -24.0000,  0, 0, 0
L -167.0000, -153.0000, -24.0000,  -170.0000, -150.0000, -24.0000,  0, 0, 0
L -166.0000, -152.0000, -24.0000,  -167.0000, -153.0000, -24.0000,  0, 0, 0
L -164.0000, -154.0000, -24.0000,  -166.0000, -152.0000, -24.0000,  0, 0, 0
L -163.0000, -153.0000, -24.0000,  -164.0000, -154.0000, -24.0000,  0, 0, 0
L -160.0000, -155.0000, -24.0000,  -163.0000, -153.0000, -24.0000,  0, 0, 0
L -164.0000, -159.0000, -24.0000,  -160.0000, -155.0000, -24.0000,  0, 0, 0
L -167.0000, -157.0000, -24.0000,  -164.0000, -159.0000, -24.0000,  0, 0, 0
L -166.0000, -156.0000, -24.0000,  -167.0000, -157.0000, -24.0000,  0, 0, 0
L -168.0000, -154.0000, -24.0000,  -166.0000, -156.0000, -24.0000,  0, 0, 0
L -225.0000, -211.0000, -58.0000,  -168.0000, -154.0000, -24.0000,  0, 0, 0
L -23.0000, -34.0000, 0.0000,  -22.0000, -33.0000, 0.0000,  0, 0, 0
L -106.0000, -117.0000, -24.0000,  -107.0000, -118.0000, -24.0000,  0, 0, 0
L -106.0000, -117.0000, -24.0000,  -105.0000, -119.0000, -24.0000,  0, 0, 0
L -153.0000, -169.0000, -24.0000,  -211.0000, -226.0000, -58.0000,  0, 0, 0
L -154.0000, -168.0000, -24.0000,  -153.0000, -169.0000, -24.0000,  0, 0, 0
L -155.0000, -169.0000, -24.0000,  -154.0000, -168.0000, -24.0000,  0, 0, 0
L -157.0000, -166.0000, -24.0000,  -155.0000, -169.0000, -24.0000,  0, 0, 0
L -153.0000, -162.0000, -24.0000,  -157.0000, -166.0000, -24.0000,  0, 0, 0
L -151.0000, -164.0000, -24.0000,  -153.0000, -162.0000, -24.0000,  0, 0, 0
L -152.0000, -166.0000, -24.0000,  -151.0000, -164.0000, -24.0000,  0, 0, 0
L -150.0000, -167.0000, -24.0000,  -152.0000, -166.0000, -24.0000,  0, 0, 0
L -151.0000, -169.0000, -24.0000,  -150.0000, -167.0000, -24.0000,  0, 0, 0
L -150.0000, -170.0000, -24.0000,  -151.0000, -169.0000, -24.0000,  0, 0, 0
L -120.0000, -170.0000, -24.0000,  -150.0000, -170.0000, -24.0000,  0, 0, 0
L -100.0000, -150.0000, -24.0000,  -120.0000, -170.0000, -24.0000,  0, 0, 0
L -100.0000, -120.0000, -24.0000,  -100.0000, -150.0000, -24.0000,  0, 0, 0
L -103.0000, -117.0000, -24.0000,  -100.0000, -120.0000, -24.0000,  0, 0, 0
L -105.0000, -119.0000, -24.0000,  -103.0000, -117.0000, -24.0000,  0, 0, 0
L -110.0000, -115.0000, -24.0000,  -107.0000, -118.0000, -24.0000,  0, 0, 0
L -106.0000, -111.0000, -24.0000,  -110.0000, -115.0000, -24.0000,  0, 0, 0
L -103.0000, -114.0000, -24.0000,  -106.0000, -111.0000, -24.0000,  0, 0, 0
L -104.0000, -115.0000, -24.0000,  -103.0000, -114.0000, -24.0000,  0, 0, 0
L -103.0000, -116.0000, -24.0000,  -104.0000, -115.0000, -24.0000,  0, 0, 0
L -24.0000, -37.0000, 0.0000,  -103.0000, -116.0000, -24.0000,  0, 0, 0
L -25.0000, -36.0000, 0.0000,  -24.0000, -37.0000, 0.0000,  0, 0, 0
L -26.0000, -37.0000, 0.0000,  -25.0000, -36.0000, 0.0000,  0, 0, 0
L -29.0000, -35.0000, 0.0000,  -26.0000, -37.0000, 0.0000,  0, 0, 0
L -25.0000, -30.0000, 0.0000,  -29.0000, -35.0000, 0.0000,  0, 0, 0
L -25.0000, -30.0000, 0.0000,  -22.0000, -33.0000, 0.0000,  0, 0, 0
L -21.0000, -36.0000, 0.0000,  -23.0000, -34.0000, 0.0000,  0, 0, 0
L -22.0000, -37.0000, 0.0000,  -21.0000, -36.0000, 0.0000,  0, 0, 0
L -20.0000, -40.0000, 0.0000,  -22.0000, -37.0000, 0.0000,  0, 0, 0
L -3.0000, -40.0000, 0.0000,  -20.0000, -40.0000, 0.0000,  0, 0, 0
L -3.0000, -6.0000, 0.0000,  -3.0000, -40.0000, 0.0000,  0, 0, 0
L -3.0000, -6.0000, 0.0000,  2.0000, -6.0000, 0.0000,  0, 0, 0
L 2.0000, -40.0000, 0.0000,  2.0000, -6.0000, 0.0000,  0, 0, 0
L 30.0000, -40.0000, 0.0000,  2.0000, -40.0000, 0.0000,  0, 0, 0
L 30.0000, -40.0000, 0.0000,  30.0000, -9.0000, 0.0000,  0, 0, 0
L 33.0000, -9.0000, 0.0000,  33.0000, -12.0000, 0.0000,  0, 0, 0
L 33.0000, -9.0000, 0.0000,  34.0000, -9.0000, 0.0000,  0, 0, 0
L 34.0000, -6.0000, 0.0000,  34.0000, -9.0000, 0.0000,  0, 0, 0
L 29.0000, -6.0000, 0.0000,  34.0000, -6.0000, 0.0000,  0, 0, 0
L 29.0000, -9.0000, 0.0000,  29.0000, -6.0000, 0.0000,  0, 0, 0
L 30.0000, -9.0000, 0.0000,  29.0000, -9.0000, 0.0000,  0, 0, 0
L 56.0000, -12.0000, 0.0000,  33.0000, -12.0000, 0.0000,  0, 0, 0
L 56.0000, 20.0000, 0.0000,  56.0000, -12.0000, 0.0000,  0, 0, 0
L 64.0000, 20.0000, 0.0000,  56.0000, 20.0000, 0.0000,  0, 0, 0
L 67.0000, 43.0000, 0.0000,  59.0000, 43.0000, 0.0000,  0, 0, 0
L 69.0000, 20.0000, 0.0000,  62.0000, 20.0000, 0.0000,  0, 0, 0
L 68.0000, 43.0000, 0.0000,  66.0000, 43.0000, 0.0000,  0, 0, 0
L -373.0000, 32.0000, -55.0000,  -372.0000, 31.0000, -55.0000,  0, 0, 0
L -499.0000, 32.0000, -26.0000,  -373.0000, 32.0000, -26.0000,  0, 0, 0
L -501.0000, 30.0000, -26.0000,  -499.0000, 32.0000, -26.0000,  0, 0, 0
L -501.0000, 10.0000, -26.0000,  -501.0000, 30.0000, -26.0000,  0, 0, 0
L -544.0000, 9.0000, -26.0000,  -501.0000, 10.0000, -26.0000,  0, 0, 0
L -545.0000, 7.0000, -26.0000,  -544.0000, 9.0000, -26.0000,  0, 0, 0
L -546.0000, -11.0000, -26.0000,  -546.0000, -10.0000, -26.0000,  0, 0, 0
L -485.0000, -12.0000, -26.0000,  -546.0000, -11.0000, -26.0000,  0, 0, 0
L -484.0000, 7.0000, -26.0000,  -485.0000, -12.0000, -26.0000,  0, 0, 0
L -392.0000, 7.0000, -51.0000,  -418.0000, 7.0000, -46.0000,  0, 0, 0
L -392.0000, 2.0000, -55.0000,  -392.0000, 7.0000, -55.0000,  0, 0, 0
L -372.0000, -21.0000, -55.0000,  -372.0000, 31.0000, -55.0000,  0, 0, 0
L -374.0000, -22.0000, -55.0000,  -372.0000, -21.0000, -55.0000,  0, 0, 0
L -504.0000, -22.0000, -85.0000,  -374.0000, -22.0000, -84.0000,  0, 0, 0
L -483.0000, 2.0000, -89.0000,  -392.0000, 2.0000, -85.0000,  0, 0, 0
L -310.0000, 180.0000, -91.0000,  -305.0000, 184.0000, -90.0000,  0, 0, 0
L -304.0000, 177.0000, -91.0000,  -310.0000, 180.0000, -91.0000,  0, 0, 0
L -303.0000, 178.0000, -91.0000,  -304.0000, 177.0000, -91.0000,  0, 0, 0
L -301.0000, 176.0000, -91.0000,  -303.0000, 178.0000, -91.0000,  0, 0, 0
L -301.0000, 146.0000, -91.0000,  -301.0000, 176.0000, -91.0000,  0, 0, 0
L -321.0000, 126.0000, -91.0000,  -301.0000, 146.0000, -91.0000,  0, 0, 0
L -328.0000, 126.0000, -91.0000,  -321.0000, 126.0000, -91.0000,  0, 0, 0
L -328.0000, 126.0000, -91.0000,  -328.0000, 128.0000, -91.0000,  0, 0, 0
L -331.0000, 128.0000, -91.0000,  -328.0000, 128.0000, -91.0000,  0, 0, 0
L -331.0000, 122.0000, -91.0000,  -331.0000, 128.0000, -91.0000,  0, 0, 0
L -328.0000, 122.0000, -91.0000,  -331.0000, 122.0000, -91.0000,  0, 0, 0
L -328.0000, 123.0000, -91.0000,  -328.0000, 122.0000, -91.0000,  0, 0, 0
L -326.0000, 123.0000, -91.0000,  -328.0000, 123.0000, -91.0000,  0, 0, 0
L -326.0000, 42.0000, -134.0000,  -326.0000, 123.0000, -91.0000,  0, 0, 0
L -327.0000, 42.0000, -134.0000,  -326.0000, 42.0000, -134.0000,  0, 0, 0
L -327.0000, 44.0000, -134.0000,  -327.0000, 42.0000, -134.0000,  0, 0, 0
L -330.0000, 44.0000, -134.0000,  -327.0000, 44.0000, -134.0000,  0, 0, 0
L -330.0000, 38.0000, -134.0000,  -330.0000, 44.0000, -134.0000,  0, 0, 0
L -340.0000, 44.0000, -134.0000,  -340.0000, 38.0000, -134.0000,  0, 0, 0
L -344.0000, 44.0000, -134.0000,  -340.0000, 44.0000, -134.0000,  0, 0, 0
L -344.0000, 42.0000, -134.0000,  -344.0000, 44.0000, -134.0000,  0, 0, 0
L -345.0000, 42.0000, -134.0000,  -344.0000, 42.0000, -134.0000,  0, 0, 0
L -345.0000, 54.0000, -130.0000,  -345.0000, 42.0000, -134.0000,  0, 0, 0
L -345.0000, 56.0000, -127.0000,  -345.0000, 54.0000, -130.0000,  0, 0, 0
L -346.0000, 123.0000, -91.0000,  -345.0000, 56.0000, -127.0000,  0, 0, 0
L -344.0000, 123.0000, -91.0000,  -346.0000, 123.0000, -91.0000,  0, 0, 0
L -344.0000, 122.0000, -91.0000,  -344.0000, 123.0000, -91.0000,  0, 0, 0
L -341.0000, 122.0000, -91.0000,  -344.0000, 122.0000, -91.0000,  0, 0, 0
L -341.0000, 128.0000, -91.0000,  -341.0000, 122.0000, -91.0000,  0, 0, 0
L -344.0000, 128.0000, -91.0000,  -341.0000, 128.0000, -91.0000,  0, 0, 0
L -344.0000, 126.0000, -91.0000,  -344.0000, 128.0000, -91.0000,  0, 0, 0
L -350.0000, 126.0000, -91.0000,  -344.0000, 126.0000, -91.0000,  0, 0, 0
L -370.0000, 146.0000, -91.0000,  -350.0000, 126.0000, -91.0000,  0, 0, 0
L -370.0000, 175.0000, -91.0000,  -370.0000, 146.0000, -91.0000,  0, 0, 0
L -350.0000, 195.0000, -91.0000,  -370.0000, 175.0000, -91.0000,  0, 0, 0
L -320.0000, 195.0000, -91.0000,  -350.0000, 195.0000, -91.0000,  0, 0, 0
L -319.0000, 194.0000, -91.0000,  -320.0000, 195.0000, -91.0000,  0, 0, 0
L -320.0000, 192.0000, -91.0000,  -319.0000, 194.0000, -91.0000,  0, 0, 0
L -318.0000, 190.0000, -91.0000,  -320.0000, 192.0000, -91.0000,  0, 0, 0
L -319.0000, 189.0000, -91.0000,  -318.0000, 190.0000, -91.0000,  0, 0, 0
L -316.0000, 187.0000, -91.0000,  -319.0000, 189.0000, -90.0000,  0, 0, 0
L -312.0000, 191.0000, -91.0000,  -316.0000, 187.0000, -91.0000,  0, 0, 0
L -228.0000, 212.0000, -54.0000,  -229.0000, 213.0000, -54.0000,  0, 0, 0
L -227.0000, 215.0000, -54.0000,  -229.0000, 213.0000, -54.0000,  0, 0, 0
L -227.0000, 215.0000, -54.0000,  -228.0000, 216.0000, -54.0000,  0, 0, 0
L -305.0000, 184.0000, -91.0000,  -303.0000, 182.0000, -91.0000,  0, 0, 0
L -286.0000, 199.0000, -91.0000,  -303.0000, 182.0000, -91.0000,  0, 0, 0
L -286.0000, 202.0000, -91.0000,  -286.0000, 199.0000, -91.0000,  0, 0, 0
L -297.0000, 213.0000, -91.0000,  -286.0000, 202.0000, -91.0000,  0, 0, 0
L -320.0000, 237.0000, -71.0000,  -297.0000, 213.0000, -91.0000,  0, 0, 0
L -318.0000, 240.0000, -70.0000,  -320.0000, 237.0000, -70.0000,  0, 0, 0
L -294.0000, 215.0000, -54.0000,  -318.0000, 240.0000, -69.0000,  0, 0, 0
L -281.0000, 202.0000, -54.0000,  -294.0000, 215.0000, -54.0000,  0, 0, 0
L -276.0000, 201.0000, -54.0000,  -281.0000, 202.0000, -54.0000,  0, 0, 0
L -265.0000, 212.0000, -54.0000,  -276.0000, 201.0000, -54.0000,  0, 0, 0
L -265.0000, 213.0000, -54.0000,  -265.0000, 212.0000, -54.0000,  0, 0, 0
L -266.0000, 212.0000, -54.0000,  -265.0000, 213.0000, -54.0000,  0, 0, 0
L -269.0000, 214.0000, -54.0000,  -266.0000, 212.0000, -54.0000,  0, 0, 0
L -265.0000, 218.0000, -54.0000,  -269.0000, 214.0000, -54.0000,  0, 0, 0
L -262.0000, 216.0000, -54.0000,  -265.0000, 218.0000, -54.0000,  0, 0, 0
L -263.0000, 215.0000, -54.0000,  -262.0000, 216.0000, -54.0000,  0, 0, 0
L -261.0000, 213.0000, -54.0000,  -263.0000, 215.0000, -54.0000,  0, 0, 0
L -262.0000, 213.0000, -54.0000,  -261.0000, 213.0000, -54.0000,  0, 0, 0
L -259.0000, 209.0000, -54.0000,  -262.0000, 213.0000, -54.0000,  0, 0, 0
L -231.0000, 209.0000, -54.0000,  -259.0000, 209.0000, -54.0000,  0, 0, 0
L -228.0000, 212.0000, -54.0000,  -231.0000, 209.0000, -54.0000,  0, 0, 0
L -312.0000, 191.0000, -91.0000,  -315.0000, 194.0000, -91.0000,  0, 0, 0
L -316.0000, 193.0000, -91.0000,  -315.0000, 194.0000, -91.0000,  0, 0, 0
L -309.0000, 200.0000, -91.0000,  -316.0000, 193.0000, -91.0000,  0, 0, 0
L -329.0000, 221.0000, -73.0000,  -309.0000, 200.0000, -90.0000,  0, 0, 0
L -340.0000, 232.0000, -70.0000,  -329.0000, 221.0000, -73.0000,  0, 0, 0
L -342.0000, 238.0000, -70.0000,  -340.0000, 232.0000, -70.0000,  0, 0, 0
L -319.0000, 261.0000, -70.0000,  -342.0000, 238.0000, -70.0000,  0, 0, 0
L -319.0000, 261.0000, -70.0000,  -315.0000, 260.0000, -70.0000,  0, 0, 0
L -309.0000, 255.0000, -70.0000,  -315.0000, 260.0000, -70.0000,  0, 0, 0
L -282.0000, 226.0000, -54.0000,  -309.0000, 255.0000, -70.0000,  0, 0, 0
L -279.0000, 226.0000, -54.0000,  -282.0000, 226.0000, -54.0000,  0, 0, 0
L -277.0000, 224.0000, -54.0000,  -279.0000, 226.0000, -54.0000,  0, 0, 0
L -278.0000, 224.0000, -54.0000,  -277.0000, 224.0000, -54.0000,  0, 0, 0
L -276.0000, 221.0000, -54.0000,  -278.0000, 224.0000, -54.0000,  0, 0, 0
L -272.0000, 225.0000, -54.0000,  -276.0000, 221.0000, -53.0000,  0, 0, 0
L -274.0000, 228.0000, -54.0000,  -272.0000, 225.0000, -54.0000,  0, 0, 0
L -275.0000, 227.0000, -54.0000,  -274.0000, 228.0000, -54.0000,  0, 0, 0
L -280.0000, 230.0000, -54.0000,  -275.0000, 227.0000, -54.0000,  0, 0, 0
L -280.0000, 258.0000, -54.0000,  -280.0000, 230.0000, -54.0000,  0, 0, 0
L -259.0000, 280.0000, -54.0000,  -280.0000, 258.0000, -54.0000,  0, 0, 0
L -231.0000, 280.0000, -54.0000,  -259.0000, 280.0000, -54.0000,  0, 0, 0
L -210.0000, 259.0000, -54.0000,  -231.0000, 280.0000, -54.0000,  0, 0, 0
L -210.0000, 230.0000, -54.0000,  -210.0000, 259.0000, -54.0000,  0, 0, 0
L -212.0000, 228.0000, -54.0000,  -210.0000, 230.0000, -54.0000,  0, 0, 0
L -212.0000, 228.0000, -54.0000,  -213.0000, 229.0000, -54.0000,  0, 0, 0
L -215.0000, 227.0000, -54.0000,  -213.0000, 229.0000, -54.0000,  0, 0, 0
L -215.0000, 227.0000, -54.0000,  -216.0000, 228.0000, -54.0000,  0, 0, 0
L -103.0000, 116.0000, -24.0000,  -104.0000, 115.0000, -24.0000,  0, 0, 0
L -103.0000, 114.0000, -24.0000,  -105.0000, 111.0000, -24.0000,  0, 0, 0
L -104.0000, 115.0000, -24.0000,  -103.0000, 114.0000, -24.0000,  0, 0, 0
L -219.0000, 226.0000, -54.0000,  -216.0000, 228.0000, -54.0000,  0, 0, 0
L -215.0000, 221.0000, -54.0000,  -219.0000, 226.0000, -54.0000,  0, 0, 0
L -212.0000, 224.0000, -53.0000,  -215.0000, 221.0000, -53.0000,  0, 0, 0
L -213.0000, 225.0000, -54.0000,  -212.0000, 224.0000, -54.0000,  0, 0, 0
L -211.0000, 227.0000, -54.0000,  -213.0000, 225.0000, -54.0000,  0, 0, 0
L -154.0000, 169.0000, -24.0000,  -211.0000, 227.0000, -54.0000,  0, 0, 0
L -155.0000, 168.0000, -24.0000,  -154.0000, 169.0000, -24.0000,  0, 0, 0
L -156.0000, 169.0000, -24.0000,  -155.0000, 168.0000, -24.0000,  0, 0, 0
L -158.0000, 167.0000, -24.0000,  -156.0000, 169.0000, -24.0000,  0, 0, 0
L -154.0000, 163.0000, -24.0000,  -158.0000, 167.0000, -24.0000,  0, 0, 0
L -151.0000, 168.0000, -24.0000,  -154.0000, 163.0000, -24.0000,  0, 0, 0
L -152.0000, 169.0000, -24.0000,  -151.0000, 168.0000, -24.0000,  0, 0, 0
L -150.0000, 171.0000, -24.0000,  -152.0000, 169.0000, -24.0000,  0, 0, 0
L -120.0000, 171.0000, -24.0000,  -150.0000, 171.0000, -24.0000,  0, 0, 0
L -100.0000, 151.0000, -24.0000,  -120.0000, 171.0000, -24.0000,  0, 0, 0
L -100.0000, 121.0000, -24.0000,  -100.0000, 151.0000, -24.0000,  0, 0, 0
L -103.0000, 118.0000, -24.0000,  -100.0000, 121.0000, -24.0000,  0, 0, 0
L -104.0000, 119.0000, -24.0000,  -103.0000, 118.0000, -24.0000,  0, 0, 0
L -106.0000, 117.0000, -24.0000,  -104.0000, 119.0000, -24.0000,  0, 0, 0
L -107.0000, 118.0000, -24.0000,  -106.0000, 117.0000, -24.0000,  0, 0, 0
L -110.0000, 116.0000, -24.0000,  -107.0000, 118.0000, -24.0000,  0, 0, 0
L -105.0000, 111.0000, -24.0000,  -110.0000, 116.0000, -24.0000,  0, 0, 0
L -225.0000, 219.0000, -54.0000,  -228.0000, 216.0000, -54.0000,  0, 0, 0
L -221.0000, 215.0000, -54.0000,  -225.0000, 219.0000, -54.0000,  0, 0, 0
L -224.0000, 212.0000, -53.0000,  -221.0000, 215.0000, -53.0000,  0, 0, 0
L -168.0000, 155.0000, -24.0000,  -224.0000, 212.0000, -53.0000,  0, 0, 0
L -167.0000, 156.0000, -24.0000,  -168.0000, 155.0000, -24.0000,  0, 0, 0
L -168.0000, 157.0000, -24.0000,  -167.0000, 156.0000, -24.0000,  0, 0, 0
L -165.0000, 160.0000, -24.0000,  -168.0000, 157.0000, -24.0000,  0, 0, 0
L -161.0000, 156.0000, -24.0000,  -165.0000, 160.0000, -24.0000,  0, 0, 0
L -163.0000, 153.0000, -24.0000,  -161.0000, 156.0000, -24.0000,  0, 0, 0
L -164.0000, 154.0000, -24.0000,  -163.0000, 153.0000, -24.0000,  0, 0, 0
L -166.0000, 152.0000, -24.0000,  -164.0000, 154.0000, -24.0000,  0, 0, 0
L -168.0000, 153.0000, -24.0000,  -166.0000, 152.0000, -24.0000,  0, 0, 0
L -169.0000, 121.0000, -24.0000,  -168.0000, 153.0000, -24.0000,  0, 0, 0
L -149.0000, 102.0000, -24.0000,  -169.0000, 121.0000, -24.0000,  0, 0, 0
L -146.0000, 102.0000, -24.0000,  -149.0000, 102.0000, -24.0000,  0, 0, 0
L -146.0000, 103.0000, -24.0000,  -146.0000, 102.0000, -24.0000,  0, 0, 0
L -143.0000, 103.0000, -24.0000,  -146.0000, 103.0000, -24.0000,  0, 0, 0
L -143.0000, 104.0000, -24.0000,  -143.0000, 103.0000, -24.0000,  0, 0, 0
L -139.0000, 104.0000, -24.0000,  -143.0000, 104.0000, -24.0000,  0, 0, 0
L -139.0000, 99.0000, -24.0000,  -139.0000, 104.0000, -24.0000,  0, 0, 0
L -143.0000, 99.0000, -25.0000,  -139.0000, 99.0000, -25.0000,  0, 0, 0
L -143.0000, 100.0000, -24.0000,  -143.0000, 99.0000, -25.0000,  0, 0, 0
L -145.0000, 100.0000, -24.0000,  -143.0000, 100.0000, -24.0000,  0, 0, 0
L -145.0000, 42.0000, -33.0000,  -145.0000, 100.0000, -24.0000,  0, 0, 0
L -124.0000, 100.0000, -24.0000,  -124.0000, 42.0000, -33.0000,  0, 0, 0
L -126.0000, 100.0000, -24.0000,  -124.0000, 100.0000, -24.0000,  0, 0, 0
L -126.0000, 99.0000, -25.0000,  -126.0000, 100.0000, -24.0000,  0, 0, 0
L -130.0000, 99.0000, -25.0000,  -126.0000, 99.0000, -25.0000,  0, 0, 0
L -130.0000, 101.0000, -24.0000,  -130.0000, 102.0000, -24.0000,  0, 0, 0
L -130.0000, 104.0000, -24.0000,  -130.0000, 99.0000, -24.0000,  0, 0, 0
L -126.0000, 105.0000, -24.0000,  -130.0000, 104.0000, -24.0000,  0, 0, 0
L -126.0000, 103.0000, -24.0000,  -126.0000, 105.0000, -24.0000,  0, 0, 0
L -123.0000, 103.0000, -24.0000,  -126.0000, 103.0000, -24.0000,  0, 0, 0
L -123.0000, 102.0000, -24.0000,  -123.0000, 103.0000, -24.0000,  0, 0, 0
L -123.0000, 102.0000, -24.0000,  -120.0000, 102.0000, -24.0000,  0, 0, 0
L -119.0000, 102.0000, -24.0000,  -120.0000, 102.0000, -24.0000,  0, 0, 0
L -120.0000, 103.0000, -24.0000,  -119.0000, 102.0000, -24.0000,  0, 0, 0
L -118.0000, 105.0000, -24.0000,  -120.0000, 103.0000, -24.0000,  0, 0, 0
L -119.0000, 106.0000, -24.0000,  -118.0000, 105.0000, -24.0000,  0, 0, 0
L -116.0000, 109.0000, -24.0000,  -119.0000, 106.0000, -24.0000,  0, 0, 0
L -112.0000, 105.0000, -24.0000,  -116.0000, 109.0000, -24.0000,  0, 0, 0
L -115.0000, 102.0000, -24.0000,  -112.0000, 105.0000, -24.0000,  0, 0, 0
L -38.0000, 24.0000, 0.0000,  -115.0000, 102.0000, -24.0000,  0, 0, 0
L -103.0000, 116.0000, -24.0000,  -25.0000, 37.0000, 0.0000,  0, 0, 0
