P -2512.6250, -197.3896, 207.2394,  0, 0, 240,  3,  Highpass
P -1428.1075, -1148.7975, 11.7847,  0, 0, 240,  3,  Rivervale
P 3112.1228, -877.3491, 13.9549,  0, 0, 240,  3,  The_Commonlands
P -2090.5911, -29.7918, 151.2102,  0, 0, 0,  1,  Firiona_Vie
P -2174.5291, -129.9512, 152.5368,  0, 0, 240,  2,  Commander_Barvian_(Quests)
P -2103.4622, -23.2131, 152.5535,  0, 0, 240,  2,  Lord_Tephys_(Quests)
P -2087.2185, -24.8587, 152.5860,  0, 0, 240,  2,  Firiona_Vie_(Quests)
P -2079.1726, -48.8881, 152.5768,  0, 0, 240,  2,  Galeth_Verendeth
P -654.6927, -21.4668, 10.5801,  0, 0, 240,  2,  Armsmaster_Vohlen_(Quests)
P -661.2560, -13.6147, 10.5548,  0, 0, 240,  2,  Diennic_Lightheart_(Quests)
P -653.4034, 64.7252, 10.5669,  0, 0, 240,  2,  Thanuel_Mergon_(Quests)
P -637.1539, 92.3885, 10.5554,  0, 0, 240,  2,  Supplymaster_Kibrek_(Quests)
P 1363.9033, -902.5297, -7.4391,  240, 0, 0,  2,  Selranna_Ichoren
P 1780.6567, -870.4256, -6.3366,  240, 0, 0,  2,  Paltyn_S`Teth
P 1181.9698, -437.5004, 1.4481,  240, 0, 0,  2,  Arthak_V`Tyrin
P 1218.3479, -439.9784, 1.5749,  240, 0, 0,  2,  Adak_Kanarin
P 2145.3389, -1028.2990, -5.2397,  240, 0, 0,  2,  Saleb_(Quests)
P 2129.2451, -1083.8601, -4.6517,  240, 0, 0,  2,  Andylis_V`Shrei_(Quests)
P 2183.1350, -1077.3867, -4.0032,  240, 0, 0,  2,  Jarik_K`Ahndar_(Quests)
P 2565.9817, -605.3929, -5.3066,  0, 0, 240,  2,  Bordrik_Darkdelver
P 2556.4529, -595.3385, -5.2959,  0, 0, 240,  2,  Lyndra_Avenwood
P 2570.0134, -595.6065, -5.4540,  0, 0, 240,  2,  Fedder_Galwyn
P 2750.0735, -496.8739, -20.7836,  240, 0, 0,  2,  Laarthik_V`Shin_(Quests)
P 2789.9600, -480.1084, -20.7947,  240, 0, 0,  2,  Lanys_T`Vyl
P 2125.3755, 98.4389, -4.0445,  240, 0, 0,  2,  Aendra_Whiteflame
P 2116.2939, 67.2927, -4.0426,  240, 0, 0,  2,  Ralf_Uthmiert
P 1768.6899, -210.1820, 2.9680,  240, 0, 0,  2,  Taulus_Ailuraan
P 1737.7833, -221.0064, 2.9517,  240, 0, 0,  2,  Kielys_T`Vran
P 2855.8706, 1168.9855, 5.6361,  240, 0, 0,  2,  Traulaand_Augrith
P 2801.5847, 1153.5078, 3.5147,  240, 0, 0,  2,  Captain_Mdounis`_corpse
P 1552.8469, 485.9765, 3.6247,  240, 0, 0,  2,  Tithoun_Sevrek
P 1552.7841, 436.1336, 3.5589,  240, 0, 0,  2,  Malaurin_V`Kon
P 965.8303, 1111.9794, 13.3718,  0, 0, 0,  2,  Gavard_Belliden
P 760.6503, 863.9658, -7.0426,  240, 0, 0,  2,  Avatar_of_Aridane_Ubel
P 493.8625, 761.4511, -11.8489,  0, 0, 240,  2,  Banesman_Aalthene_(Quests)
P 519.3088, 845.7986, -9.2142,  0, 0, 240,  2,  Halana_Aalthene
P 78.2790, 711.1296, 5.2252,  0, 0, 240,  2,  Tyron_Porrindal
P -306.5329, 1036.2412, 7.5363,  0, 0, 240,  2,  Darvin_Oggleby
P -2114.0410, 744.7817, 154.0676,  0, 0, 0,  2,  Kroneld
P -2208.1863, 748.2651, 166.1001,  0, 0, 0,  2,  Ladon_Gendorin
P 857.4308, 540.4593, 84.2275,  0, 0, 0,  2,  Mitor_Errinthol
P 621.1536, -54.7991, 39.2330,  0, 0, 0,  2,  Scout_Zialdiruun
P 126.8670, -23.9512, 66.3887,  0, 0, 0,  2,  Scout_Talendien
P -454.1160, -357.4423, 0.3704,  0, 0, 240,  2,  Captain_Agresin
P -1517.5038, -1020.1113, 46.8579,  0, 0, 240,  3,  The_Void
P 140.2189, -1271.2053, 12.3708,  127, 0, 0,  3,  Assistant_Joseph_(Spells)
P 145.9646, -1274.6908, 10.7653,  127, 0, 0,  3,  Silla_Herald_(Faction_vendor)
P 1176.9563, -812.1250, -6.8219,  240, 0, 0,  3,  Widow_of_the_Woods_(Roaming)
P -691.5290, 727.0388, 52.3327,  0, 0, 240,  3,  Endell_Faeronbeck's_corpse
