P 260.5340, -1716.2900, -486.3920,  0, 0, 0,  3,  Zoneout
P 323.1790, -1505.4890, -511.9990,  0, 0, 0,  3,  Water_cutoff
P -301.0820, 511.6910, -127.9990,  0, 0, 0,  3,  The_Avatar_of_Suffering
P 341.0000, -1706.0000, -497.8410,  0, 0, 0,  2,  Succor_Spot
P -2.9960, -7.1850, 576.0010,  127, 0, 0,  2,  Saryrn
P 0.6700, 8.7240, 463.5010,  0, 127, 127,  1,  Tylis_Newleaf
P -69.9310, 4.0050, 328.0010,  127, 0, 0,  2,  Ta'Grusch_the_Abomination
P 53.9270, -16.6450, 64.0010,  127, 0, 0,  2,  Salczek_the_Fleshgrinder
P -230.7940, -506.8750, -159.9990,  127, 0, 0,  2,  Avatar_of_Agony
P -1.0200, 1009.7800, 64.0010,  127, 0, 0,  2,  Baraguj_Szuul
