P 1097.0000, -1880.0000, -887.0000,  240, 240, 240,  2,  Decay
P -1.0000, 238.0000, -618.0000,  240, 240, 240,  2,  Valor
P -1221.0000, 2242.0000, -906.0000,  255, 255, 255,  2,  Time
P 2200.0000, -257.0000, -934.0000,  255, 255, 255,  2,  Fire
P 627.0000, -29.0000, -512.0000,  255, 255, 255,  2,  Justice
P 1406.0000, 489.0000, -909.9990,  0, 0, 0,  3,  Rataga_(Merchant)
P 1543.0000, -878.0000, -894.5490,  0, 0, 0,  3,  Paumil_(Banker)
P 1558.0000, -878.0000, -894.5490,  0, 0, 0,  3,  Domri_(Banker)
P 1573.0000, -878.0000, -894.5490,  0, 0, 0,  3,  Taisika_(Banker)
P 1631.0000, -768.0000, -894.4670,  0, 0, 0,  3,  Derith_(Soulbinder)
P 1752.0000, -886.0000, -894.4170,  0, 0, 0,  3,  Aelisian_(Jewelry)
P 1896.0000, -672.0000, -911.0190,  0, 0, 0,  3,  Parija_(Merchant)
P 1889.0000, -734.0000, -911.0190,  0, 0, 0,  3,  Adrania_(Merchant)
P 1847.0000, -627.0000, -911.0190,  0, 0, 0,  3,  Gregory_(Potions)
P 1637.0000, -583.0000, -914.2320,  0, 0, 0,  3,  Jimmik_(Merchant)
P 1621.0000, -583.0000, -914.2320,  0, 0, 0,  3,  Jasir_(Merchant)
P 1716.0000, -479.0000, -914.2320,  0, 0, 0,  3,  Aliia_(Merchant)
P 1719.0000, -512.0000, -914.2320,  0, 0, 0,  3,  Samusk_(Merchant)
P 1434.4060, -762.2820, -879.2860,  0, 0, 0,  3,  Knowledge_Portal
P 1564.0000, -878.0000, 0.0000,  240, 240, 240,  2,  Bank
P 1649.0000, -701.0000, 0.0000,  240, 240, 240,  2,  Torment
P 27.0000, 152.0000, 0.0000,  240, 240, 240,  2,  Tactics
P -19.0000, 157.0000, 0.0000,  240, 240, 240,  2,  HoHonor
P -36.0000, 202.0000, 0.0000,  240, 240, 240,  2,  SolTower
P -1232.0000, 731.0000, 0.0000,  240, 240, 240,  2,  Storms
P 1288.0000, 185.0000, 0.0000,  255, 255, 255,  2,  Nightmares
P -1791.0000, 690.0000, 0.0000,  255, 255, 255,  2,  BoThunder
P -2208.0000, 1330.0000, 0.0000,  255, 255, 255,  2,  Earth
P -1004.0000, 1185.0000, 0.0000,  255, 255, 255,  2,  Water
P 7.0000, 1543.0000, 0.0000,  255, 255, 255,  2,  Innovation
P 686.0000, -852.0000, 0.0000,  255, 255, 255,  2,  Air
P 1404.0000, -1701.0000, 0.0000,  255, 255, 255,  2,  Disease
