P 852.8340, -1090.6730, -585.0400,  127, 0, 0,  2,  Coirnav_the_Avatar_of_Water
P 82.5250, -696.2550, -527.9990,  127, 0, 0,  2,  Ofossaa_The_Enlightened
P 217.4870, -403.1680, -434.1490,  0, 0, 0,  1,  Decending_Tunnel
P -19.6920, -519.9930, -526.6150,  0, 0, 0,  1,  Decending_Tunnel
P -252.4680, -429.4860, -520.5010,  240, 127, 0,  2,  Regrua_Guardian_Room
P 478.3100, -429.1770, -546.7820,  240, 127, 0,  2,  Regrua_Guardian_Room
P 393.4140, -302.2920, -575.9990,  240, 127, 0,  2,  Hraquis_Room
P 357.7400, -149.2760, -554.5170,  240, 127, 0,  2,  Kraken_Room
P 69.0230, -84.2440, -535.8430,  0, 0, 0,  1,  Decending_Tunnel
P 56.2330, 140.0770, -377.8160,  0, 0, 0,  2,  Decending_Tunnel
P 518.0160, 609.6940, -149.9990,  240, 127, 0,  3,  Frog_Room
P -208.8630, 668.8580, -123.1190,  127, 0, 0,  2,  Grioihin_the_Wise
P -559.3120, 864.4980, -95.0340,  240, 127, 0,  3,  Shark_Room
P -445.6400, 1188.9871, -154.4320,  240, 127, 0,  3,  Shark_Room
P 164.0000, 1239.0000, 0.0000,  255, 255, 255,  2,  Graveyard
