P 707.8040, 924.3660, -379.9930,  240, 0, 0,  2,  Dvoin_M`sha
P 2516.0000, -769.0000, 0.0000,  0, 240, 0,  2,  Zone_to_Kod`Taz
P 2597.0000, 963.0000, -650.9980,  0, 240, 0,  3,  Zone_to_Yxxta
P -96.1500, 159.0450, -413.3610,  240, 0, 0,  2,  Ptav_M'sha__Pathing_Pattern
P -176.2500, -349.9760, -424.4110,  240, 0, 0,  2,  Iqthinxa_Karnkvi
P 254.9790, 150.1650, -489.1190,  240, 0, 0,  2,  Cynosure_Kvaniji
P 157.0100, -658.2770, -395.9970,  240, 0, 0,  2,  Mnat_M'sha
P -95.0000, 490.0000, 0.0000,  240, 0, 0,  2,  Pixtt_Invi_Mal
P 1030.0000, -135.0000, 0.0000,  240, 0, 0,  2,  Pixtt_Sho`Val_Kqi
P 240.0000, 1685.0000, 0.0000,  240, 0, 0,  2,  Averixx_Quimeri_(Txevu_Alternate_Access)
P 825.0000, 1520.0000, 0.0000,  0, 0, 240,  2,  Aganetti_the_Keeper_(Inktu`Ta_Trigger)
P 625.0000, -225.0000, 0.0000,  240, 0, 0,  2,  Hexxt_Ilk_Klokk_(Txevu_Alternate_Access)
P -300.0000, 150.0000, 0.0000,  0, 240, 0,  3,  Zone_to_Txevu
P 625.0000, -75.0000, 0.0000,  240, 0, 0,  2,  Hexxt_Pvin_Nki
P 484.0000, 462.0000, 0.0000,  240, 0, 0,  2,  Pixtt_Llan_Kvish
P 373.0000, 706.0000, 0.0000,  240, 0, 0,  2,  Hexxt_Jkak_Miq
P 310.0000, 1160.0000, 0.0000,  240, 0, 0,  2,  Vrex_Indra
P -215.0000, 1295.0000, 0.0000,  240, 0, 0,  2,  Tiv_Ashmmi
P 1018.0000, 1385.0000, -494.0000,  0, 240, 0,  3,  Zone_to_Inktu`Ta
P 835.0000, -25.0000, 0.0000,  240, 0, 0,  2,  Pixtt_Ttinq_Val
