L -87.0000, 293.0000, 5.0000,  -69.0000, 293.0000, 5.0000,  0, 0, 0
L -87.0000, 303.0000, 5.0000,  -87.0000, 293.0000, 5.0000,  0, 0, 0
L -129.0000, 303.0000, 1.0000,  -87.0000, 303.0000, 5.0000,  0, 0, 0
L -129.0000, 309.0000, 1.0000,  -129.0000, 303.0000, 1.0000,  0, 0, 0
L -365.0000, 321.0000, -1.0000,  -368.0000, 321.0000, -1.0000,  0, 0, 0
L -364.0000, 354.0000, -1.0000,  -368.0000, 354.0000, -1.0000,  0, 0, 0
L -359.0000, 379.0000, -1.0000,  -364.0000, 354.0000, -1.0000,  0, 0, 0
L -442.0000, 379.0000, -1.0000,  -359.0000, 379.0000, -1.0000,  0, 0, 0
L -442.0000, 296.0000, -1.0000,  -442.0000, 379.0000, -1.0000,  0, 0, 0
L -360.0000, 296.0000, -1.0000,  -442.0000, 296.0000, -1.0000,  0, 0, 0
L -365.0000, 321.0000, 0.0000,  -360.0000, 296.0000, -1.0000,  0, 0, 0
L -364.0000, 371.0000, -1.0000,  -368.0000, 354.0000, -1.0000,  0, 0, 0
L -367.0000, 374.0000, -1.0000,  -364.0000, 371.0000, -1.0000,  0, 0, 0
L -434.0000, 375.0000, -1.0000,  -367.0000, 374.0000, -1.0000,  0, 0, 0
L -438.0000, 371.0000, -1.0000,  -434.0000, 375.0000, -1.0000,  0, 0, 0
L -438.0000, 304.0000, -1.0000,  -438.0000, 371.0000, -1.0000,  0, 0, 0
L -434.0000, 300.0000, -1.0000,  -438.0000, 304.0000, -1.0000,  0, 0, 0
L -367.0000, 300.0000, -1.0000,  -434.0000, 300.0000, -1.0000,  0, 0, 0
L -365.0000, 303.0000, -1.0000,  -367.0000, 300.0000, -1.0000,  0, 0, 0
L -368.0000, 321.0000, -1.0000,  -365.0000, 303.0000, -1.0000,  0, 0, 0
L -21.0000, -1083.0000, 3.0000,  21.0000, -1083.0000, 3.0000,  255, 0, 255
L -939.0000, -4.0000, -1.0000,  -942.0000, -4.0000, -1.0000,  0, 0, 0
L -939.0000, 30.0000, -1.0000,  -942.0000, 30.0000, 1.0000,  0, 0, 0
L -935.0000, -29.0000, -1.0000,  -1016.0000, -29.0000, -1.0000,  0, 0, 0
L -933.0000, 54.0000, -1.0000,  -939.0000, 30.0000, -1.0000,  0, 0, 0
L -1016.0000, 54.0000, -1.0000,  -933.0000, 54.0000, -1.0000,  0, 0, 0
L -1016.0000, -29.0000, -1.0000,  -1016.0000, 54.0000, -1.0000,  0, 0, 0
L -939.0000, -4.0000, -1.0000,  -935.0000, -29.0000, -1.0000,  0, 0, 0
L -939.0000, -22.0000, -1.0000,  -942.0000, -4.0000, -1.0000,  0, 0, 0
L -942.0000, -25.0000, -1.0000,  -939.0000, -22.0000, -1.0000,  0, 0, 0
L -1009.0000, -25.0000, -1.0000,  -942.0000, -25.0000, -1.0000,  0, 0, 0
L -1013.0000, -21.0000, -1.0000,  -1009.0000, -25.0000, -1.0000,  0, 0, 0
L -1013.0000, 46.0000, -1.0000,  -1013.0000, -21.0000, -1.0000,  0, 0, 0
L -1009.0000, 50.0000, -1.0000,  -1013.0000, 46.0000, -1.0000,  0, 0, 0
L -942.0000, 50.0000, -1.0000,  -1009.0000, 50.0000, -1.0000,  0, 0, 0
L -939.0000, 46.0000, -1.0000,  -942.0000, 50.0000, -1.0000,  0, 0, 0
L -942.0000, 30.0000, -1.0000,  -939.0000, 46.0000, -1.0000,  0, 0, 0
L -674.0000, -637.0000, -1.0000,  -674.0000, -640.0000, -1.0000,  0, 0, 0
L -707.0000, -638.0000, -1.0000,  -707.0000, -641.0000, -1.0000,  0, 0, 0
L -732.0000, -631.0000, -1.0000,  -707.0000, -638.0000, -1.0000,  0, 0, 0
L -733.0000, -714.0000, -1.0000,  -732.0000, -631.0000, -1.0000,  0, 0, 0
L -649.0000, -714.0000, -1.0000,  -733.0000, -714.0000, -1.0000,  0, 0, 0
L -650.0000, -632.0000, -1.0000,  -649.0000, -714.0000, -1.0000,  0, 0, 0
L -674.0000, -637.0000, -1.0000,  -650.0000, -632.0000, -1.0000,  0, 0, 0
L -656.0000, -637.0000, -1.0000,  -674.0000, -640.0000, -1.0000,  0, 0, 0
L -725.0000, -637.0000, -1.0000,  -707.0000, -641.0000, -1.0000,  0, 0, 0
L -728.0000, -640.0000, -1.0000,  -725.0000, -637.0000, -1.0000,  0, 0, 0
L -728.0000, -707.0000, -1.0000,  -728.0000, -640.0000, -1.0000,  0, 0, 0
L -724.0000, -711.0000, -1.0000,  -728.0000, -707.0000, -1.0000,  0, 0, 0
L -657.0000, -711.0000, -1.0000,  -724.0000, -711.0000, -1.0000,  0, 0, 0
L -653.0000, -707.0000, -1.0000,  -657.0000, -711.0000, -1.0000,  0, 0, 0
L -653.0000, -640.0000, -1.0000,  -653.0000, -707.0000, -1.0000,  0, 0, 0
L -656.0000, -637.0000, -1.0000,  -653.0000, -640.0000, -1.0000,  0, 0, 0
L -437.0000, -715.0000, 4.0000,  -481.0000, -715.0000, 4.0000,  0, 0, 0
L -437.0000, -629.0000, 4.0000,  -437.0000, -715.0000, 4.0000,  0, 0, 0
L -523.0000, -629.0000, 4.0000,  -437.0000, -629.0000, 4.0000,  0, 0, 0
L -523.0000, -715.0000, 4.0000,  -523.0000, -629.0000, 4.0000,  0, 0, 0
L -495.0000, -715.0000, 4.0000,  -523.0000, -715.0000, 4.0000,  0, 0, 0
L -495.0000, -721.0000, 1.0000,  -495.0000, -715.0000, 1.0000,  0, 0, 0
L -521.0000, -721.0000, 5.0000,  -495.0000, -721.0000, 1.0000,  0, 0, 0
L -521.0000, -731.0000, 5.0000,  -521.0000, -721.0000, 5.0000,  0, 0, 0
L -539.0000, -731.0000, 5.0000,  -521.0000, -731.0000, 5.0000,  0, 0, 0
L -539.0000, -713.0000, 5.0000,  -539.0000, -731.0000, 5.0000,  0, 0, 0
L -529.0000, -713.0000, 5.0000,  -539.0000, -713.0000, 5.0000,  0, 0, 0
L -529.0000, -631.0000, 5.0000,  -529.0000, -713.0000, 5.0000,  0, 0, 0
L -539.0000, -631.0000, 5.0000,  -529.0000, -631.0000, 5.0000,  0, 0, 0
L -539.0000, -613.0000, 5.0000,  -539.0000, -631.0000, 5.0000,  0, 0, 0
L -521.0000, -613.0000, 5.0000,  -539.0000, -613.0000, 5.0000,  0, 0, 0
L -521.0000, -623.0000, 5.0000,  -521.0000, -613.0000, 5.0000,  0, 0, 0
L -439.0000, -623.0000, 5.0000,  -521.0000, -623.0000, 1.0000,  0, 0, 0
L -439.0000, -613.0000, 5.0000,  -439.0000, -623.0000, 5.0000,  0, 0, 0
L -421.0000, -613.0000, 5.0000,  -439.0000, -613.0000, 5.0000,  0, 0, 0
L -421.0000, -631.0000, 5.0000,  -421.0000, -613.0000, 5.0000,  0, 0, 0
L -431.0000, -631.0000, 5.0000,  -421.0000, -631.0000, 5.0000,  0, 0, 0
L -431.0000, -713.0000, 5.0000,  -431.0000, -631.0000, 5.0000,  0, 0, 0
L -421.0000, -713.0000, 5.0000,  -431.0000, -713.0000, 5.0000,  0, 0, 0
L -421.0000, -731.0000, 5.0000,  -421.0000, -713.0000, 5.0000,  0, 0, 0
L -439.0000, -731.0000, 5.0000,  -421.0000, -731.0000, 5.0000,  0, 0, 0
L -439.0000, -721.0000, 5.0000,  -439.0000, -731.0000, 5.0000,  0, 0, 0
L -481.0000, -721.0000, 1.0000,  -439.0000, -721.0000, 5.0000,  0, 0, 0
L -481.0000, -715.0000, 1.0000,  -481.0000, -721.0000, 1.0000,  0, 0, 0
L 683.0000, -648.0000, -1.0000,  683.0000, -650.0000, -1.0000,  0, 0, 0
L 715.0000, -647.0000, -1.0000,  715.0000, -650.0000, -1.0000,  0, 0, 0
L 665.0000, -647.0000, -1.0000,  662.0000, -650.0000, -1.0000,  0, 0, 0
L 665.0000, -647.0000, -1.0000,  683.0000, -650.0000, -1.0000,  0, 0, 0
L 734.0000, -647.0000, -1.0000,  715.0000, -650.0000, -1.0000,  0, 0, 0
L 737.0000, -650.0000, -1.0000,  734.0000, -647.0000, -1.0000,  0, 0, 0
L 737.0000, -716.0000, -1.0000,  737.0000, -650.0000, -1.0000,  0, 0, 0
L 733.0000, -720.0000, -1.0000,  737.0000, -716.0000, -1.0000,  0, 0, 0
L 666.0000, -720.0000, -1.0000,  733.0000, -720.0000, -1.0000,  0, 0, 0
L 662.0000, -717.0000, -1.0000,  666.0000, -720.0000, -1.0000,  0, 0, 0
L 662.0000, -650.0000, -1.0000,  662.0000, -717.0000, -1.0000,  0, 0, 0
L 668.0000, -643.0000, -1.0000,  683.0000, -648.0000, -1.0000,  0, 0, 0
L 658.0000, -642.0000, -1.0000,  668.0000, -643.0000, -1.0000,  0, 0, 0
L 658.0000, -724.0000, -1.0000,  658.0000, -642.0000, -1.0000,  0, 0, 0
L 740.0000, -724.0000, -1.0000,  658.0000, -724.0000, -1.0000,  0, 0, 0
L 740.0000, -643.0000, 0.0000,  740.0000, -724.0000, -1.0000,  0, 0, 0
L 733.0000, -643.0000, -1.0000,  740.0000, -643.0000, 0.0000,  0, 0, 0
L 715.0000, -647.0000, -1.0000,  733.0000, -643.0000, -1.0000,  0, 0, 0
L 441.0000, -721.0000, 1.0000,  465.0000, -721.0000, 1.0000,  0, 0, 0
L 441.0000, -733.0000, -1.0000,  441.0000, -721.0000, 1.0000,  0, 0, 0
L 419.0000, -733.0000, -1.0000,  441.0000, -733.0000, -1.0000,  0, 0, 0
L 419.0000, -711.0000, -1.0000,  419.0000, -733.0000, -1.0000,  0, 0, 0
L 431.0000, -711.0000, 1.0000,  419.0000, -711.0000, -1.0000,  0, 0, 0
L 431.0000, -633.0000, 1.0000,  431.0000, -711.0000, 1.0000,  0, 0, 0
L 419.0000, -633.0000, -1.0000,  431.0000, -633.0000, 1.0000,  0, 0, 0
L 419.0000, -611.0000, -1.0000,  419.0000, -633.0000, -1.0000,  0, 0, 0
L 441.0000, -611.0000, -1.0000,  419.0000, -611.0000, -1.0000,  0, 0, 0
L 441.0000, -623.0000, 1.0000,  441.0000, -611.0000, -1.0000,  0, 0, 0
L 519.0000, -623.0000, 1.0000,  441.0000, -623.0000, 1.0000,  0, 0, 0
L 519.0000, -611.0000, -1.0000,  519.0000, -623.0000, 1.0000,  0, 0, 0
L 541.0000, -611.0000, -1.0000,  519.0000, -611.0000, -1.0000,  0, 0, 0
L 541.0000, -633.0000, -1.0000,  541.0000, -611.0000, -1.0000,  0, 0, 0
L 529.0000, -633.0000, 1.0000,  541.0000, -633.0000, -1.0000,  0, 0, 0
L 529.0000, -711.0000, 1.0000,  529.0000, -633.0000, 1.0000,  0, 0, 0
L 541.0000, -711.0000, -1.0000,  529.0000, -711.0000, 1.0000,  0, 0, 0
L 541.0000, -733.0000, -1.0000,  541.0000, -711.0000, -1.0000,  0, 0, 0
L 519.0000, -733.0000, -1.0000,  541.0000, -733.0000, -1.0000,  0, 0, 0
L 519.0000, -721.0000, 1.0000,  519.0000, -733.0000, -1.0000,  0, 0, 0
L 479.0000, -721.0000, 1.0000,  519.0000, -721.0000, 1.0000,  0, 0, 0
L 465.0000, -721.0000, 1.0000,  465.0000, -715.0000, 1.0000,  0, 0, 0
L 479.0000, -715.0000, 1.0000,  479.0000, -721.0000, 1.0000,  0, 0, 0
L 437.0000, -715.0000, 4.0000,  465.0000, -715.0000, 4.0000,  0, 0, 0
L 437.0000, -629.0000, 4.0000,  437.0000, -715.0000, 4.0000,  0, 0, 0
L 523.0000, -629.0000, 4.0000,  437.0000, -629.0000, 4.0000,  0, 0, 0
L 523.0000, -715.0000, 4.0000,  523.0000, -629.0000, 4.0000,  0, 0, 0
L 479.0000, -715.0000, 4.0000,  523.0000, -715.0000, 4.0000,  0, 0, 0
L 248.0000, -645.0000, -1.0000,  248.0000, -639.0000, -1.0000,  0, 0, 0
L 241.0000, -645.0000, 3.0000,  248.0000, -645.0000, -1.0000,  0, 0, 0
L 241.0000, -663.0000, 5.0000,  241.0000, -645.0000, 3.0000,  0, 0, 0
L 265.0000, -663.0000, 5.0000,  241.0000, -663.0000, 5.0000,  0, 0, 0
L 265.0000, -681.0000, 5.0000,  265.0000, -663.0000, 5.0000,  0, 0, 0
L 241.0000, -681.0000, 5.0000,  265.0000, -681.0000, 5.0000,  0, 0, 0
L 241.0000, -721.0000, 3.0000,  241.0000, -681.0000, 5.0000,  0, 0, 0
L 201.0000, -721.0000, 5.0000,  241.0000, -721.0000, 3.0000,  0, 0, 0
L 201.0000, -745.0000, 5.0000,  201.0000, -721.0000, 5.0000,  0, 0, 0
L 183.0000, -745.0000, 5.0000,  201.0000, -745.0000, 5.0000,  0, 0, 0
L 183.0000, -721.0000, 5.0000,  183.0000, -745.0000, 5.0000,  0, 0, 0
L 105.0000, -721.0000, 5.0000,  183.0000, -721.0000, 5.0000,  0, 0, 0
L 105.0000, -745.0000, 5.0000,  105.0000, -721.0000, 5.0000,  0, 0, 0
L 87.0000, -745.0000, 5.0000,  105.0000, -745.0000, 5.0000,  0, 0, 0
L 87.0000, -721.0000, 5.0000,  87.0000, -745.0000, 5.0000,  0, 0, 0
L 9.0000, -721.0000, 5.0000,  87.0000, -721.0000, 5.0000,  0, 0, 0
L 9.0000, -745.0000, 5.0000,  9.0000, -721.0000, 5.0000,  0, 0, 0
L -9.0000, -745.0000, 5.0000,  9.0000, -745.0000, 5.0000,  0, 0, 0
L -9.0000, -721.0000, 5.0000,  -9.0000, -745.0000, 5.0000,  0, 0, 0
L -87.0000, -721.0000, 5.0000,  -9.0000, -721.0000, 5.0000,  0, 0, 0
L -87.0000, -745.0000, 5.0000,  -87.0000, -721.0000, 5.0000,  0, 0, 0
L -105.0000, -745.0000, 5.0000,  -87.0000, -745.0000, 5.0000,  0, 0, 0
L -105.0000, -721.0000, 5.0000,  -105.0000, -745.0000, 5.0000,  0, 0, 0
L -183.0000, -721.0000, 5.0000,  -105.0000, -721.0000, 5.0000,  0, 0, 0
L -183.0000, -745.0000, 5.0000,  -183.0000, -721.0000, 5.0000,  0, 0, 0
L -201.0000, -745.0000, 5.0000,  -183.0000, -745.0000, 5.0000,  0, 0, 0
L -201.0000, -721.0000, 5.0000,  -201.0000, -745.0000, 5.0000,  0, 0, 0
L -241.0000, -721.0000, 3.0000,  -201.0000, -721.0000, 5.0000,  0, 0, 0
L -241.0000, -681.0000, 5.0000,  -241.0000, -721.0000, 3.0000,  0, 0, 0
L -265.0000, -681.0000, 5.0000,  -241.0000, -681.0000, 5.0000,  0, 0, 0
L -265.0000, -663.0000, 5.0000,  -265.0000, -681.0000, 5.0000,  0, 0, 0
L -241.0000, -663.0000, 5.0000,  -265.0000, -663.0000, 5.0000,  0, 0, 0
L -241.0000, -645.0000, 3.0000,  -241.0000, -663.0000, 5.0000,  0, 0, 0
L -248.0000, -645.0000, -1.0000,  -241.0000, -645.0000, -1.0000,  0, 0, 0
L -248.0000, -639.0000, -1.0000,  -248.0000, -645.0000, -1.0000,  0, 0, 0
L -216.0000, -639.0000, 3.0000,  -248.0000, -639.0000, 3.0000,  0, 0, 0
L -216.0000, -645.0000, -1.0000,  -216.0000, -639.0000, -1.0000,  0, 0, 0
L -223.0000, -645.0000, 3.0000,  -216.0000, -645.0000, -1.0000,  0, 0, 0
L -223.0000, -671.0000, 3.0000,  -223.0000, -645.0000, 3.0000,  0, 0, 0
L -191.0000, -671.0000, 3.0000,  -223.0000, -671.0000, 3.0000,  0, 0, 0
L -191.0000, -703.0000, 3.0000,  -191.0000, -671.0000, 3.0000,  0, 0, 0
L 191.0000, -703.0000, 3.0000,  -191.0000, -703.0000, 3.0000,  0, 0, 0
L 191.0000, -671.0000, 3.0000,  191.0000, -703.0000, 3.0000,  0, 0, 0
L 223.0000, -671.0000, 3.0000,  191.0000, -671.0000, 3.0000,  0, 0, 0
L 223.0000, -645.0000, 3.0000,  223.0000, -671.0000, 3.0000,  0, 0, 0
L 216.0000, -645.0000, -1.0000,  223.0000, -645.0000, -1.0000,  0, 0, 0
L 216.0000, -639.0000, -1.0000,  216.0000, -645.0000, -1.0000,  0, 0, 0
L 248.0000, -639.0000, 3.0000,  216.0000, -639.0000, 3.0000,  0, 0, 0
L 317.0000, -805.0000, 2.0000,  337.0000, -805.0000, 2.0000,  0, 0, 0
L 317.0000, -832.0000, 2.0000,  317.0000, -805.0000, 2.0000,  0, 0, 0
L 326.0000, -840.0000, 2.0000,  317.0000, -832.0000, 2.0000,  0, 0, 0
L 320.0000, -846.0000, -1.0000,  326.0000, -840.0000, -1.0000,  0, 0, 0
L 316.0000, -841.0000, 2.0000,  320.0000, -846.0000, 2.0000,  0, 0, 0
L 113.0000, -1044.0000, 2.0000,  316.0000, -841.0000, 2.0000,  0, 0, 0
L 118.0000, -1048.0000, 2.0000,  113.0000, -1044.0000, 2.0000,  0, 0, 0
L 112.0000, -1054.0000, -1.0000,  118.0000, -1048.0000, -1.0000,  0, 0, 0
L 104.0000, -1045.0000, 2.0000,  112.0000, -1054.0000, 2.0000,  0, 0, 0
L 77.0000, -1045.0000, 2.0000,  104.0000, -1045.0000, 2.0000,  0, 0, 0
L 77.0000, -1065.0000, 2.0000,  77.0000, -1045.0000, 2.0000,  0, 0, 0
L 69.0000, -1065.0000, -1.0000,  77.0000, -1065.0000, -1.0000,  0, 0, 0
L 69.0000, -1059.0000, 2.0000,  69.0000, -1065.0000, 2.0000,  0, 0, 0
L 37.0000, -1059.0000, 2.0000,  69.0000, -1059.0000, 2.0000,  0, 0, 0
L 37.0000, -1065.0000, 2.0000,  37.0000, -1059.0000, 2.0000,  0, 0, 0
L 32.0000, -1065.0000, -1.0000,  37.0000, -1065.0000, -1.0000,  0, 0, 0
L 32.0000, -1059.0000, 3.0000,  32.0000, -1065.0000, 2.0000,  0, 0, 0
L 21.0000, -1059.0000, 3.0000,  32.0000, -1059.0000, 3.0000,  0, 0, 0
L 21.0000, -1061.0000, 3.0000,  21.0000, -1059.0000, 3.0000,  0, 0, 0
L 15.0000, -1061.0000, 3.0000,  21.0000, -1061.0000, 3.0000,  0, 0, 0
L 15.0000, -1061.0000, 3.0000,  15.0000, -1048.0000, 3.0000,  0, 0, 0
L -15.0000, -1061.0000, 3.0000,  -15.0000, -1048.0000, 3.0000,  0, 0, 0
L -21.0000, -1061.0000, 3.0000,  -15.0000, -1061.0000, 3.0000,  0, 0, 0
L -21.0000, -1059.0000, 3.0000,  -21.0000, -1061.0000, 3.0000,  0, 0, 0
L -32.0000, -1059.0000, 3.0000,  -21.0000, -1059.0000, 3.0000,  0, 0, 0
L -32.0000, -1065.0000, 2.0000,  -32.0000, -1059.0000, 3.0000,  0, 0, 0
L -37.0000, -1065.0000, -1.0000,  -32.0000, -1065.0000, -1.0000,  0, 0, 0
L -37.0000, -1059.0000, 2.0000,  -37.0000, -1065.0000, 2.0000,  0, 0, 0
L -69.0000, -1059.0000, 2.0000,  -37.0000, -1059.0000, 2.0000,  0, 0, 0
L -69.0000, -1065.0000, 2.0000,  -69.0000, -1059.0000, 2.0000,  0, 0, 0
L -77.0000, -1065.0000, -1.0000,  -69.0000, -1065.0000, -1.0000,  0, 0, 0
L -77.0000, -1045.0000, 2.0000,  -77.0000, -1065.0000, 2.0000,  0, 0, 0
L -104.0000, -1045.0000, 2.0000,  -77.0000, -1045.0000, 2.0000,  0, 0, 0
L -112.0000, -1054.0000, 2.0000,  -104.0000, -1045.0000, 2.0000,  0, 0, 0
L -118.0000, -1048.0000, -1.0000,  -112.0000, -1054.0000, -1.0000,  0, 0, 0
L -113.0000, -1044.0000, 2.0000,  -118.0000, -1048.0000, 2.0000,  0, 0, 0
L -316.0000, -841.0000, 2.0000,  -113.0000, -1044.0000, 2.0000,  0, 0, 0
L -320.0000, -846.0000, 2.0000,  -316.0000, -841.0000, 2.0000,  0, 0, 0
L -326.0000, -840.0000, -1.0000,  -320.0000, -846.0000, -1.0000,  0, 0, 0
L -317.0000, -832.0000, 2.0000,  -326.0000, -840.0000, 2.0000,  0, 0, 0
L -317.0000, -805.0000, 2.0000,  -317.0000, -832.0000, 2.0000,  0, 0, 0
L -337.0000, -805.0000, 2.0000,  -317.0000, -805.0000, 2.0000,  0, 0, 0
L -337.0000, -797.0000, -1.0000,  -337.0000, -805.0000, -1.0000,  0, 0, 0
L -309.0000, -797.0000, -1.0000,  -337.0000, -797.0000, -1.0000,  0, 0, 0
L -309.0000, -840.0000, -1.0000,  -309.0000, -797.0000, -1.0000,  0, 0, 0
L -112.0000, -1037.0000, -1.0000,  -309.0000, -840.0000, -1.0000,  0, 0, 0
L -69.0000, -1037.0000, -1.0000,  -112.0000, -1037.0000, -1.0000,  0, 0, 0
L -69.0000, -1053.0000, -1.0000,  -69.0000, -1037.0000, -1.0000,  0, 0, 0
L -21.0000, -1053.0000, -1.0000,  -69.0000, -1053.0000, -1.0000,  0, 0, 0
L -21.0000, -1048.0000, -1.0000,  -21.0000, -1053.0000, -1.0000,  0, 0, 0
L -15.0000, -1048.0000, -1.0000,  -21.0000, -1048.0000, -1.0000,  0, 0, 0
L 21.0000, -1048.0000, -1.0000,  15.0000, -1048.0000, -1.0000,  0, 0, 0
L 21.0000, -1053.0000, -1.0000,  21.0000, -1048.0000, -1.0000,  0, 0, 0
L 69.0000, -1053.0000, -1.0000,  21.0000, -1053.0000, -1.0000,  0, 0, 0
L 69.0000, -1037.0000, -1.0000,  69.0000, -1053.0000, -1.0000,  0, 0, 0
L 112.0000, -1037.0000, -1.0000,  69.0000, -1037.0000, -1.0000,  0, 0, 0
L 309.0000, -840.0000, -1.0000,  112.0000, -1037.0000, -1.0000,  0, 0, 0
L 309.0000, -797.0000, -1.0000,  309.0000, -840.0000, -1.0000,  0, 0, 0
L 337.0000, -797.0000, -1.0000,  309.0000, -797.0000, -1.0000,  0, 0, 0
L 337.0000, -805.0000, -1.0000,  337.0000, -797.0000, -1.0000,  0, 0, 0
L 805.0000, -371.0000, 2.0000,  805.0000, -351.0000, 2.0000,  0, 0, 0
L 825.0000, -371.0000, 2.0000,  805.0000, -371.0000, 2.0000,  0, 0, 0
L 825.0000, -379.0000, -1.0000,  825.0000, -371.0000, -1.0000,  0, 0, 0
L 819.0000, -379.0000, 2.0000,  825.0000, -379.0000, 2.0000,  0, 0, 0
L 819.0000, -797.0000, 2.0000,  819.0000, -379.0000, 2.0000,  0, 0, 0
L 825.0000, -797.0000, 2.0000,  819.0000, -797.0000, 2.0000,  0, 0, 0
L 825.0000, -805.0000, -1.0000,  825.0000, -797.0000, -1.0000,  0, 0, 0
L 805.0000, -805.0000, 2.0000,  825.0000, -805.0000, 2.0000,  0, 0, 0
L 805.0000, -825.0000, 2.0000,  805.0000, -805.0000, 2.0000,  0, 0, 0
L 797.0000, -825.0000, -1.0000,  805.0000, -825.0000, -1.0000,  0, 0, 0
L 797.0000, -819.0000, 2.0000,  797.0000, -825.0000, 2.0000,  0, 0, 0
L 379.0000, -819.0000, 2.0000,  797.0000, -819.0000, 2.0000,  0, 0, 0
L 379.0000, -825.0000, 2.0000,  379.0000, -819.0000, 2.0000,  0, 0, 0
L 371.0000, -825.0000, -1.0000,  379.0000, -825.0000, -1.0000,  0, 0, 0
L 371.0000, -805.0000, 2.0000,  371.0000, -825.0000, 2.0000,  0, 0, 0
L 351.0000, -805.0000, 2.0000,  371.0000, -805.0000, 2.0000,  0, 0, 0
L 351.0000, -797.0000, -1.0000,  351.0000, -805.0000, -1.0000,  0, 0, 0
L 379.0000, -797.0000, -1.0000,  351.0000, -797.0000, -1.0000,  0, 0, 0
L 379.0000, -813.0000, -1.0000,  379.0000, -797.0000, -1.0000,  0, 0, 0
L 797.0000, -813.0000, -1.0000,  379.0000, -813.0000, -1.0000,  0, 0, 0
L 797.0000, -797.0000, -1.0000,  797.0000, -813.0000, -1.0000,  0, 0, 0
L 813.0000, -797.0000, -1.0000,  797.0000, -797.0000, -1.0000,  0, 0, 0
L 813.0000, -379.0000, -1.0000,  813.0000, -797.0000, -1.0000,  0, 0, 0
L 797.0000, -379.0000, -1.0000,  813.0000, -379.0000, -1.0000,  0, 0, 0
L 797.0000, -351.0000, -1.0000,  797.0000, -379.0000, -1.0000,  0, 0, 0
L 805.0000, -351.0000, -1.0000,  797.0000, -351.0000, -1.0000,  0, 0, 0
L 805.0000, 351.0000, 2.0000,  805.0000, 371.0000, 2.0000,  0, 0, 0
L 805.0000, 317.0000, 2.0000,  805.0000, 337.0000, 2.0000,  0, 0, 0
L 832.0000, 317.0000, 2.0000,  805.0000, 317.0000, 2.0000,  0, 0, 0
L 840.0000, 326.0000, 2.0000,  832.0000, 317.0000, 2.0000,  0, 0, 0
L 846.0000, 320.0000, -1.0000,  840.0000, 326.0000, -1.0000,  0, 0, 0
L 841.0000, 316.0000, 2.0000,  846.0000, 320.0000, 2.0000,  0, 0, 0
L 1148.0000, 9.0000, 2.0000,  841.0000, 316.0000, 2.0000,  0, 0, 0
L 1152.0000, 14.0000, 2.0000,  1148.0000, 9.0000, 2.0000,  0, 0, 0
L 1158.0000, 8.0000, -1.0000,  1152.0000, 14.0000, -1.0000,  0, 0, 0
L 1149.0000, 0.0000, 2.0000,  1158.0000, 8.0000, 2.0000,  0, 0, 0
L 1157.0000, -8.0000, 2.0000,  1149.0000, 0.0000, 2.0000,  0, 0, 0
L 1152.0000, -14.0000, -1.0000,  1157.0000, -8.0000, -1.0000,  0, 0, 0
L 1148.0000, -9.0000, 2.0000,  1152.0000, -14.0000, 2.0000,  0, 0, 0
L 841.0000, -316.0000, 2.0000,  1148.0000, -9.0000, 2.0000,  0, 0, 0
L 846.0000, -320.0000, 2.0000,  841.0000, -316.0000, 2.0000,  0, 0, 0
L 840.0000, -326.0000, -1.0000,  846.0000, -320.0000, -1.0000,  0, 0, 0
L 832.0000, -317.0000, 2.0000,  840.0000, -326.0000, 2.0000,  0, 0, 0
L 805.0000, -317.0000, 2.0000,  832.0000, -317.0000, 2.0000,  0, 0, 0
L 805.0000, -337.0000, 2.0000,  805.0000, -317.0000, 2.0000,  0, 0, 0
L 797.0000, -337.0000, -1.0000,  805.0000, -337.0000, -1.0000,  0, 0, 0
L 797.0000, -309.0000, -1.0000,  797.0000, -337.0000, -1.0000,  0, 0, 0
L 840.0000, -309.0000, -1.0000,  797.0000, -309.0000, -1.0000,  0, 0, 0
L 1141.0000, -8.0000, -1.0000,  840.0000, -309.0000, -1.0000,  0, 0, 0
L 1141.0000, 8.0000, -1.0000,  1141.0000, -8.0000, -1.0000,  0, 0, 0
L 840.0000, 309.0000, -1.0000,  1141.0000, 8.0000, -1.0000,  0, 0, 0
L 797.0000, 309.0000, -1.0000,  840.0000, 309.0000, -1.0000,  0, 0, 0
L 797.0000, 337.0000, -1.0000,  797.0000, 309.0000, -1.0000,  0, 0, 0
L 805.0000, 337.0000, -1.0000,  797.0000, 337.0000, -1.0000,  0, 0, 0
L 371.0000, 805.0000, 2.0000,  351.0000, 805.0000, 2.0000,  0, 0, 0
L 371.0000, 825.0000, 2.0000,  371.0000, 805.0000, 2.0000,  0, 0, 0
L 379.0000, 825.0000, -1.0000,  371.0000, 825.0000, -1.0000,  0, 0, 0
L 379.0000, 819.0000, 2.0000,  379.0000, 825.0000, 2.0000,  0, 0, 0
L 797.0000, 819.0000, 2.0000,  379.0000, 819.0000, 2.0000,  0, 0, 0
L 797.0000, 825.0000, 2.0000,  797.0000, 819.0000, 2.0000,  0, 0, 0
L 805.0000, 825.0000, -1.0000,  797.0000, 825.0000, -1.0000,  0, 0, 0
L 805.0000, 805.0000, 2.0000,  805.0000, 825.0000, 2.0000,  0, 0, 0
L 825.0000, 805.0000, 2.0000,  805.0000, 805.0000, 2.0000,  0, 0, 0
L 825.0000, 797.0000, -1.0000,  825.0000, 805.0000, -1.0000,  0, 0, 0
L 819.0000, 797.0000, 2.0000,  825.0000, 797.0000, 2.0000,  0, 0, 0
L 819.0000, 379.0000, 2.0000,  819.0000, 797.0000, 2.0000,  0, 0, 0
L 825.0000, 379.0000, 2.0000,  819.0000, 379.0000, 2.0000,  0, 0, 0
L 825.0000, 371.0000, -1.0000,  825.0000, 379.0000, -1.0000,  0, 0, 0
L 805.0000, 371.0000, 2.0000,  825.0000, 371.0000, 2.0000,  0, 0, 0
L 797.0000, 351.0000, -1.0000,  805.0000, 351.0000, -1.0000,  0, 0, 0
L 797.0000, 379.0000, -1.0000,  797.0000, 351.0000, -1.0000,  0, 0, 0
L 813.0000, 379.0000, -1.0000,  797.0000, 379.0000, -1.0000,  0, 0, 0
L 813.0000, 797.0000, -1.0000,  813.0000, 379.0000, -1.0000,  0, 0, 0
L 797.0000, 797.0000, -1.0000,  813.0000, 797.0000, -1.0000,  0, 0, 0
L 797.0000, 813.0000, -1.0000,  797.0000, 797.0000, -1.0000,  0, 0, 0
L 379.0000, 813.0000, -1.0000,  797.0000, 813.0000, -1.0000,  0, 0, 0
L 379.0000, 797.0000, -1.0000,  379.0000, 813.0000, -1.0000,  0, 0, 0
L 351.0000, 797.0000, -1.0000,  379.0000, 797.0000, -1.0000,  0, 0, 0
L 351.0000, 805.0000, -1.0000,  351.0000, 797.0000, -1.0000,  0, 0, 0
L -317.0000, 805.0000, 2.0000,  -337.0000, 805.0000, 2.0000,  0, 0, 0
L -317.0000, 832.0000, 2.0000,  -317.0000, 805.0000, 2.0000,  0, 0, 0
L -326.0000, 840.0000, 2.0000,  -317.0000, 832.0000, 2.0000,  0, 0, 0
L -320.0000, 846.0000, -1.0000,  -326.0000, 840.0000, -1.0000,  0, 0, 0
L -316.0000, 841.0000, 2.0000,  -320.0000, 846.0000, 2.0000,  0, 0, 0
L -9.0000, 1148.0000, 2.0000,  -316.0000, 841.0000, 2.0000,  0, 0, 0
L -14.0000, 1152.0000, 2.0000,  -9.0000, 1148.0000, 2.0000,  0, 0, 0
L -8.0000, 1158.0000, -1.0000,  -14.0000, 1152.0000, -1.0000,  0, 0, 0
L 0.0000, 1149.0000, 2.0000,  -8.0000, 1158.0000, 2.0000,  0, 0, 0
L 8.0000, 1158.0000, 2.0000,  0.0000, 1149.0000, 2.0000,  0, 0, 0
L 14.0000, 1152.0000, -1.0000,  8.0000, 1158.0000, -1.0000,  0, 0, 0
L 9.0000, 1148.0000, 2.0000,  14.0000, 1152.0000, 2.0000,  0, 0, 0
L 316.0000, 841.0000, 2.0000,  9.0000, 1148.0000, 2.0000,  0, 0, 0
L 320.0000, 846.0000, 2.0000,  316.0000, 841.0000, 2.0000,  0, 0, 0
L 326.0000, 840.0000, -1.0000,  320.0000, 846.0000, -1.0000,  0, 0, 0
L 317.0000, 832.0000, 2.0000,  326.0000, 840.0000, 2.0000,  0, 0, 0
L 317.0000, 805.0000, 2.0000,  317.0000, 832.0000, 2.0000,  0, 0, 0
L 337.0000, 805.0000, 2.0000,  317.0000, 805.0000, 2.0000,  0, 0, 0
L 337.0000, 797.0000, -1.0000,  337.0000, 805.0000, -1.0000,  0, 0, 0
L 309.0000, 797.0000, -1.0000,  337.0000, 797.0000, -1.0000,  0, 0, 0
L 309.0000, 840.0000, -1.0000,  309.0000, 797.0000, -1.0000,  0, 0, 0
L 8.0000, 1141.0000, -1.0000,  309.0000, 840.0000, -1.0000,  0, 0, 0
L -8.0000, 1141.0000, -1.0000,  8.0000, 1141.0000, -1.0000,  0, 0, 0
L -309.0000, 840.0000, -1.0000,  -8.0000, 1141.0000, -1.0000,  0, 0, 0
L -309.0000, 797.0000, -1.0000,  -309.0000, 840.0000, -1.0000,  0, 0, 0
L -337.0000, 797.0000, -1.0000,  -309.0000, 797.0000, -1.0000,  0, 0, 0
L -337.0000, 805.0000, -1.0000,  -337.0000, 797.0000, -1.0000,  0, 0, 0
L -825.0000, 379.0000, -1.0000,  -825.0000, 371.0000, -1.0000,  0, 0, 0
L -819.0000, 379.0000, 2.0000,  -825.0000, 379.0000, 2.0000,  0, 0, 0
L -819.0000, 797.0000, 2.0000,  -819.0000, 379.0000, 2.0000,  0, 0, 0
L -825.0000, 797.0000, 2.0000,  -819.0000, 797.0000, 2.0000,  0, 0, 0
L -825.0000, 805.0000, -1.0000,  -825.0000, 797.0000, -1.0000,  0, 0, 0
L -805.0000, 805.0000, 2.0000,  -825.0000, 805.0000, 2.0000,  0, 0, 0
L -805.0000, 825.0000, 2.0000,  -805.0000, 805.0000, 2.0000,  0, 0, 0
L -797.0000, 825.0000, -1.0000,  -805.0000, 825.0000, -1.0000,  0, 0, 0
L -797.0000, 819.0000, 2.0000,  -797.0000, 825.0000, 2.0000,  0, 0, 0
L -379.0000, 819.0000, 2.0000,  -797.0000, 819.0000, 2.0000,  0, 0, 0
L -379.0000, 825.0000, 2.0000,  -379.0000, 819.0000, 2.0000,  0, 0, 0
L -371.0000, 825.0000, -1.0000,  -379.0000, 825.0000, -1.0000,  0, 0, 0
L -371.0000, 805.0000, 2.0000,  -371.0000, 825.0000, 2.0000,  0, 0, 0
L -351.0000, 805.0000, 2.0000,  -371.0000, 805.0000, 2.0000,  0, 0, 0
L -351.0000, 797.0000, -1.0000,  -351.0000, 805.0000, -1.0000,  0, 0, 0
L -379.0000, 797.0000, -1.0000,  -351.0000, 797.0000, -1.0000,  0, 0, 0
L -379.0000, 813.0000, -1.0000,  -379.0000, 797.0000, -1.0000,  0, 0, 0
L -797.0000, 813.0000, -1.0000,  -379.0000, 813.0000, -1.0000,  0, 0, 0
L -797.0000, 797.0000, -1.0000,  -797.0000, 813.0000, -1.0000,  0, 0, 0
L -813.0000, 797.0000, -1.0000,  -797.0000, 797.0000, -1.0000,  0, 0, 0
L -813.0000, 379.0000, -1.0000,  -813.0000, 797.0000, -1.0000,  0, 0, 0
L -797.0000, 379.0000, -1.0000,  -813.0000, 379.0000, -1.0000,  0, 0, 0
L -797.0000, 351.0000, -1.0000,  -797.0000, 379.0000, -1.0000,  0, 0, 0
L -805.0000, 351.0000, -1.0000,  -797.0000, 351.0000, -1.0000,  0, 0, 0
L -805.0000, 371.0000, 2.0000,  -805.0000, 351.0000, 2.0000,  0, 0, 0
L -825.0000, 371.0000, 2.0000,  -805.0000, 371.0000, 2.0000,  0, 0, 0
L -841.0000, -316.0000, 2.0000,  -846.0000, -320.0000, 2.0000,  0, 0, 0
L -1148.0000, -9.0000, 2.0000,  -841.0000, -316.0000, 2.0000,  0, 0, 0
L -1152.0000, -14.0000, 2.0000,  -1148.0000, -9.0000, 2.0000,  0, 0, 0
L -1158.0000, -8.0000, -1.0000,  -1152.0000, -14.0000, -1.0000,  0, 0, 0
L -1149.0000, 0.0000, 2.0000,  -1158.0000, -8.0000, 2.0000,  0, 0, 0
L -1158.0000, 8.0000, 2.0000,  -1149.0000, 0.0000, 2.0000,  0, 0, 0
L -1152.0000, 14.0000, -1.0000,  -1158.0000, 8.0000, -1.0000,  0, 0, 0
L -1148.0000, 9.0000, 2.0000,  -1152.0000, 14.0000, 2.0000,  0, 0, 0
L -841.0000, 316.0000, 2.0000,  -1148.0000, 9.0000, 2.0000,  0, 0, 0
L -846.0000, 320.0000, 2.0000,  -841.0000, 316.0000, 2.0000,  0, 0, 0
L -840.0000, 326.0000, -1.0000,  -846.0000, 320.0000, -1.0000,  0, 0, 0
L -832.0000, 317.0000, 2.0000,  -840.0000, 326.0000, 2.0000,  0, 0, 0
L -805.0000, 317.0000, 2.0000,  -832.0000, 317.0000, 2.0000,  0, 0, 0
L -805.0000, 337.0000, 2.0000,  -805.0000, 317.0000, 2.0000,  0, 0, 0
L -797.0000, 337.0000, -1.0000,  -805.0000, 337.0000, -1.0000,  0, 0, 0
L -797.0000, 309.0000, -1.0000,  -797.0000, 337.0000, -1.0000,  0, 0, 0
L -840.0000, 309.0000, -1.0000,  -797.0000, 309.0000, -1.0000,  0, 0, 0
L -1141.0000, 8.0000, -1.0000,  -840.0000, 309.0000, -1.0000,  0, 0, 0
L -1141.0000, -8.0000, -1.0000,  -1141.0000, 8.0000, -1.0000,  0, 0, 0
L -840.0000, -309.0000, -1.0000,  -1141.0000, -8.0000, -1.0000,  0, 0, 0
L -797.0000, -309.0000, -1.0000,  -840.0000, -309.0000, -1.0000,  0, 0, 0
L -797.0000, -337.0000, -1.0000,  -797.0000, -309.0000, -1.0000,  0, 0, 0
L -805.0000, -337.0000, -1.0000,  -797.0000, -337.0000, -1.0000,  0, 0, 0
L -805.0000, -317.0000, 2.0000,  -805.0000, -337.0000, 2.0000,  0, 0, 0
L -832.0000, -317.0000, 2.0000,  -805.0000, -317.0000, 2.0000,  0, 0, 0
L -840.0000, -326.0000, 2.0000,  -832.0000, -317.0000, 2.0000,  0, 0, 0
L -846.0000, -320.0000, -1.0000,  -840.0000, -326.0000, -1.0000,  0, 0, 0
L -805.0000, -371.0000, 2.0000,  -825.0000, -371.0000, 2.0000,  0, 0, 0
L -805.0000, -351.0000, 2.0000,  -805.0000, -371.0000, 2.0000,  0, 0, 0
L -797.0000, -351.0000, -1.0000,  -805.0000, -351.0000, -1.0000,  0, 0, 0
L -797.0000, -379.0000, -1.0000,  -797.0000, -351.0000, -1.0000,  0, 0, 0
L -813.0000, -379.0000, -1.0000,  -797.0000, -379.0000, -1.0000,  0, 0, 0
L -813.0000, -797.0000, -1.0000,  -813.0000, -379.0000, -1.0000,  0, 0, 0
L -797.0000, -797.0000, -1.0000,  -813.0000, -797.0000, -1.0000,  0, 0, 0
L -797.0000, -813.0000, -1.0000,  -797.0000, -797.0000, -1.0000,  0, 0, 0
L -379.0000, -813.0000, -1.0000,  -797.0000, -813.0000, -1.0000,  0, 0, 0
L -351.0000, -805.0000, 2.0000,  -371.0000, -805.0000, 2.0000,  0, 0, 0
L -351.0000, -797.0000, -1.0000,  -351.0000, -805.0000, -1.0000,  0, 0, 0
L -379.0000, -797.0000, -1.0000,  -379.0000, -813.0000, -1.0000,  0, 0, 0
L -351.0000, -797.0000, -1.0000,  -379.0000, -797.0000, -1.0000,  0, 0, 0
L -371.0000, -825.0000, 2.0000,  -371.0000, -805.0000, 2.0000,  0, 0, 0
L -379.0000, -825.0000, -1.0000,  -371.0000, -825.0000, -1.0000,  0, 0, 0
L -371.0000, -839.0000, -1.0000,  -379.0000, -839.0000, -1.0000,  0, 0, 0
L -371.0000, -859.0000, 2.0000,  -371.0000, -839.0000, 2.0000,  0, 0, 0
L -344.0000, -859.0000, 2.0000,  -371.0000, -859.0000, 2.0000,  0, 0, 0
L -336.0000, -850.0000, 2.0000,  -344.0000, -859.0000, 2.0000,  0, 0, 0
L -330.0000, -856.0000, -1.0000,  -336.0000, -850.0000, -1.0000,  0, 0, 0
L -335.0000, -860.0000, 2.0000,  -330.0000, -856.0000, 2.0000,  0, 0, 0
L -132.0000, -1063.0000, 2.0000,  -335.0000, -860.0000, 2.0000,  0, 0, 0
L -128.0000, -1058.0000, 2.0000,  -132.0000, -1063.0000, 2.0000,  0, 0, 0
L -122.0000, -1064.0000, -1.0000,  -128.0000, -1058.0000, -1.0000,  0, 0, 0
L -131.0000, -1072.0000, 2.0000,  -122.0000, -1064.0000, 2.0000,  0, 0, 0
L -131.0000, -1099.0000, 2.0000,  -131.0000, -1072.0000, 2.0000,  0, 0, 0
L -77.0000, -1099.0000, 2.0000,  -131.0000, -1099.0000, 2.0000,  0, 0, 0
L -77.0000, -1079.0000, 2.0000,  -77.0000, -1099.0000, 2.0000,  0, 0, 0
L -69.0000, -1079.0000, -1.0000,  -77.0000, -1079.0000, -1.0000,  0, 0, 0
L -69.0000, -1085.0000, 2.0000,  -69.0000, -1079.0000, 2.0000,  0, 0, 0
L -37.0000, -1085.0000, 2.0000,  -69.0000, -1085.0000, 2.0000,  0, 0, 0
L -37.0000, -1079.0000, 2.0000,  -37.0000, -1085.0000, 2.0000,  0, 0, 0
L -32.0000, -1079.0000, -1.0000,  -37.0000, -1079.0000, -1.0000,  0, 0, 0
L -32.0000, -1085.0000, 3.0000,  -32.0000, -1079.0000, 2.0000,  0, 0, 0
L -21.0000, -1085.0000, 3.0000,  -32.0000, -1085.0000, 3.0000,  0, 0, 0
L -21.0000, -1085.0000, 3.0000,  -21.0000, -1083.0000, 3.0000,  0, 0, 0
L 21.0000, -1085.0000, 3.0000,  21.0000, -1083.0000, 3.0000,  0, 0, 0
L 32.0000, -1085.0000, 3.0000,  21.0000, -1085.0000, 3.0000,  0, 0, 0
L 32.0000, -1079.0000, 2.0000,  32.0000, -1085.0000, 3.0000,  0, 0, 0
L 37.0000, -1079.0000, -1.0000,  32.0000, -1079.0000, -1.0000,  0, 0, 0
L 37.0000, -1085.0000, 2.0000,  37.0000, -1079.0000, 2.0000,  0, 0, 0
L 69.0000, -1085.0000, 2.0000,  37.0000, -1085.0000, 2.0000,  0, 0, 0
L 69.0000, -1079.0000, 2.0000,  69.0000, -1085.0000, 2.0000,  0, 0, 0
L 77.0000, -1079.0000, -1.0000,  69.0000, -1079.0000, -1.0000,  0, 0, 0
L 77.0000, -1099.0000, 2.0000,  77.0000, -1079.0000, 2.0000,  0, 0, 0
L 131.0000, -1099.0000, 2.0000,  77.0000, -1099.0000, 2.0000,  0, 0, 0
L 131.0000, -1072.0000, 2.0000,  131.0000, -1099.0000, 2.0000,  0, 0, 0
L 122.0000, -1064.0000, 2.0000,  131.0000, -1072.0000, 2.0000,  0, 0, 0
L 128.0000, -1058.0000, -1.0000,  122.0000, -1064.0000, -1.0000,  0, 0, 0
L 132.0000, -1063.0000, 2.0000,  128.0000, -1058.0000, 2.0000,  0, 0, 0
L 335.0000, -860.0000, 2.0000,  132.0000, -1063.0000, 2.0000,  0, 0, 0
L 330.0000, -856.0000, 2.0000,  335.0000, -860.0000, 2.0000,  0, 0, 0
L 336.0000, -850.0000, -1.0000,  330.0000, -856.0000, -1.0000,  0, 0, 0
L 344.0000, -859.0000, 2.0000,  336.0000, -850.0000, 2.0000,  0, 0, 0
L 371.0000, -859.0000, 2.0000,  344.0000, -859.0000, 2.0000,  0, 0, 0
L 371.0000, -839.0000, 2.0000,  371.0000, -859.0000, 2.0000,  0, 0, 0
L 379.0000, -839.0000, -1.0000,  371.0000, -839.0000, -1.0000,  0, 0, 0
L 379.0000, -845.0000, 2.0000,  379.0000, -839.0000, 2.0000,  0, 0, 0
L 797.0000, -845.0000, 2.0000,  379.0000, -845.0000, 2.0000,  0, 0, 0
L 797.0000, -839.0000, 2.0000,  797.0000, -845.0000, 2.0000,  0, 0, 0
L 805.0000, -839.0000, -1.0000,  797.0000, -839.0000, -1.0000,  0, 0, 0
L 805.0000, -859.0000, 2.0000,  805.0000, -839.0000, 2.0000,  0, 0, 0
L 859.0000, -859.0000, 2.0000,  805.0000, -859.0000, 2.0000,  0, 0, 0
L 859.0000, -805.0000, 2.0000,  859.0000, -859.0000, 2.0000,  0, 0, 0
L 839.0000, -805.0000, 2.0000,  859.0000, -805.0000, 2.0000,  0, 0, 0
L 839.0000, -797.0000, -1.0000,  839.0000, -805.0000, -1.0000,  0, 0, 0
L 845.0000, -797.0000, 2.0000,  839.0000, -797.0000, 2.0000,  0, 0, 0
L 845.0000, -379.0000, 2.0000,  845.0000, -797.0000, 2.0000,  0, 0, 0
L 839.0000, -379.0000, 2.0000,  845.0000, -379.0000, 2.0000,  0, 0, 0
L 839.0000, -371.0000, -1.0000,  839.0000, -379.0000, -1.0000,  0, 0, 0
L 859.0000, -371.0000, 2.0000,  839.0000, -371.0000, 2.0000,  0, 0, 0
L 859.0000, -344.0000, 2.0000,  859.0000, -371.0000, 2.0000,  0, 0, 0
L 850.0000, -336.0000, 2.0000,  859.0000, -344.0000, 2.0000,  0, 0, 0
L 856.0000, -330.0000, -1.0000,  850.0000, -336.0000, -1.0000,  0, 0, 0
L 860.0000, -335.0000, 2.0000,  856.0000, -330.0000, 2.0000,  0, 0, 0
L 1167.0000, -28.0000, 2.0000,  860.0000, -335.0000, 2.0000,  0, 0, 0
L 1162.0000, -24.0000, 2.0000,  1167.0000, -28.0000, 2.0000,  0, 0, 0
L 1168.0000, -18.0000, -1.0000,  1162.0000, -24.0000, -1.0000,  0, 0, 0
L 1176.0000, -27.0000, 2.0000,  1168.0000, -18.0000, 2.0000,  0, 0, 0
L 1203.0000, -27.0000, 2.0000,  1176.0000, -27.0000, 2.0000,  0, 0, 0
L 1203.0000, 27.0000, 2.0000,  1203.0000, -27.0000, 2.0000,  0, 0, 0
L 1176.0000, 27.0000, 2.0000,  1203.0000, 27.0000, 2.0000,  0, 0, 0
L 1168.0000, 18.0000, 2.0000,  1176.0000, 27.0000, 2.0000,  0, 0, 0
L 1162.0000, 24.0000, -1.0000,  1168.0000, 18.0000, -1.0000,  0, 0, 0
L 1167.0000, 28.0000, 2.0000,  1162.0000, 24.0000, 2.0000,  0, 0, 0
L 860.0000, 335.0000, 2.0000,  1167.0000, 28.0000, 2.0000,  0, 0, 0
L 856.0000, 330.0000, 2.0000,  860.0000, 335.0000, 2.0000,  0, 0, 0
L 850.0000, 336.0000, -1.0000,  856.0000, 330.0000, -1.0000,  0, 0, 0
L 859.0000, 344.0000, 2.0000,  850.0000, 336.0000, 2.0000,  0, 0, 0
L 859.0000, 371.0000, 2.0000,  859.0000, 344.0000, 2.0000,  0, 0, 0
L 839.0000, 371.0000, 2.0000,  859.0000, 371.0000, 2.0000,  0, 0, 0
L 839.0000, 379.0000, -1.0000,  839.0000, 371.0000, -1.0000,  0, 0, 0
L 845.0000, 379.0000, 2.0000,  839.0000, 379.0000, 2.0000,  0, 0, 0
L 845.0000, 797.0000, 2.0000,  845.0000, 379.0000, 2.0000,  0, 0, 0
L 839.0000, 797.0000, 2.0000,  845.0000, 797.0000, 2.0000,  0, 0, 0
L 839.0000, 805.0000, -1.0000,  839.0000, 797.0000, -1.0000,  0, 0, 0
L 859.0000, 805.0000, 2.0000,  839.0000, 805.0000, 2.0000,  0, 0, 0
L 859.0000, 859.0000, 2.0000,  859.0000, 805.0000, 2.0000,  0, 0, 0
L 805.0000, 859.0000, 2.0000,  859.0000, 859.0000, 2.0000,  0, 0, 0
L 805.0000, 839.0000, 2.0000,  805.0000, 859.0000, 2.0000,  0, 0, 0
L 797.0000, 839.0000, -1.0000,  805.0000, 839.0000, -1.0000,  0, 0, 0
L 797.0000, 845.0000, 2.0000,  797.0000, 839.0000, 2.0000,  0, 0, 0
L 379.0000, 845.0000, 2.0000,  797.0000, 845.0000, 2.0000,  0, 0, 0
L 379.0000, 839.0000, 2.0000,  379.0000, 845.0000, 2.0000,  0, 0, 0
L 371.0000, 839.0000, -1.0000,  379.0000, 839.0000, -1.0000,  0, 0, 0
L 371.0000, 859.0000, 2.0000,  371.0000, 839.0000, 2.0000,  0, 0, 0
L 344.0000, 859.0000, 2.0000,  371.0000, 859.0000, 2.0000,  0, 0, 0
L 336.0000, 850.0000, 2.0000,  344.0000, 859.0000, 2.0000,  0, 0, 0
L 330.0000, 856.0000, -1.0000,  336.0000, 850.0000, -1.0000,  0, 0, 0
L 335.0000, 860.0000, 2.0000,  330.0000, 856.0000, 2.0000,  0, 0, 0
L 28.0000, 1167.0000, 2.0000,  335.0000, 860.0000, 2.0000,  0, 0, 0
L 24.0000, 1162.0000, 2.0000,  28.0000, 1167.0000, 2.0000,  0, 0, 0
L 18.0000, 1168.0000, -1.0000,  24.0000, 1162.0000, -1.0000,  0, 0, 0
L 27.0000, 1176.0000, 2.0000,  18.0000, 1168.0000, 2.0000,  0, 0, 0
L 27.0000, 1203.0000, 2.0000,  27.0000, 1176.0000, 2.0000,  0, 0, 0
L -27.0000, 1203.0000, 2.0000,  27.0000, 1203.0000, 2.0000,  0, 0, 0
L -27.0000, 1176.0000, 2.0000,  -27.0000, 1203.0000, 2.0000,  0, 0, 0
L -18.0000, 1168.0000, 2.0000,  -27.0000, 1176.0000, 2.0000,  0, 0, 0
L -24.0000, 1162.0000, -1.0000,  -18.0000, 1168.0000, -1.0000,  0, 0, 0
L -28.0000, 1167.0000, 2.0000,  -24.0000, 1162.0000, 2.0000,  0, 0, 0
L -335.0000, 860.0000, 2.0000,  -28.0000, 1167.0000, 2.0000,  0, 0, 0
L -330.0000, 856.0000, 2.0000,  -335.0000, 860.0000, 2.0000,  0, 0, 0
L -336.0000, 850.0000, -1.0000,  -330.0000, 856.0000, -1.0000,  0, 0, 0
L -344.0000, 859.0000, 2.0000,  -336.0000, 850.0000, 2.0000,  0, 0, 0
L -371.0000, 859.0000, 2.0000,  -344.0000, 859.0000, 2.0000,  0, 0, 0
L -371.0000, 839.0000, 2.0000,  -371.0000, 859.0000, 2.0000,  0, 0, 0
L -379.0000, 839.0000, -1.0000,  -371.0000, 839.0000, -1.0000,  0, 0, 0
L -379.0000, 845.0000, 2.0000,  -379.0000, 839.0000, 2.0000,  0, 0, 0
L -797.0000, 845.0000, 2.0000,  -379.0000, 845.0000, 2.0000,  0, 0, 0
L -797.0000, 839.0000, 2.0000,  -797.0000, 845.0000, 2.0000,  0, 0, 0
L -805.0000, 839.0000, -1.0000,  -797.0000, 839.0000, -1.0000,  0, 0, 0
L -805.0000, 859.0000, 2.0000,  -805.0000, 839.0000, 2.0000,  0, 0, 0
L -859.0000, 859.0000, 2.0000,  -805.0000, 859.0000, 2.0000,  0, 0, 0
L -859.0000, 805.0000, 2.0000,  -859.0000, 859.0000, 2.0000,  0, 0, 0
L -839.0000, 805.0000, 2.0000,  -859.0000, 805.0000, 2.0000,  0, 0, 0
L -839.0000, 797.0000, -1.0000,  -839.0000, 805.0000, -1.0000,  0, 0, 0
L -845.0000, 797.0000, 2.0000,  -839.0000, 797.0000, 2.0000,  0, 0, 0
L -845.0000, 379.0000, 2.0000,  -845.0000, 797.0000, 2.0000,  0, 0, 0
L -839.0000, 379.0000, 2.0000,  -845.0000, 379.0000, 2.0000,  0, 0, 0
L -839.0000, 371.0000, -1.0000,  -839.0000, 379.0000, -1.0000,  0, 0, 0
L -859.0000, 371.0000, 2.0000,  -839.0000, 371.0000, 2.0000,  0, 0, 0
L -859.0000, 344.0000, 2.0000,  -859.0000, 371.0000, 2.0000,  0, 0, 0
L -850.0000, 336.0000, 2.0000,  -859.0000, 344.0000, 2.0000,  0, 0, 0
L -856.0000, 330.0000, -1.0000,  -850.0000, 336.0000, -1.0000,  0, 0, 0
L -860.0000, 335.0000, 2.0000,  -856.0000, 330.0000, 2.0000,  0, 0, 0
L -1167.0000, 28.0000, 2.0000,  -860.0000, 335.0000, 2.0000,  0, 0, 0
L -1162.0000, 24.0000, 2.0000,  -1167.0000, 28.0000, 2.0000,  0, 0, 0
L -1168.0000, 18.0000, -1.0000,  -1162.0000, 24.0000, -1.0000,  0, 0, 0
L -1176.0000, 27.0000, 2.0000,  -1168.0000, 18.0000, 2.0000,  0, 0, 0
L -1203.0000, 27.0000, 2.0000,  -1176.0000, 27.0000, 2.0000,  0, 0, 0
L -1203.0000, -27.0000, 2.0000,  -1203.0000, 27.0000, 2.0000,  0, 0, 0
L -1176.0000, -27.0000, 2.0000,  -1203.0000, -27.0000, 2.0000,  0, 0, 0
L -1168.0000, -18.0000, 2.0000,  -1176.0000, -27.0000, 2.0000,  0, 0, 0
L -1162.0000, -24.0000, -1.0000,  -1168.0000, -18.0000, -1.0000,  0, 0, 0
L -1167.0000, -28.0000, 2.0000,  -1162.0000, -24.0000, 2.0000,  0, 0, 0
L -860.0000, -335.0000, 2.0000,  -1167.0000, -28.0000, 2.0000,  0, 0, 0
L -856.0000, -330.0000, 2.0000,  -860.0000, -335.0000, 2.0000,  0, 0, 0
L -850.0000, -336.0000, -1.0000,  -856.0000, -330.0000, -1.0000,  0, 0, 0
L -859.0000, -344.0000, 2.0000,  -850.0000, -336.0000, 2.0000,  0, 0, 0
L -859.0000, -371.0000, 2.0000,  -859.0000, -344.0000, 2.0000,  0, 0, 0
L -839.0000, -371.0000, 2.0000,  -859.0000, -371.0000, 2.0000,  0, 0, 0
L -825.0000, -371.0000, -1.0000,  -825.0000, -379.0000, -1.0000,  0, 0, 0
L -839.0000, -379.0000, -1.0000,  -839.0000, -371.0000, -1.0000,  0, 0, 0
L -819.0000, -379.0000, 2.0000,  -825.0000, -379.0000, 2.0000,  0, 0, 0
L -819.0000, -797.0000, 2.0000,  -819.0000, -379.0000, 2.0000,  0, 0, 0
L -825.0000, -797.0000, 2.0000,  -819.0000, -797.0000, 2.0000,  0, 0, 0
L -845.0000, -379.0000, 2.0000,  -839.0000, -379.0000, 2.0000,  0, 0, 0
L -845.0000, -797.0000, 2.0000,  -845.0000, -379.0000, 2.0000,  0, 0, 0
L -839.0000, -797.0000, 2.0000,  -845.0000, -797.0000, 2.0000,  0, 0, 0
L -797.0000, -819.0000, 2.0000,  -797.0000, -825.0000, 2.0000,  0, 0, 0
L -379.0000, -819.0000, 2.0000,  -797.0000, -819.0000, 2.0000,  0, 0, 0
L -379.0000, -825.0000, 2.0000,  -379.0000, -819.0000, 2.0000,  0, 0, 0
L -379.0000, -845.0000, 2.0000,  -379.0000, -839.0000, 2.0000,  0, 0, 0
L -797.0000, -845.0000, 2.0000,  -379.0000, -845.0000, 2.0000,  0, 0, 0
L -797.0000, -839.0000, 2.0000,  -797.0000, -845.0000, 2.0000,  0, 0, 0
L -825.0000, -797.0000, -1.0000,  -825.0000, -805.0000, -1.0000,  0, 0, 0
L -839.0000, -805.0000, -1.0000,  -839.0000, -797.0000, -1.0000,  0, 0, 0
L -805.0000, -805.0000, 2.0000,  -825.0000, -805.0000, 2.0000,  0, 0, 0
L -805.0000, -825.0000, 2.0000,  -805.0000, -805.0000, 2.0000,  0, 0, 0
L -805.0000, -825.0000, -1.0000,  -797.0000, -825.0000, -1.0000,  0, 0, 0
L -859.0000, -805.0000, 2.0000,  -839.0000, -805.0000, 2.0000,  0, 0, 0
L -859.0000, -859.0000, 2.0000,  -859.0000, -805.0000, 2.0000,  0, 0, 0
L -805.0000, -859.0000, 2.0000,  -859.0000, -859.0000, 2.0000,  0, 0, 0
L -805.0000, -859.0000, 2.0000,  -805.0000, -839.0000, 2.0000,  0, 0, 0
L -797.0000, -839.0000, -1.0000,  -805.0000, -839.0000, -1.0000,  0, 0, 0
L 818.0000, -129.0000, -1.0000,  828.0000, -114.0000, -1.0000,  0, 0, 0
L 828.0000, -114.0000, -1.0000,  832.0000, -114.0000, -1.0000,  0, 0, 0
L 832.0000, -114.0000, -1.0000,  881.0000, -159.0000, -1.0000,  0, 0, 0
L 881.0000, -159.0000, -1.0000,  882.0000, -164.0000, -1.0000,  0, 0, 0
L 882.0000, -164.0000, -1.0000,  837.0000, -213.0000, -1.0000,  0, 0, 0
L 837.0000, -213.0000, -1.0000,  831.0000, -214.0000, -1.0000,  0, 0, 0
L 831.0000, -214.0000, -1.0000,  782.0000, -169.0000, -1.0000,  0, 0, 0
L 782.0000, -169.0000, -1.0000,  782.0000, -164.0000, -1.0000,  0, 0, 0
L 782.0000, -164.0000, -1.0000,  796.0000, -153.0000, -1.0000,  0, 0, 0
L 816.0000, -127.0000, -1.0000,  830.0000, -106.0000, -1.0000,  0, 0, 0
L 830.0000, -106.0000, -1.0000,  890.0000, -161.0000, -1.0000,  0, 0, 0
L 890.0000, -161.0000, -1.0000,  835.0000, -222.0000, -1.0000,  0, 0, 0
L 835.0000, -222.0000, -1.0000,  774.0000, -166.0000, -1.0000,  0, 0, 0
L 774.0000, -166.0000, -1.0000,  794.0000, -151.0000, -1.0000,  0, 0, 0
L 794.0000, -151.0000, -1.0000,  796.0000, -153.0000, -1.0000,  0, 0, 0
L 816.0000, -127.0000, -1.0000,  818.0000, -129.0000, -1.0000,  0, 0, 0
L 657.0000, 717.0000, -1.0000,  653.0000, 735.0000, -1.0000,  0, 0, 0
L 653.0000, 735.0000, -1.0000,  656.0000, 738.0000, -1.0000,  0, 0, 0
L 656.0000, 738.0000, -1.0000,  722.0000, 741.0000, -1.0000,  0, 0, 0
L 722.0000, 741.0000, -1.0000,  726.0000, 737.0000, -1.0000,  0, 0, 0
L 726.0000, 737.0000, -1.0000,  729.0000, 671.0000, -1.0000,  0, 0, 0
L 729.0000, 671.0000, -1.0000,  726.0000, 667.0000, -1.0000,  0, 0, 0
L 726.0000, 667.0000, -1.0000,  659.0000, 664.0000, -1.0000,  0, 0, 0
L 659.0000, 664.0000, -1.0000,  655.0000, 666.0000, -1.0000,  0, 0, 0
L 655.0000, 666.0000, -1.0000,  658.0000, 685.0000, -1.0000,  0, 0, 0
L 653.0000, 717.0000, -1.0000,  648.0000, 741.0000, -1.0000,  0, 0, 0
L 648.0000, 741.0000, -1.0000,  730.0000, 745.0000, -1.0000,  0, 0, 0
L 730.0000, 745.0000, -1.0000,  734.0000, 663.0000, -1.0000,  0, 0, 0
L 734.0000, 663.0000, -1.0000,  650.0000, 659.0000, -1.0000,  0, 0, 0
L 650.0000, 659.0000, -1.0000,  655.0000, 685.0000, -1.0000,  0, 0, 0
L 653.0000, 717.0000, -1.0000,  657.0000, 717.0000, -1.0000,  0, 0, 0
L 655.0000, 685.0000, -1.0000,  658.0000, 685.0000, -1.0000,  0, 0, 0
L 34.0000, 877.0000, -1.0000,  30.0000, 896.0000, -1.0000,  0, 0, 0
L 30.0000, 896.0000, -1.0000,  33.0000, 899.0000, -1.0000,  0, 0, 0
L 33.0000, 899.0000, -1.0000,  99.0000, 899.0000, -1.0000,  0, 0, 0
L 99.0000, 899.0000, -1.0000,  103.0000, 895.0000, -1.0000,  0, 0, 0
L 103.0000, 895.0000, -1.0000,  103.0000, 829.0000, -1.0000,  0, 0, 0
L 103.0000, 829.0000, -1.0000,  100.0000, 825.0000, -1.0000,  0, 0, 0
L 100.0000, 825.0000, -1.0000,  33.0000, 825.0000, -1.0000,  0, 0, 0
L 33.0000, 825.0000, -1.0000,  30.0000, 828.0000, -1.0000,  0, 0, 0
L 30.0000, 828.0000, -1.0000,  33.0000, 846.0000, -1.0000,  0, 0, 0
L 30.0000, 877.0000, -1.0000,  26.0000, 903.0000, 0.0000,  0, 0, 0
L 26.0000, 903.0000, 0.0000,  108.0000, 903.0000, -1.0000,  0, 0, 0
L 248.0000, -609.0000, 3.0000,  216.0000, -609.0000, 3.0000,  0, 0, 0
L 216.0000, -609.0000, -1.0000,  216.0000, -603.0000, -1.0000,  0, 0, 0
L 216.0000, -603.0000, -1.0000,  223.0000, -603.0000, 3.0000,  0, 0, 0
L 223.0000, -603.0000, 3.0000,  223.0000, -561.0000, 3.0000,  0, 0, 0
L 223.0000, -561.0000, 3.0000,  191.0000, -561.0000, 3.0000,  0, 0, 0
L 191.0000, -561.0000, 3.0000,  191.0000, -529.0000, 3.0000,  0, 0, 0
L 191.0000, -529.0000, 3.0000,  21.0000, -529.0000, 3.0000,  0, 0, 0
L 21.0000, -529.0000, 3.0000,  21.0000, -536.0000, -1.0000,  0, 0, 0
L 21.0000, -536.0000, -1.0000,  15.0000, -536.0000, -1.0000,  0, 0, 0
L 15.0000, -536.0000, 3.0000,  15.0000, -504.0000, 3.0000,  0, 0, 0
L 15.0000, -504.0000, -1.0000,  21.0000, -504.0000, -1.0000,  0, 0, 0
L 21.0000, -504.0000, -1.0000,  21.0000, -511.0000, 3.0000,  0, 0, 0
L 21.0000, -511.0000, 3.0000,  47.0000, -511.0000, 3.0000,  0, 0, 0
L 47.0000, -511.0000, 3.0000,  47.0000, -471.0000, 5.0000,  0, 0, 0
L 47.0000, -471.0000, 5.0000,  37.0000, -471.0000, 5.0000,  0, 0, 0
L 37.0000, -471.0000, 5.0000,  37.0000, -453.0000, 5.0000,  0, 0, 0
L 37.0000, -453.0000, 5.0000,  55.0000, -453.0000, 5.0000,  0, 0, 0
L 55.0000, -453.0000, 5.0000,  55.0000, -463.0000, 5.0000,  0, 0, 0
L 55.0000, -463.0000, 5.0000,  89.0000, -463.0000, 5.0000,  0, 0, 0
L 89.0000, -463.0000, 5.0000,  89.0000, -453.0000, 5.0000,  0, 0, 0
L 89.0000, -453.0000, 5.0000,  107.0000, -453.0000, 5.0000,  0, 0, 0
L 107.0000, -453.0000, 5.0000,  107.0000, -471.0000, 5.0000,  0, 0, 0
L 107.0000, -471.0000, 5.0000,  97.0000, -471.0000, 5.0000,  0, 0, 0
L 97.0000, -471.0000, 5.0000,  97.0000, -481.0000, 1.0000,  0, 0, 0
L 97.0000, -481.0000, 1.0000,  91.0000, -481.0000, 1.0000,  0, 0, 0
L 91.0000, -481.0000, 4.0000,  91.0000, -469.0000, 5.0000,  0, 0, 0
L 91.0000, -469.0000, 4.0000,  53.0000, -469.0000, 5.0000,  0, 0, 0
L 53.0000, -469.0000, 4.0000,  53.0000, -511.0000, 4.0000,  0, 0, 0
L 53.0000, -511.0000, 4.0000,  91.0000, -511.0000, 4.0000,  0, 0, 0
L 91.0000, -511.0000, 4.0000,  91.0000, -495.0000, 4.0000,  0, 0, 0
L 91.0000, -495.0000, 1.0000,  97.0000, -495.0000, 1.0000,  0, 0, 0
L 97.0000, -495.0000, 1.0000,  97.0000, -511.0000, 3.0000,  0, 0, 0
L 97.0000, -511.0000, 3.0000,  191.0000, -511.0000, 3.0000,  0, 0, 0
L 191.0000, -511.0000, 3.0000,  191.0000, -423.0000, 1.0000,  0, 0, 0
L 191.0000, -423.0000, 5.0000,  181.0000, -423.0000, 5.0000,  0, 0, 0
L 181.0000, -423.0000, 5.0000,  181.0000, -405.0000, 5.0000,  0, 0, 0
L 181.0000, -405.0000, 5.0000,  199.0000, -405.0000, 5.0000,  0, 0, 0
L 199.0000, -405.0000, 5.0000,  199.0000, -415.0000, 5.0000,  0, 0, 0
L 199.0000, -415.0000, 5.0000,  257.0000, -415.0000, 1.0000,  0, 0, 0
L 257.0000, -415.0000, 1.0000,  257.0000, -421.0000, 1.0000,  0, 0, 0
L 257.0000, -421.0000, 4.0000,  197.0000, -421.0000, 5.0000,  0, 0, 0
L 197.0000, -421.0000, 4.0000,  197.0000, -511.0000, 4.0000,  0, 0, 0
L 197.0000, -511.0000, 4.0000,  379.0000, -511.0000, 4.0000,  0, 0, 0
L 379.0000, -511.0000, 4.0000,  379.0000, -421.0000, 4.0000,  0, 0, 0
L 379.0000, -421.0000, 4.0000,  271.0000, -421.0000, 4.0000,  0, 0, 0
L 271.0000, -421.0000, 1.0000,  271.0000, -415.0000, 1.0000,  0, 0, 0
L 271.0000, -415.0000, 1.0000,  377.0000, -415.0000, 1.0000,  0, 0, 0
L 377.0000, -415.0000, 5.0000,  377.0000, -405.0000, 5.0000,  0, 0, 0
L 377.0000, -405.0000, 5.0000,  395.0000, -405.0000, 5.0000,  0, 0, 0
L 395.0000, -405.0000, 5.0000,  395.0000, -423.0000, 5.0000,  0, 0, 0
L 395.0000, -423.0000, 5.0000,  385.0000, -423.0000, 5.0000,  0, 0, 0
L 385.0000, -423.0000, 1.0000,  385.0000, -511.0000, 3.0000,  0, 0, 0
L 385.0000, -511.0000, 3.0000,  479.0000, -511.0000, 3.0000,  0, 0, 0
L 479.0000, -511.0000, 3.0000,  479.0000, -479.0000, 3.0000,  0, 0, 0
L 479.0000, -479.0000, 3.0000,  511.0000, -479.0000, 3.0000,  0, 0, 0
L 511.0000, -479.0000, 3.0000,  511.0000, -385.0000, 3.0000,  0, 0, 0
L 511.0000, -385.0000, 3.0000,  495.0000, -385.0000, 1.0000,  0, 0, 0
L 495.0000, -385.0000, 1.0000,  495.0000, -379.0000, 1.0000,  0, 0, 0
L 495.0000, -379.0000, 4.0000,  511.0000, -379.0000, 4.0000,  0, 0, 0
L 511.0000, -379.0000, 4.0000,  511.0000, -197.0000, 4.0000,  0, 0, 0
L 511.0000, -197.0000, 4.0000,  421.0000, -197.0000, 4.0000,  0, 0, 0
L 421.0000, -197.0000, 4.0000,  421.0000, -379.0000, 4.0000,  0, 0, 0
L 421.0000, -379.0000, 4.0000,  481.0000, -379.0000, 4.0000,  0, 0, 0
L 481.0000, -379.0000, 1.0000,  481.0000, -385.0000, 1.0000,  0, 0, 0
L 481.0000, -385.0000, 1.0000,  415.0000, -385.0000, 1.0000,  0, 0, 0
L 415.0000, -385.0000, 1.0000,  415.0000, -143.0000, 1.0000,  0, 0, 0
L 415.0000, -143.0000, 1.0000,  421.0000, -143.0000, 1.0000,  0, 0, 0
L 421.0000, -143.0000, 4.0000,  421.0000, -187.0000, 4.0000,  0, 0, 0
L 421.0000, -187.0000, 4.0000,  511.0000, -187.0000, 4.0000,  0, 0, 0
L 511.0000, -187.0000, 4.0000,  511.0000, -101.0000, 4.0000,  0, 0, 0
L 511.0000, -101.0000, 4.0000,  421.0000, -101.0000, 4.0000,  0, 0, 0
L 421.0000, -101.0000, 4.0000,  421.0000, -129.0000, 4.0000,  0, 0, 0
L 421.0000, -129.0000, 1.0000,  415.0000, -129.0000, 1.0000,  0, 0, 0
L 415.0000, -129.0000, 1.0000,  415.0000, -103.0000, 5.0000,  0, 0, 0
L 415.0000, -103.0000, 5.0000,  405.0000, -103.0000, 5.0000,  0, 0, 0
L 405.0000, -103.0000, 5.0000,  405.0000, -85.0000, 5.0000,  0, 0, 0
L 405.0000, -85.0000, 5.0000,  423.0000, -85.0000, 5.0000,  0, 0, 0
L 423.0000, -85.0000, 5.0000,  423.0000, -95.0000, 5.0000,  0, 0, 0
L 423.0000, -95.0000, 5.0000,  511.0000, -95.0000, 3.0000,  0, 0, 0
L 511.0000, -95.0000, 3.0000,  511.0000, -1.0000, 3.0000,  0, 0, 0
L 511.0000, -1.0000, 3.0000,  423.0000, -1.0000, 1.0000,  0, 0, 0
L 423.0000, -1.0000, 5.0000,  423.0000, -11.0000, 5.0000,  0, 0, 0
L 423.0000, -11.0000, 5.0000,  405.0000, -11.0000, 5.0000,  0, 0, 0
L 405.0000, -11.0000, 5.0000,  405.0000, 7.0000, 5.0000,  0, 0, 0
L 405.0000, 7.0000, 5.0000,  415.0000, 7.0000, 5.0000,  0, 0, 0
L 415.0000, 7.0000, 5.0000,  415.0000, 49.0000, 1.0000,  0, 0, 0
L 415.0000, 49.0000, 1.0000,  421.0000, 49.0000, 1.0000,  0, 0, 0
L 421.0000, 49.0000, 4.0000,  421.0000, 5.0000, 4.0000,  0, 0, 0
L 421.0000, 5.0000, 4.0000,  511.0000, 5.0000, 4.0000,  0, 0, 0
L 511.0000, 5.0000, 4.0000,  511.0000, 91.0000, 4.0000,  0, 0, 0
L 511.0000, 91.0000, 4.0000,  421.0000, 91.0000, 5.0000,  0, 0, 0
L 421.0000, 91.0000, 4.0000,  421.0000, 63.0000, 4.0000,  0, 0, 0
L 421.0000, 63.0000, 1.0000,  415.0000, 63.0000, 1.0000,  0, 0, 0
L 415.0000, 63.0000, 1.0000,  415.0000, 89.0000, 5.0000,  0, 0, 0
L 415.0000, 89.0000, 5.0000,  405.0000, 89.0000, 5.0000,  0, 0, 0
L 405.0000, 89.0000, 5.0000,  405.0000, 107.0000, 5.0000,  0, 0, 0
L 405.0000, 107.0000, 5.0000,  423.0000, 107.0000, 5.0000,  0, 0, 0
L 423.0000, 107.0000, 5.0000,  423.0000, 97.0000, 5.0000,  0, 0, 0
L 423.0000, 97.0000, 1.0000,  511.0000, 97.0000, 3.0000,  0, 0, 0
L 511.0000, 97.0000, 3.0000,  511.0000, 191.0000, 3.0000,  0, 0, 0
L 511.0000, 191.0000, 3.0000,  423.0000, 191.0000, 5.0000,  0, 0, 0
L 423.0000, 191.0000, 5.0000,  423.0000, 181.0000, 5.0000,  0, 0, 0
L 423.0000, 181.0000, 5.0000,  405.0000, 181.0000, 5.0000,  0, 0, 0
L 405.0000, 181.0000, 5.0000,  405.0000, 199.0000, 5.0000,  0, 0, 0
L 405.0000, 199.0000, 5.0000,  415.0000, 199.0000, 5.0000,  0, 0, 0
L 415.0000, 199.0000, 5.0000,  415.0000, 377.0000, 1.0000,  0, 0, 0
L 415.0000, 377.0000, 5.0000,  405.0000, 377.0000, 5.0000,  0, 0, 0
L 405.0000, 377.0000, 5.0000,  405.0000, 395.0000, 5.0000,  0, 0, 0
L 405.0000, 395.0000, 5.0000,  423.0000, 395.0000, 5.0000,  0, 0, 0
L 423.0000, 395.0000, 5.0000,  423.0000, 385.0000, 5.0000,  0, 0, 0
L 423.0000, 385.0000, 5.0000,  481.0000, 385.0000, 1.0000,  0, 0, 0
L 481.0000, 379.0000, 1.0000,  481.0000, 385.0000, 1.0000,  0, 0, 0
L 481.0000, 379.0000, 4.0000,  421.0000, 379.0000, 4.0000,  0, 0, 0
L 421.0000, 379.0000, 4.0000,  421.0000, 197.0000, 4.0000,  0, 0, 0
L 421.0000, 197.0000, 4.0000,  511.0000, 197.0000, 4.0000,  0, 0, 0
L 511.0000, 197.0000, 4.0000,  511.0000, 379.0000, 4.0000,  0, 0, 0
L 511.0000, 379.0000, 4.0000,  495.0000, 379.0000, 4.0000,  0, 0, 0
L 495.0000, 379.0000, 1.0000,  495.0000, 385.0000, 1.0000,  0, 0, 0
L 495.0000, 385.0000, 1.0000,  511.0000, 385.0000, 3.0000,  0, 0, 0
L 511.0000, 385.0000, 3.0000,  511.0000, 479.0000, 3.0000,  0, 0, 0
L 511.0000, 479.0000, 3.0000,  479.0000, 479.0000, 3.0000,  0, 0, 0
L 479.0000, 479.0000, 3.0000,  479.0000, 511.0000, 3.0000,  0, 0, 0
L 479.0000, 511.0000, 3.0000,  -191.0000, 511.0000, 3.0000,  0, 0, 0
L -191.0000, 511.0000, 3.0000,  -191.0000, 415.0000, 1.0000,  0, 0, 0
L -191.0000, 415.0000, 1.0000,  -257.0000, 415.0000, 1.0000,  0, 0, 0
L -257.0000, 415.0000, 1.0000,  -257.0000, 421.0000, 1.0000,  0, 0, 0
L -257.0000, 421.0000, 4.0000,  -197.0000, 421.0000, 4.0000,  0, 0, 0
L -197.0000, 421.0000, 4.0000,  -197.0000, 511.0000, 4.0000,  0, 0, 0
L -197.0000, 511.0000, 4.0000,  -379.0000, 511.0000, 4.0000,  0, 0, 0
L -379.0000, 511.0000, 4.0000,  -379.0000, 421.0000, 4.0000,  0, 0, 0
L -379.0000, 421.0000, 4.0000,  -271.0000, 421.0000, 4.0000,  0, 0, 0
L -271.0000, 421.0000, 1.0000,  -271.0000, 415.0000, 1.0000,  0, 0, 0
L -271.0000, 415.0000, 1.0000,  -385.0000, 415.0000, 1.0000,  0, 0, 0
L -385.0000, 415.0000, 1.0000,  -385.0000, 511.0000, 3.0000,  0, 0, 0
L -385.0000, 511.0000, 3.0000,  -479.0000, 511.0000, 3.0000,  0, 0, 0
L -479.0000, 511.0000, 3.0000,  -479.0000, 479.0000, 3.0000,  0, 0, 0
L -479.0000, 479.0000, 3.0000,  -511.0000, 479.0000, 3.0000,  0, 0, 0
L -511.0000, 479.0000, 3.0000,  -511.0000, 241.0000, 3.0000,  0, 0, 0
L -511.0000, 241.0000, 3.0000,  -375.0000, 241.0000, 5.0000,  0, 0, 0
L -375.0000, 241.0000, 5.0000,  -375.0000, 251.0000, 5.0000,  0, 0, 0
L -375.0000, 251.0000, 5.0000,  -357.0000, 251.0000, 5.0000,  0, 0, 0
L -357.0000, 251.0000, 5.0000,  -357.0000, 233.0000, 5.0000,  0, 0, 0
L -357.0000, 233.0000, 5.0000,  -367.0000, 233.0000, 5.0000,  0, 0, 0
L -367.0000, 233.0000, 5.0000,  -367.0000, 79.0000, 1.0000,  0, 0, 0
L -367.0000, 79.0000, 1.0000,  -373.0000, 79.0000, 1.0000,  0, 0, 0
L -373.0000, 79.0000, 1.0000,  -373.0000, 95.0000, 1.0000,  0, 0, 0
L -373.0000, 95.0000, 1.0000,  -421.0000, 95.0000, 1.0000,  0, 0, 0
L -421.0000, 95.0000, 1.0000,  -421.0000, 113.0000, 1.0000,  0, 0, 0
L -421.0000, 113.0000, 1.0000,  -415.0000, 113.0000, 1.0000,  0, 0, 0
L -415.0000, 113.0000, 1.0000,  -415.0000, 101.0000, 1.0000,  0, 0, 0
L -415.0000, 101.0000, 1.0000,  -373.0000, 101.0000, 1.0000,  0, 0, 0
L -373.0000, 101.0000, 1.0000,  -373.0000, 139.0000, 1.0000,  0, 0, 0
L -373.0000, 139.0000, 1.0000,  -415.0000, 139.0000, 1.0000,  0, 0, 0
L -415.0000, 139.0000, 1.0000,  -415.0000, 127.0000, 1.0000,  0, 0, 0
L -415.0000, 127.0000, 1.0000,  -421.0000, 127.0000, 1.0000,  0, 0, 0
L -421.0000, 127.0000, 1.0000,  -421.0000, 209.0000, 1.0000,  0, 0, 0
L -421.0000, 209.0000, 1.0000,  -415.0000, 209.0000, 1.0000,  0, 0, 0
L -415.0000, 209.0000, 1.0000,  -415.0000, 149.0000, 1.0000,  0, 0, 0
L -415.0000, 149.0000, 1.0000,  -373.0000, 149.0000, 1.0000,  0, 0, 0
L -373.0000, 149.0000, 1.0000,  -373.0000, 235.0000, 1.0000,  0, 0, 0
L -373.0000, 235.0000, 1.0000,  -415.0000, 235.0000, 1.0000,  0, 0, 0
L -415.0000, 235.0000, 1.0000,  -415.0000, 223.0000, 1.0000,  0, 0, 0
L -415.0000, 223.0000, 1.0000,  -421.0000, 223.0000, 1.0000,  0, 0, 0
L -421.0000, 223.0000, 1.0000,  -421.0000, 235.0000, 1.0000,  0, 0, 0
L -421.0000, 235.0000, 1.0000,  -463.0000, 235.0000, 1.0000,  0, 0, 0
L -463.0000, 235.0000, 1.0000,  -463.0000, 223.0000, 1.0000,  0, 0, 0
L -463.0000, 223.0000, 1.0000,  -469.0000, 223.0000, 1.0000,  0, 0, 0
L -469.0000, 223.0000, 1.0000,  -469.0000, 235.0000, 1.0000,  0, 0, 0
L -469.0000, 235.0000, 1.0000,  -511.0000, 235.0000, 3.0000,  0, 0, 0
L -511.0000, 235.0000, 3.0000,  -511.0000, 197.0000, 3.0000,  0, 0, 0
L -511.0000, 197.0000, 3.0000,  -469.0000, 197.0000, 1.0000,  0, 0, 0
L -469.0000, 197.0000, 1.0000,  -469.0000, 209.0000, 1.0000,  0, 0, 0
L -469.0000, 209.0000, 1.0000,  -463.0000, 209.0000, 1.0000,  0, 0, 0
L -463.0000, 209.0000, 1.0000,  -463.0000, 175.0000, 1.0000,  0, 0, 0
L -463.0000, 175.0000, 1.0000,  -469.0000, 175.0000, 1.0000,  0, 0, 0
L -469.0000, 175.0000, 1.0000,  -469.0000, 187.0000, 1.0000,  0, 0, 0
L -469.0000, 187.0000, 1.0000,  -511.0000, 187.0000, 3.0000,  0, 0, 0
L -511.0000, 187.0000, 3.0000,  -511.0000, 149.0000, 3.0000,  0, 0, 0
L -511.0000, 149.0000, 3.0000,  -469.0000, 149.0000, 1.0000,  0, 0, 0
L -469.0000, 149.0000, 1.0000,  -469.0000, 161.0000, 1.0000,  0, 0, 0
L -469.0000, 161.0000, 1.0000,  -463.0000, 161.0000, 1.0000,  0, 0, 0
L -463.0000, 161.0000, 1.0000,  -463.0000, 127.0000, 1.0000,  0, 0, 0
L -463.0000, 127.0000, 1.0000,  -469.0000, 127.0000, 1.0000,  0, 0, 0
L -469.0000, 127.0000, 1.0000,  -469.0000, 139.0000, 1.0000,  0, 0, 0
L -469.0000, 139.0000, 1.0000,  -511.0000, 139.0000, 3.0000,  0, 0, 0
L -511.0000, 139.0000, 3.0000,  -511.0000, 101.0000, 3.0000,  0, 0, 0
L -511.0000, 101.0000, 3.0000,  -469.0000, 101.0000, 1.0000,  0, 0, 0
L -469.0000, 101.0000, 1.0000,  -469.0000, 113.0000, 1.0000,  0, 0, 0
L -469.0000, 113.0000, 1.0000,  -463.0000, 113.0000, 1.0000,  0, 0, 0
L -463.0000, 113.0000, 1.0000,  -463.0000, 95.0000, 1.0000,  0, 0, 0
L -463.0000, 95.0000, 1.0000,  -511.0000, 95.0000, 3.0000,  0, 0, 0
L -511.0000, 95.0000, 3.0000,  -511.0000, 49.0000, 3.0000,  0, 0, 0
L -511.0000, 49.0000, 3.0000,  -495.0000, 49.0000, 1.0000,  0, 0, 0
L -495.0000, 49.0000, 1.0000,  -495.0000, 43.0000, 1.0000,  0, 0, 0
L -495.0000, 43.0000, 1.0000,  -511.0000, 43.0000, 3.0000,  0, 0, 0
L -511.0000, 43.0000, 3.0000,  -511.0000, 5.0000, 3.0000,  0, 0, 0
L -511.0000, 5.0000, 3.0000,  -469.0000, 5.0000, 1.0000,  0, 0, 0
L -469.0000, 5.0000, 1.0000,  -469.0000, 43.0000, 1.0000,  0, 0, 0
L -469.0000, 43.0000, 1.0000,  -481.0000, 43.0000, 1.0000,  0, 0, 0
L -481.0000, 43.0000, 1.0000,  -481.0000, 49.0000, 1.0000,  0, 0, 0
L -481.0000, 49.0000, 1.0000,  -447.0000, 49.0000, 1.0000,  0, 0, 0
L -447.0000, 49.0000, 1.0000,  -447.0000, 43.0000, 1.0000,  0, 0, 0
L -447.0000, 43.0000, 1.0000,  -459.0000, 43.0000, 1.0000,  0, 0, 0
L -459.0000, 43.0000, 1.0000,  -459.0000, 5.0000, 1.0000,  0, 0, 0
L -459.0000, 5.0000, 1.0000,  -421.0000, 5.0000, 1.0000,  0, 0, 0
L -421.0000, 5.0000, 1.0000,  -421.0000, 43.0000, 1.0000,  0, 0, 0
L -421.0000, 43.0000, 1.0000,  -433.0000, 43.0000, 1.0000,  0, 0, 0
L -433.0000, 43.0000, 1.0000,  -433.0000, 49.0000, 1.0000,  0, 0, 0
L -433.0000, 49.0000, 1.0000,  -399.0000, 49.0000, 1.0000,  0, 0, 0
L -399.0000, 49.0000, 1.0000,  -399.0000, 43.0000, 1.0000,  0, 0, 0
L -399.0000, 43.0000, 1.0000,  -411.0000, 43.0000, 1.0000,  0, 0, 0
L -411.0000, 43.0000, 1.0000,  -411.0000, 5.0000, 1.0000,  0, 0, 0
L -411.0000, 5.0000, 1.0000,  -373.0000, 5.0000, 1.0000,  0, 0, 0
L -373.0000, 5.0000, 1.0000,  -373.0000, 43.0000, 1.0000,  0, 0, 0
L -373.0000, 43.0000, 1.0000,  -385.0000, 43.0000, 1.0000,  0, 0, 0
L -385.0000, 43.0000, 1.0000,  -385.0000, 49.0000, 1.0000,  0, 0, 0
L -385.0000, 49.0000, 1.0000,  -373.0000, 49.0000, 1.0000,  0, 0, 0
L -373.0000, 49.0000, 1.0000,  -373.0000, 65.0000, 1.0000,  0, 0, 0
L -373.0000, 65.0000, 1.0000,  -367.0000, 65.0000, 1.0000,  0, 0, 0
L -367.0000, 65.0000, 1.0000,  -367.0000, 7.0000, 5.0000,  0, 0, 0
L -367.0000, 7.0000, 5.0000,  -357.0000, 7.0000, 5.0000,  0, 0, 0
L -357.0000, 7.0000, 5.0000,  -357.0000, -11.0000, 5.0000,  0, 0, 0
L -357.0000, -11.0000, 5.0000,  -375.0000, -11.0000, 5.0000,  0, 0, 0
L -375.0000, -11.0000, 5.0000,  -375.0000, -1.0000, 5.0000,  0, 0, 0
L -375.0000, -1.0000, 5.0000,  -511.0000, -1.0000, 3.0000,  0, 0, 0
L -511.0000, -1.0000, 3.0000,  -511.0000, -95.0000, 3.0000,  0, 0, 0
L -511.0000, -95.0000, 3.0000,  -423.0000, -95.0000, 5.0000,  0, 0, 0
L -423.0000, -95.0000, 5.0000,  -423.0000, -85.0000, 5.0000,  0, 0, 0
L -423.0000, -85.0000, 5.0000,  -405.0000, -85.0000, 5.0000,  0, 0, 0
L -405.0000, -85.0000, 5.0000,  -405.0000, -103.0000, 5.0000,  0, 0, 0
L -405.0000, -103.0000, 5.0000,  -415.0000, -103.0000, 5.0000,  0, 0, 0
L -415.0000, -103.0000, 5.0000,  -415.0000, -129.0000, 1.0000,  0, 0, 0
L -415.0000, -129.0000, 1.0000,  -421.0000, -129.0000, 1.0000,  0, 0, 0
L -421.0000, -129.0000, 4.0000,  -421.0000, -101.0000, 4.0000,  0, 0, 0
L -421.0000, -101.0000, 4.0000,  -511.0000, -101.0000, 4.0000,  0, 0, 0
L -511.0000, -101.0000, 4.0000,  -511.0000, -187.0000, 4.0000,  0, 0, 0
L -511.0000, -187.0000, 4.0000,  -421.0000, -187.0000, 4.0000,  0, 0, 0
L -421.0000, -187.0000, 4.0000,  -421.0000, -143.0000, 4.0000,  0, 0, 0
L -421.0000, -143.0000, 1.0000,  -415.0000, -143.0000, 1.0000,  0, 0, 0
L -415.0000, -143.0000, 1.0000,  -415.0000, -385.0000, 1.0000,  0, 0, 0
L -415.0000, -385.0000, 1.0000,  -481.0000, -385.0000, 1.0000,  0, 0, 0
L -481.0000, -379.0000, 1.0000,  -481.0000, -385.0000, 1.0000,  0, 0, 0
L -481.0000, -379.0000, 4.0000,  -421.0000, -379.0000, 4.0000,  0, 0, 0
L -421.0000, -379.0000, 4.0000,  -421.0000, -197.0000, 4.0000,  0, 0, 0
L -421.0000, -197.0000, 4.0000,  -511.0000, -197.0000, 4.0000,  0, 0, 0
L -511.0000, -197.0000, 4.0000,  -511.0000, -379.0000, 4.0000,  0, 0, 0
L -511.0000, -379.0000, 4.0000,  -495.0000, -379.0000, 4.0000,  0, 0, 0
L -495.0000, -379.0000, 1.0000,  -495.0000, -385.0000, 1.0000,  0, 0, 0
L -495.0000, -385.0000, 1.0000,  -511.0000, -385.0000, 3.0000,  0, 0, 0
L -511.0000, -385.0000, 3.0000,  -511.0000, -479.0000, 3.0000,  0, 0, 0
L -511.0000, -479.0000, 3.0000,  -479.0000, -479.0000, 3.0000,  0, 0, 0
L -479.0000, -479.0000, 3.0000,  -479.0000, -511.0000, 3.0000,  0, 0, 0
L -479.0000, -511.0000, 3.0000,  -241.0000, -511.0000, 3.0000,  0, 0, 0
L -241.0000, -511.0000, 3.0000,  -241.0000, -423.0000, 5.0000,  0, 0, 0
L -241.0000, -423.0000, 5.0000,  -251.0000, -423.0000, 5.0000,  0, 0, 0
L -251.0000, -423.0000, 5.0000,  -251.0000, -405.0000, 5.0000,  0, 0, 0
L -251.0000, -405.0000, 5.0000,  -233.0000, -405.0000, 5.0000,  0, 0, 0
L -233.0000, -405.0000, 5.0000,  -233.0000, -415.0000, 5.0000,  0, 0, 0
L -233.0000, -415.0000, 5.0000,  -175.0000, -415.0000, 1.0000,  0, 0, 0
L -175.0000, -415.0000, 1.0000,  -175.0000, -421.0000, 1.0000,  0, 0, 0
L -175.0000, -421.0000, 4.0000,  -235.0000, -421.0000, 4.0000,  0, 0, 0
L -235.0000, -421.0000, 4.0000,  -235.0000, -511.0000, 4.0000,  0, 0, 0
L -235.0000, -511.0000, 4.0000,  -101.0000, -511.0000, 4.0000,  0, 0, 0
L -101.0000, -511.0000, 4.0000,  -101.0000, -447.0000, 4.0000,  0, 0, 0
L -101.0000, -447.0000, 1.0000,  -91.0000, -447.0000, 1.0000,  0, 0, 0
L -91.0000, -447.0000, 1.0000,  -91.0000, -511.0000, 3.0000,  0, 0, 0
L -91.0000, -511.0000, 3.0000,  -53.0000, -511.0000, 3.0000,  0, 0, 0
L -53.0000, -511.0000, 3.0000,  -53.0000, -421.0000, 1.0000,  0, 0, 0
L -53.0000, -421.0000, 1.0000,  -91.0000, -421.0000, 1.0000,  0, 0, 0
L -91.0000, -421.0000, 1.0000,  -91.0000, -433.0000, 1.0000,  0, 0, 0
L -91.0000, -433.0000, 1.0000,  -101.0000, -433.0000, 1.0000,  0, 0, 0
L -101.0000, -433.0000, 4.0000,  -101.0000, -421.0000, 4.0000,  0, 0, 0
L -101.0000, -421.0000, 4.0000,  -161.0000, -421.0000, 4.0000,  0, 0, 0
L -161.0000, -421.0000, 1.0000,  -161.0000, -415.0000, 1.0000,  0, 0, 0
L -161.0000, -415.0000, 1.0000,  -55.0000, -415.0000, 5.0000,  0, 0, 0
L -55.0000, -415.0000, 5.0000,  -55.0000, -405.0000, 5.0000,  0, 0, 0
L -55.0000, -405.0000, 5.0000,  -37.0000, -405.0000, 5.0000,  0, 0, 0
L -37.0000, -405.0000, 5.0000,  -37.0000, -423.0000, 5.0000,  0, 0, 0
L -37.0000, -423.0000, 5.0000,  -47.0000, -423.0000, 5.0000,  0, 0, 0
L -47.0000, -423.0000, 5.0000,  -47.0000, -511.0000, 3.0000,  0, 0, 0
L -47.0000, -511.0000, 3.0000,  -21.0000, -511.0000, 3.0000,  0, 0, 0
L -21.0000, -511.0000, 3.0000,  -21.0000, -504.0000, -1.0000,  0, 0, 0
L -21.0000, -504.0000, -1.0000,  -15.0000, -504.0000, -1.0000,  0, 0, 0
L -15.0000, -504.0000, 3.0000,  -15.0000, -536.0000, 3.0000,  0, 0, 0
L 15.0000, -1055.0000, 3.0000,  -15.0000, -1055.0000, 3.0000,  127, 127, 127
L 15.0000, -1051.0000, 3.0000,  -15.0000, -1051.0000, 3.0000,  127, 127, 127
L -143.0000, 309.0000, 1.0000,  -143.0000, 303.0000, 1.0000,  0, 0, 0
L -143.0000, 303.0000, 1.0000,  -169.0000, 303.0000, 5.0000,  0, 0, 0
L -169.0000, 303.0000, 5.0000,  -169.0000, 293.0000, 5.0000,  0, 0, 0
L -169.0000, 293.0000, 5.0000,  -187.0000, 293.0000, 5.0000,  0, 0, 0
L -187.0000, 293.0000, 5.0000,  -187.0000, 311.0000, 5.0000,  0, 0, 0
L -187.0000, 311.0000, 5.0000,  -177.0000, 311.0000, 5.0000,  0, 0, 0
L -177.0000, 311.0000, 5.0000,  -177.0000, 393.0000, 5.0000,  0, 0, 0
L -177.0000, 393.0000, 5.0000,  -187.0000, 393.0000, 5.0000,  0, 0, 0
L -187.0000, 393.0000, 5.0000,  -187.0000, 411.0000, 5.0000,  0, 0, 0
L -187.0000, 411.0000, 5.0000,  -169.0000, 411.0000, 5.0000,  0, 0, 0
L -169.0000, 411.0000, 5.0000,  -169.0000, 401.0000, 5.0000,  0, 0, 0
L -169.0000, 401.0000, 5.0000,  -79.0000, 401.0000, 1.0000,  0, 0, 0
L -79.0000, 401.0000, 1.0000,  -79.0000, 311.0000, 5.0000,  0, 0, 0
L -79.0000, 311.0000, 5.0000,  -69.0000, 311.0000, 5.0000,  0, 0, 0
L -69.0000, 311.0000, 5.0000,  -69.0000, 293.0000, 5.0000,  0, 0, 0
L -129.0000, 309.0000, 4.0000,  -85.0000, 309.0000, 4.0000,  0, 0, 0
L -85.0000, 309.0000, 4.0000,  -85.0000, 395.0000, 4.0000,  0, 0, 0
L -85.0000, 395.0000, 4.0000,  -171.0000, 395.0000, 4.0000,  0, 0, 0
L -171.0000, 395.0000, 4.0000,  -171.0000, 309.0000, 4.0000,  0, 0, 0
L -143.0000, 309.0000, 4.0000,  -171.0000, 309.0000, 4.0000,  0, 0, 0
L 231.0000, 293.0000, 5.0000,  213.0000, 293.0000, 5.0000,  0, 0, 0
L 213.0000, 311.0000, 5.0000,  213.0000, 293.0000, 5.0000,  0, 0, 0
L 213.0000, 311.0000, 5.0000,  223.0000, 311.0000, 5.0000,  0, 0, 0
L 223.0000, 311.0000, 5.0000,  223.0000, 393.0000, 5.0000,  0, 0, 0
L 223.0000, 393.0000, 5.0000,  213.0000, 393.0000, 5.0000,  0, 0, 0
L 213.0000, 393.0000, 5.0000,  213.0000, 411.0000, 5.0000,  0, 0, 0
L 213.0000, 411.0000, 5.0000,  231.0000, 411.0000, 5.0000,  0, 0, 0
L 231.0000, 411.0000, 5.0000,  231.0000, 401.0000, 5.0000,  0, 0, 0
L 231.0000, 401.0000, 5.0000,  313.0000, 401.0000, 5.0000,  0, 0, 0
L 313.0000, 401.0000, 5.0000,  313.0000, 411.0000, 5.0000,  0, 0, 0
L 313.0000, 411.0000, 5.0000,  331.0000, 411.0000, 5.0000,  0, 0, 0
L 331.0000, 411.0000, 5.0000,  331.0000, 393.0000, 5.0000,  0, 0, 0
L 331.0000, 393.0000, 5.0000,  321.0000, 393.0000, 5.0000,  0, 0, 0
L 321.0000, 393.0000, 5.0000,  321.0000, 311.0000, 5.0000,  0, 0, 0
L 321.0000, 311.0000, 5.0000,  331.0000, 311.0000, 5.0000,  0, 0, 0
L 331.0000, 293.0000, 5.0000,  331.0000, 311.0000, 5.0000,  0, 0, 0
L 331.0000, 293.0000, 5.0000,  313.0000, 293.0000, 5.0000,  0, 0, 0
L 313.0000, 293.0000, 5.0000,  313.0000, 303.0000, 5.0000,  0, 0, 0
L 313.0000, 303.0000, 5.0000,  271.0000, 303.0000, 1.0000,  0, 0, 0
L 257.0000, 303.0000, 1.0000,  231.0000, 303.0000, 5.0000,  0, 0, 0
L 231.0000, 303.0000, 5.0000,  231.0000, 293.0000, 5.0000,  0, 0, 0
L 271.0000, 303.0000, 1.0000,  271.0000, 309.0000, 1.0000,  0, 0, 0
L 257.0000, 309.0000, 1.0000,  257.0000, 303.0000, 1.0000,  0, 0, 0
L 257.0000, 309.0000, 4.0000,  229.0000, 309.0000, 4.0000,  0, 0, 0
L 229.0000, 309.0000, 4.0000,  229.0000, 395.0000, 4.0000,  0, 0, 0
L 229.0000, 395.0000, 4.0000,  315.0000, 395.0000, 4.0000,  0, 0, 0
L 315.0000, 395.0000, 4.0000,  315.0000, 309.0000, 4.0000,  0, 0, 0
L 315.0000, 309.0000, 4.0000,  271.0000, 309.0000, 4.0000,  0, 0, 0
L 81.0000, 374.0000, -1.0000,  99.0000, 370.0000, -1.0000,  0, 0, 0
L 99.0000, 370.0000, -1.0000,  102.0000, 373.0000, -1.0000,  0, 0, 0
L 102.0000, 373.0000, -1.0000,  102.0000, 441.0000, -1.0000,  0, 0, 0
L 102.0000, 441.0000, -1.0000,  98.0000, 444.0000, -1.0000,  0, 0, 0
L 98.0000, 444.0000, -1.0000,  32.0000, 444.0000, -1.0000,  0, 0, 0
L 32.0000, 444.0000, -1.0000,  28.0000, 440.0000, -1.0000,  0, 0, 0
L 28.0000, 440.0000, -1.0000,  28.0000, 374.0000, -1.0000,  0, 0, 0
L 28.0000, 374.0000, -1.0000,  31.0000, 371.0000, -1.0000,  0, 0, 0
L 31.0000, 371.0000, -1.0000,  49.0000, 374.0000, -1.0000,  0, 0, 0
L 49.0000, 370.0000, -1.0000,  24.0000, 366.0000, -1.0000,  0, 0, 0
L 24.0000, 366.0000, -1.0000,  24.0000, 448.0000, -1.0000,  0, 0, 0
L 24.0000, 448.0000, -1.0000,  105.0000, 448.0000, -1.0000,  0, 0, 0
L 105.0000, 448.0000, -1.0000,  105.0000, 366.0000, -1.0000,  0, 0, 0
L 105.0000, 366.0000, -1.0000,  81.0000, 371.0000, -1.0000,  0, 0, 0
L 81.0000, 371.0000, -1.0000,  81.0000, 374.0000, -1.0000,  0, 0, 0
L 49.0000, 370.0000, -1.0000,  49.0000, 374.0000, -1.0000,  0, 0, 0
L 201.0000, -337.0000, -1.0000,  198.0000, -355.0000, -1.0000,  0, 0, 0
L 198.0000, -355.0000, -1.0000,  201.0000, -358.0000, -1.0000,  0, 0, 0
L 201.0000, -358.0000, -1.0000,  268.0000, -358.0000, -1.0000,  0, 0, 0
L 268.0000, -358.0000, -1.0000,  271.0000, -354.0000, -1.0000,  0, 0, 0
L 271.0000, -354.0000, -1.0000,  271.0000, -288.0000, -1.0000,  0, 0, 0
L 271.0000, -288.0000, -1.0000,  267.0000, -284.0000, -1.0000,  0, 0, 0
L 267.0000, -284.0000, -1.0000,  201.0000, -283.0000, -1.0000,  0, 0, 0
L 201.0000, -283.0000, -1.0000,  198.0000, -286.0000, -1.0000,  0, 0, 0
L 198.0000, -286.0000, -1.0000,  201.0000, -305.0000, -1.0000,  0, 0, 0
L 199.0000, -305.0000, 0.0000,  194.0000, -279.0000, -1.0000,  0, 0, 0
L 194.0000, -279.0000, -1.0000,  276.0000, -279.0000, -1.0000,  0, 0, 0
L 276.0000, -279.0000, -1.0000,  276.0000, -362.0000, -1.0000,  0, 0, 0
L 276.0000, -362.0000, -1.0000,  193.0000, -362.0000, -1.0000,  0, 0, 0
L 193.0000, -362.0000, -1.0000,  198.0000, -336.0000, -1.0000,  0, 0, 0
L 198.0000, -336.0000, -1.0000,  201.0000, -337.0000, -1.0000,  0, 0, 0
L 199.0000, -305.0000, -1.0000,  201.0000, -305.0000, -1.0000,  0, 0, 0
L -181.0000, -307.0000, -1.0000,  -178.0000, -289.0000, -1.0000,  0, 0, 0
L -178.0000, -289.0000, -1.0000,  -181.0000, -285.0000, -1.0000,  0, 0, 0
L -181.0000, -285.0000, -1.0000,  -248.0000, -285.0000, -1.0000,  0, 0, 0
L -248.0000, -285.0000, -1.0000,  -252.0000, -289.0000, -1.0000,  0, 0, 0
L -252.0000, -289.0000, -1.0000,  -252.0000, -356.0000, -1.0000,  0, 0, 0
L -252.0000, -356.0000, -1.0000,  -248.0000, -360.0000, -1.0000,  0, 0, 0
L -248.0000, -360.0000, -1.0000,  -181.0000, -360.0000, -1.0000,  0, 0, 0
L -181.0000, -360.0000, -1.0000,  -178.0000, -357.0000, -1.0000,  0, 0, 0
L -178.0000, -357.0000, -1.0000,  -181.0000, -339.0000, -1.0000,  0, 0, 0
L -179.0000, -338.0000, 0.0000,  -173.0000, -363.0000, -1.0000,  0, 0, 0
L -173.0000, -363.0000, -1.0000,  -256.0000, -363.0000, -1.0000,  0, 0, 0
L -256.0000, -363.0000, -1.0000,  -256.0000, -282.0000, -1.0000,  0, 0, 0
L -256.0000, -282.0000, -1.0000,  -174.0000, -282.0000, -1.0000,  0, 0, 0
L -174.0000, -282.0000, -1.0000,  -178.0000, -306.0000, -1.0000,  0, 0, 0
L -178.0000, -306.0000, -1.0000,  -181.0000, -307.0000, -1.0000,  0, 0, 0
L -179.0000, -338.0000, -1.0000,  -181.0000, -339.0000, -1.0000,  0, 0, 0
L -219.0000, -219.0000, 7.0000,  -63.0000, -219.0000, 7.0000,  0, 0, 0
L 63.0000, -219.0000, 7.0000,  219.0000, -219.0000, 7.0000,  0, 0, 0
L 219.0000, 219.0000, 7.0000,  219.0000, 63.0000, 7.0000,  0, 0, 0
L 219.0000, -63.0000, 7.0000,  219.0000, -219.0000, 7.0000,  0, 0, 0
L 63.0000, -219.0000, 7.0000,  63.0000, -156.0000, 7.0000,  0, 0, 0
L -63.0000, -219.0000, 7.0000,  -63.0000, -156.0000, 7.0000,  0, 0, 0
L -219.0000, -63.0000, 7.0000,  -156.0000, -63.0000, 7.0000,  0, 0, 0
L -156.0000, 63.0000, 7.0000,  -219.0000, 63.0000, 7.0000,  0, 0, 0
L -219.0000, -63.0000, 7.0000,  -219.0000, -219.0000, 7.0000,  0, 0, 0
L -156.0000, -63.0000, 8.0000,  -156.0000, 63.0000, 8.0000,  0, 0, 0
L -219.0000, 63.0000, 7.0000,  -219.0000, 219.0000, 7.0000,  0, 0, 0
L -219.0000, 219.0000, 7.0000,  -63.0000, 219.0000, 7.0000,  0, 0, 0
L -63.0000, 156.0000, 7.0000,  -63.0000, 219.0000, 7.0000,  0, 0, 0
L -63.0000, 156.0000, 8.0000,  63.0000, 156.0000, 8.0000,  0, 0, 0
L 63.0000, 156.0000, 8.0000,  63.0000, 219.0000, 7.0000,  0, 0, 0
L 219.0000, 63.0000, 7.0000,  156.0000, 63.0000, 7.0000,  0, 0, 0
L 156.0000, -63.0000, 7.0000,  219.0000, -63.0000, 7.0000,  0, 0, 0
L 156.0000, 63.0000, 8.0000,  156.0000, -63.0000, 8.0000,  0, 0, 0
L 219.0000, 219.0000, 7.0000,  63.0000, 219.0000, 7.0000,  0, 0, 0
L 63.0000, -156.0000, 8.0000,  23.0000, -156.0000, 8.0000,  0, 0, 0
L -23.0000, -156.0000, 8.0000,  -63.0000, -156.0000, 8.0000,  0, 0, 0
L 23.0000, -156.0000, 9.0000,  23.0000, -126.0000, 13.0000,  0, 0, 0
L -23.0000, -126.0000, 12.0000,  -23.0000, -156.0000, 9.0000,  0, 0, 0
L -15.0000, -81.0000, 24.0000,  15.0000, -81.0000, 24.0000,  255, 0, 255
L 15.0000, -81.0000, 24.0000,  15.0000, -107.0000, 21.0000,  0, 0, 0
L -15.0000, -107.0000, 21.0000,  -15.0000, -81.0000, 24.0000,  0, 0, 0
L -19.0000, -107.0000, 19.0000,  -19.0000, -126.0000, 19.0000,  0, 0, 0
L 19.0000, -126.0000, 19.0000,  19.0000, -107.0000, 19.0000,  0, 0, 0
L 19.0000, -107.0000, 20.0000,  15.0000, -107.0000, 20.0000,  0, 0, 0
L -15.0000, -107.0000, 20.0000,  -19.0000, -107.0000, 20.0000,  0, 0, 0
L -19.0000, -126.0000, 19.0000,  -23.0000, -126.0000, 19.0000,  0, 0, 0
L 19.0000, -126.0000, 19.0000,  23.0000, -126.0000, 19.0000,  0, 0, 0
L 248.0000, -609.0000, -1.0000,  248.0000, -603.0000, -1.0000,  0, 0, 0
L 248.0000, -603.0000, -1.0000,  241.0000, -603.0000, -1.0000,  0, 0, 0
L 241.0000, -603.0000, 3.0000,  241.0000, -585.0000, 5.0000,  0, 0, 0
L 241.0000, -585.0000, 5.0000,  265.0000, -585.0000, 5.0000,  0, 0, 0
L 265.0000, -585.0000, 5.0000,  265.0000, -567.0000, 5.0000,  0, 0, 0
L 265.0000, -567.0000, 5.0000,  241.0000, -567.0000, 5.0000,  0, 0, 0
L 241.0000, -567.0000, 5.0000,  241.0000, -529.0000, 3.0000,  0, 0, 0
L 241.0000, -529.0000, 3.0000,  279.0000, -529.0000, 5.0000,  0, 0, 0
L 279.0000, -529.0000, 5.0000,  279.0000, -553.0000, 5.0000,  0, 0, 0
L 279.0000, -553.0000, 5.0000,  297.0000, -553.0000, 5.0000,  0, 0, 0
L 297.0000, -553.0000, 5.0000,  297.0000, -529.0000, 5.0000,  0, 0, 0
L 297.0000, -529.0000, 5.0000,  375.0000, -529.0000, 5.0000,  0, 0, 0
L 375.0000, -529.0000, 5.0000,  375.0000, -553.0000, 5.0000,  0, 0, 0
L 375.0000, -553.0000, 5.0000,  393.0000, -553.0000, 5.0000,  0, 0, 0
L 393.0000, -553.0000, 5.0000,  393.0000, -529.0000, 5.0000,  0, 0, 0
L 393.0000, -529.0000, 5.0000,  471.0000, -529.0000, 5.0000,  0, 0, 0
L 471.0000, -529.0000, 5.0000,  471.0000, -553.0000, 5.0000,  0, 0, 0
L 471.0000, -553.0000, 5.0000,  489.0000, -553.0000, 5.0000,  0, 0, 0
L 489.0000, -553.0000, 5.0000,  489.0000, -529.0000, 5.0000,  0, 0, 0
L 489.0000, -529.0000, 5.0000,  529.0000, -529.0000, 3.0000,  0, 0, 0
L 529.0000, -529.0000, 3.0000,  529.0000, -489.0000, 5.0000,  0, 0, 0
L 529.0000, -489.0000, 5.0000,  553.0000, -489.0000, 5.0000,  0, 0, 0
L 553.0000, -489.0000, 5.0000,  553.0000, -471.0000, 5.0000,  0, 0, 0
L 553.0000, -471.0000, 5.0000,  529.0000, -471.0000, 5.0000,  0, 0, 0
L 529.0000, -471.0000, 5.0000,  529.0000, -393.0000, 5.0000,  0, 0, 0
L 529.0000, -393.0000, 5.0000,  553.0000, -393.0000, 5.0000,  0, 0, 0
L 553.0000, -393.0000, 5.0000,  553.0000, -375.0000, 5.0000,  0, 0, 0
L 553.0000, -375.0000, 5.0000,  529.0000, -375.0000, 5.0000,  0, 0, 0
L 529.0000, -375.0000, 5.0000,  529.0000, -297.0000, 5.0000,  0, 0, 0
L 529.0000, -297.0000, 5.0000,  553.0000, -297.0000, 5.0000,  0, 0, 0
L 553.0000, -297.0000, 5.0000,  553.0000, -279.0000, 5.0000,  0, 0, 0
L 553.0000, -279.0000, 5.0000,  529.0000, -279.0000, 5.0000,  0, 0, 0
L 529.0000, -279.0000, 5.0000,  529.0000, -201.0000, 5.0000,  0, 0, 0
L 529.0000, -201.0000, 5.0000,  553.0000, -201.0000, 5.0000,  0, 0, 0
L 553.0000, -201.0000, 5.0000,  553.0000, -183.0000, 5.0000,  0, 0, 0
L 553.0000, -183.0000, 5.0000,  529.0000, -183.0000, 5.0000,  0, 0, 0
L 529.0000, -183.0000, 5.0000,  529.0000, -105.0000, 5.0000,  0, 0, 0
L 529.0000, -105.0000, 5.0000,  553.0000, -105.0000, 5.0000,  0, 0, 0
L 553.0000, -105.0000, 5.0000,  553.0000, -87.0000, 5.0000,  0, 0, 0
L 553.0000, -87.0000, 5.0000,  529.0000, -87.0000, 5.0000,  0, 0, 0
L 529.0000, -87.0000, 5.0000,  529.0000, -9.0000, 5.0000,  0, 0, 0
L 529.0000, -9.0000, 5.0000,  553.0000, -9.0000, 5.0000,  0, 0, 0
L 553.0000, -9.0000, 5.0000,  553.0000, 9.0000, 5.0000,  0, 0, 0
L 553.0000, 9.0000, 5.0000,  529.0000, 9.0000, 5.0000,  0, 0, 0
L 529.0000, 9.0000, 5.0000,  529.0000, 183.0000, 5.0000,  0, 0, 0
L 529.0000, 183.0000, 5.0000,  553.0000, 183.0000, 5.0000,  0, 0, 0
L 553.0000, 183.0000, 5.0000,  553.0000, 201.0000, 5.0000,  0, 0, 0
L 553.0000, 201.0000, 5.0000,  529.0000, 201.0000, 5.0000,  0, 0, 0
L 529.0000, 201.0000, 5.0000,  529.0000, 279.0000, 5.0000,  0, 0, 0
L 529.0000, 279.0000, 5.0000,  553.0000, 279.0000, 5.0000,  0, 0, 0
L 553.0000, 279.0000, 5.0000,  553.0000, 297.0000, 5.0000,  0, 0, 0
L 553.0000, 297.0000, 5.0000,  529.0000, 297.0000, 5.0000,  0, 0, 0
L 529.0000, 297.0000, 5.0000,  529.0000, 375.0000, 5.0000,  0, 0, 0
L 529.0000, 375.0000, 5.0000,  553.0000, 375.0000, 5.0000,  0, 0, 0
L 553.0000, 375.0000, 5.0000,  553.0000, 393.0000, 5.0000,  0, 0, 0
L 553.0000, 393.0000, 5.0000,  529.0000, 393.0000, 5.0000,  0, 0, 0
L 529.0000, 393.0000, 5.0000,  529.0000, 471.0000, 5.0000,  0, 0, 0
L 529.0000, 471.0000, 5.0000,  553.0000, 471.0000, 5.0000,  0, 0, 0
L 553.0000, 471.0000, 5.0000,  553.0000, 489.0000, 5.0000,  0, 0, 0
L 553.0000, 489.0000, 5.0000,  529.0000, 489.0000, 5.0000,  0, 0, 0
L 529.0000, 489.0000, 5.0000,  529.0000, 529.0000, 3.0000,  0, 0, 0
L 529.0000, 529.0000, 3.0000,  489.0000, 529.0000, 5.0000,  0, 0, 0
L 489.0000, 529.0000, 5.0000,  489.0000, 553.0000, 5.0000,  0, 0, 0
L 489.0000, 553.0000, 5.0000,  471.0000, 553.0000, 5.0000,  0, 0, 0
L 471.0000, 553.0000, 5.0000,  471.0000, 529.0000, 5.0000,  0, 0, 0
L 471.0000, 529.0000, 5.0000,  393.0000, 529.0000, 5.0000,  0, 0, 0
L 393.0000, 529.0000, 5.0000,  393.0000, 553.0000, 5.0000,  0, 0, 0
L 393.0000, 553.0000, 5.0000,  375.0000, 553.0000, 5.0000,  0, 0, 0
L 375.0000, 553.0000, 5.0000,  375.0000, 529.0000, 5.0000,  0, 0, 0
L 375.0000, 529.0000, 5.0000,  297.0000, 529.0000, 5.0000,  0, 0, 0
L 297.0000, 529.0000, 5.0000,  297.0000, 553.0000, 5.0000,  0, 0, 0
L 297.0000, 553.0000, 5.0000,  279.0000, 553.0000, 5.0000,  0, 0, 0
L 279.0000, 553.0000, 5.0000,  279.0000, 529.0000, 5.0000,  0, 0, 0
L 279.0000, 529.0000, 5.0000,  201.0000, 529.0000, 5.0000,  0, 0, 0
L 201.0000, 529.0000, 5.0000,  201.0000, 553.0000, 5.0000,  0, 0, 0
L 201.0000, 553.0000, 5.0000,  183.0000, 553.0000, 5.0000,  0, 0, 0
L 183.0000, 553.0000, 5.0000,  183.0000, 529.0000, 5.0000,  0, 0, 0
L 183.0000, 529.0000, 5.0000,  105.0000, 529.0000, 5.0000,  0, 0, 0
L 105.0000, 529.0000, 5.0000,  105.0000, 553.0000, 5.0000,  0, 0, 0
L 105.0000, 553.0000, 5.0000,  87.0000, 553.0000, 5.0000,  0, 0, 0
L 87.0000, 553.0000, 5.0000,  87.0000, 529.0000, 5.0000,  0, 0, 0
L 87.0000, 529.0000, 5.0000,  10.0000, 529.0000, 5.0000,  0, 0, 0
L 10.0000, 529.0000, 5.0000,  10.0000, 553.0000, 5.0000,  0, 0, 0
L 10.0000, 553.0000, 5.0000,  -8.0000, 553.0000, 5.0000,  0, 0, 0
L -8.0000, 553.0000, 5.0000,  -8.0000, 529.0000, 5.0000,  0, 0, 0
L -8.0000, 529.0000, 5.0000,  -87.0000, 529.0000, 5.0000,  0, 0, 0
L -87.0000, 529.0000, 5.0000,  -87.0000, 553.0000, 5.0000,  0, 0, 0
L -87.0000, 553.0000, 5.0000,  -105.0000, 553.0000, 5.0000,  0, 0, 0
L -105.0000, 553.0000, 5.0000,  -105.0000, 529.0000, 5.0000,  0, 0, 0
L -105.0000, 529.0000, 5.0000,  -183.0000, 529.0000, 5.0000,  0, 0, 0
L -183.0000, 529.0000, 5.0000,  -183.0000, 553.0000, 5.0000,  0, 0, 0
L -183.0000, 553.0000, 5.0000,  -201.0000, 553.0000, 5.0000,  0, 0, 0
L -201.0000, 553.0000, 5.0000,  -201.0000, 529.0000, 5.0000,  0, 0, 0
L -201.0000, 529.0000, 5.0000,  -279.0000, 529.0000, 5.0000,  0, 0, 0
L -279.0000, 529.0000, 5.0000,  -279.0000, 553.0000, 5.0000,  0, 0, 0
L -279.0000, 553.0000, 5.0000,  -297.0000, 553.0000, 5.0000,  0, 0, 0
L -297.0000, 553.0000, 5.0000,  -297.0000, 529.0000, 5.0000,  0, 0, 0
L -297.0000, 529.0000, 5.0000,  -375.0000, 529.0000, 5.0000,  0, 0, 0
L -375.0000, 529.0000, 5.0000,  -375.0000, 553.0000, 5.0000,  0, 0, 0
L -375.0000, 553.0000, 5.0000,  -393.0000, 553.0000, 5.0000,  0, 0, 0
L -393.0000, 553.0000, 5.0000,  -393.0000, 529.0000, 5.0000,  0, 0, 0
L -393.0000, 529.0000, 5.0000,  -471.0000, 529.0000, 5.0000,  0, 0, 0
L -471.0000, 529.0000, 5.0000,  -471.0000, 553.0000, 5.0000,  0, 0, 0
L -471.0000, 553.0000, 5.0000,  -489.0000, 553.0000, 5.0000,  0, 0, 0
L -489.0000, 553.0000, 5.0000,  -489.0000, 529.0000, 5.0000,  0, 0, 0
L -489.0000, 529.0000, 5.0000,  -529.0000, 529.0000, 3.0000,  0, 0, 0
L -529.0000, 529.0000, 3.0000,  -529.0000, 489.0000, 5.0000,  0, 0, 0
L -529.0000, 489.0000, 5.0000,  -553.0000, 489.0000, 5.0000,  0, 0, 0
L -553.0000, 489.0000, 5.0000,  -553.0000, 471.0000, 5.0000,  0, 0, 0
L -553.0000, 471.0000, 5.0000,  -529.0000, 471.0000, 5.0000,  0, 0, 0
L -529.0000, 471.0000, 5.0000,  -529.0000, 393.0000, 5.0000,  0, 0, 0
L -529.0000, 393.0000, 5.0000,  -553.0000, 393.0000, 5.0000,  0, 0, 0
L -553.0000, 393.0000, 5.0000,  -553.0000, 375.0000, 5.0000,  0, 0, 0
L -553.0000, 375.0000, 5.0000,  -529.0000, 375.0000, 5.0000,  0, 0, 0
L -529.0000, 375.0000, 5.0000,  -529.0000, 297.0000, 5.0000,  0, 0, 0
L -529.0000, 297.0000, 5.0000,  -553.0000, 297.0000, 5.0000,  0, 0, 0
L -553.0000, 297.0000, 5.0000,  -553.0000, 279.0000, 5.0000,  0, 0, 0
L -553.0000, 279.0000, 5.0000,  -529.0000, 279.0000, 5.0000,  0, 0, 0
L -529.0000, 279.0000, 5.0000,  -529.0000, 105.0000, 5.0000,  0, 0, 0
L -529.0000, 105.0000, 5.0000,  -553.0000, 105.0000, 5.0000,  0, 0, 0
L -553.0000, 105.0000, 5.0000,  -553.0000, 87.0000, 5.0000,  0, 0, 0
L -553.0000, 87.0000, 5.0000,  -529.0000, 87.0000, 5.0000,  0, 0, 0
L -529.0000, 87.0000, 5.0000,  -529.0000, 9.0000, 5.0000,  0, 0, 0
L -529.0000, 9.0000, 5.0000,  -553.0000, 9.0000, 5.0000,  0, 0, 0
L -553.0000, 9.0000, 5.0000,  -553.0000, -9.0000, 5.0000,  0, 0, 0
L -553.0000, -9.0000, 5.0000,  -529.0000, -9.0000, 5.0000,  0, 0, 0
L -529.0000, -9.0000, 5.0000,  -529.0000, -87.0000, 5.0000,  0, 0, 0
L -529.0000, -87.0000, 5.0000,  -553.0000, -87.0000, 5.0000,  0, 0, 0
L -553.0000, -87.0000, 5.0000,  -553.0000, -105.0000, 5.0000,  0, 0, 0
L -553.0000, -105.0000, 5.0000,  -529.0000, -105.0000, 5.0000,  0, 0, 0
L -529.0000, -105.0000, 5.0000,  -529.0000, -183.0000, 5.0000,  0, 0, 0
L -529.0000, -183.0000, 5.0000,  -553.0000, -183.0000, 5.0000,  0, 0, 0
L -553.0000, -183.0000, 5.0000,  -553.0000, -201.0000, 5.0000,  0, 0, 0
L -553.0000, -201.0000, 5.0000,  -529.0000, -201.0000, 5.0000,  0, 0, 0
L -529.0000, -201.0000, 5.0000,  -529.0000, -279.0000, 5.0000,  0, 0, 0
L -529.0000, -279.0000, 5.0000,  -553.0000, -279.0000, 5.0000,  0, 0, 0
L -553.0000, -279.0000, 5.0000,  -553.0000, -297.0000, 5.0000,  0, 0, 0
L -553.0000, -297.0000, 5.0000,  -529.0000, -297.0000, 5.0000,  0, 0, 0
L -529.0000, -297.0000, 5.0000,  -529.0000, -375.0000, 5.0000,  0, 0, 0
L -529.0000, -375.0000, 5.0000,  -553.0000, -375.0000, 5.0000,  0, 0, 0
L -553.0000, -375.0000, 5.0000,  -553.0000, -393.0000, 5.0000,  0, 0, 0
L -553.0000, -393.0000, 5.0000,  -529.0000, -393.0000, 5.0000,  0, 0, 0
L -529.0000, -393.0000, 5.0000,  -529.0000, -471.0000, 5.0000,  0, 0, 0
L -529.0000, -471.0000, 5.0000,  -553.0000, -471.0000, 5.0000,  0, 0, 0
L -553.0000, -471.0000, 5.0000,  -553.0000, -489.0000, 5.0000,  0, 0, 0
L -553.0000, -489.0000, 5.0000,  -529.0000, -489.0000, 5.0000,  0, 0, 0
L -529.0000, -489.0000, 5.0000,  -529.0000, -529.0000, 3.0000,  0, 0, 0
L -529.0000, -529.0000, 3.0000,  -489.0000, -529.0000, 5.0000,  0, 0, 0
L -489.0000, -529.0000, 5.0000,  -489.0000, -553.0000, 5.0000,  0, 0, 0
L -489.0000, -553.0000, 5.0000,  -471.0000, -553.0000, 5.0000,  0, 0, 0
L -471.0000, -553.0000, 5.0000,  -471.0000, -529.0000, 5.0000,  0, 0, 0
L -471.0000, -529.0000, 5.0000,  -409.0000, -529.0000, 5.0000,  0, 0, 0
L -409.0000, -529.0000, 5.0000,  -409.0000, -553.0000, 5.0000,  0, 0, 0
L -409.0000, -553.0000, 5.0000,  -391.0000, -553.0000, 5.0000,  0, 0, 0
L -391.0000, -553.0000, 5.0000,  -391.0000, -529.0000, 5.0000,  0, 0, 0
L -391.0000, -529.0000, 5.0000,  -297.0000, -529.0000, 5.0000,  0, 0, 0
L -297.0000, -529.0000, 5.0000,  -297.0000, -553.0000, 5.0000,  0, 0, 0
L -297.0000, -553.0000, 5.0000,  -279.0000, -553.0000, 5.0000,  0, 0, 0
L -279.0000, -553.0000, 5.0000,  -279.0000, -529.0000, 5.0000,  0, 0, 0
L -279.0000, -529.0000, 5.0000,  -241.0000, -529.0000, 3.0000,  0, 0, 0
L -241.0000, -529.0000, 3.0000,  -241.0000, -567.0000, 5.0000,  0, 0, 0
L -241.0000, -567.0000, 5.0000,  -265.0000, -567.0000, 5.0000,  0, 0, 0
L -265.0000, -567.0000, 5.0000,  -265.0000, -585.0000, 5.0000,  0, 0, 0
L -265.0000, -585.0000, 5.0000,  -241.0000, -585.0000, 5.0000,  0, 0, 0
L -241.0000, -585.0000, 5.0000,  -241.0000, -603.0000, 3.0000,  0, 0, 0
L -241.0000, -603.0000, 3.0000,  -248.0000, -603.0000, -1.0000,  0, 0, 0
L -248.0000, -603.0000, -1.0000,  -248.0000, -609.0000, -1.0000,  0, 0, 0
L -248.0000, -609.0000, 3.0000,  -216.0000, -609.0000, 3.0000,  0, 0, 0
L -216.0000, -609.0000, -1.0000,  -216.0000, -603.0000, -1.0000,  0, 0, 0
L -216.0000, -603.0000, -1.0000,  -223.0000, -603.0000, 3.0000,  0, 0, 0
L -223.0000, -603.0000, 3.0000,  -223.0000, -561.0000, 3.0000,  0, 0, 0
L -223.0000, -561.0000, 3.0000,  -191.0000, -561.0000, 3.0000,  0, 0, 0
L -191.0000, -561.0000, 3.0000,  -191.0000, -529.0000, 3.0000,  0, 0, 0
L -191.0000, -529.0000, 3.0000,  -21.0000, -529.0000, 3.0000,  0, 0, 0
L -21.0000, -529.0000, 3.0000,  -21.0000, -536.0000, -1.0000,  0, 0, 0
L -21.0000, -536.0000, -1.0000,  -15.0000, -536.0000, -1.0000,  0, 0, 0
L 107.0000, 903.0000, -1.0000,  107.0000, 821.0000, -1.0000,  0, 0, 0
L 107.0000, 821.0000, -1.0000,  25.0000, 821.0000, -1.0000,  0, 0, 0
L 25.0000, 821.0000, -1.0000,  30.0000, 846.0000, -1.0000,  0, 0, 0
L 30.0000, 846.0000, -1.0000,  33.0000, 846.0000, -1.0000,  0, 0, 0
L 30.0000, 877.0000, -1.0000,  34.0000, 877.0000, -1.0000,  0, 0, 0
L -107.0000, 878.0000, -1.0000,  -104.0000, 896.0000, -1.0000,  0, 0, 0
L -104.0000, 896.0000, -1.0000,  -107.0000, 899.0000, -1.0000,  0, 0, 0
L -107.0000, 899.0000, -1.0000,  -174.0000, 899.0000, -1.0000,  0, 0, 0
L -174.0000, 899.0000, -1.0000,  -177.0000, 895.0000, -1.0000,  0, 0, 0
L -177.0000, 895.0000, -1.0000,  -177.0000, 829.0000, -1.0000,  0, 0, 0
L -177.0000, 829.0000, -1.0000,  -173.0000, 824.0000, -1.0000,  0, 0, 0
L -173.0000, 824.0000, -1.0000,  -107.0000, 824.0000, -1.0000,  0, 0, 0
L -107.0000, 824.0000, -1.0000,  -104.0000, 827.0000, -1.0000,  0, 0, 0
L -104.0000, 827.0000, -1.0000,  -107.0000, 846.0000, -1.0000,  0, 0, 0
L -104.0000, 846.0000, -1.0000,  -99.0000, 821.0000, -1.0000,  0, 0, 0
L -99.0000, 821.0000, -1.0000,  -181.0000, 821.0000, -1.0000,  0, 0, 0
L -181.0000, 821.0000, -1.0000,  -181.0000, 904.0000, -1.0000,  0, 0, 0
L -181.0000, 904.0000, -1.0000,  -98.0000, 904.0000, -1.0000,  0, 0, 0
L -98.0000, 904.0000, -1.0000,  -104.0000, 878.0000, -1.0000,  0, 0, 0
L -104.0000, 878.0000, -1.0000,  -107.0000, 878.0000, -1.0000,  0, 0, 0
L -104.0000, 846.0000, -1.0000,  -107.0000, 846.0000, -1.0000,  0, 0, 0
L -721.0000, -33.0000, 1.0000,  -715.0000, -33.0000, 1.0000,  0, 0, 0
L -715.0000, -33.0000, 4.0000,  -715.0000, -5.0000, 5.0000,  0, 0, 0
L -715.0000, -5.0000, 4.0000,  -629.0000, -5.0000, 4.0000,  0, 0, 0
L -629.0000, -5.0000, 4.0000,  -629.0000, -91.0000, 4.0000,  0, 0, 0
L -629.0000, -91.0000, 4.0000,  -715.0000, -91.0000, 4.0000,  0, 0, 0
L -715.0000, -91.0000, 4.0000,  -715.0000, -47.0000, 4.0000,  0, 0, 0
L -715.0000, -47.0000, 1.0000,  -721.0000, -47.0000, 1.0000,  0, 0, 0
L -721.0000, -47.0000, 1.0000,  -721.0000, -89.0000, 5.0000,  0, 0, 0
L -721.0000, -89.0000, 5.0000,  -731.0000, -89.0000, 5.0000,  0, 0, 0
L -731.0000, -89.0000, 5.0000,  -731.0000, -107.0000, 5.0000,  0, 0, 0
L -731.0000, -107.0000, 5.0000,  -713.0000, -107.0000, 5.0000,  0, 0, 0
L -713.0000, -107.0000, 5.0000,  -713.0000, -97.0000, 5.0000,  0, 0, 0
L -713.0000, -97.0000, 5.0000,  -631.0000, -97.0000, 5.0000,  0, 0, 0
L -631.0000, -97.0000, 5.0000,  -631.0000, -107.0000, 5.0000,  0, 0, 0
L -631.0000, -107.0000, 5.0000,  -613.0000, -107.0000, 5.0000,  0, 0, 0
L -613.0000, -107.0000, 5.0000,  -613.0000, -89.0000, 5.0000,  0, 0, 0
L -613.0000, -89.0000, 5.0000,  -623.0000, -89.0000, 5.0000,  0, 0, 0
L -623.0000, -89.0000, 5.0000,  -623.0000, -7.0000, 5.0000,  0, 0, 0
L -623.0000, -7.0000, 5.0000,  -613.0000, -7.0000, 5.0000,  0, 0, 0
L -613.0000, -7.0000, 5.0000,  -613.0000, 11.0000, 5.0000,  0, 0, 0
L -613.0000, 11.0000, 5.0000,  -631.0000, 11.0000, 5.0000,  0, 0, 0
L -631.0000, 11.0000, 5.0000,  -631.0000, 1.0000, 5.0000,  0, 0, 0
L -631.0000, 1.0000, 5.0000,  -713.0000, 1.0000, 5.0000,  0, 0, 0
L -713.0000, 1.0000, 5.0000,  -713.0000, 11.0000, 5.0000,  0, 0, 0
L -713.0000, 11.0000, 5.0000,  -731.0000, 11.0000, 5.0000,  0, 0, 0
L -731.0000, 11.0000, 5.0000,  -731.0000, -7.0000, 5.0000,  0, 0, 0
L -731.0000, -7.0000, 5.0000,  -721.0000, -7.0000, 5.0000,  0, 0, 0
L -721.0000, -7.0000, 5.0000,  -721.0000, -33.0000, 1.0000,  0, 0, 0
L -629.0000, 175.0000, 1.0000,  -623.0000, 175.0000, 1.0000,  0, 0, 0
L -623.0000, 175.0000, 1.0000,  -623.0000, 233.0000, 5.0000,  0, 0, 0
L -623.0000, 233.0000, 5.0000,  -613.0000, 233.0000, 5.0000,  0, 0, 0
L -613.0000, 233.0000, 5.0000,  -613.0000, 251.0000, 5.0000,  0, 0, 0
L -613.0000, 251.0000, 5.0000,  -631.0000, 251.0000, 5.0000,  0, 0, 0
L -631.0000, 251.0000, 5.0000,  -631.0000, 241.0000, 5.0000,  0, 0, 0
L -631.0000, 241.0000, 5.0000,  -761.0000, 241.0000, 5.0000,  0, 0, 0
L -761.0000, 241.0000, 5.0000,  -761.0000, 251.0000, 5.0000,  0, 0, 0
L -761.0000, 251.0000, 5.0000,  -779.0000, 251.0000, 5.0000,  0, 0, 0
L -779.0000, 251.0000, 5.0000,  -779.0000, 233.0000, 5.0000,  0, 0, 0
L -779.0000, 233.0000, 5.0000,  -769.0000, 233.0000, 5.0000,  0, 0, 0
L -769.0000, 233.0000, 5.0000,  -769.0000, 151.0000, 5.0000,  0, 0, 0
L -769.0000, 151.0000, 5.0000,  -779.0000, 151.0000, 5.0000,  0, 0, 0
L -779.0000, 151.0000, 5.0000,  -779.0000, 133.0000, 5.0000,  0, 0, 0
L -779.0000, 133.0000, 5.0000,  -761.0000, 133.0000, 5.0000,  0, 0, 0
L -761.0000, 133.0000, 5.0000,  -761.0000, 143.0000, 5.0000,  0, 0, 0
L -761.0000, 143.0000, 5.0000,  -631.0000, 143.0000, 5.0000,  0, 0, 0
L -631.0000, 143.0000, 5.0000,  -631.0000, 133.0000, 5.0000,  0, 0, 0
L -631.0000, 133.0000, 5.0000,  -613.0000, 133.0000, 5.0000,  0, 0, 0
L -613.0000, 133.0000, 5.0000,  -613.0000, 151.0000, 5.0000,  0, 0, 0
L -613.0000, 151.0000, 5.0000,  -623.0000, 151.0000, 5.0000,  0, 0, 0
L -623.0000, 151.0000, 5.0000,  -623.0000, 161.0000, 1.0000,  0, 0, 0
L -623.0000, 161.0000, 1.0000,  -629.0000, 161.0000, 1.0000,  0, 0, 0
L -629.0000, 161.0000, 4.0000,  -629.0000, 149.0000, 5.0000,  0, 0, 0
L -629.0000, 149.0000, 4.0000,  -763.0000, 149.0000, 4.0000,  0, 0, 0
L -763.0000, 149.0000, 4.0000,  -763.0000, 235.0000, 4.0000,  0, 0, 0
L -763.0000, 235.0000, 4.0000,  -629.0000, 235.0000, 4.0000,  0, 0, 0
L -629.0000, 235.0000, 4.0000,  -629.0000, 175.0000, 4.0000,  0, 0, 0
L -629.0000, 449.0000, 1.0000,  -623.0000, 449.0000, 1.0000,  0, 0, 0
L -623.0000, 449.0000, 1.0000,  -623.0000, 391.0000, 5.0000,  0, 0, 0
L -623.0000, 391.0000, 5.0000,  -613.0000, 391.0000, 5.0000,  0, 0, 0
L -613.0000, 391.0000, 5.0000,  -613.0000, 373.0000, 5.0000,  0, 0, 0
L -613.0000, 373.0000, 5.0000,  -631.0000, 373.0000, 5.0000,  0, 0, 0
L -631.0000, 373.0000, 5.0000,  -631.0000, 383.0000, 5.0000,  0, 0, 0
L -631.0000, 383.0000, 5.0000,  -713.0000, 383.0000, 5.0000,  0, 0, 0
L -713.0000, 383.0000, 5.0000,  -713.0000, 373.0000, 5.0000,  0, 0, 0
L -713.0000, 373.0000, 5.0000,  -731.0000, 373.0000, 5.0000,  0, 0, 0
L -731.0000, 373.0000, 5.0000,  -731.0000, 391.0000, 5.0000,  0, 0, 0
L -731.0000, 391.0000, 5.0000,  -721.0000, 391.0000, 5.0000,  0, 0, 0
L -721.0000, 391.0000, 5.0000,  -721.0000, 521.0000, 5.0000,  0, 0, 0
L -721.0000, 521.0000, 5.0000,  -731.0000, 521.0000, 5.0000,  0, 0, 0
L -731.0000, 521.0000, 5.0000,  -731.0000, 539.0000, 5.0000,  0, 0, 0
L -731.0000, 539.0000, 5.0000,  -713.0000, 539.0000, 5.0000,  0, 0, 0
L -713.0000, 539.0000, 5.0000,  -713.0000, 529.0000, 5.0000,  0, 0, 0
L -713.0000, 529.0000, 5.0000,  -631.0000, 529.0000, 5.0000,  0, 0, 0
L -631.0000, 529.0000, 5.0000,  -631.0000, 539.0000, 5.0000,  0, 0, 0
L -631.0000, 539.0000, 5.0000,  -613.0000, 539.0000, 5.0000,  0, 0, 0
L -613.0000, 539.0000, 5.0000,  -613.0000, 521.0000, 5.0000,  0, 0, 0
L -613.0000, 521.0000, 5.0000,  -623.0000, 521.0000, 5.0000,  0, 0, 0
L -623.0000, 521.0000, 5.0000,  -623.0000, 463.0000, 1.0000,  0, 0, 0
L -623.0000, 463.0000, 1.0000,  -629.0000, 463.0000, 1.0000,  0, 0, 0
L -629.0000, 463.0000, 4.0000,  -629.0000, 523.0000, 4.0000,  0, 0, 0
L -629.0000, 523.0000, 4.0000,  -715.0000, 523.0000, 4.0000,  0, 0, 0
L -715.0000, 523.0000, 4.0000,  -715.0000, 389.0000, 4.0000,  0, 0, 0
L -715.0000, 389.0000, 4.0000,  -629.0000, 389.0000, 4.0000,  0, 0, 0
L -629.0000, 389.0000, 4.0000,  -629.0000, 449.0000, 4.0000,  0, 0, 0
L -495.0000, 629.0000, 1.0000,  -495.0000, 623.0000, 1.0000,  0, 0, 0
L -495.0000, 623.0000, 1.0000,  -521.0000, 623.0000, 5.0000,  0, 0, 0
L -521.0000, 623.0000, 5.0000,  -521.0000, 613.0000, 5.0000,  0, 0, 0
L -521.0000, 613.0000, 5.0000,  -539.0000, 613.0000, 5.0000,  0, 0, 0
L -539.0000, 613.0000, 5.0000,  -539.0000, 631.0000, 5.0000,  0, 0, 0
L -539.0000, 631.0000, 5.0000,  -529.0000, 631.0000, 5.0000,  0, 0, 0
L -529.0000, 631.0000, 5.0000,  -529.0000, 713.0000, 5.0000,  0, 0, 0
L -529.0000, 713.0000, 5.0000,  -539.0000, 713.0000, 5.0000,  0, 0, 0
L -539.0000, 713.0000, 5.0000,  -539.0000, 731.0000, 5.0000,  0, 0, 0
L -539.0000, 731.0000, 5.0000,  -521.0000, 731.0000, 5.0000,  0, 0, 0
L -521.0000, 731.0000, 5.0000,  -521.0000, 721.0000, 5.0000,  0, 0, 0
L -521.0000, 721.0000, 5.0000,  -439.0000, 721.0000, 5.0000,  0, 0, 0
L -439.0000, 721.0000, 5.0000,  -439.0000, 731.0000, 5.0000,  0, 0, 0
L -439.0000, 731.0000, 5.0000,  -421.0000, 731.0000, 5.0000,  0, 0, 0
L -421.0000, 731.0000, 5.0000,  -421.0000, 713.0000, 5.0000,  0, 0, 0
L -421.0000, 713.0000, 5.0000,  -431.0000, 713.0000, 5.0000,  0, 0, 0
L -431.0000, 713.0000, 5.0000,  -431.0000, 631.0000, 5.0000,  0, 0, 0
L -431.0000, 631.0000, 5.0000,  -421.0000, 631.0000, 5.0000,  0, 0, 0
L -421.0000, 631.0000, 5.0000,  -421.0000, 613.0000, 5.0000,  0, 0, 0
L -421.0000, 613.0000, 5.0000,  -439.0000, 613.0000, 5.0000,  0, 0, 0
L -439.0000, 613.0000, 5.0000,  -439.0000, 623.0000, 5.0000,  0, 0, 0
L -439.0000, 623.0000, 5.0000,  -481.0000, 623.0000, 1.0000,  0, 0, 0
L -481.0000, 623.0000, 1.0000,  -481.0000, 629.0000, 1.0000,  0, 0, 0
L -481.0000, 629.0000, 4.0000,  -437.0000, 629.0000, 4.0000,  0, 0, 0
L -437.0000, 629.0000, 4.0000,  -437.0000, 715.0000, 4.0000,  0, 0, 0
L -437.0000, 715.0000, 4.0000,  -523.0000, 715.0000, 5.0000,  0, 0, 0
L -523.0000, 715.0000, 4.0000,  -523.0000, 629.0000, 4.0000,  0, 0, 0
L -523.0000, 629.0000, 4.0000,  -495.0000, 629.0000, 4.0000,  0, 0, 0
L -303.0000, 629.0000, 1.0000,  -303.0000, 623.0000, 1.0000,  0, 0, 0
L -303.0000, 623.0000, 1.0000,  -329.0000, 623.0000, 5.0000,  0, 0, 0
L -329.0000, 623.0000, 5.0000,  -329.0000, 613.0000, 5.0000,  0, 0, 0
L -329.0000, 613.0000, 5.0000,  -347.0000, 613.0000, 5.0000,  0, 0, 0
L -347.0000, 613.0000, 5.0000,  -347.0000, 631.0000, 5.0000,  0, 0, 0
L -347.0000, 631.0000, 5.0000,  -337.0000, 631.0000, 5.0000,  0, 0, 0
L -337.0000, 631.0000, 5.0000,  -337.0000, 713.0000, 5.0000,  0, 0, 0
L -337.0000, 713.0000, 5.0000,  -347.0000, 713.0000, 5.0000,  0, 0, 0
L -347.0000, 713.0000, 5.0000,  -347.0000, 731.0000, 5.0000,  0, 0, 0
L -347.0000, 731.0000, 5.0000,  -329.0000, 731.0000, 5.0000,  0, 0, 0
L -329.0000, 731.0000, 5.0000,  -329.0000, 721.0000, 5.0000,  0, 0, 0
L -329.0000, 721.0000, 5.0000,  -247.0000, 721.0000, 5.0000,  0, 0, 0
L -247.0000, 721.0000, 5.0000,  -247.0000, 731.0000, 5.0000,  0, 0, 0
L -247.0000, 731.0000, 5.0000,  -229.0000, 731.0000, 5.0000,  0, 0, 0
L -229.0000, 731.0000, 5.0000,  -229.0000, 713.0000, 5.0000,  0, 0, 0
L -229.0000, 713.0000, 5.0000,  -239.0000, 713.0000, 5.0000,  0, 0, 0
L -239.0000, 713.0000, 5.0000,  -239.0000, 631.0000, 5.0000,  0, 0, 0
L -239.0000, 631.0000, 5.0000,  -229.0000, 631.0000, 5.0000,  0, 0, 0
L -229.0000, 631.0000, 5.0000,  -229.0000, 613.0000, 5.0000,  0, 0, 0
L -229.0000, 613.0000, 5.0000,  -247.0000, 613.0000, 5.0000,  0, 0, 0
L -247.0000, 613.0000, 5.0000,  -247.0000, 623.0000, 5.0000,  0, 0, 0
L -247.0000, 623.0000, 5.0000,  -289.0000, 623.0000, 1.0000,  0, 0, 0
L -289.0000, 623.0000, 1.0000,  -289.0000, 629.0000, 1.0000,  0, 0, 0
L -289.0000, 629.0000, 4.0000,  -245.0000, 629.0000, 4.0000,  0, 0, 0
L -245.0000, 629.0000, 4.0000,  -245.0000, 715.0000, 4.0000,  0, 0, 0
L -245.0000, 715.0000, 4.0000,  -331.0000, 715.0000, 4.0000,  0, 0, 0
L -331.0000, 715.0000, 4.0000,  -331.0000, 629.0000, 4.0000,  0, 0, 0
L -331.0000, 629.0000, 4.0000,  -303.0000, 629.0000, 4.0000,  0, 0, 0
L -5.0000, 655.0000, 1.0000,  1.0000, 655.0000, 1.0000,  0, 0, 0
L 1.0000, 655.0000, 1.0000,  1.0000, 713.0000, 5.0000,  0, 0, 0
L 1.0000, 713.0000, 5.0000,  11.0000, 713.0000, 5.0000,  0, 0, 0
L 11.0000, 713.0000, 5.0000,  11.0000, 731.0000, 5.0000,  0, 0, 0
L 11.0000, 731.0000, 5.0000,  -7.0000, 731.0000, 5.0000,  0, 0, 0
L -7.0000, 731.0000, 5.0000,  -7.0000, 721.0000, 5.0000,  0, 0, 0
L -7.0000, 721.0000, 5.0000,  -137.0000, 721.0000, 5.0000,  0, 0, 0
L -137.0000, 721.0000, 5.0000,  -137.0000, 731.0000, 5.0000,  0, 0, 0
L -137.0000, 731.0000, 5.0000,  -155.0000, 731.0000, 5.0000,  0, 0, 0
L -155.0000, 731.0000, 5.0000,  -155.0000, 713.0000, 5.0000,  0, 0, 0
L -155.0000, 713.0000, 5.0000,  -145.0000, 713.0000, 5.0000,  0, 0, 0
L -145.0000, 713.0000, 5.0000,  -145.0000, 631.0000, 5.0000,  0, 0, 0
L -145.0000, 631.0000, 5.0000,  -154.0000, 631.0000, 5.0000,  0, 0, 0
L -154.0000, 631.0000, 5.0000,  -154.0000, 613.0000, 5.0000,  0, 0, 0
L -154.0000, 613.0000, 5.0000,  -136.0000, 613.0000, 5.0000,  0, 0, 0
L -136.0000, 613.0000, 5.0000,  -136.0000, 623.0000, 5.0000,  0, 0, 0
L -136.0000, 623.0000, 5.0000,  -7.0000, 623.0000, 5.0000,  0, 0, 0
L -7.0000, 623.0000, 5.0000,  -7.0000, 613.0000, 5.0000,  0, 0, 0
L -7.0000, 613.0000, 5.0000,  11.0000, 613.0000, 5.0000,  0, 0, 0
L 11.0000, 613.0000, 5.0000,  11.0000, 631.0000, 5.0000,  0, 0, 0
L 11.0000, 631.0000, 5.0000,  1.0000, 631.0000, 5.0000,  0, 0, 0
L 1.0000, 631.0000, 5.0000,  1.0000, 641.0000, 1.0000,  0, 0, 0
L 1.0000, 641.0000, 1.0000,  -5.0000, 641.0000, 1.0000,  0, 0, 0
L -5.0000, 641.0000, 4.0000,  -5.0000, 629.0000, 5.0000,  0, 0, 0
L -5.0000, 629.0000, 4.0000,  -139.0000, 629.0000, 4.0000,  0, 0, 0
L -139.0000, 629.0000, 4.0000,  -139.0000, 715.0000, 4.0000,  0, 0, 0
L -139.0000, 715.0000, 4.0000,  -5.0000, 715.0000, 4.0000,  0, 0, 0
L -5.0000, 715.0000, 4.0000,  -5.0000, 655.0000, 4.0000,  0, 0, 0
