P -622.8712, -907.8947, 410.8043,  0, 0, 0,  1,  elevator
P -44.0338, -81.8147, 230.6505,  0, 0, 0,  1,  elevator
P -358.2292, -472.5580, 154.8031,  240, 0, 0,  2,  Former_Head_Scientist_Bozle
P -508.7991, -412.9297, 5.5437,  0, 0, 0,  1,  elevator
P -192.4693, -450.1566, -2.4562,  0, 0, 0,  1,  elevator
P -859.0205, -567.1084, 295.5534,  0, 0, 0,  1,  elevator
P -852.6630, -376.2511, 230.5052,  0, 0, 0,  1,  elevator
P -362.2150, -489.0191, 409.2810,  0, 0, 0,  1,  ladder
P -791.8958, -194.4706, 345.6080,  0, 0, 0,  1,  elevator
P -477.4218, -446.0342, 155.8430,  240, 0, 0,  2,  Chief_Administrator_Grigano
