P 570.8650, 20.8430, 25.2090,  0, 0, 127,  2,  Yellow
P 467.5000, 144.7220, 25.2090,  0, 0, 127,  2,  Blue
P 346.1170, 28.4460, 25.2090,  0, 0, 127,  1,  Red
P 461.6260, -88.3420, 25.2090,  0, 0, 127,  2,  Green
P 0.6350, -0.5580, 247.8270,  0, 0, 240,  2,  Daosheen's_Study
P -52.9910, -31.5770, 215.4970,  0, 0, 240,  2,  Relic
P 0.3940, 993.0840, -11.6190,  240, 0, 0,  2,  Trap_Door.
P 907.8920, -27.5590, 96.0020,  0, 0, 240,  2,  Head_Librarian_Magus
P 901.3720, 11.9860, -143.9980,  0, 0, 240,  2,  Student_Joban
P 4.5280, 130.0270, 1.5100,  0, 240, 0,  2,  Zone_In
P -28.7360, 1.3240, -0.5030,  240, 0, 0,  2,  Arkahn
P -25.7920, -5.8950, -0.5030,  240, 0, 0,  2,  Firefeather
