P 263.0000, 424.0000, 0.0000,  255, 255, 255,  2,  Succor_Point
P 390.7500, 1552.3440, 25.0010,  240, 0, 0,  3,  FG_king
P 824.1090, 1376.3340, 85.2860,  240, 0, 0,  3,  Lord_Nagafen
P -260.2570, 618.2840, -79.3730,  0, 0, 240,  3,  Pit_Trap
P 508.2780, 278.4950, 22.0010,  0, 240, 0,  3,  zone_to_Sol_A
P 405.7230, 364.1040, 8.0010,  0, 240, 0,  3,  Zone_to_Sol_A
P 265.7020, 413.6790, -111.9680,  0, 240, 0,  3,  Zone_to_Lavastorm
P 576.6640, 165.8140, 14.0010,  0, 240, 0,  3,  zone_to_Sol_A
P 524.9630, 1082.4960, -3.9990,  0, 240, 0,  3,  zone_to_Sol_A
P 242.3210, 625.9180, -86.9680,  0, 0, 240,  2,  Roof_Trap
P 478.9880, 968.4710, -17.3870,  0, 240, 0,  3,  Zone_To_CE
