P 0.0000, 1600.0000, 240.0000,  0, 0, 0,  3,  Solusek_Ro
P -1295.9160, 642.1620, -384.0000,  0, 0, 0,  2,  to_Xuzl
P -1834.5660, 714.5060, 312.0000,  0, 0, 0,  3,  Xuzl
P -1835.8990, 314.5910, 336.0000,  0, 0, 0,  2,  return
P -367.1910, -300.2720, 0.0000,  0, 0, 0,  2,  to_Arlyxir
P -1725.4690, -1685.0540, 624.0000,  0, 0, 0,  3,  Arlyxir
P -1570.4709, -1944.5360, 624.0000,  0, 0, 0,  2,  return
P -211.9410, -671.9040, -384.0000,  0, 0, 0,  2,  to_Jiva
P 2253.0649, 257.3480, -1092.0000,  0, 0, 0,  3,  Jiva
P 2094.0481, -58.9550, -1104.0000,  0, 0, 0,  2,  return
P 0.0000, 854.3540, -480.0000,  0, 0, 0,  2,  to_Solusek_Ro
P 366.1470, -300.4710, 0.0000,  0, 0, 0,  2,  to_Rizlona
P 1104.0800, -2383.7839, -912.0000,  0, 0, 0,  3,  Rizlona
P 943.7870, -2663.9470, -912.0000,  0, 0, 0,  2,  return
P 1295.7000, 642.9430, -384.0000,  0, 0, 0,  2,  to_The_Protector_of_Dresolik
P -836.5750, -1519.5310, -168.0000,  0, 0, 0,  2,  Guardian
P -829.5050, -1652.1700, -168.0000,  0, 0, 0,  2,  Guardian
P -700.2560, -1651.4860, -168.0000,  0, 0, 0,  2,  Guardian
P -696.3390, -1512.2720, -168.0000,  0, 0, 0,  2,  Guardian
P -215.7430, -1478.4410, -72.0000,  0, 0, 0,  2,  return
P -79.3610, 2219.8950, -768.0000,  0, 0, 0,  2,  Neerin
