P 2603.6860, -3762.7749, -106.7620,  0, 0, 240,  1,  Master_Lockjaw
P 2619.6760, -3682.3201, -111.6220,  240, 0, 0,  1,  Portal
P 1518.8300, -3176.2241, 34.6250,  0, 0, 240,  1,  DesertSands_Inn
P 173.1000, -23.6720, 141.0560,  0, 240, 0,  1,  Instance
P 627.4510, -847.1850, 35.0840,  0, 0, 240,  1,  Orcs
P 346.3470, -2760.7949, 100.7930,  0, 240, 0,  2,  Tak_Zone
P 402.8820, -2349.4590, 141.7580,  240, 0, 0,  2,  Sand_Giants
P 1515.5520, 272.1450, 104.5590,  0, 0, 240,  2,  Druid_Ring
P 2374.6741, -984.0230, 28.0540,  240, 0, 0,  2,  Dervish_Camp_4
P 1402.9189, -712.6290, 62.2270,  0, 0, 0,  2,  Becoreen_Pathfinder
P 1362.2040, -895.5530, 79.2980,  0, 0, 240,  2,  Wizard_Spires
P 1340.9240, -616.8290, 69.1960,  0, 0, 0,  2,  Bryntelanka_Battlebringer
P 2195.0291, -4195.3149, 22.6230,  0, 0, 0,  2,  Jaysen_Voon
P 2181.0740, -4168.1489, 28.0640,  0, 0, 0,  2,  Boadiel_Sharen
P 1831.0240, -4702.3340, 20.2600,  0, 0, 0,  2,  Nura_Dumont
P 1844.3870, -4721.4331, 20.2880,  0, 0, 0,  2,  Transan
P 1877.4640, -4707.1982, 20.1810,  0, 0, 0,  2,  Gadallion
P 1865.1150, -4664.3481, 20.2380,  0, 0, 0,  2,  Isslana
P 1891.9750, -4675.9629, 20.2380,  0, 0, 0,  2,  Synthan
P 2042.7500, -3884.6221, 23.4270,  0, 0, 0,  2,  Mantrek_Needlebend
P 2066.8469, -3888.9180, 24.2340,  0, 0, 0,  2,  Tacots_Silentblade
P 2099.9309, -3918.2661, 28.9790,  0, 0, 0,  2,  Grusyll_Eshaan
P 2123.3401, -3873.7791, 28.0010,  0, 0, 0,  2,  Ranzall_Netcaster
P 2093.1841, -3830.7681, 27.3720,  0, 0, 0,  2,  Hurgo_Felcind
P 872.4340, -2063.0549, 28.4790,  240, 0, 0,  2,  Dervish_Camp_3
P 1173.0380, -2036.5430, 23.6420,  0, 0, 0,  2,  Artist_Passia
P 1202.7050, -2094.7271, 24.3320,  0, 0, 0,  2,  Smith_Tv`ysa
P 1219.4490, -2107.3679, 24.4630,  0, 0, 0,  2,  Feriern_Telenthar
P 1517.1530, -3151.8850, 34.6540,  0, 0, 0,  2,  Innkeep_Tizzy
P 1495.0811, -3152.3940, 34.6540,  0, 0, 0,  2,  Innkeep_Marnan
P 971.3800, -3017.9790, 26.2380,  240, 0, 0,  2,  Dervish_Camp_2
P 974.1820, -3422.0161, 27.2380,  240, 0, 0,  2,  Dervish_Camp_1
P 664.8420, -4779.9429, 45.5590,  0, 0, 0,  2,  Keelee_Rayin
P 2376.9619, -4147.2759, 1.1280,  0, 0, 0,  2,  Plinkletop_Cogstopper
P 2386.3770, -4186.4790, 0.7320,  0, 0, 0,  2,  Dimbwicket_Middifoodle
P 2500.6731, -4183.3491, 1.0230,  0, 0, 240,  2,  Translocator_Tradil
P 2451.7029, -5241.1831, 12.6990,  0, 240, 0,  2,  North_Desert_of_Ro
P 2003.2610, -5132.3691, 30.5940,  0, 240, 0,  2,  North_Desert_of_Ro
P 800.1070, -5215.9082, 148.3220,  0, 240, 0,  2,  North_Desert_of_Ro
P 342.0000, 596.0000, 143.1470,  0, 240, 0,  2,  Innothule_Swamp
