P -1294.0000, -2348.0000, 0.0000,  255, 255, 255,  2,  Succor
P -1200.0000, 6500.0000, 0.0000,  255, 255, 255,  2,  Aviak
P 2400.0000, -300.0000, 0.0000,  255, 255, 255,  2,  Centaur
P -800.0000, 3150.0000, 0.0000,  255, 255, 0,  2,  Splitpaw
P -1250.0000, 8300.0000, 0.0000,  255, 255, 0,  2,  Lake
P -850.0000, -2500.0000, 0.0000,  255, 255, 0,  2,  North
P 1326.0000, 6822.0000, -4.0000,  0, 0, 0,  2,  undead_cyclops_spawn
P -1524.0000, 4410.0000, 54.0000,  0, 0, 0,  2,  cyclops_spawn
P -610.0000, 3215.0000, -3.0000,  0, 0, 0,  1,  wanderer_spawn
P -746.0000, 5755.0000, -4.0000,  0, 0, 0,  3,  a_cyclops
P 3252.0000, 7571.0000, 36.0000,  0, 0, 0,  1,  a_cyclops
P 3449.0000, 6596.0000, -4.0000,  0, 0, 0,  1,  a_cyclops
P 3346.0000, 6327.0000, -4.0000,  0, 0, 0,  1,  undead_cyclops_spawn
P 221.0000, 5688.0000, -4.0000,  0, 0, 0,  1,  undead_cyclops_spawn
P -1351.0000, 4910.0000, 61.0000,  0, 0, 240,  2,  high_shaman_phido
P -2328.0000, -1903.0000, 116.0000,  0, 0, 0,  1,  a_cyclops
P 3518.0000, 4342.0000, -4.0000,  0, 0, 0,  1,  a_lioness
P -2191.0000, 5971.0000, 8.0000,  0, 0, 0,  1,  aviak_harrier
P 2016.0000, 4143.0000, 4.0000,  0, 0, 127,  2,  Sentry_Alechin
P -2347.0000, 3802.0000, 95.0000,  0, 0, 0,  1,  a_lioness
P 3551.0000, 6094.0000, -4.0000,  0, 0, 0,  1,  a_lion
P 105.0000, 3640.0000, -4.0000,  0, 0, 0,  1,  an_elephant
P -1233.0000, 1234.0000, 123.0000,  240, 240, 0,  3,  Qspawn
P 3636.0000, 6369.0000, -4.0000,  0, 0, 0,  1,  a_treant
P 3216.0000, 4758.0000, -4.0000,  0, 127, 0,  2,  Grizzleknot
P -2027.0000, 3813.0000, 72.0000,  0, 0, 0,  2,  aviak_rook
P 1127.0000, 7597.0000, 57.0000,  0, 0, 0,  1,  a_cyclops
P -607.0000, 4279.0000, -4.0000,  240, 240, 0,  3,  Quillmane
P -1419.0000, 1178.0000, 0.0000,  240, 240, 0,  3,  Quillmane_Death
P -9.0000, 6102.0000, -4.0000,  0, 0, 0,  1,  a_cyclops
P -469.0000, 4570.0000, -3.0000,  0, 0, 0,  1,  a_cyclops
P 3080.0000, 3830.0000, -4.0000,  0, 0, 240,  3,  ASP
P 2556.0000, 6406.0000, -4.0000,  0, 0, 0,  1,  a_cyclops
P 849.0000, 3577.0000, -2.0000,  0, 0, 240,  2,  a_werewolf
P -754.0000, 6528.0000, -4.0000,  0, 0, 0,  1,  a_cyclops
P -919.4090, 3163.6260, -11.9370,  0, 240, 0,  3,  to_Lair_of_the_Splitpaw
P -908.2930, -2848.3760, -34.4050,  0, 240, 0,  3,  to_North_Karana
P -1148.2780, 8556.7383, 0.0010,  0, 240, 0,  3,  to_Lake_Rathetear
P 2176.9990, -123.8310, -3.7800,  0, 0, 0,  3,  Ulan_(Fletcher)
P -1071.6100, 6588.4790, 160.8140,  0, 0, 0,  3,  Krak_(Merchant)
P -1294.0000, -2348.0000, 0.0000,  255, 255, 255,  2,  Succor_Point
P -1200.0000, 6500.0000, 0.0000,  255, 255, 255,  2,  Aviak_Village
P 2600.0000, 5400.0000, 0.0000,  255, 255, 255,  2,  Hermit
P 2400.0000, -300.0000, 0.0000,  255, 255, 255,  2,  Centaur_Village
P -277.0000, 2270.0000, -4.0000,  0, 0, 240,  3,  ASP
P -2591.0000, 5850.0000, 21.0000,  0, 0, 0,  2,  elephant
P -2526.0000, -926.0000, 39.0000,  0, 0, 0,  1,  a_shadow_wolf
P 3669.0000, 5762.0000, -4.0000,  0, 0, 0,  1,  an_undead_cyclops
P 438.0000, 4060.0000, -4.0000,  0, 0, 0,  1,  aviak_darter
P 967.0000, 3752.0000, -4.0000,  0, 0, 0,  1,  cent_sheltie
P 3275.0000, -764.0000, 6.0000,  0, 0, 0,  1,  a_lioness
P 2937.0000, 5244.0000, -4.0000,  0, 0, 0,  1,  a_lioness
P 2337.0000, 5164.0000, -4.0000,  0, 0, 127,  2,  a_werewolf
P -1906.0000, 5535.0000, -4.0000,  0, 0, 0,  1,  a_lioness
P -1758.0000, 2373.0000, -1.0000,  0, 0, 0,  1,  a_lioness
P 665.0000, 5839.0000, -4.0000,  0, 0, 0,  1,  undead_cyclops_spawn
