P -239.0000, 0.0000, 154.0000,  0, 0, 240,  2,  Praesertum_Bikun
P 673.8010, 842.0250, 154.0020,  0, 0, 240,  2,  Praesertum_Matpa
P 695.6780, -1.4270, 154.0020,  0, 0, 240,  2,  Praeserum_Rhugol
P -207.2330, 871.7630, 154.0020,  0, 0, 240,  2,  Praesertum_Vantorus
P 232.0000, 579.0000, 92.0000,  0, 0, 0,  1,  port_stone_to_maze
P 377.0000, 284.0000, 127.0000,  0, 0, 0,  1,  port_in
P 85.0000, 581.0000, 127.0000,  0, 0, 0,  1,  port_out
P 83.0000, 582.0000, 190.0000,  0, 0, 0,  1,  port_in
P 232.0000, 284.0000, 190.0000,  0, 0, 0,  1,  port_out
P 232.0000, -1166.0000, 0.0000,  255, 255, 255,  2,  Succor_Point
P -64.0000, -118.0000, 119.0010,  0, 0, 0,  3,  Goshul_(GM_Warrior)
P -61.0000, 71.0000, 84.0010,  0, 0, 0,  3,  Vrogar_(Spells)
P -70.0000, -132.0000, 84.0010,  0, 0, 0,  3,  Diendra_(Spells)
P 609.6830, -830.4550, 56.0010,  0, 0, 0,  3,  Brewing_Merchants
P 797.0350, -804.2620, 56.0010,  0, 0, 0,  3,  Brew_Barrel
P 1480.0000, -94.0000, 56.0010,  0, 0, 0,  3,  Falak_(Bank)
P 1490.0000, 18.0000, 56.0010,  0, 0, 0,  3,  Laltar_(Merchant)
P 1488.0000, 113.0000, 56.0010,  0, 0, 0,  3,  Mal_(Merchant)
P 1475.8590, 665.7170, 56.0010,  0, 0, 0,  3,  Brew_Barrel
P 1486.8160, 822.5520, 56.0010,  0, 0, 0,  3,  Brewing_Merchants
P 947.0000, 936.0000, 56.0010,  0, 0, 0,  3,  Asotha_(Jewelry)
P 947.0000, 828.0000, 56.0010,  0, 0, 0,  3,  Qearin_(Merchant)
P 945.3280, 737.9450, 56.0010,  0, 0, 0,  3,  Pottery_Merchants
P 917.0140, 680.3980, 56.0010,  0, 0, 0,  3,  Kiln
P 990.6940, 664.7990, 56.0010,  0, 0, 0,  3,  Pottery_Wheel
P 947.0000, 134.0000, 56.0010,  0, 0, 0,  3,  Laren_(Tailor)
P 944.0000, 21.0000, 56.0010,  0, 0, 0,  3,  Nyrick_(Merchant)
P 941.0690, -82.8740, 56.0010,  0, 0, 0,  3,  Smithing_Merchants
P 746.0000, -283.0000, 56.0010,  0, 0, 0,  3,  Boloth_(Smith)
P 646.0000, -279.0000, 56.0010,  0, 0, 0,  3,  Falwin_(Merchant)
P 534.0000, -283.0000, 56.0010,  0, 0, 0,  3,  Milner_(Baking)
P -59.0000, -282.0000, 56.0010,  0, 0, 0,  3,  Faber_(Smith)
P -150.0000, -285.0000, 56.0010,  0, 0, 0,  3,  Pawil_(Baking)
P -189.0000, -281.0000, 56.0010,  0, 0, 0,  3,  Taldris_(Merchant)
P -129.5620, -304.4210, 56.0010,  0, 0, 0,  3,  Oven
P -276.0000, -283.0000, 56.0010,  0, 0, 0,  3,  Fraeg_(Smith)
P -484.8840, -80.8570, 56.0010,  0, 0, 0,  3,  Smithing_Merchants
P -546.3910, -136.5000, 56.1250,  0, 0, 0,  3,  Forge
P -483.0000, 8.0000, 56.0010,  0, 0, 0,  3,  Cobaen_(Merchant)
P -482.0000, 124.0000, 56.0010,  0, 0, 0,  3,  Fareye_(Fletcher)
P -485.0000, 719.0000, 56.0010,  0, 0, 0,  3,  Tala_(Merchant)
P -482.0000, 749.0000, 56.0010,  0, 0, 0,  3,  Luki_(Merchant)
P -485.0000, 806.0000, 56.0010,  0, 0, 0,  3,  Vassa_(Merchant)
P -544.8550, 985.7130, 56.1250,  0, 0, 0,  3,  Forge
P -476.5610, 912.2160, 56.0010,  0, 0, 0,  3,  Smithing_Merchants
P -1042.0100, 823.5930, 56.0010,  0, 0, 0,  3,  Brewing_Merchants
P -995.9670, 666.5790, 56.0010,  0, 0, 0,  3,  Brew_Barrel
P -1026.0000, 50.0000, 56.0010,  0, 0, 0,  3,  Gaston_(Merchant)
P -1026.0000, 118.0000, 56.0010,  0, 0, 0,  3,  Melda_(Smith)
P -1029.0000, -10.0000, 56.0010,  0, 0, 0,  3,  Wulan_(Smith)
P -1017.0000, -92.0000, 56.0010,  0, 0, 0,  3,  Adren_(Bank)
P -186.1630, -836.7560, 56.0010,  0, 0, 0,  3,  Brewing_Merchants
P -330.3770, -808.5080, 56.0010,  0, 0, 0,  3,  Brew_Barrel
P 236.5180, -1420.0500, 56.0010,  0, 0, 0,  3,  to_The_Dawnshroud_Peaks
P -379.6380, -1152.6760, 56.0010,  0, 0, 0,  3,  to_Marus_Seru
P 522.0000, 138.0000, 84.0010,  0, 0, 0,  3,  Yalkin_(GM_Wizard)
P 670.0000, -4.0000, 56.0010,  0, 0, 0,  3,  Salnu_(GM_Warrior)
P 698.0000, -83.0000, 56.0010,  0, 0, 0,  3,  Yka_(GM_Rogue)
P 555.0000, 1005.0000, 119.0010,  0, 0, 0,  3,  Gastir_(GM_Paladin)
P 592.0000, 726.0000, 84.0010,  0, 0, 0,  3,  Banael_(GM_Wizard)
P -69.0000, 922.0000, 56.0010,  0, 0, 0,  3,  Naillo_(GM_Rogue)
P -285.0000, 818.0000, 84.0010,  0, 0, 0,  3,  Ralla_(GM_Paladin)
P -332.0000, 734.0000, 84.0010,  0, 0, 0,  3,  Argrur_(Spells)
P -109.0000, 958.0000, 84.0010,  0, 0, 0,  3,  Wassein_(GM_Wizard)
P -358.0000, 702.0000, 96.0010,  0, 0, 0,  3,  Emon_(GM_Ranger)
P -278.0000, 750.0000, 56.0010,  0, 0, 0,  3,  Truthtaker_(GM_Cleric)
P -88.0000, 758.0000, 119.0010,  0, 0, 0,  3,  Falak_(GM_Warrior)
P -218.0000, 766.0000, 119.0010,  0, 0, 0,  3,  Aealin_(GM_Monk)
P 669.0000, 94.0000, 119.0010,  0, 0, 0,  3,  Taol_(GM_Monk)
P 808.0000, 69.0000, 119.0010,  0, 0, 0,  3,  Martolin_(GM_Ranger)
P 536.0000, 63.0000, 119.0010,  0, 0, 0,  3,  Balakaz_(GM_Cleric)
P 542.0000, 881.0000, 119.0010,  0, 0, 0,  3,  Valar_(GM_Warrior)
P 792.0000, 733.0000, 84.0010,  0, 0, 0,  3,  Glipo_(GM_Rogue)
P 538.0000, 698.0000, 96.0010,  0, 0, 0,  3,  Yusi_(GM_Enchanter)
P -152.0000, 64.0000, 119.0010,  0, 0, 0,  3,  Kezzlek_(GM_Rogue)
P -218.0000, 766.0000, 119.0010,  0, 0, 0,  1,  Adelia_(Spells)
P 535.0000, 995.0000, 84.0010,  0, 0, 0,  3,  Adelia_(Spells)
P 574.0000, 725.0000, 84.0010,  0, 0, 0,  3,  Glendra_(Spells)
P 798.0000, 131.0000, 84.0010,  0, 0, 0,  3,  Grelan_(Spells)
