P 2811.1208, -811.6675, 60.8730,  0, 0, 240,  2,  Dragonscale_Hills
P -2186.6731, -414.4702, 9.1663,  0, 0, 240,  2,  Lesser_Faydark
P -421.2604, 1915.9777, -34.9794,  0, 0, 240,  2,  Ak'Anon
P 1967.0000, -1654.0000, 28.0000,  240, 0, 0,  3,  Meldrath
P -28.0000, -1713.0000, 3.0000,  0, 240, 240,  2,  moss_covered_drake_scale
P -1694.0000, -1673.0000, 12.0000,  240, 0, 0,  3,  Gorehorn
P 565.0000, -112.0000, 1.0000,  240, 0, 0,  3,  fletching
P -945.0000, 1133.0000, 9.0000,  0, 0, 0,  3,  PoK_Book
P 2765.0000, -2084.0000, -58.0000,  0, 0, 240,  3,  Loping_Plains
P -426.0000, 1238.0000, 2.0000,  240, 0, 0,  3,  baking_molds
P -722.0000, 1287.0000, 2.0000,  240, 0, 0,  3,  tailoring
P -823.0000, 1467.0000, 2.0000,  240, 0, 0,  3,  smithing_molds
P -1639.0000, 1341.0000, 13.0000,  240, 0, 0,  3,  Druid_Ring
P -334.0000, 1436.0000, 2.0000,  240, 0, 0,  3,  general_supplies
P 1478.0000, 1256.0000, 2.0000,  240, 0, 0,  3,  baking
P 1415.0000, 1084.0000, 2.0000,  240, 0, 0,  3,  jewelcraft
