L -128.0000, 10.0000, 1.0000,  -128.0000, -10.0000, 7.0000,  0, 0, 0
L -128.0000, -10.0000, 7.0000,  -3.0000, -10.0000, 4.0000,  0, 0, 0
L -3.0000, -10.0000, 4.0000,  -3.0000, -7.0000, 2.0000,  0, 0, 0
L -3.0000, -7.0000, 2.0000,  3.0000, -7.0000, 1.0000,  0, 0, 0
L 3.0000, -7.0000, 1.0000,  3.0000, -10.0000, 1.0000,  0, 0, 0
L 3.0000, -10.0000, 1.0000,  58.0000, -11.0000, 1.0000,  0, 0, 0
L 58.0000, -11.0000, 1.0000,  59.0000, -58.0000, 1.0000,  0, 0, 0
L 59.0000, -58.0000, 1.0000,  62.0000, -58.0000, 1.0000,  0, 0, 0
L 62.0000, -58.0000, 1.0000,  62.0000, -65.0000, 1.0000,  0, 0, 0
L 62.0000, -65.0000, 1.0000,  35.0000, -65.0000, 9.0000,  0, 0, 0
L 35.0000, -65.0000, 9.0000,  35.0000, -112.0000, 1.0000,  0, 0, 0
L 35.0000, -112.0000, 1.0000,  3.0000, -113.0000, 9.0000,  0, 0, 0
L 3.0000, -113.0000, 9.0000,  3.0000, -198.0000, 9.0000,  0, 0, 0
L 3.0000, -198.0000, 9.0000,  30.0000, -198.0000, 1.0000,  0, 0, 0
L 30.0000, -198.0000, 1.0000,  30.0000, -205.0000, 1.0000,  0, 0, 0
L 30.0000, -205.0000, 1.0000,  -53.0000, -205.0000, 10.0000,  0, 0, 0
L -53.0000, -205.0000, 10.0000,  -53.0000, -386.0000, 6.0000,  0, 0, 0
L -53.0000, -386.0000, 6.0000,  30.0000, -386.0000, 2.0000,  0, 0, 0
L 30.0000, -386.0000, 2.0000,  30.0000, -393.0000, 1.0000,  0, 0, 0
L 30.0000, -393.0000, 1.0000,  1.0000, -393.0000, 1.0000,  0, 0, 0
L 1.0000, -393.0000, 1.0000,  1.0000, -423.0000, 7.0000,  0, 0, 0
L 1.0000, -423.0000, 7.0000,  25.0000, -446.0000, 1.0000,  0, 0, 0
L 25.0000, -446.0000, 1.0000,  25.0000, -490.0000, 1.0000,  0, 0, 0
L 25.0000, -490.0000, 1.0000,  45.0000, -510.0000, 1.0000,  0, 0, 0
L 45.0000, -510.0000, 1.0000,  115.0000, -510.0000, 1.0000,  0, 0, 0
L 115.0000, -510.0000, 1.0000,  135.0000, -490.0000, 1.0000,  0, 0, 0
L 135.0000, -490.0000, 1.0000,  135.0000, -447.0000, 1.0000,  0, 0, 0
L 135.0000, -447.0000, 1.0000,  159.0000, -423.0000, 1.0000,  0, 0, 0
L 159.0000, -423.0000, 1.0000,  159.0000, -393.0000, 1.0000,  0, 0, 0
L 159.0000, -393.0000, 1.0000,  44.0000, -393.0000, 1.0000,  0, 0, 0
L 44.0000, -393.0000, 1.0000,  44.0000, -386.0000, 1.0000,  0, 0, 0
L 44.0000, -386.0000, 1.0000,  128.0000, -386.0000, 9.0000,  0, 0, 0
L 128.0000, -386.0000, 9.0000,  128.0000, -205.0000, 8.0000,  0, 0, 0
L 128.0000, -205.0000, 8.0000,  44.0000, -205.0000, 1.0000,  0, 0, 0
L 44.0000, -205.0000, 1.0000,  44.0000, -198.0000, 1.0000,  0, 0, 0
L 44.0000, -198.0000, 1.0000,  72.0000, -198.0000, 9.0000,  0, 0, 0
L 93.0000, -240.0000, 5.0000,  57.0000, -239.0000, 2.0000,  0, 0, 0
L 57.0000, -239.0000, 2.0000,  57.0000, -233.0000, 1.0000,  0, 0, 0
L 57.0000, -233.0000, 1.0000,  98.0000, -233.0000, 2.0000,  0, 0, 0
L 98.0000, -233.0000, 2.0000,  100.0000, -234.0000, 2.0000,  0, 0, 0
L 100.0000, -234.0000, 2.0000,  99.0000, -276.0000, 1.0000,  0, 0, 0
L 99.0000, -276.0000, 1.0000,  93.0000, -276.0000, 1.0000,  0, 0, 0
L 93.0000, -276.0000, 1.0000,  93.0000, -240.0000, 5.0000,  0, 0, 0
L 93.0000, -351.0000, 5.0000,  93.0000, -315.0000, 1.0000,  0, 0, 0
L 93.0000, -315.0000, 1.0000,  99.0000, -315.0000, 1.0000,  0, 0, 0
L 99.0000, -315.0000, 1.0000,  100.0000, -357.0000, 2.0000,  0, 0, 0
L 100.0000, -357.0000, 2.0000,  99.0000, -358.0000, 2.0000,  0, 0, 0
L 99.0000, -358.0000, 2.0000,  57.0000, -358.0000, 1.0000,  0, 0, 0
L 57.0000, -358.0000, 1.0000,  57.0000, -352.0000, 1.0000,  0, 0, 0
L 57.0000, -352.0000, 1.0000,  93.0000, -351.0000, 5.0000,  0, 0, 0
L -18.0000, -240.0000, 6.0000,  17.0000, -239.0000, 1.0000,  0, 0, 0
L 17.0000, -239.0000, 1.0000,  17.0000, -233.0000, 1.0000,  0, 0, 0
L 17.0000, -233.0000, 1.0000,  -24.0000, -233.0000, 2.0000,  0, 0, 0
L -24.0000, -233.0000, 2.0000,  -25.0000, -234.0000, 2.0000,  0, 0, 0
L -25.0000, -234.0000, 2.0000,  -24.0000, -276.0000, 1.0000,  0, 0, 0
L -24.0000, -276.0000, 1.0000,  -18.0000, -276.0000, 1.0000,  0, 0, 0
L -18.0000, -276.0000, 1.0000,  -18.0000, -240.0000, 6.0000,  0, 0, 0
L -18.0000, -351.0000, 6.0000,  17.0000, -352.0000, 1.0000,  0, 0, 0
L 17.0000, -352.0000, 1.0000,  17.0000, -358.0000, 1.0000,  0, 0, 0
L 17.0000, -358.0000, 1.0000,  -24.0000, -358.0000, 2.0000,  0, 0, 0
L -24.0000, -358.0000, 2.0000,  -25.0000, -357.0000, 2.0000,  0, 0, 0
L -25.0000, -357.0000, 2.0000,  -24.0000, -315.0000, 1.0000,  0, 0, 0
L -24.0000, -315.0000, 1.0000,  -18.0000, -315.0000, 1.0000,  0, 0, 0
L -18.0000, -315.0000, 1.0000,  -18.0000, -351.0000, 6.0000,  0, 0, 0
L 72.0000, -198.0000, 9.0000,  73.0000, -151.0000, 5.0000,  0, 0, 0
L 73.0000, -151.0000, 5.0000,  86.0000, -150.0000, 1.0000,  0, 0, 0
L 86.0000, -150.0000, 1.0000,  86.0000, -142.0000, 1.0000,  0, 0, 0
L 86.0000, -142.0000, 1.0000,  96.0000, -133.0000, 5.0000,  0, 0, 0
L 96.0000, -133.0000, 5.0000,  105.0000, -132.0000, 6.0000,  0, 0, 0
L 105.0000, -132.0000, 6.0000,  105.0000, -65.0000, 9.0000,  0, 0, 0
L 105.0000, -65.0000, 9.0000,  77.0000, -65.0000, 1.0000,  0, 0, 0
L 77.0000, -65.0000, 1.0000,  77.0000, -58.0000, 2.0000,  0, 0, 0
L 77.0000, -58.0000, 2.0000,  80.0000, -58.0000, 3.0000,  0, 0, 0
L 80.0000, -58.0000, 3.0000,  81.0000, -10.0000, 2.0000,  0, 0, 0
L 81.0000, -10.0000, 2.0000,  136.0000, -10.0000, 1.0000,  0, 0, 0
L 136.0000, -10.0000, 1.0000,  136.0000, 10.0000, 8.0000,  0, 0, 0
L 136.0000, 10.0000, 8.0000,  3.0000, 10.0000, 5.0000,  0, 0, 0
L 3.0000, 10.0000, 5.0000,  3.0000, 7.0000, 2.0000,  0, 0, 0
L 3.0000, 7.0000, 2.0000,  -3.0000, 7.0000, 1.0000,  0, 0, 0
L -3.0000, 7.0000, 1.0000,  -3.0000, 10.0000, 1.0000,  0, 0, 0
L -3.0000, 10.0000, 1.0000,  -58.0000, 10.0000, 1.0000,  0, 0, 0
L -58.0000, 10.0000, 1.0000,  -58.0000, 17.0000, 1.0000,  0, 0, 0
L -58.0000, 17.0000, 1.0000,  -55.0000, 17.0000, 1.0000,  0, 0, 0
L -55.0000, 17.0000, 1.0000,  -55.0000, 72.0000, 1.0000,  0, 0, 0
L -55.0000, 72.0000, 1.0000,  -48.0000, 72.0000, 1.0000,  0, 0, 0
L -48.0000, 72.0000, 1.0000,  -48.0000, 25.0000, 1.0000,  0, 0, 0
L -48.0000, 25.0000, 1.0000,  68.0000, 25.0000, 6.0000,  0, 0, 0
L 68.0000, 25.0000, 6.0000,  68.0000, 134.0000, 5.0000,  0, 0, 0
L 68.0000, 134.0000, 5.0000,  61.0000, 135.0000, 1.0000,  0, 0, 0
L 39.0000, 135.0000, 1.0000,  -48.0000, 134.0000, 1.0000,  0, 0, 0
L -48.0000, 134.0000, 1.0000,  -48.0000, 87.0000, 1.0000,  0, 0, 0
L -48.0000, 87.0000, 1.0000,  -55.0000, 87.0000, 1.0000,  0, 0, 0
L -55.0000, 87.0000, 1.0000,  -55.0000, 142.0000, 1.0000,  0, 0, 0
L -55.0000, 142.0000, 1.0000,  -76.0000, 142.0000, 7.0000,  0, 0, 0
L -76.0000, 142.0000, 7.0000,  -76.0000, 87.0000, 2.0000,  0, 0, 0
L -76.0000, 87.0000, 2.0000,  -83.0000, 87.0000, 1.0000,  0, 0, 0
L -83.0000, 87.0000, 1.0000,  -83.0000, 98.0000, 1.0000,  0, 0, 0
L -83.0000, 98.0000, 1.0000,  -114.0000, 99.0000, 1.0000,  0, 0, 0
L -114.0000, 99.0000, 1.0000,  -115.0000, 130.0000, 1.0000,  0, 0, 0
L -115.0000, 130.0000, 1.0000,  -152.0000, 130.0000, 1.0000,  0, 0, 0
L -152.0000, 130.0000, 1.0000,  -153.0000, 98.0000, 1.0000,  0, 0, 0
L -153.0000, 98.0000, 1.0000,  -184.0000, 98.0000, 1.0000,  0, 0, 0
L -184.0000, 98.0000, 1.0000,  -184.0000, 87.0000, 1.0000,  0, 0, 0
L -184.0000, 87.0000, 1.0000,  -191.0000, 87.0000, 1.0000,  0, 0, 0
L -191.0000, 87.0000, 1.0000,  -191.0000, 114.0000, 8.0000,  0, 0, 0
L -191.0000, 114.0000, 8.0000,  -238.0000, 114.0000, 5.0000,  0, 0, 0
L -238.0000, 114.0000, 5.0000,  -239.0000, 146.0000, 8.0000,  0, 0, 0
L -239.0000, 146.0000, 8.0000,  -324.0000, 146.0000, 8.0000,  0, 0, 0
L -324.0000, 146.0000, 8.0000,  -324.0000, 119.0000, 1.0000,  0, 0, 0
L -324.0000, 119.0000, 1.0000,  -331.0000, 119.0000, 1.0000,  0, 0, 0
L -331.0000, 119.0000, 1.0000,  -331.0000, 129.0000, 5.0000,  0, 0, 0
L -331.0000, 129.0000, 5.0000,  -337.0000, 130.0000, 2.0000,  0, 0, 0
L -337.0000, 130.0000, 2.0000,  -337.0000, 142.0000, 1.0000,  0, 0, 0
L -337.0000, 142.0000, 1.0000,  -348.0000, 153.0000, 1.0000,  0, 0, 0
L -348.0000, 153.0000, 1.0000,  -359.0000, 153.0000, 1.0000,  0, 0, 0
L -359.0000, 153.0000, 1.0000,  -370.0000, 142.0000, 1.0000,  0, 0, 0
L -370.0000, 142.0000, 1.0000,  -371.0000, 129.0000, 1.0000,  0, 0, 0
L -371.0000, 129.0000, 1.0000,  -390.0000, 129.0000, 1.0000,  0, 0, 0
L -390.0000, 129.0000, 1.0000,  -391.0000, 142.0000, 5.0000,  0, 0, 0
L -391.0000, 142.0000, 5.0000,  -402.0000, 153.0000, 1.0000,  0, 0, 0
L -402.0000, 153.0000, 1.0000,  -413.0000, 153.0000, 1.0000,  0, 0, 0
L -413.0000, 153.0000, 1.0000,  -424.0000, 142.0000, 1.0000,  0, 0, 0
L -424.0000, 142.0000, 1.0000,  -425.0000, 129.0000, 1.0000,  0, 0, 0
L -425.0000, 129.0000, 1.0000,  -444.0000, 129.0000, 1.0000,  0, 0, 0
L -444.0000, 129.0000, 1.0000,  -445.0000, 142.0000, 5.0000,  0, 0, 0
L -445.0000, 142.0000, 5.0000,  -456.0000, 153.0000, 1.0000,  0, 0, 0
L -456.0000, 153.0000, 1.0000,  -467.0000, 153.0000, 1.0000,  0, 0, 0
L -467.0000, 153.0000, 1.0000,  -478.0000, 142.0000, 1.0000,  0, 0, 0
L -478.0000, 142.0000, 1.0000,  -479.0000, 129.0000, 3.0000,  0, 0, 0
L -479.0000, 129.0000, 3.0000,  -514.0000, 129.0000, 1.0000,  0, 0, 0
L -514.0000, 129.0000, 1.0000,  -514.0000, 95.0000, 7.0000,  0, 0, 0
L -514.0000, 95.0000, 7.0000,  -479.0000, 95.0000, 1.0000,  0, 0, 0
L -479.0000, 95.0000, 1.0000,  -478.0000, 82.0000, 5.0000,  0, 0, 0
L -478.0000, 82.0000, 5.0000,  -467.0000, 71.0000, 1.0000,  0, 0, 0
L -467.0000, 71.0000, 1.0000,  -456.0000, 71.0000, 1.0000,  0, 0, 0
L -456.0000, 71.0000, 1.0000,  -445.0000, 82.0000, 1.0000,  0, 0, 0
L -445.0000, 82.0000, 1.0000,  -444.0000, 95.0000, 1.0000,  0, 0, 0
L -444.0000, 95.0000, 1.0000,  -425.0000, 95.0000, 1.0000,  0, 0, 0
L -425.0000, 95.0000, 1.0000,  -424.0000, 82.0000, 5.0000,  0, 0, 0
L -424.0000, 82.0000, 5.0000,  -413.0000, 71.0000, 1.0000,  0, 0, 0
L -413.0000, 71.0000, 1.0000,  -402.0000, 71.0000, 1.0000,  0, 0, 0
L -402.0000, 71.0000, 1.0000,  -391.0000, 82.0000, 1.0000,  0, 0, 0
L -391.0000, 82.0000, 1.0000,  -390.0000, 95.0000, 1.0000,  0, 0, 0
L -390.0000, 95.0000, 1.0000,  -371.0000, 95.0000, 1.0000,  0, 0, 0
L -371.0000, 95.0000, 1.0000,  -370.0000, 82.0000, 5.0000,  0, 0, 0
L -370.0000, 82.0000, 5.0000,  -359.0000, 71.0000, 1.0000,  0, 0, 0
L -359.0000, 71.0000, 1.0000,  -348.0000, 71.0000, 1.0000,  0, 0, 0
L -348.0000, 71.0000, 1.0000,  -337.0000, 82.0000, 1.0000,  0, 0, 0
L -337.0000, 82.0000, 1.0000,  -336.0000, 95.0000, 1.0000,  0, 0, 0
L -336.0000, 95.0000, 1.0000,  -331.0000, 95.0000, 1.0000,  0, 0, 0
L -331.0000, 95.0000, 1.0000,  -331.0000, 105.0000, 1.0000,  0, 0, 0
L -331.0000, 105.0000, 1.0000,  -324.0000, 105.0000, 1.0000,  0, 0, 0
L -324.0000, 105.0000, 1.0000,  -324.0000, 77.0000, 9.0000,  0, 0, 0
L -324.0000, 77.0000, 9.0000,  -277.0000, 76.0000, 1.0000,  0, 0, 0
L -277.0000, 76.0000, 1.0000,  -276.0000, 44.0000, 9.0000,  0, 0, 0
L -276.0000, 44.0000, 9.0000,  -191.0000, 44.0000, 8.0000,  0, 0, 0
L -191.0000, 44.0000, 8.0000,  -191.0000, 72.0000, 1.0000,  0, 0, 0
L -191.0000, 72.0000, 1.0000,  -184.0000, 72.0000, 1.0000,  0, 0, 0
L -184.0000, 72.0000, 1.0000,  -184.0000, 60.0000, 1.0000,  0, 0, 0
L -184.0000, 60.0000, 1.0000,  -153.0000, 29.0000, 1.0000,  0, 0, 0
L -153.0000, 29.0000, 1.0000,  -115.0000, 29.0000, 1.0000,  0, 0, 0
L -115.0000, 29.0000, 1.0000,  -114.0000, 60.0000, 1.0000,  0, 0, 0
L -114.0000, 60.0000, 1.0000,  -83.0000, 61.0000, 3.0000,  0, 0, 0
L -83.0000, 61.0000, 3.0000,  -83.0000, 72.0000, 1.0000,  0, 0, 0
L -83.0000, 72.0000, 1.0000,  -76.0000, 72.0000, 1.0000,  0, 0, 0
L -76.0000, 72.0000, 1.0000,  -76.0000, 17.0000, 4.0000,  0, 0, 0
L -76.0000, 17.0000, 4.0000,  -73.0000, 17.0000, 2.0000,  0, 0, 0
L -73.0000, 17.0000, 2.0000,  -73.0000, 10.0000, 1.0000,  0, 0, 0
L -73.0000, 10.0000, 1.0000,  -128.0000, 10.0000, 1.0000,  0, 0, 0
L 61.0000, 135.0000, 1.0000,  61.0000, 180.0000, 16.0000,  0, 0, 0
L 61.0000, 180.0000, 16.0000,  57.0000, 180.0000, 16.0000,  0, 0, 0
L 57.0000, 180.0000, 16.0000,  57.0000, 187.0000, 17.0000,  0, 0, 0
L 57.0000, 187.0000, 17.0000,  61.0000, 187.0000, 19.0000,  0, 0, 0
L 61.0000, 187.0000, 19.0000,  61.0000, 320.0000, 18.0000,  0, 0, 0
L 61.0000, 320.0000, 18.0000,  57.0000, 320.0000, 17.0000,  0, 0, 0
L 57.0000, 320.0000, 17.0000,  57.0000, 327.0000, 16.0000,  0, 0, 0
L 57.0000, 327.0000, 16.0000,  61.0000, 327.0000, 16.0000,  0, 0, 0
L 61.0000, 327.0000, 16.0000,  61.0000, 452.0000, 16.0000,  0, 0, 0
L 61.0000, 452.0000, 16.0000,  39.0000, 452.0000, 22.0000,  0, 0, 0
L 39.0000, 452.0000, 22.0000,  39.0000, 397.0000, 16.0000,  0, 0, 0
L 39.0000, 397.0000, 16.0000,  33.0000, 397.0000, 17.0000,  0, 0, 0
L 33.0000, 397.0000, 17.0000,  33.0000, 421.0000, 16.0000,  0, 0, 0
L 33.0000, 421.0000, 16.0000,  17.0000, 444.0000, 18.0000,  0, 0, 0
L 17.0000, 444.0000, 18.0000,  -13.0000, 444.0000, 16.0000,  0, 0, 0
L -13.0000, 444.0000, 16.0000,  -14.0000, 464.0000, 18.0000,  0, 0, 0
L -14.0000, 464.0000, 18.0000,  -42.0000, 464.0000, 16.0000,  0, 0, 0
L -42.0000, 464.0000, 16.0000,  -42.0000, 471.0000, 16.0000,  0, 0, 0
L -42.0000, 471.0000, 16.0000,  72.0000, 471.0000, 19.0000,  0, 0, 0
L 72.0000, 471.0000, 19.0000,  72.0000, 501.0000, 16.0000,  0, 0, 0
L 72.0000, 501.0000, 16.0000,  48.0000, 524.0000, 16.0000,  0, 0, 0
L 48.0000, 524.0000, 16.0000,  48.0000, 568.0000, 21.0000,  0, 0, 0
L 48.0000, 568.0000, 21.0000,  28.0000, 588.0000, 17.0000,  0, 0, 0
L 28.0000, 588.0000, 17.0000,  0.0000, 588.0000, 20.0000,  0, 0, 0
L 0.0000, 588.0000, 20.0000,  0.0000, 595.0000, 20.0000,  0, 0, 0
L 0.0000, 595.0000, 20.0000,  56.0000, 595.0000, 25.0000,  0, 0, 0
L 56.0000, 595.0000, 25.0000,  76.0000, 614.0000, 20.0000,  0, 0, 0
L 76.0000, 614.0000, 20.0000,  76.0000, 642.0000, 20.0000,  0, 0, 0
L 76.0000, 642.0000, 20.0000,  82.0000, 642.0000, 20.0000,  0, 0, 0
L 82.0000, 642.0000, 20.0000,  82.0000, 587.0000, 25.0000,  0, 0, 0
L 82.0000, 587.0000, 25.0000,  162.0000, 587.0000, 20.0000,  0, 0, 0
L 162.0000, 587.0000, 20.0000,  163.0000, 541.0000, 35.0000,  0, 0, 0
L 163.0000, 541.0000, 35.0000,  166.0000, 541.0000, 35.0000,  0, 0, 0
L 166.0000, 541.0000, 35.0000,  166.0000, 534.0000, 35.0000,  0, 0, 0
L 166.0000, 534.0000, 35.0000,  163.0000, 534.0000, 35.0000,  0, 0, 0
L 163.0000, 534.0000, 35.0000,  162.0000, 503.0000, 35.0000,  0, 0, 0
L 162.0000, 503.0000, 35.0000,  131.0000, 502.0000, 39.0000,  0, 0, 0
L 131.0000, 502.0000, 39.0000,  131.0000, 453.0000, 39.0000,  0, 0, 0
L 131.0000, 453.0000, 39.0000,  151.0000, 433.0000, 35.0000,  0, 0, 0
L 151.0000, 433.0000, 35.0000,  184.0000, 433.0000, 35.0000,  0, 0, 0
L 184.0000, 433.0000, 35.0000,  184.0000, 534.0000, 35.0000,  0, 0, 0
L 184.0000, 534.0000, 35.0000,  181.0000, 534.0000, 35.0000,  0, 0, 0
L 181.0000, 534.0000, 35.0000,  181.0000, 541.0000, 35.0000,  0, 0, 0
L 181.0000, 541.0000, 35.0000,  184.0000, 541.0000, 35.0000,  0, 0, 0
L 184.0000, 541.0000, 35.0000,  184.0000, 553.0000, 35.0000,  0, 0, 0
L 184.0000, 553.0000, 35.0000,  185.0000, 586.0000, 20.0000,  0, 0, 0
L 185.0000, 586.0000, 20.0000,  192.0000, 587.0000, 20.0000,  0, 0, 0
L 192.0000, 587.0000, 20.0000,  192.0000, 594.0000, 20.0000,  0, 0, 0
L 192.0000, 594.0000, 20.0000,  238.0000, 594.0000, 35.0000,  0, 0, 0
L 238.0000, 594.0000, 35.0000,  238.0000, 598.0000, 35.0000,  0, 0, 0
L 238.0000, 598.0000, 35.0000,  245.0000, 598.0000, 35.0000,  0, 0, 0
L 245.0000, 598.0000, 35.0000,  244.0000, 554.0000, 35.0000,  0, 0, 0
L 244.0000, 554.0000, 35.0000,  255.0000, 551.0000, 35.0000,  0, 0, 0
L 255.0000, 551.0000, 35.0000,  264.0000, 550.0000, 35.0000,  0, 0, 0
L 264.0000, 550.0000, 35.0000,  284.0000, 542.0000, 38.0000,  0, 0, 0
L 284.0000, 542.0000, 38.0000,  295.0000, 546.0000, 41.0000,  0, 0, 0
L 295.0000, 546.0000, 41.0000,  304.0000, 546.0000, 36.0000,  0, 0, 0
L 304.0000, 546.0000, 36.0000,  324.0000, 539.0000, 36.0000,  0, 0, 0
L 324.0000, 539.0000, 36.0000,  342.0000, 547.0000, 35.0000,  0, 0, 0
L 342.0000, 547.0000, 35.0000,  343.0000, 549.0000, 35.0000,  0, 0, 0
L 343.0000, 549.0000, 35.0000,  349.0000, 553.0000, 36.0000,  0, 0, 0
L 349.0000, 553.0000, 36.0000,  355.0000, 574.0000, 35.0000,  0, 0, 0
L 355.0000, 574.0000, 35.0000,  356.0000, 580.0000, 37.0000,  0, 0, 0
L 356.0000, 580.0000, 37.0000,  359.0000, 590.0000, 38.0000,  0, 0, 0
L 359.0000, 590.0000, 38.0000,  358.0000, 593.0000, 37.0000,  0, 0, 0
L 358.0000, 593.0000, 37.0000,  357.0000, 595.0000, 35.0000,  0, 0, 0
L 357.0000, 595.0000, 35.0000,  370.0000, 594.0000, 38.0000,  0, 0, 0
L 370.0000, 594.0000, 38.0000,  373.0000, 592.0000, 36.0000,  0, 0, 0
L 373.0000, 592.0000, 36.0000,  383.0000, 590.0000, 40.0000,  0, 0, 0
L 383.0000, 590.0000, 40.0000,  397.0000, 589.0000, 44.0000,  0, 0, 0
L 397.0000, 589.0000, 44.0000,  405.0000, 591.0000, 44.0000,  0, 0, 0
L 405.0000, 591.0000, 44.0000,  428.0000, 587.0000, 45.0000,  0, 0, 0
L 428.0000, 587.0000, 45.0000,  468.0000, 585.0000, 44.0000,  0, 0, 0
L 468.0000, 585.0000, 44.0000,  486.0000, 589.0000, 44.0000,  0, 0, 0
L 486.0000, 589.0000, 44.0000,  505.0000, 589.0000, 44.0000,  0, 0, 0
L 505.0000, 589.0000, 44.0000,  518.0000, 591.0000, 42.0000,  0, 0, 0
L 518.0000, 591.0000, 42.0000,  546.0000, 588.0000, 44.0000,  0, 0, 0
L 546.0000, 588.0000, 44.0000,  582.0000, 583.0000, 44.0000,  0, 0, 0
L 582.0000, 583.0000, 44.0000,  586.0000, 573.0000, 39.0000,  0, 0, 0
L 586.0000, 573.0000, 39.0000,  581.0000, 547.0000, 44.0000,  0, 0, 0
L 581.0000, 547.0000, 44.0000,  577.0000, 514.0000, 44.0000,  0, 0, 0
L 577.0000, 514.0000, 44.0000,  580.0000, 502.0000, 45.0000,  0, 0, 0
L 580.0000, 502.0000, 45.0000,  582.0000, 489.0000, 45.0000,  0, 0, 0
L 582.0000, 489.0000, 45.0000,  581.0000, 468.0000, 45.0000,  0, 0, 0
L 581.0000, 468.0000, 45.0000,  570.0000, 465.0000, 44.0000,  0, 0, 0
L 570.0000, 465.0000, 44.0000,  562.0000, 459.0000, 46.0000,  0, 0, 0
L 562.0000, 459.0000, 46.0000,  552.0000, 451.0000, 52.0000,  0, 0, 0
L 552.0000, 451.0000, 52.0000,  539.0000, 438.0000, 45.0000,  0, 0, 0
L 539.0000, 438.0000, 45.0000,  532.0000, 428.0000, 45.0000,  0, 0, 0
L 532.0000, 428.0000, 45.0000,  529.0000, 422.0000, 44.0000,  0, 0, 0
L 529.0000, 422.0000, 44.0000,  512.0000, 420.0000, 45.0000,  0, 0, 0
L 512.0000, 420.0000, 45.0000,  511.0000, 400.0000, 45.0000,  0, 0, 0
L 511.0000, 400.0000, 45.0000,  503.0000, 400.0000, 45.0000,  0, 0, 0
L 503.0000, 400.0000, 45.0000,  502.0000, 414.0000, 55.0000,  0, 0, 0
L 502.0000, 414.0000, 55.0000,  490.0000, 416.0000, 55.0000,  0, 0, 0
L 490.0000, 416.0000, 55.0000,  482.0000, 414.0000, 55.0000,  0, 0, 0
L 482.0000, 414.0000, 55.0000,  470.0000, 410.0000, 53.0000,  0, 0, 0
L 470.0000, 410.0000, 53.0000,  460.0000, 411.0000, 53.0000,  0, 0, 0
L 460.0000, 411.0000, 53.0000,  460.0000, 401.0000, 47.0000,  0, 0, 0
L 460.0000, 401.0000, 47.0000,  462.0000, 398.0000, 45.0000,  0, 0, 0
L 462.0000, 398.0000, 45.0000,  457.0000, 393.0000, 45.0000,  0, 0, 0
L 457.0000, 393.0000, 45.0000,  454.0000, 396.0000, 47.0000,  0, 0, 0
L 454.0000, 396.0000, 47.0000,  443.0000, 396.0000, 53.0000,  0, 0, 0
L 443.0000, 396.0000, 53.0000,  442.0000, 389.0000, 53.0000,  0, 0, 0
L 442.0000, 389.0000, 53.0000,  448.0000, 367.0000, 49.0000,  0, 0, 0
L 448.0000, 367.0000, 49.0000,  443.0000, 354.0000, 53.0000,  0, 0, 0
L 443.0000, 354.0000, 53.0000,  459.0000, 354.0000, 45.0000,  0, 0, 0
L 459.0000, 354.0000, 45.0000,  459.0000, 347.0000, 45.0000,  0, 0, 0
L 459.0000, 347.0000, 45.0000,  439.0000, 346.0000, 55.0000,  0, 0, 0
L 439.0000, 346.0000, 55.0000,  448.0000, 326.0000, 49.0000,  0, 0, 0
L 448.0000, 326.0000, 49.0000,  439.0000, 304.0000, 55.0000,  0, 0, 0
L 439.0000, 304.0000, 55.0000,  459.0000, 303.0000, 45.0000,  0, 0, 0
L 459.0000, 303.0000, 45.0000,  460.0000, 297.0000, 45.0000,  0, 0, 0
L 460.0000, 297.0000, 45.0000,  440.0000, 296.0000, 55.0000,  0, 0, 0
L 440.0000, 296.0000, 55.0000,  448.0000, 263.0000, 49.0000,  0, 0, 0
L 448.0000, 263.0000, 49.0000,  446.0000, 254.0000, 51.0000,  0, 0, 0
L 446.0000, 254.0000, 51.0000,  454.0000, 254.0000, 45.0000,  0, 0, 0
L 454.0000, 254.0000, 45.0000,  456.0000, 256.0000, 45.0000,  0, 0, 0
L 456.0000, 256.0000, 45.0000,  462.0000, 252.0000, 45.0000,  0, 0, 0
L 462.0000, 252.0000, 45.0000,  460.0000, 248.0000, 47.0000,  0, 0, 0
L 460.0000, 248.0000, 47.0000,  460.0000, 239.0000, 53.0000,  0, 0, 0
L 460.0000, 239.0000, 53.0000,  469.0000, 240.0000, 53.0000,  0, 0, 0
L 469.0000, 240.0000, 53.0000,  488.0000, 235.0000, 57.0000,  0, 0, 0
L 488.0000, 235.0000, 57.0000,  502.0000, 236.0000, 55.0000,  0, 0, 0
L 502.0000, 236.0000, 55.0000,  503.0000, 250.0000, 45.0000,  0, 0, 0
L 503.0000, 250.0000, 45.0000,  511.0000, 251.0000, 45.0000,  0, 0, 0
L 511.0000, 251.0000, 45.0000,  512.0000, 232.0000, 45.0000,  0, 0, 0
L 512.0000, 232.0000, 45.0000,  529.0000, 229.0000, 44.0000,  0, 0, 0
L 529.0000, 229.0000, 44.0000,  540.0000, 213.0000, 40.0000,  0, 0, 0
L 540.0000, 213.0000, 40.0000,  544.0000, 204.0000, 44.0000,  0, 0, 0
L 544.0000, 204.0000, 44.0000,  550.0000, 208.0000, 46.0000,  0, 0, 0
L 550.0000, 208.0000, 46.0000,  553.0000, 213.0000, 45.0000,  0, 0, 0
L 553.0000, 213.0000, 45.0000,  559.0000, 216.0000, 43.0000,  0, 0, 0
L 559.0000, 216.0000, 43.0000,  566.0000, 217.0000, 48.0000,  0, 0, 0
L 566.0000, 217.0000, 48.0000,  571.0000, 218.0000, 44.0000,  0, 0, 0
L 571.0000, 218.0000, 44.0000,  578.0000, 216.0000, 47.0000,  0, 0, 0
L 578.0000, 216.0000, 47.0000,  588.0000, 215.0000, 36.0000,  0, 0, 0
L 588.0000, 215.0000, 36.0000,  593.0000, 207.0000, 37.0000,  0, 0, 0
L 593.0000, 207.0000, 37.0000,  600.0000, 203.0000, 38.0000,  0, 0, 0
L 600.0000, 203.0000, 38.0000,  601.0000, 190.0000, 47.0000,  0, 0, 0
L 601.0000, 190.0000, 47.0000,  603.0000, 191.0000, 44.0000,  0, 0, 0
L 603.0000, 191.0000, 44.0000,  624.0000, 209.0000, 44.0000,  0, 0, 0
L 624.0000, 209.0000, 44.0000,  634.0000, 228.0000, 45.0000,  0, 0, 0
L 634.0000, 228.0000, 45.0000,  663.0000, 237.0000, 40.0000,  0, 0, 0
L 663.0000, 237.0000, 40.0000,  679.0000, 243.0000, 45.0000,  0, 0, 0
L 679.0000, 243.0000, 45.0000,  699.0000, 269.0000, 49.0000,  0, 0, 0
L 699.0000, 269.0000, 49.0000,  697.0000, 292.0000, 44.0000,  0, 0, 0
L 697.0000, 292.0000, 44.0000,  708.0000, 329.0000, 44.0000,  0, 0, 0
L 708.0000, 329.0000, 44.0000,  694.0000, 351.0000, 40.0000,  0, 0, 0
L 694.0000, 351.0000, 40.0000,  688.0000, 353.0000, 38.0000,  0, 0, 0
L 688.0000, 353.0000, 38.0000,  685.0000, 359.0000, 38.0000,  0, 0, 0
L 685.0000, 359.0000, 38.0000,  678.0000, 363.0000, 38.0000,  0, 0, 0
L 678.0000, 363.0000, 38.0000,  675.0000, 374.0000, 47.0000,  0, 0, 0
L 675.0000, 374.0000, 47.0000,  674.0000, 382.0000, 42.0000,  0, 0, 0
L 674.0000, 382.0000, 42.0000,  675.0000, 386.0000, 47.0000,  0, 0, 0
L 675.0000, 386.0000, 47.0000,  677.0000, 399.0000, 38.0000,  0, 0, 0
L 677.0000, 399.0000, 38.0000,  688.0000, 408.0000, 44.0000,  0, 0, 0
L 688.0000, 408.0000, 44.0000,  679.0000, 416.0000, 43.0000,  0, 0, 0
L 679.0000, 416.0000, 43.0000,  675.0000, 436.0000, 44.0000,  0, 0, 0
L 675.0000, 436.0000, 44.0000,  665.0000, 445.0000, 42.0000,  0, 0, 0
L 665.0000, 445.0000, 42.0000,  643.0000, 463.0000, 45.0000,  0, 0, 0
L 643.0000, 463.0000, 45.0000,  630.0000, 468.0000, 45.0000,  0, 0, 0
L 630.0000, 468.0000, 45.0000,  620.0000, 513.0000, 44.0000,  0, 0, 0
L 620.0000, 513.0000, 44.0000,  623.0000, 548.0000, 43.0000,  0, 0, 0
L 623.0000, 548.0000, 43.0000,  625.0000, 600.0000, 44.0000,  0, 0, 0
L 625.0000, 600.0000, 44.0000,  609.0000, 618.0000, 44.0000,  0, 0, 0
L 609.0000, 618.0000, 44.0000,  598.0000, 626.0000, 45.0000,  0, 0, 0
L 598.0000, 626.0000, 45.0000,  581.0000, 626.0000, 43.0000,  0, 0, 0
L 581.0000, 626.0000, 43.0000,  554.0000, 629.0000, 42.0000,  0, 0, 0
L 554.0000, 629.0000, 42.0000,  502.0000, 635.0000, 44.0000,  0, 0, 0
L 502.0000, 635.0000, 44.0000,  453.0000, 628.0000, 45.0000,  0, 0, 0
L 453.0000, 628.0000, 45.0000,  435.0000, 628.0000, 45.0000,  0, 0, 0
L 435.0000, 628.0000, 45.0000,  427.0000, 631.0000, 45.0000,  0, 0, 0
L 427.0000, 631.0000, 45.0000,  420.0000, 631.0000, 45.0000,  0, 0, 0
L 420.0000, 631.0000, 45.0000,  395.0000, 635.0000, 44.0000,  0, 0, 0
L 395.0000, 635.0000, 44.0000,  372.0000, 627.0000, 44.0000,  0, 0, 0
L 372.0000, 627.0000, 44.0000,  372.0000, 617.0000, 36.0000,  0, 0, 0
L 372.0000, 617.0000, 36.0000,  357.0000, 617.0000, 37.0000,  0, 0, 0
L 357.0000, 617.0000, 37.0000,  358.0000, 621.0000, 37.0000,  0, 0, 0
L 358.0000, 621.0000, 37.0000,  358.0000, 644.0000, 48.0000,  0, 0, 0
L 358.0000, 644.0000, 48.0000,  350.0000, 656.0000, 39.0000,  0, 0, 0
L 350.0000, 656.0000, 39.0000,  318.0000, 671.0000, 40.0000,  0, 0, 0
L 318.0000, 671.0000, 40.0000,  304.0000, 665.0000, 40.0000,  0, 0, 0
L 304.0000, 665.0000, 40.0000,  280.0000, 668.0000, 39.0000,  0, 0, 0
L 280.0000, 668.0000, 39.0000,  261.0000, 660.0000, 38.0000,  0, 0, 0
L 261.0000, 660.0000, 38.0000,  244.0000, 656.0000, 35.0000,  0, 0, 0
L 244.0000, 656.0000, 35.0000,  245.0000, 612.0000, 35.0000,  0, 0, 0
L 245.0000, 612.0000, 35.0000,  238.0000, 612.0000, 35.0000,  0, 0, 0
L 238.0000, 612.0000, 35.0000,  238.0000, 616.0000, 35.0000,  0, 0, 0
L 245.0000, 616.0000, 35.0000,  251.0000, 616.0000, 35.0000,  0, 0, 0
L 251.0000, 616.0000, 35.0000,  258.0000, 628.0000, 35.0000,  0, 0, 0
L 258.0000, 628.0000, 35.0000,  264.0000, 636.0000, 35.0000,  0, 0, 0
L 264.0000, 636.0000, 35.0000,  272.0000, 643.0000, 35.0000,  0, 0, 0
L 272.0000, 643.0000, 35.0000,  279.0000, 647.0000, 35.0000,  0, 0, 0
L 279.0000, 647.0000, 35.0000,  288.0000, 650.0000, 35.0000,  0, 0, 0
L 288.0000, 650.0000, 35.0000,  297.0000, 652.0000, 35.0000,  0, 0, 0
L 297.0000, 652.0000, 35.0000,  304.0000, 651.0000, 35.0000,  0, 0, 0
L 304.0000, 651.0000, 35.0000,  313.0000, 649.0000, 35.0000,  0, 0, 0
L 313.0000, 649.0000, 35.0000,  324.0000, 645.0000, 35.0000,  0, 0, 0
L 324.0000, 645.0000, 35.0000,  331.0000, 639.0000, 35.0000,  0, 0, 0
L 331.0000, 639.0000, 35.0000,  336.0000, 633.0000, 35.0000,  0, 0, 0
L 336.0000, 633.0000, 35.0000,  346.0000, 616.0000, 35.0000,  0, 0, 0
L 346.0000, 616.0000, 35.0000,  357.0000, 616.0000, 35.0000,  0, 0, 0
L 358.0000, 622.0000, 35.0000,  349.0000, 622.0000, 35.0000,  0, 0, 0
L 349.0000, 622.0000, 35.0000,  338.0000, 639.0000, 35.0000,  0, 0, 0
L 338.0000, 639.0000, 35.0000,  331.0000, 646.0000, 35.0000,  0, 0, 0
L 331.0000, 646.0000, 35.0000,  326.0000, 649.0000, 35.0000,  0, 0, 0
L 326.0000, 649.0000, 35.0000,  313.0000, 654.0000, 35.0000,  0, 0, 0
L 313.0000, 654.0000, 35.0000,  301.0000, 656.0000, 35.0000,  0, 0, 0
L 301.0000, 656.0000, 35.0000,  290.0000, 655.0000, 35.0000,  0, 0, 0
L 290.0000, 655.0000, 35.0000,  282.0000, 654.0000, 35.0000,  0, 0, 0
L 282.0000, 654.0000, 35.0000,  272.0000, 649.0000, 35.0000,  0, 0, 0
L 272.0000, 649.0000, 35.0000,  267.0000, 645.0000, 35.0000,  0, 0, 0
L 267.0000, 645.0000, 35.0000,  257.0000, 635.0000, 35.0000,  0, 0, 0
L 257.0000, 635.0000, 35.0000,  249.0000, 622.0000, 35.0000,  0, 0, 0
L 249.0000, 622.0000, 35.0000,  244.0000, 622.0000, 35.0000,  0, 0, 0
L 245.0000, 594.0000, 35.0000,  251.0000, 594.0000, 35.0000,  0, 0, 0
L 251.0000, 594.0000, 35.0000,  259.0000, 581.0000, 35.0000,  0, 0, 0
L 259.0000, 581.0000, 35.0000,  266.0000, 572.0000, 35.0000,  0, 0, 0
L 266.0000, 572.0000, 35.0000,  272.0000, 567.0000, 35.0000,  0, 0, 0
L 272.0000, 567.0000, 35.0000,  278.0000, 563.0000, 35.0000,  0, 0, 0
L 278.0000, 563.0000, 35.0000,  287.0000, 560.0000, 35.0000,  0, 0, 0
L 287.0000, 560.0000, 35.0000,  298.0000, 558.0000, 35.0000,  0, 0, 0
L 298.0000, 558.0000, 35.0000,  307.0000, 559.0000, 35.0000,  0, 0, 0
L 307.0000, 559.0000, 35.0000,  316.0000, 561.0000, 35.0000,  0, 0, 0
L 316.0000, 561.0000, 35.0000,  324.0000, 565.0000, 35.0000,  0, 0, 0
L 324.0000, 565.0000, 35.0000,  331.0000, 571.0000, 35.0000,  0, 0, 0
L 331.0000, 571.0000, 35.0000,  337.0000, 578.0000, 35.0000,  0, 0, 0
L 337.0000, 578.0000, 35.0000,  346.0000, 594.0000, 35.0000,  0, 0, 0
L 346.0000, 594.0000, 35.0000,  357.0000, 594.0000, 35.0000,  0, 0, 0
L 357.0000, 588.0000, 35.0000,  349.0000, 588.0000, 35.0000,  0, 0, 0
L 349.0000, 588.0000, 35.0000,  343.0000, 578.0000, 35.0000,  0, 0, 0
L 343.0000, 578.0000, 35.0000,  337.0000, 570.0000, 35.0000,  0, 0, 0
L 337.0000, 570.0000, 35.0000,  330.0000, 564.0000, 35.0000,  0, 0, 0
L 330.0000, 564.0000, 35.0000,  322.0000, 559.0000, 35.0000,  0, 0, 0
L 322.0000, 559.0000, 35.0000,  312.0000, 555.0000, 35.0000,  0, 0, 0
L 312.0000, 555.0000, 35.0000,  301.0000, 554.0000, 35.0000,  0, 0, 0
L 301.0000, 554.0000, 35.0000,  290.0000, 555.0000, 35.0000,  0, 0, 0
L 290.0000, 555.0000, 35.0000,  279.0000, 557.0000, 35.0000,  0, 0, 0
L 279.0000, 557.0000, 35.0000,  272.0000, 561.0000, 35.0000,  0, 0, 0
L 272.0000, 561.0000, 35.0000,  265.0000, 566.0000, 35.0000,  0, 0, 0
L 265.0000, 566.0000, 35.0000,  257.0000, 575.0000, 35.0000,  0, 0, 0
L 257.0000, 575.0000, 35.0000,  249.0000, 588.0000, 35.0000,  0, 0, 0
L 249.0000, 588.0000, 35.0000,  244.0000, 588.0000, 35.0000,  0, 0, 0
L 238.0000, 616.0000, 35.0000,  224.0000, 616.0000, 35.0000,  0, 0, 0
L 224.0000, 616.0000, 35.0000,  192.0000, 616.0000, 20.0000,  0, 0, 0
L 192.0000, 616.0000, 20.0000,  192.0000, 704.0000, 20.0000,  0, 0, 0
L 192.0000, 704.0000, 20.0000,  82.0000, 704.0000, 20.0000,  0, 0, 0
L 82.0000, 704.0000, 20.0000,  82.0000, 657.0000, 20.0000,  0, 0, 0
L 82.0000, 657.0000, 20.0000,  76.0000, 657.0000, 21.0000,  0, 0, 0
L 76.0000, 657.0000, 21.0000,  76.0000, 681.0000, 20.0000,  0, 0, 0
L 76.0000, 681.0000, 20.0000,  60.0000, 704.0000, 22.0000,  0, 0, 0
L 60.0000, 704.0000, 22.0000,  29.0000, 704.0000, 20.0000,  0, 0, 0
L 29.0000, 704.0000, 20.0000,  28.0000, 724.0000, 22.0000,  0, 0, 0
L 28.0000, 724.0000, 22.0000,  -41.0000, 724.0000, 25.0000,  0, 0, 0
L -41.0000, 724.0000, 25.0000,  -41.0000, 657.0000, 24.0000,  0, 0, 0
L -41.0000, 657.0000, 24.0000,  -47.0000, 657.0000, 24.0000,  0, 0, 0
L -47.0000, 657.0000, 24.0000,  -47.0000, 660.0000, 24.0000,  0, 0, 0
L -47.0000, 660.0000, 24.0000,  -103.0000, 661.0000, 24.0000,  0, 0, 0
L -103.0000, 661.0000, 24.0000,  -103.0000, 708.0000, 24.0000,  0, 0, 0
L -103.0000, 708.0000, 24.0000,  -107.0000, 708.0000, 24.0000,  0, 0, 0
L -107.0000, 708.0000, 24.0000,  -107.0000, 715.0000, 24.0000,  0, 0, 0
L -107.0000, 715.0000, 24.0000,  -95.0000, 715.0000, 24.0000,  0, 0, 0
L -95.0000, 715.0000, 24.0000,  -95.0000, 730.0000, 24.0000,  0, 0, 0
L -95.0000, 730.0000, 24.0000,  -79.0000, 746.0000, 24.0000,  0, 0, 0
L -79.0000, 746.0000, 24.0000,  -63.0000, 747.0000, 27.0000,  0, 0, 0
L -63.0000, 747.0000, 27.0000,  -63.0000, 784.0000, 24.0000,  0, 0, 0
L -63.0000, 784.0000, 24.0000,  -95.0000, 785.0000, 24.0000,  0, 0, 0
L -95.0000, 785.0000, 24.0000,  -95.0000, 816.0000, 25.0000,  0, 0, 0
L -95.0000, 816.0000, 25.0000,  -107.0000, 816.0000, 24.0000,  0, 0, 0
L -107.0000, 816.0000, 24.0000,  -107.0000, 823.0000, 24.0000,  0, 0, 0
L -107.0000, 823.0000, 24.0000,  -95.0000, 823.0000, 24.0000,  0, 0, 0
L -95.0000, 823.0000, 24.0000,  -75.0000, 843.0000, 26.0000,  0, 0, 0
L -75.0000, 843.0000, 26.0000,  -75.0000, 940.0000, 24.0000,  0, 0, 0
L -75.0000, 940.0000, 24.0000,  -80.0000, 940.0000, 24.0000,  0, 0, 0
L -80.0000, 940.0000, 24.0000,  -80.0000, 947.0000, 24.0000,  0, 0, 0
L -80.0000, 947.0000, 24.0000,  3.0000, 947.0000, 32.0000,  0, 0, 0
L 3.0000, 947.0000, 32.0000,  3.0000, 1128.0000, 31.0000,  0, 0, 0
L 3.0000, 1128.0000, 31.0000,  -178.0000, 1128.0000, 33.0000,  0, 0, 0
L -178.0000, 1128.0000, 33.0000,  -178.0000, 947.0000, 29.0000,  0, 0, 0
L -178.0000, 947.0000, 29.0000,  -94.0000, 947.0000, 25.0000,  0, 0, 0
L -94.0000, 947.0000, 25.0000,  -94.0000, 940.0000, 24.0000,  0, 0, 0
L -94.0000, 940.0000, 24.0000,  -97.0000, 940.0000, 24.0000,  0, 0, 0
L -97.0000, 940.0000, 24.0000,  -97.0000, 909.0000, 24.0000,  0, 0, 0
L -97.0000, 909.0000, 24.0000,  -131.0000, 909.0000, 24.0000,  0, 0, 0
L -131.0000, 909.0000, 24.0000,  -131.0000, 940.0000, 32.0000,  0, 0, 0
L -131.0000, 940.0000, 32.0000,  -153.0000, 940.0000, 24.0000,  0, 0, 0
L -153.0000, 940.0000, 24.0000,  -153.0000, 843.0000, 24.0000,  0, 0, 0
L -153.0000, 843.0000, 24.0000,  -133.0000, 823.0000, 27.0000,  0, 0, 0
L -133.0000, 823.0000, 27.0000,  -121.0000, 823.0000, 24.0000,  0, 0, 0
L -121.0000, 823.0000, 24.0000,  -121.0000, 816.0000, 24.0000,  0, 0, 0
L -121.0000, 816.0000, 24.0000,  -133.0000, 816.0000, 24.0000,  0, 0, 0
L -133.0000, 816.0000, 24.0000,  -133.0000, 801.0000, 24.0000,  0, 0, 0
L -133.0000, 801.0000, 24.0000,  -150.0000, 784.0000, 24.0000,  0, 0, 0
L -150.0000, 784.0000, 24.0000,  -165.0000, 784.0000, 24.0000,  0, 0, 0
L -165.0000, 784.0000, 24.0000,  -165.0000, 773.0000, 24.0000,  0, 0, 0
L -165.0000, 773.0000, 24.0000,  -171.0000, 773.0000, 24.0000,  0, 0, 0
L -171.0000, 773.0000, 24.0000,  -171.0000, 782.0000, 24.0000,  0, 0, 0
L -171.0000, 782.0000, 24.0000,  -206.0000, 782.0000, 24.0000,  0, 0, 0
L -206.0000, 782.0000, 24.0000,  -207.0000, 795.0000, 28.0000,  0, 0, 0
L -207.0000, 795.0000, 28.0000,  -218.0000, 806.0000, 24.0000,  0, 0, 0
L -218.0000, 806.0000, 24.0000,  -230.0000, 806.0000, 24.0000,  0, 0, 0
L -230.0000, 806.0000, 24.0000,  -241.0000, 795.0000, 24.0000,  0, 0, 0
L -241.0000, 795.0000, 24.0000,  -241.0000, 783.0000, 24.0000,  0, 0, 0
L -241.0000, 783.0000, 24.0000,  -261.0000, 783.0000, 24.0000,  0, 0, 0
L -261.0000, 783.0000, 24.0000,  -261.0000, 795.0000, 28.0000,  0, 0, 0
L -261.0000, 795.0000, 28.0000,  -272.0000, 806.0000, 24.0000,  0, 0, 0
L -272.0000, 806.0000, 24.0000,  -284.0000, 806.0000, 24.0000,  0, 0, 0
L -284.0000, 806.0000, 24.0000,  -295.0000, 795.0000, 24.0000,  0, 0, 0
L -295.0000, 795.0000, 24.0000,  -295.0000, 783.0000, 24.0000,  0, 0, 0
L -295.0000, 783.0000, 24.0000,  -315.0000, 783.0000, 24.0000,  0, 0, 0
L -315.0000, 783.0000, 24.0000,  -315.0000, 795.0000, 28.0000,  0, 0, 0
L -315.0000, 795.0000, 28.0000,  -326.0000, 806.0000, 24.0000,  0, 0, 0
L -326.0000, 806.0000, 24.0000,  -338.0000, 806.0000, 24.0000,  0, 0, 0
L -338.0000, 806.0000, 24.0000,  -349.0000, 795.0000, 24.0000,  0, 0, 0
L -349.0000, 795.0000, 24.0000,  -349.0000, 783.0000, 24.0000,  0, 0, 0
L -349.0000, 783.0000, 24.0000,  -355.0000, 782.0000, 24.0000,  0, 0, 0
L -355.0000, 782.0000, 24.0000,  -355.0000, 773.0000, 24.0000,  0, 0, 0
L -355.0000, 773.0000, 24.0000,  -362.0000, 772.0000, 24.0000,  0, 0, 0
L -362.0000, 772.0000, 24.0000,  -361.0000, 817.0000, 24.0000,  0, 0, 0
L -361.0000, 817.0000, 24.0000,  -377.0000, 820.0000, 24.0000,  0, 0, 0
L -377.0000, 820.0000, 24.0000,  -379.0000, 820.0000, 24.0000,  0, 0, 0
L -379.0000, 820.0000, 24.0000,  -401.0000, 829.0000, 28.0000,  0, 0, 0
L -401.0000, 829.0000, 28.0000,  -411.0000, 825.0000, 29.0000,  0, 0, 0
L -411.0000, 825.0000, 29.0000,  -438.0000, 832.0000, 28.0000,  0, 0, 0
L -438.0000, 832.0000, 28.0000,  -456.0000, 825.0000, 24.0000,  0, 0, 0
L -456.0000, 825.0000, 24.0000,  -459.0000, 824.0000, 24.0000,  0, 0, 0
L -459.0000, 824.0000, 24.0000,  -461.0000, 821.0000, 24.0000,  0, 0, 0
L -461.0000, 821.0000, 24.0000,  -466.0000, 817.0000, 25.0000,  0, 0, 0
L -466.0000, 817.0000, 25.0000,  -473.0000, 797.0000, 28.0000,  0, 0, 0
L -473.0000, 797.0000, 28.0000,  -474.0000, 788.0000, 28.0000,  0, 0, 0
L -474.0000, 788.0000, 28.0000,  -475.0000, 777.0000, 26.0000,  0, 0, 0
L -475.0000, 777.0000, 26.0000,  -471.0000, 762.0000, 24.0000,  0, 0, 0
L -471.0000, 762.0000, 24.0000,  -476.0000, 748.0000, 26.0000,  0, 0, 0
L -476.0000, 748.0000, 26.0000,  -474.0000, 740.0000, 29.0000,  0, 0, 0
L -474.0000, 740.0000, 29.0000,  -474.0000, 727.0000, 33.0000,  0, 0, 0
L -474.0000, 727.0000, 33.0000,  -464.0000, 712.0000, 24.0000,  0, 0, 0
L -464.0000, 712.0000, 24.0000,  -459.0000, 707.0000, 24.0000,  0, 0, 0
L -459.0000, 707.0000, 24.0000,  -452.0000, 702.0000, 29.0000,  0, 0, 0
L -452.0000, 702.0000, 29.0000,  -439.0000, 696.0000, 37.0000,  0, 0, 0
L -439.0000, 696.0000, 37.0000,  -426.0000, 700.0000, 39.0000,  0, 0, 0
L -426.0000, 700.0000, 39.0000,  -420.0000, 704.0000, 34.0000,  0, 0, 0
L -420.0000, 704.0000, 34.0000,  -412.0000, 706.0000, 32.0000,  0, 0, 0
L -412.0000, 706.0000, 32.0000,  -399.0000, 702.0000, 28.0000,  0, 0, 0
L -399.0000, 702.0000, 28.0000,  -381.0000, 710.0000, 27.0000,  0, 0, 0
L -381.0000, 710.0000, 27.0000,  -369.0000, 712.0000, 24.0000,  0, 0, 0
L -369.0000, 712.0000, 24.0000,  -361.0000, 714.0000, 24.0000,  0, 0, 0
L -361.0000, 714.0000, 24.0000,  -362.0000, 759.0000, 24.0000,  0, 0, 0
L -362.0000, 759.0000, 24.0000,  -355.0000, 758.0000, 24.0000,  0, 0, 0
L -355.0000, 758.0000, 24.0000,  -355.0000, 749.0000, 28.0000,  0, 0, 0
L -355.0000, 749.0000, 28.0000,  -349.0000, 748.0000, 25.0000,  0, 0, 0
L -349.0000, 748.0000, 25.0000,  -349.0000, 736.0000, 28.0000,  0, 0, 0
L -349.0000, 736.0000, 28.0000,  -338.0000, 725.0000, 24.0000,  0, 0, 0
L -338.0000, 725.0000, 24.0000,  -326.0000, 725.0000, 24.0000,  0, 0, 0
L -326.0000, 725.0000, 24.0000,  -315.0000, 736.0000, 24.0000,  0, 0, 0
L -315.0000, 736.0000, 24.0000,  -315.0000, 748.0000, 24.0000,  0, 0, 0
L -315.0000, 748.0000, 24.0000,  -295.0000, 748.0000, 24.0000,  0, 0, 0
L -295.0000, 748.0000, 24.0000,  -295.0000, 736.0000, 28.0000,  0, 0, 0
L -295.0000, 736.0000, 28.0000,  -284.0000, 725.0000, 24.0000,  0, 0, 0
L -284.0000, 725.0000, 24.0000,  -272.0000, 725.0000, 24.0000,  0, 0, 0
L -272.0000, 725.0000, 24.0000,  -261.0000, 736.0000, 24.0000,  0, 0, 0
L -261.0000, 736.0000, 24.0000,  -261.0000, 748.0000, 24.0000,  0, 0, 0
L -261.0000, 748.0000, 24.0000,  -241.0000, 748.0000, 24.0000,  0, 0, 0
L -241.0000, 748.0000, 24.0000,  -241.0000, 736.0000, 28.0000,  0, 0, 0
L -241.0000, 736.0000, 28.0000,  -230.0000, 725.0000, 24.0000,  0, 0, 0
L -230.0000, 725.0000, 24.0000,  -218.0000, 725.0000, 24.0000,  0, 0, 0
L -218.0000, 725.0000, 24.0000,  -207.0000, 736.0000, 24.0000,  0, 0, 0
L -207.0000, 736.0000, 24.0000,  -207.0000, 749.0000, 26.0000,  0, 0, 0
L -207.0000, 749.0000, 26.0000,  -171.0000, 749.0000, 24.0000,  0, 0, 0
L -171.0000, 749.0000, 24.0000,  -171.0000, 758.0000, 24.0000,  0, 0, 0
L -171.0000, 758.0000, 24.0000,  -165.0000, 758.0000, 24.0000,  0, 0, 0
L -165.0000, 758.0000, 24.0000,  -165.0000, 747.0000, 24.0000,  0, 0, 0
L -165.0000, 747.0000, 24.0000,  -133.0000, 746.0000, 24.0000,  0, 0, 0
L -133.0000, 746.0000, 24.0000,  -133.0000, 715.0000, 24.0000,  0, 0, 0
L -133.0000, 715.0000, 24.0000,  -121.0000, 715.0000, 24.0000,  0, 0, 0
L -121.0000, 715.0000, 24.0000,  -121.0000, 708.0000, 25.0000,  0, 0, 0
L -121.0000, 708.0000, 25.0000,  -125.0000, 708.0000, 26.0000,  0, 0, 0
L -125.0000, 708.0000, 26.0000,  -125.0000, 661.0000, 25.0000,  0, 0, 0
L -125.0000, 661.0000, 25.0000,  -181.0000, 660.0000, 24.0000,  0, 0, 0
L -181.0000, 660.0000, 24.0000,  -181.0000, 639.0000, 31.0000,  0, 0, 0
L -181.0000, 639.0000, 31.0000,  -47.0000, 639.0000, 25.0000,  0, 0, 0
L -47.0000, 639.0000, 25.0000,  -47.0000, 642.0000, 24.0000,  0, 0, 0
L -47.0000, 642.0000, 24.0000,  -41.0000, 642.0000, 24.0000,  0, 0, 0
L -41.0000, 642.0000, 24.0000,  -41.0000, 595.0000, 24.0000,  0, 0, 0
L -41.0000, 595.0000, 24.0000,  -13.0000, 595.0000, 20.0000,  0, 0, 0
L -13.0000, 595.0000, 20.0000,  -13.0000, 588.0000, 20.0000,  0, 0, 0
L -13.0000, 588.0000, 20.0000,  -41.0000, 588.0000, 17.0000,  0, 0, 0
L -41.0000, 588.0000, 17.0000,  -61.0000, 568.0000, 16.0000,  0, 0, 0
L -61.0000, 568.0000, 16.0000,  -61.0000, 525.0000, 16.0000,  0, 0, 0
L -61.0000, 525.0000, 16.0000,  -85.0000, 501.0000, 21.0000,  0, 0, 0
L -85.0000, 501.0000, 21.0000,  -85.0000, 471.0000, 16.0000,  0, 0, 0
L -85.0000, 471.0000, 16.0000,  -56.0000, 471.0000, 16.0000,  0, 0, 0
L -56.0000, 471.0000, 16.0000,  -56.0000, 464.0000, 16.0000,  0, 0, 0
L -56.0000, 464.0000, 16.0000,  -84.0000, 464.0000, 19.0000,  0, 0, 0
L -84.0000, 464.0000, 19.0000,  -84.0000, 335.0000, 20.0000,  0, 0, 0
L -84.0000, 335.0000, 20.0000,  -22.0000, 335.0000, 16.0000,  0, 0, 0
L -22.0000, 335.0000, 16.0000,  13.0000, 335.0000, 21.0000,  0, 0, 0
L 13.0000, 335.0000, 21.0000,  33.0000, 354.0000, 16.0000,  0, 0, 0
L 33.0000, 354.0000, 16.0000,  33.0000, 382.0000, 16.0000,  0, 0, 0
L 33.0000, 382.0000, 16.0000,  39.0000, 382.0000, 16.0000,  0, 0, 0
L 39.0000, 382.0000, 16.0000,  39.0000, 327.0000, 19.0000,  0, 0, 0
L 39.0000, 327.0000, 19.0000,  43.0000, 327.0000, 18.0000,  0, 0, 0
L 43.0000, 327.0000, 18.0000,  43.0000, 320.0000, 16.0000,  0, 0, 0
L 43.0000, 320.0000, 16.0000,  39.0000, 320.0000, 16.0000,  0, 0, 0
L 39.0000, 320.0000, 16.0000,  39.0000, 265.0000, 16.0000,  0, 0, 0
L 39.0000, 265.0000, 16.0000,  -8.0000, 264.0000, 16.0000,  0, 0, 0
L -8.0000, 264.0000, 16.0000,  -8.0000, 261.0000, 16.0000,  0, 0, 0
L -8.0000, 261.0000, 16.0000,  -14.0000, 261.0000, 17.0000,  0, 0, 0
L -14.0000, 261.0000, 17.0000,  -14.0000, 285.0000, 16.0000,  0, 0, 0
L -14.0000, 285.0000, 16.0000,  -30.0000, 308.0000, 18.0000,  0, 0, 0
L -30.0000, 308.0000, 18.0000,  -61.0000, 308.0000, 16.0000,  0, 0, 0
L -61.0000, 308.0000, 16.0000,  -62.0000, 328.0000, 18.0000,  0, 0, 0
L -62.0000, 328.0000, 18.0000,  -132.0000, 328.0000, 21.0000,  0, 0, 0
L -132.0000, 328.0000, 21.0000,  -132.0000, 261.0000, 20.0000,  0, 0, 0
L -132.0000, 261.0000, 20.0000,  -138.0000, 261.0000, 20.0000,  0, 0, 0
L -138.0000, 261.0000, 20.0000,  -138.0000, 272.0000, 20.0000,  0, 0, 0
L -138.0000, 272.0000, 20.0000,  -153.0000, 272.0000, 20.0000,  0, 0, 0
L -153.0000, 272.0000, 20.0000,  -170.0000, 288.0000, 20.0000,  0, 0, 0
L -170.0000, 288.0000, 20.0000,  -170.0000, 304.0000, 20.0000,  0, 0, 0
L -170.0000, 304.0000, 20.0000,  -208.0000, 304.0000, 20.0000,  0, 0, 0
L -208.0000, 304.0000, 20.0000,  -240.0000, 273.0000, 22.0000,  0, 0, 0
L -240.0000, 273.0000, 22.0000,  -240.0000, 261.0000, 20.0000,  0, 0, 0
L -240.0000, 261.0000, 20.0000,  -246.0000, 261.0000, 20.0000,  0, 0, 0
L -246.0000, 261.0000, 20.0000,  -246.0000, 316.0000, 25.0000,  0, 0, 0
L -246.0000, 316.0000, 25.0000,  -265.0000, 336.0000, 20.0000,  0, 0, 0
L -265.0000, 336.0000, 20.0000,  -294.0000, 336.0000, 20.0000,  0, 0, 0
L -294.0000, 336.0000, 20.0000,  -294.0000, 343.0000, 20.0000,  0, 0, 0
L -294.0000, 343.0000, 20.0000,  -284.0000, 343.0000, 24.0000,  0, 0, 0
L -284.0000, 343.0000, 24.0000,  -284.0000, 348.0000, 21.0000,  0, 0, 0
L -284.0000, 348.0000, 21.0000,  -271.0000, 349.0000, 24.0000,  0, 0, 0
L -271.0000, 349.0000, 24.0000,  -260.0000, 360.0000, 20.0000,  0, 0, 0
L -260.0000, 360.0000, 20.0000,  -260.0000, 371.0000, 20.0000,  0, 0, 0
L -260.0000, 371.0000, 20.0000,  -271.0000, 382.0000, 20.0000,  0, 0, 0
L -271.0000, 382.0000, 20.0000,  -284.0000, 383.0000, 20.0000,  0, 0, 0
L -284.0000, 383.0000, 20.0000,  -284.0000, 402.0000, 20.0000,  0, 0, 0
L -284.0000, 402.0000, 20.0000,  -271.0000, 403.0000, 24.0000,  0, 0, 0
L -271.0000, 403.0000, 24.0000,  -260.0000, 414.0000, 20.0000,  0, 0, 0
L -260.0000, 414.0000, 20.0000,  -260.0000, 425.0000, 20.0000,  0, 0, 0
L -260.0000, 425.0000, 20.0000,  -271.0000, 436.0000, 20.0000,  0, 0, 0
L -271.0000, 436.0000, 20.0000,  -284.0000, 437.0000, 20.0000,  0, 0, 0
L -284.0000, 437.0000, 20.0000,  -284.0000, 456.0000, 20.0000,  0, 0, 0
L -284.0000, 456.0000, 20.0000,  -271.0000, 457.0000, 24.0000,  0, 0, 0
L -271.0000, 457.0000, 24.0000,  -260.0000, 468.0000, 20.0000,  0, 0, 0
L -260.0000, 468.0000, 20.0000,  -260.0000, 479.0000, 20.0000,  0, 0, 0
L -260.0000, 479.0000, 20.0000,  -271.0000, 490.0000, 20.0000,  0, 0, 0
L -271.0000, 490.0000, 20.0000,  -284.0000, 491.0000, 22.0000,  0, 0, 0
L -284.0000, 491.0000, 22.0000,  -284.0000, 526.0000, 20.0000,  0, 0, 0
L -284.0000, 526.0000, 20.0000,  -318.0000, 526.0000, 20.0000,  0, 0, 0
L -318.0000, 526.0000, 20.0000,  -318.0000, 491.0000, 20.0000,  0, 0, 0
L -318.0000, 491.0000, 20.0000,  -331.0000, 490.0000, 24.0000,  0, 0, 0
L -331.0000, 490.0000, 24.0000,  -342.0000, 479.0000, 20.0000,  0, 0, 0
L -342.0000, 479.0000, 20.0000,  -342.0000, 468.0000, 20.0000,  0, 0, 0
L -342.0000, 468.0000, 20.0000,  -331.0000, 457.0000, 20.0000,  0, 0, 0
L -331.0000, 457.0000, 20.0000,  -318.0000, 456.0000, 20.0000,  0, 0, 0
L -318.0000, 456.0000, 20.0000,  -318.0000, 437.0000, 20.0000,  0, 0, 0
L -318.0000, 437.0000, 20.0000,  -331.0000, 436.0000, 24.0000,  0, 0, 0
L -331.0000, 436.0000, 24.0000,  -342.0000, 425.0000, 20.0000,  0, 0, 0
L -342.0000, 425.0000, 20.0000,  -342.0000, 414.0000, 20.0000,  0, 0, 0
L -342.0000, 414.0000, 20.0000,  -331.0000, 403.0000, 20.0000,  0, 0, 0
L -331.0000, 403.0000, 20.0000,  -318.0000, 402.0000, 20.0000,  0, 0, 0
L -318.0000, 402.0000, 20.0000,  -318.0000, 383.0000, 20.0000,  0, 0, 0
L -318.0000, 383.0000, 20.0000,  -331.0000, 382.0000, 24.0000,  0, 0, 0
L -331.0000, 382.0000, 24.0000,  -342.0000, 371.0000, 20.0000,  0, 0, 0
L -342.0000, 371.0000, 20.0000,  -342.0000, 360.0000, 20.0000,  0, 0, 0
L -342.0000, 360.0000, 20.0000,  -331.0000, 349.0000, 20.0000,  0, 0, 0
L -331.0000, 349.0000, 20.0000,  -318.0000, 348.0000, 20.0000,  0, 0, 0
L -318.0000, 348.0000, 20.0000,  -318.0000, 343.0000, 20.0000,  0, 0, 0
L -318.0000, 343.0000, 20.0000,  -308.0000, 343.0000, 20.0000,  0, 0, 0
L -308.0000, 343.0000, 20.0000,  -308.0000, 336.0000, 21.0000,  0, 0, 0
L -308.0000, 336.0000, 21.0000,  -333.0000, 336.0000, 20.0000,  0, 0, 0
L -333.0000, 336.0000, 20.0000,  -356.0000, 321.0000, 22.0000,  0, 0, 0
L -356.0000, 321.0000, 22.0000,  -356.0000, 289.0000, 20.0000,  0, 0, 0
L -356.0000, 289.0000, 20.0000,  -376.0000, 288.0000, 22.0000,  0, 0, 0
L -376.0000, 288.0000, 22.0000,  -376.0000, 219.0000, 25.0000,  0, 0, 0
L -376.0000, 219.0000, 25.0000,  -246.0000, 219.0000, 24.0000,  0, 0, 0
L -246.0000, 219.0000, 24.0000,  -246.0000, 246.0000, 20.0000,  0, 0, 0
L -246.0000, 246.0000, 20.0000,  -240.0000, 246.0000, 20.0000,  0, 0, 0
L -240.0000, 246.0000, 20.0000,  -240.0000, 235.0000, 20.0000,  0, 0, 0
L -240.0000, 235.0000, 20.0000,  -208.0000, 234.0000, 20.0000,  0, 0, 0
L -208.0000, 234.0000, 20.0000,  -208.0000, 203.0000, 22.0000,  0, 0, 0
L -208.0000, 203.0000, 22.0000,  -170.0000, 203.0000, 20.0000,  0, 0, 0
L -170.0000, 203.0000, 20.0000,  -170.0000, 218.0000, 20.0000,  0, 0, 0
L -170.0000, 218.0000, 20.0000,  -154.0000, 234.0000, 20.0000,  0, 0, 0
L -154.0000, 234.0000, 20.0000,  -138.0000, 235.0000, 20.0000,  0, 0, 0
L -138.0000, 235.0000, 20.0000,  -138.0000, 246.0000, 20.0000,  0, 0, 0
L -138.0000, 246.0000, 20.0000,  -132.0000, 246.0000, 20.0000,  0, 0, 0
L -132.0000, 246.0000, 20.0000,  -132.0000, 199.0000, 21.0000,  0, 0, 0
L -132.0000, 199.0000, 21.0000,  -34.0000, 199.0000, 21.0000,  0, 0, 0
L -34.0000, 199.0000, 21.0000,  -14.0000, 218.0000, 16.0000,  0, 0, 0
L -14.0000, 218.0000, 16.0000,  -14.0000, 246.0000, 16.0000,  0, 0, 0
L -14.0000, 246.0000, 16.0000,  -8.0000, 246.0000, 16.0000,  0, 0, 0
L -8.0000, 246.0000, 16.0000,  -8.0000, 243.0000, 16.0000,  0, 0, 0
L -8.0000, 243.0000, 16.0000,  38.0000, 243.0000, 17.0000,  0, 0, 0
L 38.0000, 243.0000, 17.0000,  39.0000, 187.0000, 16.0000,  0, 0, 0
L 39.0000, 187.0000, 16.0000,  43.0000, 187.0000, 16.0000,  0, 0, 0
L 43.0000, 187.0000, 16.0000,  43.0000, 180.0000, 16.0000,  0, 0, 0
L 43.0000, 180.0000, 16.0000,  39.0000, 180.0000, 16.0000,  0, 0, 0
L 39.0000, 180.0000, 16.0000,  39.0000, 166.0000, 16.0000,  0, 0, 0
L 39.0000, 166.0000, 16.0000,  39.0000, 135.0000, 1.0000,  0, 0, 0
