L -1541.0000, -1356.0000, -48.0000,  -1541.0000, -1368.0000, -48.0000,  64, 64, 64
L -1542.0000, -1356.0000, -47.0000,  -1542.0000, -1368.0000, -47.0000,  64, 64, 64
L -1544.0000, -1368.0000, -45.0000,  -1544.0000, -1356.0000, -45.0000,  64, 64, 64
L -1546.0000, -1356.0000, -44.0000,  -1546.0000, -1368.0000, -44.0000,  64, 64, 64
L -1547.0000, -1368.0000, -43.0000,  -1547.0000, -1356.0000, -43.0000,  64, 64, 64
L -1549.0000, -1356.0000, -41.0000,  -1549.0000, -1368.0000, -41.0000,  64, 64, 64
L -1550.0000, -1368.0000, -40.0000,  -1550.0000, -1356.0000, -40.0000,  64, 64, 64
L -1552.0000, -1356.0000, -38.0000,  -1552.0000, -1368.0000, -38.0000,  64, 64, 64
L -1539.0000, -1356.0000, -50.0000,  -1539.0000, -1368.0000, -50.0000,  64, 64, 64
L -1538.0000, -1368.0000, -50.0000,  -1538.0000, -1356.0000, -51.0000,  64, 64, 64
L -1558.0000, -1355.0000, -37.0000,  -1557.0000, -1356.0000, -37.0000,  64, 64, 64
L -1557.0000, -1369.0000, -37.0000,  -1556.0000, -1368.0000, -37.0000,  64, 64, 64
L -1566.0000, -1381.0000, -37.0000,  -1557.0000, -1369.0000, -37.0000,  64, 64, 64
L -1580.0000, -1385.0000, -37.0000,  -1566.0000, -1381.0000, -37.0000,  64, 64, 64
L -1593.0000, -1380.0000, -37.0000,  -1580.0000, -1385.0000, -37.0000,  64, 64, 64
L -1601.0000, -1369.0000, -37.0000,  -1593.0000, -1380.0000, -37.0000,  64, 64, 64
L -1601.0000, -1354.0000, -37.0000,  -1601.0000, -1369.0000, -37.0000,  64, 64, 64
L -1593.0000, -1343.0000, -37.0000,  -1601.0000, -1354.0000, -37.0000,  64, 64, 64
L -1579.0000, -1339.0000, -37.0000,  -1593.0000, -1343.0000, -37.0000,  64, 64, 64
L -1565.0000, -1343.0000, -37.0000,  -1579.0000, -1339.0000, -37.0000,  64, 64, 64
L -1557.0000, -1355.0000, -37.0000,  -1565.0000, -1343.0000, -37.0000,  64, 64, 64
L -1537.0000, -1370.0000, -51.0000,  -1551.0000, -1370.0000, -49.0000,  64, 64, 64
L -1537.0000, -1368.0000, -51.0000,  -1537.0000, -1370.0000, -51.0000,  64, 64, 64
L -1538.0000, -1368.0000, -51.0000,  -1537.0000, -1368.0000, -51.0000,  64, 64, 64
L -1556.0000, -1368.0000, -38.0000,  -1538.0000, -1368.0000, -51.0000,  64, 64, 64
L -1537.0000, -1356.0000, -51.0000,  -1557.0000, -1356.0000, -38.0000,  64, 64, 64
L -1537.0000, -1354.0000, -51.0000,  -1537.0000, -1356.0000, -51.0000,  64, 64, 64
L -1551.0000, -1354.0000, -49.0000,  -1537.0000, -1354.0000, -51.0000,  64, 64, 64
L -1551.0000, -1353.0000, -49.0000,  -1551.0000, -1354.0000, -49.0000,  64, 64, 64
L -1554.0000, -1349.0000, -48.0000,  -1551.0000, -1353.0000, -49.0000,  64, 64, 64
L -1547.0000, -1344.0000, -49.0000,  -1554.0000, -1349.0000, -48.0000,  64, 64, 64
L -1547.0000, -1336.0000, -49.0000,  -1547.0000, -1344.0000, -49.0000,  64, 64, 64
L -1555.0000, -1331.0000, -48.0000,  -1547.0000, -1336.0000, -49.0000,  64, 64, 64
L -1563.0000, -1335.0000, -47.0000,  -1555.0000, -1331.0000, -48.0000,  64, 64, 64
L -1563.0000, -1337.0000, -47.0000,  -1563.0000, -1335.0000, -47.0000,  64, 64, 64
L -1579.0000, -1333.0000, -44.0000,  -1563.0000, -1337.0000, -47.0000,  64, 64, 64
L -1596.0000, -1339.0000, -40.0000,  -1579.0000, -1333.0000, -44.0000,  64, 64, 64
L -1596.0000, -1336.0000, -40.0000,  -1596.0000, -1339.0000, -40.0000,  64, 64, 64
L -1604.0000, -1331.0000, -38.0000,  -1596.0000, -1336.0000, -40.0000,  64, 64, 64
L -1611.0000, -1336.0000, -34.0000,  -1604.0000, -1331.0000, -38.0000,  64, 64, 64
L -1611.0000, -1345.0000, -36.0000,  -1611.0000, -1336.0000, -34.0000,  64, 64, 64
L -1605.0000, -1349.0000, -39.0000,  -1611.0000, -1345.0000, -36.0000,  64, 64, 64
L -1603.0000, -1349.0000, -40.0000,  -1605.0000, -1349.0000, -39.0000,  64, 64, 64
L -1606.0000, -1354.0000, -40.0000,  -1603.0000, -1349.0000, -40.0000,  64, 64, 64
L -1606.0000, -1371.0000, -42.0000,  -1606.0000, -1354.0000, -40.0000,  64, 64, 64
L -1604.0000, -1374.0000, -43.0000,  -1606.0000, -1371.0000, -42.0000,  64, 64, 64
L -1612.0000, -1379.0000, -41.0000,  -1604.0000, -1374.0000, -43.0000,  64, 64, 64
L -1612.0000, -1388.0000, -42.0000,  -1612.0000, -1379.0000, -41.0000,  64, 64, 64
L -1603.0000, -1392.0000, -45.0000,  -1612.0000, -1388.0000, -42.0000,  64, 64, 64
L -1596.0000, -1388.0000, -46.0000,  -1603.0000, -1392.0000, -45.0000,  64, 64, 64
L -1596.0000, -1386.0000, -46.0000,  -1596.0000, -1388.0000, -46.0000,  64, 64, 64
L -1579.0000, -1392.0000, -49.0000,  -1596.0000, -1386.0000, -46.0000,  64, 64, 64
L -1563.0000, -1387.0000, -51.0000,  -1579.0000, -1392.0000, -49.0000,  64, 64, 64
L -1562.0000, -1388.0000, -51.0000,  -1563.0000, -1387.0000, -51.0000,  64, 64, 64
L -1555.0000, -1392.0000, -51.0000,  -1562.0000, -1388.0000, -51.0000,  64, 64, 64
L -1547.0000, -1387.0000, -51.0000,  -1555.0000, -1392.0000, -51.0000,  64, 64, 64
L -1548.0000, -1378.0000, -49.0000,  -1547.0000, -1387.0000, -51.0000,  64, 64, 64
L -1554.0000, -1375.0000, -49.0000,  -1548.0000, -1378.0000, -49.0000,  64, 64, 64
L -1551.0000, -1371.0000, -49.0000,  -1554.0000, -1375.0000, -49.0000,  64, 64, 64
L -1551.0000, -1370.0000, -49.0000,  -1551.0000, -1371.0000, -49.0000,  64, 64, 64
L -1483.0000, -1416.0000, -53.0000,  -1483.0000, -1427.0000, -49.0000,  64, 64, 64
L -1499.0000, -1421.0000, -51.0000,  -1483.0000, -1421.0000, -51.0000,  64, 64, 64
L -1483.0000, -1420.0000, -53.0000,  -1499.0000, -1420.0000, -53.0000,  64, 64, 64
L -1499.0000, -1418.0000, -54.0000,  -1483.0000, -1418.0000, -53.0000,  64, 64, 64
L -1480.0000, -1416.0000, -52.0000,  -1483.0000, -1416.0000, -52.0000,  64, 64, 64
L -1499.0000, -1414.0000, -55.0000,  -1499.0000, -1427.0000, -51.0000,  64, 64, 64
L -1501.0000, -1414.0000, -55.0000,  -1499.0000, -1414.0000, -55.0000,  64, 64, 64
L -1475.0000, -1427.0000, -49.0000,  -1475.0000, -1490.0000, -49.0000,  64, 64, 64
L -1483.0000, -1427.0000, -49.0000,  -1475.0000, -1427.0000, -49.0000,  64, 64, 64
L -1506.0000, -1427.0000, -49.0000,  -1499.0000, -1427.0000, -49.0000,  64, 64, 64
L -1506.0000, -1490.0000, -49.0000,  -1506.0000, -1427.0000, -49.0000,  64, 64, 64
L -1475.0000, -1490.0000, -49.0000,  -1506.0000, -1490.0000, -49.0000,  64, 64, 64
L -1480.0000, -1422.0000, -52.0000,  -1480.0000, -1416.0000, -52.0000,  64, 64, 64
L -1501.0000, -1421.0000, -56.0000,  -1501.0000, -1414.0000, -55.0000,  64, 64, 64
L -1512.0000, -1420.0000, -56.0000,  -1501.0000, -1421.0000, -56.0000,  64, 64, 64
L -1517.0000, -1501.0000, -69.0000,  -1512.0000, -1420.0000, -56.0000,  64, 64, 64
L -1466.0000, -1500.0000, -65.0000,  -1517.0000, -1501.0000, -69.0000,  64, 64, 64
L -1470.0000, -1423.0000, -51.0000,  -1466.0000, -1500.0000, -65.0000,  64, 64, 64
L -1480.0000, -1422.0000, -53.0000,  -1470.0000, -1423.0000, -51.0000,  64, 64, 64
L -643.0000, -1469.0000, -63.0000,  -635.0000, -1478.0000, -63.0000,  64, 64, 64
L -636.0000, -1479.0000, -61.0000,  -644.0000, -1470.0000, -61.0000,  64, 64, 64
L -645.0000, -1471.0000, -60.0000,  -637.0000, -1480.0000, -60.0000,  64, 64, 64
L -638.0000, -1481.0000, -58.0000,  -646.0000, -1472.0000, -58.0000,  64, 64, 64
L -648.0000, -1473.0000, -57.0000,  -640.0000, -1482.0000, -57.0000,  64, 64, 64
L -641.0000, -1483.0000, -56.0000,  -649.0000, -1474.0000, -56.0000,  64, 64, 64
L -650.0000, -1475.0000, -54.0000,  -642.0000, -1484.0000, -54.0000,  64, 64, 64
L -643.0000, -1485.0000, -53.0000,  -651.0000, -1476.0000, -53.0000,  64, 64, 64
L -652.0000, -1477.0000, -51.0000,  -644.0000, -1486.0000, -51.0000,  64, 64, 64
L -671.0000, -1477.0000, -50.0000,  -656.0000, -1480.0000, -50.0000,  64, 64, 64
L -684.0000, -1483.0000, -50.0000,  -671.0000, -1477.0000, -50.0000,  64, 64, 64
L -691.0000, -1496.0000, -50.0000,  -684.0000, -1483.0000, -50.0000,  64, 64, 64
L -690.0000, -1509.0000, -50.0000,  -691.0000, -1496.0000, -50.0000,  64, 64, 64
L -680.0000, -1520.0000, -50.0000,  -690.0000, -1509.0000, -50.0000,  64, 64, 64
L -666.0000, -1523.0000, -50.0000,  -680.0000, -1520.0000, -50.0000,  64, 64, 64
L -653.0000, -1517.0000, -50.0000,  -666.0000, -1523.0000, -50.0000,  64, 64, 64
L -646.0000, -1505.0000, -50.0000,  -653.0000, -1517.0000, -50.0000,  64, 64, 64
L -648.0000, -1489.0000, -50.0000,  -646.0000, -1505.0000, -50.0000,  64, 64, 64
L -631.0000, -1477.0000, -64.0000,  -633.0000, -1476.0000, -64.0000,  64, 64, 64
L -648.0000, -1489.0000, -51.0000,  -633.0000, -1476.0000, -64.0000,  64, 64, 64
L -640.0000, -1467.0000, -63.0000,  -656.0000, -1480.0000, -51.0000,  64, 64, 64
L -641.0000, -1465.0000, -62.0000,  -640.0000, -1467.0000, -63.0000,  64, 64, 64
L -653.0000, -1475.0000, -64.0000,  -641.0000, -1465.0000, -62.0000,  64, 64, 64
L -653.0000, -1474.0000, -64.0000,  -653.0000, -1475.0000, -64.0000,  64, 64, 64
L -659.0000, -1473.0000, -64.0000,  -653.0000, -1474.0000, -64.0000,  64, 64, 64
L -657.0000, -1466.0000, -63.0000,  -659.0000, -1473.0000, -64.0000,  64, 64, 64
L -663.0000, -1459.0000, -62.0000,  -657.0000, -1466.0000, -63.0000,  64, 64, 64
L -671.0000, -1462.0000, -62.0000,  -663.0000, -1459.0000, -62.0000,  64, 64, 64
L -673.0000, -1468.0000, -63.0000,  -671.0000, -1462.0000, -62.0000,  64, 64, 64
L -673.0000, -1471.0000, -64.0000,  -673.0000, -1468.0000, -63.0000,  64, 64, 64
L -689.0000, -1478.0000, -66.0000,  -673.0000, -1471.0000, -64.0000,  64, 64, 64
L -698.0000, -1493.0000, -65.0000,  -689.0000, -1478.0000, -66.0000,  64, 64, 64
L -699.0000, -1492.0000, -65.0000,  -698.0000, -1493.0000, -65.0000,  64, 64, 64
L -707.0000, -1494.0000, -64.0000,  -699.0000, -1492.0000, -65.0000,  64, 64, 64
L -710.0000, -1501.0000, -63.0000,  -707.0000, -1494.0000, -64.0000,  64, 64, 64
L -703.0000, -1509.0000, -60.0000,  -710.0000, -1501.0000, -63.0000,  64, 64, 64
L -697.0000, -1508.0000, -62.0000,  -703.0000, -1509.0000, -60.0000,  64, 64, 64
L -697.0000, -1511.0000, -60.0000,  -697.0000, -1508.0000, -62.0000,  64, 64, 64
L -683.0000, -1526.0000, -55.0000,  -697.0000, -1511.0000, -60.0000,  64, 64, 64
L -679.0000, -1526.0000, -55.0000,  -683.0000, -1526.0000, -55.0000,  64, 64, 64
L -682.0000, -1534.0000, -52.0000,  -679.0000, -1526.0000, -55.0000,  64, 64, 64
L -675.0000, -1541.0000, -49.0000,  -682.0000, -1534.0000, -52.0000,  64, 64, 64
L -666.0000, -1539.0000, -51.0000,  -675.0000, -1541.0000, -49.0000,  64, 64, 64
L -664.0000, -1530.0000, -55.0000,  -666.0000, -1539.0000, -51.0000,  64, 64, 64
L -665.0000, -1529.0000, -56.0000,  -664.0000, -1530.0000, -55.0000,  64, 64, 64
L -659.0000, -1527.0000, -57.0000,  -665.0000, -1529.0000, -56.0000,  64, 64, 64
L -649.0000, -1522.0000, -59.0000,  -659.0000, -1527.0000, -57.0000,  64, 64, 64
L -640.0000, -1507.0000, -63.0000,  -649.0000, -1522.0000, -59.0000,  64, 64, 64
L -631.0000, -1506.0000, -63.0000,  -640.0000, -1507.0000, -63.0000,  64, 64, 64
L -628.0000, -1499.0000, -64.0000,  -631.0000, -1506.0000, -63.0000,  64, 64, 64
L -634.0000, -1491.0000, -64.0000,  -628.0000, -1499.0000, -64.0000,  64, 64, 64
L -641.0000, -1493.0000, -64.0000,  -634.0000, -1491.0000, -64.0000,  64, 64, 64
L -641.0000, -1488.0000, -64.0000,  -641.0000, -1493.0000, -64.0000,  64, 64, 64
L -642.0000, -1487.0000, -64.0000,  -641.0000, -1488.0000, -64.0000,  64, 64, 64
L -631.0000, -1477.0000, -64.0000,  -642.0000, -1487.0000, -64.0000,  64, 64, 64
L -584.0000, -1493.0000, -56.0000,  -583.0000, -1491.0000, -56.0000,  64, 64, 64
L -584.0000, -1507.0000, -56.0000,  -584.0000, -1493.0000, -56.0000,  64, 64, 64
L -577.0000, -1519.0000, -56.0000,  -584.0000, -1507.0000, -56.0000,  64, 64, 64
L -564.0000, -1524.0000, -56.0000,  -577.0000, -1519.0000, -56.0000,  64, 64, 64
L -551.0000, -1521.0000, -56.0000,  -564.0000, -1524.0000, -56.0000,  64, 64, 64
L -541.0000, -1510.0000, -56.0000,  -551.0000, -1521.0000, -56.0000,  64, 64, 64
L -540.0000, -1496.0000, -56.0000,  -541.0000, -1510.0000, -56.0000,  64, 64, 64
L -547.0000, -1484.0000, -56.0000,  -540.0000, -1496.0000, -56.0000,  64, 64, 64
L -560.0000, -1478.0000, -56.0000,  -547.0000, -1484.0000, -56.0000,  64, 64, 64
L -574.0000, -1481.0000, -56.0000,  -560.0000, -1478.0000, -56.0000,  64, 64, 64
L -574.0000, -1483.0000, -56.0000,  -574.0000, -1481.0000, -56.0000,  64, 64, 64
L -600.0000, -1480.0000, -68.0000,  -599.0000, -1478.0000, -69.0000,  64, 64, 64
L -583.0000, -1491.0000, -57.0000,  -599.0000, -1478.0000, -68.0000,  64, 64, 64
L -590.0000, -1470.0000, -68.0000,  -574.0000, -1483.0000, -57.0000,  64, 64, 64
L -590.0000, -1470.0000, -67.0000,  -589.0000, -1468.0000, -67.0000,  64, 64, 64
L -595.0000, -1481.0000, -67.0000,  -588.0000, -1472.0000, -67.0000,  64, 64, 64
L -594.0000, -1482.0000, -66.0000,  -586.0000, -1473.0000, -66.0000,  64, 64, 64
L -585.0000, -1474.0000, -64.0000,  -593.0000, -1483.0000, -64.0000,  64, 64, 64
L -592.0000, -1484.0000, -63.0000,  -584.0000, -1475.0000, -63.0000,  64, 64, 64
L -583.0000, -1476.0000, -61.0000,  -590.0000, -1485.0000, -61.0000,  64, 64, 64
L -589.0000, -1486.0000, -60.0000,  -582.0000, -1477.0000, -60.0000,  64, 64, 64
L -581.0000, -1478.0000, -58.0000,  -588.0000, -1487.0000, -58.0000,  64, 64, 64
L -587.0000, -1488.0000, -57.0000,  -579.0000, -1479.0000, -57.0000,  64, 64, 64
L -596.0000, -1480.0000, -68.0000,  -589.0000, -1471.0000, -68.0000,  64, 64, 64
L -579.0000, -1476.0000, -70.0000,  -589.0000, -1468.0000, -67.0000,  64, 64, 64
L -589.0000, -1489.0000, -70.0000,  -600.0000, -1480.0000, -68.0000,  64, 64, 64
L -590.0000, -1490.0000, -70.0000,  -589.0000, -1489.0000, -70.0000,  64, 64, 64
L -590.0000, -1495.0000, -70.0000,  -590.0000, -1490.0000, -70.0000,  64, 64, 64
L -597.0000, -1493.0000, -69.0000,  -590.0000, -1495.0000, -70.0000,  64, 64, 64
L -603.0000, -1501.0000, -68.0000,  -597.0000, -1493.0000, -69.0000,  64, 64, 64
L -600.0000, -1509.0000, -66.0000,  -603.0000, -1501.0000, -68.0000,  64, 64, 64
L -593.0000, -1511.0000, -67.0000,  -600.0000, -1509.0000, -66.0000,  64, 64, 64
L -591.0000, -1510.0000, -68.0000,  -593.0000, -1511.0000, -67.0000,  64, 64, 64
L -581.0000, -1524.0000, -66.0000,  -591.0000, -1510.0000, -68.0000,  64, 64, 64
L -565.0000, -1530.0000, -62.0000,  -581.0000, -1524.0000, -66.0000,  64, 64, 64
L -566.0000, -1532.0000, -64.0000,  -565.0000, -1530.0000, -62.0000,  64, 64, 64
L -564.0000, -1540.0000, -60.0000,  -566.0000, -1532.0000, -64.0000,  64, 64, 64
L -554.0000, -1542.0000, -59.0000,  -564.0000, -1540.0000, -60.0000,  64, 64, 64
L -548.0000, -1535.0000, -61.0000,  -554.0000, -1542.0000, -59.0000,  64, 64, 64
L -551.0000, -1527.0000, -62.0000,  -548.0000, -1535.0000, -61.0000,  64, 64, 64
L -546.0000, -1526.0000, -63.0000,  -551.0000, -1527.0000, -62.0000,  64, 64, 64
L -535.0000, -1512.0000, -63.0000,  -546.0000, -1526.0000, -63.0000,  64, 64, 64
L -535.0000, -1508.0000, -63.0000,  -535.0000, -1512.0000, -63.0000,  64, 64, 64
L -526.0000, -1509.0000, -62.0000,  -535.0000, -1508.0000, -63.0000,  64, 64, 64
L -521.0000, -1503.0000, -62.0000,  -526.0000, -1509.0000, -62.0000,  64, 64, 64
L -524.0000, -1494.0000, -64.0000,  -521.0000, -1503.0000, -62.0000,  64, 64, 64
L -532.0000, -1492.0000, -66.0000,  -524.0000, -1494.0000, -64.0000,  64, 64, 64
L -534.0000, -1493.0000, -66.0000,  -532.0000, -1492.0000, -66.0000,  64, 64, 64
L -542.0000, -1479.0000, -67.0000,  -534.0000, -1493.0000, -66.0000,  64, 64, 64
L -559.0000, -1472.0000, -68.0000,  -542.0000, -1479.0000, -67.0000,  64, 64, 64
L -558.0000, -1470.0000, -68.0000,  -559.0000, -1472.0000, -68.0000,  64, 64, 64
L -560.0000, -1463.0000, -65.0000,  -558.0000, -1470.0000, -68.0000,  64, 64, 64
L -570.0000, -1461.0000, -65.0000,  -560.0000, -1463.0000, -65.0000,  64, 64, 64
L -576.0000, -1467.0000, -68.0000,  -570.0000, -1461.0000, -65.0000,  64, 64, 64
L -573.0000, -1474.0000, -70.0000,  -576.0000, -1467.0000, -68.0000,  64, 64, 64
L -579.0000, -1476.0000, -70.0000,  -573.0000, -1474.0000, -70.0000,  64, 64, 64
L 424.0000, -1399.0000, -44.0000,  408.0000, -1399.0000, -43.0000,  64, 64, 64
L 408.0000, -1402.0000, -42.0000,  424.0000, -1402.0000, -42.0000,  64, 64, 64
L 424.0000, -1404.0000, -40.0000,  408.0000, -1404.0000, -40.0000,  64, 64, 64
L 408.0000, -1406.0000, -39.0000,  424.0000, -1406.0000, -39.0000,  64, 64, 64
L 424.0000, -1408.0000, -37.0000,  408.0000, -1408.0000, -37.0000,  64, 64, 64
L 408.0000, -1410.0000, -35.0000,  424.0000, -1410.0000, -35.0000,  64, 64, 64
L 424.0000, -1412.0000, -33.0000,  408.0000, -1412.0000, -33.0000,  64, 64, 64
L 408.0000, -1414.0000, -31.0000,  424.0000, -1414.0000, -31.0000,  64, 64, 64
L 424.0000, -1416.0000, -29.0000,  408.0000, -1416.0000, -29.0000,  64, 64, 64
L 408.0000, -1417.0000, -27.0000,  424.0000, -1417.0000, -27.0000,  64, 64, 64
L 424.0000, -1397.0000, -45.0000,  427.0000, -1397.0000, -45.0000,  64, 64, 64
L 427.0000, -1414.0000, -44.0000,  427.0000, -1397.0000, -45.0000,  64, 64, 64
L 424.0000, -1397.0000, -44.0000,  424.0000, -1423.0000, -25.0000,  64, 64, 64
L 432.0000, -1423.0000, -25.0000,  424.0000, -1423.0000, -25.0000,  64, 64, 64
L 432.0000, -1486.0000, -25.0000,  432.0000, -1423.0000, -25.0000,  64, 64, 64
L 401.0000, -1486.0000, -25.0000,  432.0000, -1486.0000, -25.0000,  64, 64, 64
L 401.0000, -1423.0000, -25.0000,  401.0000, -1486.0000, -25.0000,  64, 64, 64
L 401.0000, -1423.0000, -25.0000,  408.0000, -1423.0000, -25.0000,  64, 64, 64
L 408.0000, -1398.0000, -43.0000,  408.0000, -1423.0000, -25.0000,  64, 64, 64
L 405.0000, -1398.0000, -43.0000,  408.0000, -1398.0000, -43.0000,  64, 64, 64
L 405.0000, -1414.0000, -43.0000,  405.0000, -1398.0000, -43.0000,  64, 64, 64
L 390.0000, -1414.0000, -43.0000,  405.0000, -1414.0000, -43.0000,  64, 64, 64
L 394.0000, -1492.0000, -32.0000,  390.0000, -1414.0000, -43.0000,  64, 64, 64
L 437.0000, -1492.0000, -22.0000,  394.0000, -1492.0000, -32.0000,  64, 64, 64
L 442.0000, -1414.0000, -44.0000,  437.0000, -1492.0000, -22.0000,  64, 64, 64
L 427.0000, -1414.0000, -44.0000,  442.0000, -1414.0000, -44.0000,  64, 64, 64
L 387.0000, -1305.0000, -31.0000,  380.0000, -1305.0000, -31.0000,  64, 64, 64
L 357.0000, -1305.0000, -31.0000,  364.0000, -1305.0000, -31.0000,  64, 64, 64
L 357.0000, -1242.0000, -31.0000,  357.0000, -1305.0000, -31.0000,  64, 64, 64
L 387.0000, -1242.0000, -31.0000,  357.0000, -1242.0000, -31.0000,  64, 64, 64
L 387.0000, -1305.0000, -31.0000,  387.0000, -1242.0000, -31.0000,  64, 64, 64
L 364.0000, -1323.0000, -42.0000,  364.0000, -1305.0000, -33.0000,  64, 64, 64
L 362.0000, -1323.0000, -42.0000,  364.0000, -1323.0000, -42.0000,  64, 64, 64
L 380.0000, -1325.0000, -44.0000,  380.0000, -1305.0000, -33.0000,  64, 64, 64
L 383.0000, -1325.0000, -44.0000,  380.0000, -1325.0000, -44.0000,  64, 64, 64
L 364.0000, -1320.0000, -42.0000,  380.0000, -1320.0000, -43.0000,  64, 64, 64
L 380.0000, -1318.0000, -41.0000,  364.0000, -1318.0000, -41.0000,  64, 64, 64
L 364.0000, -1316.0000, -39.0000,  380.0000, -1316.0000, -39.0000,  64, 64, 64
L 380.0000, -1314.0000, -37.0000,  364.0000, -1314.0000, -37.0000,  64, 64, 64
L 364.0000, -1312.0000, -35.0000,  380.0000, -1312.0000, -35.0000,  64, 64, 64
L 380.0000, -1311.0000, -33.0000,  364.0000, -1311.0000, -33.0000,  64, 64, 64
L 362.0000, -1313.0000, -43.0000,  362.0000, -1323.0000, -42.0000,  64, 64, 64
L 383.0000, -1313.0000, -45.0000,  383.0000, -1325.0000, -44.0000,  64, 64, 64
L 397.0000, -1314.0000, -47.0000,  383.0000, -1313.0000, -45.0000,  64, 64, 64
L 397.0000, -1233.0000, -47.0000,  397.0000, -1314.0000, -47.0000,  64, 64, 64
L 362.0000, -1235.0000, -36.0000,  397.0000, -1233.0000, -47.0000,  64, 64, 64
L 351.0000, -1235.0000, -33.0000,  362.0000, -1235.0000, -36.0000,  64, 64, 64
L 348.0000, -1312.0000, -42.0000,  351.0000, -1235.0000, -33.0000,  64, 64, 64
L 362.0000, -1313.0000, -43.0000,  348.0000, -1312.0000, -42.0000,  64, 64, 64
L 332.0000, -1377.0000, -26.0000,  333.0000, -1377.0000, -26.0000,  64, 64, 64
L 329.0000, -1378.0000, -26.0000,  332.0000, -1377.0000, -26.0000,  64, 64, 64
L 329.0000, -1380.0000, -26.0000,  329.0000, -1378.0000, -26.0000,  64, 64, 64
L 330.0000, -1380.0000, -26.0000,  329.0000, -1380.0000, -26.0000,  64, 64, 64
L 329.0000, -1367.0000, -26.0000,  329.0000, -1366.0000, -26.0000,  64, 64, 64
L 328.0000, -1367.0000, -26.0000,  329.0000, -1367.0000, -26.0000,  64, 64, 64
L 325.0000, -1369.0000, -26.0000,  328.0000, -1367.0000, -26.0000,  64, 64, 64
L 324.0000, -1367.0000, -26.0000,  325.0000, -1369.0000, -26.0000,  64, 64, 64
L 328.0000, -1386.0000, -26.0000,  330.0000, -1380.0000, -26.0000,  64, 64, 64
L 324.0000, -1395.0000, -26.0000,  328.0000, -1386.0000, -26.0000,  64, 64, 64
L 315.0000, -1403.0000, -26.0000,  324.0000, -1395.0000, -26.0000,  64, 64, 64
L 301.0000, -1404.0000, -26.0000,  315.0000, -1403.0000, -26.0000,  64, 64, 64
L 289.0000, -1396.0000, -26.0000,  301.0000, -1404.0000, -26.0000,  64, 64, 64
L 284.0000, -1383.0000, -26.0000,  289.0000, -1396.0000, -26.0000,  64, 64, 64
L 287.0000, -1369.0000, -26.0000,  284.0000, -1383.0000, -26.0000,  64, 64, 64
L 298.0000, -1360.0000, -26.0000,  287.0000, -1369.0000, -26.0000,  64, 64, 64
L 312.0000, -1359.0000, -26.0000,  298.0000, -1360.0000, -26.0000,  64, 64, 64
L 324.0000, -1367.0000, -26.0000,  312.0000, -1359.0000, -26.0000,  64, 64, 64
L 344.0000, -1358.0000, -40.0000,  344.0000, -1360.0000, -40.0000,  64, 64, 64
L 350.0000, -1373.0000, -41.0000,  349.0000, -1371.0000, -41.0000,  64, 64, 64
L 333.0000, -1377.0000, -27.0000,  349.0000, -1371.0000, -40.0000,  64, 64, 64
L 344.0000, -1360.0000, -40.0000,  329.0000, -1366.0000, -27.0000,  64, 64, 64
L 346.0000, -1372.0000, -38.0000,  341.0000, -1361.0000, -38.0000,  64, 64, 64
L 340.0000, -1362.0000, -37.0000,  344.0000, -1373.0000, -37.0000,  64, 64, 64
L 343.0000, -1374.0000, -36.0000,  338.0000, -1363.0000, -36.0000,  64, 64, 64
L 337.0000, -1363.0000, -34.0000,  341.0000, -1374.0000, -34.0000,  64, 64, 64
L 340.0000, -1375.0000, -33.0000,  336.0000, -1364.0000, -33.0000,  64, 64, 64
L 334.0000, -1364.0000, -31.0000,  338.0000, -1375.0000, -31.0000,  64, 64, 64
L 337.0000, -1376.0000, -30.0000,  333.0000, -1365.0000, -30.0000,  64, 64, 64
L 331.0000, -1365.0000, -28.0000,  336.0000, -1376.0000, -28.0000,  64, 64, 64
L 334.0000, -1377.0000, -27.0000,  330.0000, -1366.0000, -27.0000,  64, 64, 64
L 343.0000, -1361.0000, -40.0000,  347.0000, -1372.0000, -40.0000,  64, 64, 64
L 350.0000, -1373.0000, -41.0000,  336.0000, -1379.0000, -39.0000,  64, 64, 64
L 330.0000, -1364.0000, -39.0000,  344.0000, -1358.0000, -40.0000,  64, 64, 64
L 329.0000, -1362.0000, -39.0000,  330.0000, -1364.0000, -39.0000,  64, 64, 64
L 325.0000, -1360.0000, -38.0000,  329.0000, -1362.0000, -39.0000,  64, 64, 64
L 330.0000, -1353.0000, -39.0000,  325.0000, -1360.0000, -38.0000,  64, 64, 64
L 327.0000, -1346.0000, -39.0000,  330.0000, -1353.0000, -39.0000,  64, 64, 64
L 318.0000, -1344.0000, -37.0000,  327.0000, -1346.0000, -39.0000,  64, 64, 64
L 312.0000, -1351.0000, -36.0000,  318.0000, -1344.0000, -37.0000,  64, 64, 64
L 313.0000, -1353.0000, -36.0000,  312.0000, -1351.0000, -36.0000,  64, 64, 64
L 296.0000, -1354.0000, -31.0000,  313.0000, -1353.0000, -36.0000,  64, 64, 64
L 282.0000, -1365.0000, -27.0000,  296.0000, -1354.0000, -31.0000,  64, 64, 64
L 281.0000, -1363.0000, -27.0000,  282.0000, -1365.0000, -27.0000,  64, 64, 64
L 273.0000, -1361.0000, -25.0000,  281.0000, -1363.0000, -27.0000,  64, 64, 64
L 267.0000, -1369.0000, -22.0000,  273.0000, -1361.0000, -25.0000,  64, 64, 64
L 270.0000, -1377.0000, -23.0000,  267.0000, -1369.0000, -22.0000,  64, 64, 64
L 279.0000, -1379.0000, -26.0000,  270.0000, -1377.0000, -23.0000,  64, 64, 64
L 279.0000, -1381.0000, -26.0000,  279.0000, -1379.0000, -26.0000,  64, 64, 64
L 283.0000, -1398.0000, -26.0000,  279.0000, -1381.0000, -26.0000,  64, 64, 64
L 288.0000, -1401.0000, -28.0000,  283.0000, -1398.0000, -26.0000,  64, 64, 64
L 282.0000, -1408.0000, -26.0000,  288.0000, -1401.0000, -28.0000,  64, 64, 64
L 285.0000, -1417.0000, -27.0000,  282.0000, -1408.0000, -26.0000,  64, 64, 64
L 295.0000, -1419.0000, -31.0000,  285.0000, -1417.0000, -27.0000,  64, 64, 64
L 300.0000, -1412.0000, -33.0000,  295.0000, -1419.0000, -31.0000,  64, 64, 64
L 299.0000, -1409.0000, -32.0000,  300.0000, -1412.0000, -33.0000,  64, 64, 64
L 317.0000, -1409.0000, -36.0000,  299.0000, -1409.0000, -32.0000,  64, 64, 64
L 330.0000, -1398.0000, -38.0000,  317.0000, -1409.0000, -36.0000,  64, 64, 64
L 331.0000, -1400.0000, -38.0000,  330.0000, -1398.0000, -38.0000,  64, 64, 64
L 339.0000, -1401.0000, -39.0000,  331.0000, -1400.0000, -38.0000,  64, 64, 64
L 345.0000, -1394.0000, -40.0000,  339.0000, -1401.0000, -39.0000,  64, 64, 64
L 342.0000, -1386.0000, -40.0000,  345.0000, -1394.0000, -40.0000,  64, 64, 64
L 335.0000, -1384.0000, -39.0000,  342.0000, -1386.0000, -40.0000,  64, 64, 64
L 336.0000, -1380.0000, -39.0000,  335.0000, -1384.0000, -39.0000,  64, 64, 64
L 336.0000, -1379.0000, -39.0000,  336.0000, -1380.0000, -39.0000,  64, 64, 64
L 1350.0000, -651.0000, 313.0000,  1343.0000, -651.0000, 313.0000,  64, 64, 64
L 1350.0000, -665.0000, 313.0000,  1350.0000, -651.0000, 313.0000,  64, 64, 64
L 1388.0000, -658.0000, 313.0000,  1350.0000, -665.0000, 313.0000,  64, 64, 64
L 1416.0000, -639.0000, 313.0000,  1388.0000, -658.0000, 313.0000,  64, 64, 64
L 1436.0000, -609.0000, 313.0000,  1416.0000, -639.0000, 313.0000,  64, 64, 64
L 1443.0000, -575.0000, 313.0000,  1436.0000, -609.0000, 313.0000,  64, 64, 64
L 1436.0000, -541.0000, 313.0000,  1443.0000, -575.0000, 313.0000,  64, 64, 64
L 1418.0000, -513.0000, 313.0000,  1436.0000, -541.0000, 313.0000,  64, 64, 64
L 1390.0000, -494.0000, 313.0000,  1418.0000, -513.0000, 313.0000,  64, 64, 64
L 1351.0000, -486.0000, 313.0000,  1390.0000, -494.0000, 313.0000,  64, 64, 64
L 1350.0000, -500.0000, 313.0000,  1351.0000, -486.0000, 313.0000,  64, 64, 64
L 1343.0000, -500.0000, 313.0000,  1350.0000, -500.0000, 313.0000,  64, 64, 64
L 1343.0000, -485.0000, 313.0000,  1343.0000, -500.0000, 313.0000,  64, 64, 64
L 1131.0000, -485.0000, 313.0000,  1343.0000, -485.0000, 313.0000,  64, 64, 64
L 1131.0000, -632.0000, 313.0000,  1131.0000, -485.0000, 313.0000,  64, 64, 64
L 1130.0000, -632.0000, 312.0000,  1131.0000, -632.0000, 313.0000,  64, 64, 64
L 1131.0000, -665.0000, 140.0000,  1131.0000, -514.0000, 140.0000,  64, 64, 64
L 1350.0000, -665.0000, 140.0000,  1131.0000, -665.0000, 140.0000,  64, 64, 64
L 1350.0000, -619.0000, 140.0000,  1350.0000, -665.0000, 140.0000,  64, 64, 64
L 1367.0000, -616.0000, 140.0000,  1350.0000, -619.0000, 140.0000,  64, 64, 64
L 1381.0000, -607.0000, 140.0000,  1367.0000, -616.0000, 140.0000,  64, 64, 64
L 1391.0000, -592.0000, 140.0000,  1381.0000, -607.0000, 140.0000,  64, 64, 64
L 1393.0000, -581.0000, 140.0000,  1391.0000, -592.0000, 140.0000,  64, 64, 64
L 1392.0000, -558.0000, 140.0000,  1393.0000, -581.0000, 140.0000,  64, 64, 64
L 1382.0000, -544.0000, 140.0000,  1392.0000, -558.0000, 140.0000,  64, 64, 64
L 1367.0000, -534.0000, 140.0000,  1382.0000, -544.0000, 140.0000,  64, 64, 64
L 1350.0000, -530.0000, 140.0000,  1367.0000, -534.0000, 140.0000,  64, 64, 64
L 1130.0000, -632.0000, 312.0000,  1130.0000, -514.0000, 254.0000,  64, 64, 64
L 1080.0000, -517.0000, 256.0000,  1130.0000, -517.0000, 256.0000,  64, 64, 64
L 1080.0000, -522.0000, 258.0000,  1130.0000, -521.0000, 258.0000,  64, 64, 64
L 1080.0000, -526.0000, 260.0000,  1130.0000, -526.0000, 260.0000,  64, 64, 64
L 1080.0000, -530.0000, 262.0000,  1130.0000, -530.0000, 262.0000,  64, 64, 64
L 1080.0000, -534.0000, 264.0000,  1130.0000, -534.0000, 264.0000,  64, 64, 64
L 1080.0000, -538.0000, 266.0000,  1130.0000, -538.0000, 266.0000,  64, 64, 64
L 1080.0000, -542.0000, 268.0000,  1130.0000, -542.0000, 268.0000,  64, 64, 64
L 1080.0000, -546.0000, 270.0000,  1130.0000, -546.0000, 270.0000,  64, 64, 64
L 1080.0000, -550.0000, 272.0000,  1130.0000, -550.0000, 272.0000,  64, 64, 64
L 1080.0000, -554.0000, 274.0000,  1130.0000, -554.0000, 274.0000,  64, 64, 64
L 1080.0000, -558.0000, 276.0000,  1130.0000, -558.0000, 276.0000,  64, 64, 64
L 1080.0000, -562.0000, 278.0000,  1130.0000, -562.0000, 278.0000,  64, 64, 64
L 1080.0000, -567.0000, 280.0000,  1130.0000, -566.0000, 280.0000,  64, 64, 64
L 1080.0000, -571.0000, 282.0000,  1130.0000, -571.0000, 282.0000,  64, 64, 64
L 1080.0000, -575.0000, 284.0000,  1130.0000, -575.0000, 284.0000,  64, 64, 64
L 1080.0000, -579.0000, 286.0000,  1130.0000, -579.0000, 286.0000,  64, 64, 64
L 1080.0000, -583.0000, 288.0000,  1130.0000, -583.0000, 288.0000,  64, 64, 64
L 1080.0000, -587.0000, 290.0000,  1130.0000, -587.0000, 290.0000,  64, 64, 64
L 1080.0000, -591.0000, 292.0000,  1130.0000, -591.0000, 292.0000,  64, 64, 64
L 1080.0000, -595.0000, 294.0000,  1129.0000, -595.0000, 294.0000,  64, 64, 64
L 1080.0000, -599.0000, 296.0000,  1130.0000, -599.0000, 296.0000,  64, 64, 64
L 1080.0000, -603.0000, 298.0000,  1130.0000, -603.0000, 298.0000,  64, 64, 64
L 1080.0000, -607.0000, 300.0000,  1130.0000, -607.0000, 300.0000,  64, 64, 64
L 1080.0000, -612.0000, 302.0000,  1130.0000, -611.0000, 302.0000,  64, 64, 64
L 1080.0000, -616.0000, 304.0000,  1130.0000, -616.0000, 304.0000,  64, 64, 64
L 1080.0000, -620.0000, 306.0000,  1130.0000, -620.0000, 306.0000,  64, 64, 64
L 1080.0000, -624.0000, 308.0000,  1130.0000, -624.0000, 308.0000,  64, 64, 64
L 1080.0000, -628.0000, 310.0000,  1130.0000, -628.0000, 310.0000,  64, 64, 64
L 1080.0000, -632.0000, 312.0000,  1130.0000, -632.0000, 312.0000,  64, 64, 64
L -1794.0000, 1238.0000, 212.0000,  -1787.0000, 1234.0000, 205.0000,  64, 64, 64
L -1787.0000, 1234.0000, 205.0000,  -1788.0000, 1225.0000, 206.0000,  64, 64, 64
L -1788.0000, 1225.0000, 206.0000,  -1784.0000, 1221.0000, 202.0000,  64, 64, 64
L -1784.0000, 1221.0000, 202.0000,  -1770.0000, 1166.0000, 188.0000,  64, 64, 64
L -1770.0000, 1166.0000, 188.0000,  -1765.0000, 1152.0000, 183.0000,  64, 64, 64
L -1765.0000, 1152.0000, 183.0000,  -1751.0000, 1099.0000, 158.0000,  64, 64, 64
L -1751.0000, 1099.0000, 158.0000,  -1751.0000, 993.0000, 156.0000,  64, 64, 64
L -1751.0000, 993.0000, 156.0000,  -1751.0000, 857.0000, 220.0000,  64, 64, 64
L -1751.0000, 857.0000, 220.0000,  -1751.0000, 718.0000, 230.0000,  64, 64, 64
L -1751.0000, 718.0000, 230.0000,  -1751.0000, 394.0000, 143.0000,  64, 64, 64
L -1751.0000, 394.0000, 143.0000,  -1751.0000, 303.0000, 134.0000,  64, 64, 64
L -1751.0000, 303.0000, 134.0000,  -1751.0000, 250.0000, 106.0000,  64, 64, 64
L -1751.0000, 250.0000, 106.0000,  -1755.0000, 85.0000, -12.0000,  64, 64, 64
L -1755.0000, 85.0000, -12.0000,  -1755.0000, -29.0000, -40.0000,  64, 64, 64
L -1755.0000, -77.0000, -39.0000,  -1755.0000, -129.0000, -23.0000,  64, 64, 64
L -1755.0000, -129.0000, -23.0000,  -1752.0000, -225.0000, 50.0000,  64, 64, 64
L -1752.0000, -225.0000, 50.0000,  -1752.0000, -415.0000, 179.0000,  64, 64, 64
L -1752.0000, -415.0000, 179.0000,  -1752.0000, -519.0000, 129.0000,  64, 64, 64
L -1752.0000, -519.0000, 129.0000,  -1752.0000, -640.0000, 107.0000,  64, 64, 64
L -1752.0000, -640.0000, 107.0000,  -1752.0000, -757.0000, 93.0000,  64, 64, 64
L -1752.0000, -757.0000, 93.0000,  -1752.0000, -873.0000, 70.0000,  64, 64, 64
L -1752.0000, -873.0000, 70.0000,  -1752.0000, -1042.0000, 59.0000,  64, 64, 64
L -1752.0000, -1042.0000, 59.0000,  -1752.0000, -1078.0000, 60.0000,  64, 64, 64
L -1752.0000, -1078.0000, 60.0000,  -1751.0000, -1135.0000, 60.0000,  64, 64, 64
L -1751.0000, -1135.0000, 60.0000,  -1750.0000, -1179.0000, 58.0000,  64, 64, 64
L -1750.0000, -1179.0000, 58.0000,  -1752.0000, -1255.0000, 70.0000,  64, 64, 64
L -1752.0000, -1255.0000, 70.0000,  -1761.0000, -1280.0000, 82.0000,  64, 64, 64
L -1761.0000, -1280.0000, 82.0000,  -1787.0000, -1317.0000, 121.0000,  64, 64, 64
L -1787.0000, -1317.0000, 121.0000,  -1814.0000, -1355.0000, 164.0000,  64, 64, 64
L -1814.0000, -1355.0000, 164.0000,  -1843.0000, -1399.0000, 202.0000,  64, 64, 64
L -1843.0000, -1399.0000, 202.0000,  -1856.0000, -1419.0000, 210.0000,  64, 64, 64
L -1856.0000, -1419.0000, 210.0000,  -1851.0000, -1548.0000, 184.0000,  0, 125, 0
L -1851.0000, -1548.0000, 184.0000,  -1840.0000, -1576.0000, 188.0000,  0, 125, 0
L -1840.0000, -1576.0000, 188.0000,  -1826.0000, -1609.0000, 192.0000,  0, 125, 0
L -1826.0000, -1609.0000, 192.0000,  -1814.0000, -1631.0000, 191.0000,  0, 125, 0
L -1814.0000, -1631.0000, 191.0000,  -1798.0000, -1647.0000, 182.0000,  0, 125, 0
L -1798.0000, -1647.0000, 182.0000,  -1762.0000, -1684.0000, 132.0000,  0, 125, 0
L -1762.0000, -1684.0000, 132.0000,  -1674.0000, -1715.0000, 119.0000,  0, 125, 0
L -1674.0000, -1715.0000, 119.0000,  -1622.0000, -1723.0000, 120.0000,  0, 125, 0
L -1622.0000, -1723.0000, 120.0000,  -1502.0000, -1720.0000, 129.0000,  0, 125, 0
L -1502.0000, -1720.0000, 129.0000,  -1305.0000, -1741.0000, 161.0000,  0, 125, 0
L -1305.0000, -1741.0000, 161.0000,  -1202.0000, -1758.0000, 184.0000,  0, 125, 0
L -1202.0000, -1758.0000, 184.0000,  -1160.0000, -1760.0000, 155.0000,  0, 125, 0
L -1160.0000, -1760.0000, 155.0000,  -1085.0000, -1763.0000, 131.0000,  0, 125, 0
L -1085.0000, -1763.0000, 131.0000,  -1013.0000, -1765.0000, 119.0000,  0, 125, 0
L -1013.0000, -1765.0000, 119.0000,  -946.0000, -1761.0000, 139.0000,  0, 125, 0
L -946.0000, -1761.0000, 139.0000,  -891.0000, -1743.0000, 145.0000,  0, 125, 0
L -891.0000, -1743.0000, 145.0000,  -857.0000, -1718.0000, 143.0000,  0, 125, 0
L -857.0000, -1718.0000, 143.0000,  -826.0000, -1703.0000, 137.0000,  0, 125, 0
L -826.0000, -1703.0000, 137.0000,  -730.0000, -1703.0000, 149.0000,  0, 125, 0
L -730.0000, -1703.0000, 149.0000,  -667.0000, -1707.0000, 103.0000,  0, 125, 0
L -667.0000, -1707.0000, 103.0000,  -614.0000, -1721.0000, 81.0000,  0, 125, 0
L -614.0000, -1721.0000, 81.0000,  -493.0000, -1749.0000, 78.0000,  0, 125, 0
L -493.0000, -1749.0000, 78.0000,  -422.0000, -1757.0000, 124.0000,  0, 125, 0
L -422.0000, -1757.0000, 124.0000,  -364.0000, -1742.0000, 157.0000,  0, 125, 0
L -364.0000, -1742.0000, 157.0000,  -318.0000, -1705.0000, 173.0000,  0, 125, 0
L -318.0000, -1705.0000, 173.0000,  -247.0000, -1713.0000, 165.0000,  0, 125, 0
L -247.0000, -1713.0000, 165.0000,  -167.0000, -1733.0000, 117.0000,  0, 125, 0
L -167.0000, -1733.0000, 117.0000,  -101.0000, -1744.0000, 90.0000,  0, 125, 0
L -101.0000, -1744.0000, 90.0000,  -20.0000, -1749.0000, 86.0000,  0, 125, 0
L -20.0000, -1749.0000, 86.0000,  57.0000, -1742.0000, 64.0000,  0, 125, 0
L 57.0000, -1742.0000, 64.0000,  158.0000, -1763.0000, 70.0000,  0, 125, 0
L 158.0000, -1763.0000, 70.0000,  212.0000, -1768.0000, 66.0000,  0, 125, 0
L 212.0000, -1768.0000, 66.0000,  272.0000, -1770.0000, 72.0000,  0, 125, 0
L 273.0000, -1770.0000, 72.0000,  381.0000, -1752.0000, 97.0000,  0, 125, 0
L 381.0000, -1752.0000, 97.0000,  421.0000, -1737.0000, 99.0000,  0, 125, 0
L 421.0000, -1737.0000, 99.0000,  590.0000, -1695.0000, 154.0000,  0, 125, 0
L 590.0000, -1695.0000, 154.0000,  719.0000, -1716.0000, 199.0000,  0, 125, 0
L 719.0000, -1716.0000, 199.0000,  983.0000, -1795.0000, 148.0000,  0, 125, 0
L 983.0000, -1795.0000, 148.0000,  1069.0000, -1837.0000, 189.0000,  0, 125, 0
L 1069.0000, -1837.0000, 189.0000,  1146.0000, -1846.0000, 212.0000,  0, 125, 0
L 1146.0000, -1846.0000, 212.0000,  1269.0000, -1806.0000, 157.0000,  0, 125, 0
L 1269.0000, -1806.0000, 157.0000,  1364.0000, -1766.0000, 140.0000,  0, 125, 0
L 1364.0000, -1766.0000, 140.0000,  1623.0000, -1635.0000, 104.0000,  0, 125, 0
L 1623.0000, -1635.0000, 104.0000,  1743.0000, -1491.0000, 130.0000,  0, 125, 0
L 1743.0000, -1491.0000, 130.0000,  1764.0000, -1427.0000, 158.0000,  0, 125, 0
L 1764.0000, -1427.0000, 158.0000,  1756.0000, -1378.0000, 149.0000,  0, 125, 0
L 1756.0000, -1378.0000, 149.0000,  1737.0000, -1276.0000, 139.0000,  0, 125, 0
L 1737.0000, -1276.0000, 139.0000,  1718.0000, -1205.0000, 153.0000,  0, 125, 0
L 1718.0000, -1205.0000, 153.0000,  1684.0000, -1121.0000, 149.0000,  0, 125, 0
L 1684.0000, -1121.0000, 149.0000,  1674.0000, -1102.0000, 171.0000,  0, 125, 0
L 1674.0000, -1102.0000, 171.0000,  1637.0000, -1037.0000, 162.0000,  0, 125, 0
L 1637.0000, -1037.0000, 162.0000,  1634.0000, -1032.0000, 165.0000,  0, 125, 0
L 1634.0000, -1032.0000, 165.0000,  1560.0000, -948.0000, 186.0000,  0, 125, 0
L 1560.0000, -948.0000, 186.0000,  1579.0000, -727.0000, 325.0000,  0, 125, 0
L 1579.0000, -727.0000, 325.0000,  1643.0000, -648.0000, 268.0000,  0, 125, 0
L 1643.0000, -648.0000, 268.0000,  1691.0000, -588.0000, 170.0000,  0, 125, 0
L 1691.0000, -588.0000, 170.0000,  1721.0000, -517.0000, 143.0000,  0, 125, 0
L 1721.0000, -517.0000, 143.0000,  1736.0000, -481.0000, 176.0000,  0, 125, 0
L 1736.0000, -481.0000, 176.0000,  1767.0000, -408.0000, 216.0000,  0, 125, 0
L 1767.0000, -408.0000, 216.0000,  1791.0000, -338.0000, 247.0000,  0, 125, 0
L 1791.0000, -338.0000, 247.0000,  1807.0000, -278.0000, 283.0000,  0, 125, 0
L 1807.0000, -278.0000, 283.0000,  1817.0000, -138.0000, 288.0000,  0, 125, 0
L 1817.0000, -138.0000, 288.0000,  1796.0000, 110.0000, 247.0000,  0, 125, 0
L 1796.0000, 110.0000, 247.0000,  1772.0000, 144.0000, 248.0000,  0, 125, 0
L 1772.0000, 144.0000, 248.0000,  1708.0000, 202.0000, 220.0000,  0, 125, 0
L 1708.0000, 202.0000, 220.0000,  1579.0000, 416.0000, 192.0000,  0, 125, 0
L 1579.0000, 416.0000, 192.0000,  1623.0000, 539.0000, 125.0000,  0, 125, 0
L 1623.0000, 539.0000, 125.0000,  1675.0000, 667.0000, 99.0000,  0, 125, 0
L 1675.0000, 667.0000, 99.0000,  1697.0000, 730.0000, 88.0000,  0, 125, 0
L 1697.0000, 730.0000, 88.0000,  1719.0000, 812.0000, 132.0000,  0, 125, 0
L 1719.0000, 812.0000, 132.0000,  1726.0000, 841.0000, 161.0000,  0, 125, 0
L 1726.0000, 841.0000, 161.0000,  1731.0000, 861.0000, 185.0000,  0, 125, 0
L 1731.0000, 861.0000, 185.0000,  1736.0000, 939.0000, 221.0000,  0, 125, 0
L 1736.0000, 939.0000, 221.0000,  1756.0000, 1124.0000, 230.0000,  0, 125, 0
L 1756.0000, 1124.0000, 230.0000,  1770.0000, 1199.0000, 250.0000,  0, 125, 0
L 1770.0000, 1199.0000, 250.0000,  1786.0000, 1394.0000, 212.0000,  0, 125, 0
L 1786.0000, 1394.0000, 212.0000,  1785.0000, 1510.0000, 195.0000,  0, 125, 0
L 1785.0000, 1510.0000, 195.0000,  1765.0000, 1605.0000, 196.0000,  0, 125, 0
L 1765.0000, 1605.0000, 196.0000,  1705.0000, 1698.0000, 183.0000,  0, 125, 0
L 1705.0000, 1698.0000, 183.0000,  1659.0000, 1745.0000, 159.0000,  0, 125, 0
L 1659.0000, 1745.0000, 159.0000,  1561.0000, 1791.0000, 188.0000,  0, 125, 0
L 1561.0000, 1791.0000, 188.0000,  1502.0000, 1796.0000, 182.0000,  0, 125, 0
L 1502.0000, 1796.0000, 182.0000,  1254.0000, 1792.0000, 223.0000,  0, 125, 0
L 1254.0000, 1792.0000, 223.0000,  1109.0000, 1792.0000, 215.0000,  0, 125, 0
L 1109.0000, 1792.0000, 215.0000,  1023.0000, 1793.0000, 201.0000,  0, 125, 0
L 1023.0000, 1793.0000, 201.0000,  859.0000, 1841.0000, 204.0000,  0, 125, 0
L 859.0000, 1841.0000, 204.0000,  760.0000, 1789.0000, 177.0000,  0, 125, 0
L 760.0000, 1789.0000, 177.0000,  707.0000, 1729.0000, 153.0000,  0, 125, 0
L 707.0000, 1729.0000, 153.0000,  527.0000, 1687.0000, 73.0000,  0, 125, 0
L 527.0000, 1687.0000, 73.0000,  473.0000, 1712.0000, 105.0000,  0, 125, 0
L 473.0000, 1712.0000, 105.0000,  442.0000, 1723.0000, 137.0000,  0, 125, 0
L 442.0000, 1723.0000, 137.0000,  308.0000, 1709.0000, 198.0000,  0, 125, 0
L 308.0000, 1709.0000, 198.0000,  196.0000, 1685.0000, 156.0000,  0, 125, 0
L 196.0000, 1685.0000, 156.0000,  -122.0000, 1785.0000, 206.0000,  0, 125, 0
L -122.0000, 1785.0000, 206.0000,  -236.0000, 1772.0000, 186.0000,  0, 125, 0
L -236.0000, 1772.0000, 186.0000,  -388.0000, 1737.0000, 151.0000,  0, 125, 0
L -388.0000, 1737.0000, 151.0000,  -483.0000, 1720.0000, 54.0000,  0, 125, 0
L -483.0000, 1720.0000, 54.0000,  -491.0000, 1718.0000, 57.0000,  0, 125, 0
L -491.0000, 1718.0000, 57.0000,  -927.0000, 1684.0000, 138.0000,  0, 125, 0
L -927.0000, 1684.0000, 138.0000,  -1113.0000, 1665.0000, 8.0000,  0, 125, 0
L -1113.0000, 1665.0000, 8.0000,  -1273.0000, 1616.0000, 0.0000,  0, 125, 0
L -1273.0000, 1616.0000, 0.0000,  -1299.0000, 1573.0000, 24.0000,  0, 125, 0
L -1299.0000, 1573.0000, 24.0000,  -1326.0000, 1548.0000, 56.0000,  0, 125, 0
L -1326.0000, 1548.0000, 56.0000,  -1364.0000, 1512.0000, 95.0000,  0, 125, 0
L -1364.0000, 1512.0000, 95.0000,  -1420.0000, 1457.0000, 122.0000,  0, 125, 0
L -1420.0000, 1457.0000, 122.0000,  -1519.0000, 1367.0000, 69.0000,  0, 125, 0
L -1519.0000, 1367.0000, 69.0000,  -1613.0000, 1374.0000, 134.0000,  0, 125, 0
L -1613.0000, 1374.0000, 134.0000,  -1744.0000, 1403.0000, 163.0000,  0, 125, 0
L -1744.0000, 1403.0000, 163.0000,  -1804.0000, 1370.0000, 193.0000,  0, 125, 0
L -1804.0000, 1370.0000, 193.0000,  -1802.0000, 1256.0000, 219.0000,  0, 125, 0
L -1802.0000, 1256.0000, 219.0000,  -1794.0000, 1238.0000, 214.0000,  0, 125, 0
L -1755.0000, -29.0000, -40.0000,  -1754.0000, -29.0000, -40.0000,  64, 64, 64
L -1754.0000, -29.0000, -40.0000,  -1754.0000, -35.0000, -40.0000,  64, 64, 64
L -1754.0000, -35.0000, -40.0000,  -1776.0000, -35.0000, -39.0000,  64, 64, 64
L -1776.0000, -35.0000, -39.0000,  -1776.0000, -29.0000, -39.0000,  64, 64, 64
L -1775.0000, -29.0000, -39.0000,  -1776.0000, -29.0000, -39.0000,  64, 64, 64
L -1775.0000, -29.0000, -39.0000,  -1775.0000, 91.0000, -39.0000,  64, 64, 64
L -1775.0000, 91.0000, -39.0000,  -1997.0000, 91.0000, -39.0000,  64, 64, 64
L -1997.0000, 91.0000, -39.0000,  -1997.0000, -27.0000, -39.0000,  64, 64, 64
L -1997.0000, -27.0000, -39.0000,  -2137.0000, -27.0000, -39.0000,  64, 64, 64
L -2137.0000, -98.0000, -39.0000,  -1928.0000, -98.0000, -39.0000,  64, 64, 64
L -1928.0000, -98.0000, -39.0000,  -1928.0000, 32.0000, -39.0000,  64, 64, 64
L -1928.0000, 32.0000, -39.0000,  -1837.0000, 32.0000, -39.0000,  64, 64, 64
L -1837.0000, 32.0000, -39.0000,  -1837.0000, -88.0000, -39.0000,  64, 64, 64
L -1837.0000, -88.0000, -39.0000,  -1775.0000, -88.0000, -39.0000,  64, 64, 64
L -1775.0000, -88.0000, -39.0000,  -1775.0000, -77.0000, -39.0000,  64, 64, 64
L -1776.0000, -77.0000, -39.0000,  -1776.0000, -71.0000, -39.0000,  64, 64, 64
L -1776.0000, -71.0000, -38.0000,  -1753.0000, -71.0000, -38.0000,  64, 64, 64
L -1753.0000, -71.0000, -40.0000,  -1753.0000, -77.0000, -40.0000,  64, 64, 64
L -1755.0000, -77.0000, -39.0000,  -1753.0000, -77.0000, -39.0000,  64, 64, 64
L -1775.0000, -77.0000, -39.0000,  -1776.0000, -77.0000, -39.0000,  64, 64, 64
L -1883.0000, 32.0000, -39.0000,  -1883.0000, 91.0000, -39.0000,  125, 0, 200
L -398.0000, 1703.0000, 19.0000,  -400.0000, 1751.0000, -6.0000,  150, 100, 0
L -400.0000, 1751.0000, -6.0000,  -488.0000, 1751.0000, -30.0000,  150, 100, 0
L -488.0000, 1751.0000, -30.0000,  -489.0000, 1767.0000, -31.0000,  150, 100, 0
L -489.0000, 1767.0000, -31.0000,  -493.0000, 1775.0000, -31.0000,  150, 100, 0
L -493.0000, 1775.0000, -31.0000,  -500.0000, 1779.0000, -31.0000,  150, 100, 0
L -500.0000, 1779.0000, -31.0000,  -499.0000, 1883.0000, -29.0000,  150, 100, 0
L -499.0000, 1883.0000, -29.0000,  -489.0000, 1889.0000, -31.0000,  150, 100, 0
L -489.0000, 1889.0000, -31.0000,  -477.0000, 1900.0000, -31.0000,  150, 100, 0
L -477.0000, 1900.0000, -31.0000,  -399.0000, 1900.0000, -31.0000,  150, 100, 0
L -399.0000, 1900.0000, -31.0000,  -400.0000, 1950.0000, -31.0000,  150, 100, 0
L -400.0000, 1950.0000, -31.0000,  -350.0000, 1950.0000, -31.0000,  150, 100, 0
L -350.0000, 1950.0000, -31.0000,  -350.0000, 1900.0000, -31.0000,  150, 100, 0
L -350.0000, 1900.0000, -31.0000,  -304.0000, 1900.0000, -52.0000,  150, 100, 0
L -304.0000, 1900.0000, -52.0000,  -300.0000, 1901.0000, -56.0000,  150, 100, 0
L -300.0000, 1901.0000, -56.0000,  -300.0000, 1938.0000, -54.0000,  150, 100, 0
L -300.0000, 1938.0000, -54.0000,  -296.0000, 1937.0000, -55.0000,  150, 100, 0
L -296.0000, 1937.0000, -55.0000,  -290.0000, 1939.0000, -56.0000,  150, 100, 0
L -290.0000, 1939.0000, -56.0000,  -287.0000, 1944.0000, -56.0000,  150, 100, 0
L -287.0000, 1944.0000, -56.0000,  -286.0000, 1950.0000, -56.0000,  150, 100, 0
L -286.0000, 1950.0000, -56.0000,  -259.0000, 1950.0000, -56.0000,  150, 100, 0
L -259.0000, 1950.0000, -56.0000,  -260.0000, 1945.0000, -56.0000,  150, 100, 0
L -260.0000, 1945.0000, -56.0000,  -253.0000, 1938.0000, -56.0000,  150, 100, 0
L -253.0000, 1938.0000, -56.0000,  -250.0000, 1942.0000, -54.0000,  150, 100, 0
L -250.0000, 1942.0000, -54.0000,  -250.0000, 1910.0000, -54.0000,  150, 100, 0
L -250.0000, 1910.0000, -54.0000,  -255.0000, 1906.0000, -56.0000,  150, 100, 0
L -255.0000, 1906.0000, -56.0000,  -259.0000, 1900.0000, -56.0000,  150, 100, 0
L -259.0000, 1900.0000, -56.0000,  -262.0000, 1887.0000, -56.0000,  150, 100, 0
L -262.0000, 1887.0000, -56.0000,  -263.0000, 1878.0000, -56.0000,  150, 100, 0
L -263.0000, 1878.0000, -56.0000,  -262.0000, 1867.0000, -56.0000,  150, 100, 0
L -262.0000, 1867.0000, -56.0000,  -257.0000, 1862.0000, -56.0000,  150, 100, 0
L -257.0000, 1862.0000, -56.0000,  -250.0000, 1866.0000, -56.0000,  150, 100, 0
L -250.0000, 1866.0000, -56.0000,  -250.0000, 1821.0000, -56.0000,  150, 100, 0
L -250.0000, 1821.0000, -56.0000,  -255.0000, 1816.0000, -56.0000,  150, 100, 0
L -255.0000, 1816.0000, -56.0000,  -261.0000, 1807.0000, -55.0000,  150, 100, 0
L -261.0000, 1807.0000, -55.0000,  -263.0000, 1803.0000, -56.0000,  150, 100, 0
L -263.0000, 1803.0000, -56.0000,  -265.0000, 1801.0000, -56.0000,  150, 100, 0
L -265.0000, 1801.0000, -56.0000,  -290.0000, 1801.0000, -54.0000,  150, 100, 0
L -290.0000, 1801.0000, -54.0000,  -290.0000, 1808.0000, -56.0000,  150, 100, 0
L -290.0000, 1808.0000, -56.0000,  -293.0000, 1812.0000, -56.0000,  150, 100, 0
L -293.0000, 1812.0000, -56.0000,  -298.0000, 1814.0000, -56.0000,  150, 100, 0
L -298.0000, 1814.0000, -56.0000,  -300.0000, 1814.0000, -56.0000,  150, 100, 0
L -300.0000, 1814.0000, -56.0000,  -300.0000, 1851.0000, -56.0000,  150, 100, 0
L -300.0000, 1851.0000, -56.0000,  -370.0000, 1851.0000, -31.0000,  150, 100, 0
L -370.0000, 1851.0000, -31.0000,  -369.0000, 1853.0000, -30.0000,  150, 100, 0
L -369.0000, 1853.0000, -30.0000,  -372.0000, 1857.0000, -31.0000,  150, 100, 0
L -372.0000, 1857.0000, -31.0000,  -378.0000, 1860.0000, -31.0000,  150, 100, 0
L -378.0000, 1860.0000, -31.0000,  -382.0000, 1861.0000, -31.0000,  150, 100, 0
L -382.0000, 1861.0000, -31.0000,  -396.0000, 1862.0000, -31.0000,  150, 100, 0
L -396.0000, 1862.0000, -31.0000,  -410.0000, 1861.0000, -31.0000,  150, 100, 0
L -410.0000, 1861.0000, -31.0000,  -420.0000, 1857.0000, -31.0000,  150, 100, 0
L -420.0000, 1857.0000, -31.0000,  -422.0000, 1853.0000, -31.0000,  150, 100, 0
L -422.0000, 1853.0000, -31.0000,  -421.0000, 1851.0000, -31.0000,  150, 100, 0
L -421.0000, 1851.0000, -31.0000,  -450.0000, 1851.0000, -31.0000,  150, 100, 0
L -450.0000, 1851.0000, -31.0000,  -450.0000, 1800.0000, -31.0000,  150, 100, 0
L -450.0000, 1800.0000, -31.0000,  -359.0000, 1800.0000, -3.0000,  150, 100, 0
L -359.0000, 1800.0000, -3.0000,  -357.0000, 1793.0000, -3.0000,  150, 100, 0
L -357.0000, 1793.0000, -3.0000,  -353.0000, 1789.0000, -3.0000,  150, 100, 0
L -353.0000, 1789.0000, -3.0000,  -350.0000, 1785.0000, -6.0000,  150, 100, 0
L -350.0000, 1785.0000, -6.0000,  -350.0000, 1750.0000, -6.0000,  150, 100, 0
L -350.0000, 1750.0000, -6.0000,  -350.0000, 1712.0000, 14.0000,  150, 100, 0
L -1108.0000, 1629.0000, -38.0000,  -1105.0000, 1637.0000, -40.0000,  150, 100, 0
L -1105.0000, 1637.0000, -40.0000,  -1100.0000, 1643.0000, -39.0000,  150, 100, 0
L -1100.0000, 1643.0000, -39.0000,  -1098.0000, 1676.0000, -40.0000,  150, 100, 0
L -1098.0000, 1676.0000, -40.0000,  -1056.0000, 1676.0000, -40.0000,  150, 100, 0
L -1056.0000, 1676.0000, -40.0000,  -1054.0000, 1679.0000, -40.0000,  150, 100, 0
L -1054.0000, 1679.0000, -40.0000,  -1050.0000, 1679.0000, -40.0000,  150, 100, 0
L -1050.0000, 1679.0000, -40.0000,  -1050.0000, 1725.0000, -40.0000,  150, 100, 0
L -1050.0000, 1725.0000, -40.0000,  -954.0000, 1726.0000, -40.0000,  150, 100, 0
L -954.0000, 1726.0000, -40.0000,  -954.0000, 1728.0000, -40.0000,  150, 100, 0
L -954.0000, 1728.0000, -40.0000,  -950.0000, 1730.0000, -40.0000,  150, 100, 0
L -950.0000, 1730.0000, -40.0000,  -950.0000, 1825.0000, -40.0000,  150, 100, 0
L -950.0000, 1825.0000, -40.0000,  -876.0000, 1826.0000, -40.0000,  150, 100, 0
L -876.0000, 1826.0000, -40.0000,  -868.0000, 1834.0000, -40.0000,  150, 100, 0
L -868.0000, 1834.0000, -40.0000,  -859.0000, 1839.0000, -40.0000,  150, 100, 0
L -859.0000, 1839.0000, -40.0000,  -854.0000, 1846.0000, -40.0000,  150, 100, 0
L -854.0000, 1846.0000, -40.0000,  -850.0000, 1847.0000, -40.0000,  150, 100, 0
L -850.0000, 1847.0000, -40.0000,  -850.0000, 1925.0000, -40.0000,  150, 100, 0
L -850.0000, 1925.0000, -40.0000,  -948.0000, 1925.0000, -40.0000,  150, 100, 0
L -948.0000, 1925.0000, -40.0000,  -946.0000, 1918.0000, -40.0000,  150, 100, 0
L -946.0000, 1918.0000, -40.0000,  -947.0000, 1910.0000, -40.0000,  150, 100, 0
L -947.0000, 1910.0000, -40.0000,  -952.0000, 1903.0000, -40.0000,  150, 100, 0
L -952.0000, 1903.0000, -40.0000,  -958.0000, 1898.0000, -40.0000,  150, 100, 0
L -958.0000, 1898.0000, -40.0000,  -966.0000, 1894.0000, -40.0000,  150, 100, 0
L -966.0000, 1894.0000, -40.0000,  -975.0000, 1894.0000, -40.0000,  150, 100, 0
L -975.0000, 1894.0000, -40.0000,  -983.0000, 1897.0000, -40.0000,  150, 100, 0
L -983.0000, 1897.0000, -40.0000,  -987.0000, 1901.0000, -40.0000,  150, 100, 0
L -987.0000, 1901.0000, -40.0000,  -992.0000, 1908.0000, -40.0000,  150, 100, 0
L -992.0000, 1908.0000, -40.0000,  -993.0000, 1917.0000, -40.0000,  150, 100, 0
L -993.0000, 1917.0000, -40.0000,  -992.0000, 1925.0000, -40.0000,  150, 100, 0
L -992.0000, 1925.0000, -40.0000,  -1100.0000, 1925.0000, -40.0000,  150, 100, 0
L -1100.0000, 1925.0000, -40.0000,  -1100.0000, 1841.0000, -40.0000,  150, 100, 0
L -1100.0000, 1841.0000, -40.0000,  -1098.0000, 1842.0000, -37.0000,  150, 100, 0
L -1098.0000, 1842.0000, -37.0000,  -1091.0000, 1845.0000, -40.0000,  150, 100, 0
L -1091.0000, 1845.0000, -40.0000,  -1086.0000, 1842.0000, -40.0000,  150, 100, 0
L -1086.0000, 1842.0000, -40.0000,  -1084.0000, 1836.0000, -40.0000,  150, 100, 0
L -1084.0000, 1836.0000, -40.0000,  -1081.0000, 1833.0000, -40.0000,  150, 100, 0
L -1081.0000, 1833.0000, -40.0000,  -1084.0000, 1826.0000, -40.0000,  150, 100, 0
L -1084.0000, 1826.0000, -40.0000,  -1000.0000, 1826.0000, -40.0000,  150, 100, 0
L -1000.0000, 1826.0000, -40.0000,  -1000.0000, 1779.0000, -40.0000,  150, 100, 0
L -1000.0000, 1779.0000, -40.0000,  -998.0000, 1777.0000, -40.0000,  150, 100, 0
L -998.0000, 1777.0000, -40.0000,  -1002.0000, 1772.0000, -40.0000,  150, 100, 0
L -1002.0000, 1772.0000, -40.0000,  -1004.0000, 1775.0000, -40.0000,  150, 100, 0
L -1004.0000, 1775.0000, -40.0000,  -1092.0000, 1775.0000, -37.0000,  150, 100, 0
L -1092.0000, 1775.0000, -37.0000,  -1091.0000, 1770.0000, -40.0000,  150, 100, 0
L -1091.0000, 1770.0000, -40.0000,  -1095.0000, 1766.0000, -40.0000,  150, 100, 0
L -1095.0000, 1766.0000, -40.0000,  -1100.0000, 1766.0000, -40.0000,  150, 100, 0
L -1100.0000, 1766.0000, -40.0000,  -1100.0000, 1728.0000, -40.0000,  150, 100, 0
L -1100.0000, 1728.0000, -40.0000,  -1098.0000, 1726.0000, -40.0000,  150, 100, 0
L -1098.0000, 1726.0000, -40.0000,  -1102.0000, 1722.0000, -40.0000,  150, 100, 0
L -1102.0000, 1722.0000, -40.0000,  -1105.0000, 1725.0000, -40.0000,  150, 100, 0
L -1105.0000, 1725.0000, -40.0000,  -1140.0000, 1724.0000, -40.0000,  150, 100, 0
L -1140.0000, 1724.0000, -40.0000,  -1141.0000, 1722.0000, -40.0000,  150, 100, 0
L -1141.0000, 1722.0000, -40.0000,  -1146.0000, 1716.0000, -40.0000,  150, 100, 0
L -1146.0000, 1716.0000, -40.0000,  -1150.0000, 1718.0000, -38.0000,  150, 100, 0
L -1150.0000, 1718.0000, -38.0000,  -1149.0000, 1642.0000, -41.0000,  150, 100, 0
L 1225.0000, 1574.0000, 19.0000,  1249.0000, 1616.0000, 19.0000,  150, 100, 0
L 1249.0000, 1616.0000, 19.0000,  1257.0000, 1643.0000, 11.0000,  150, 100, 0
L 1257.0000, 1643.0000, 11.0000,  1251.0000, 1653.0000, 10.0000,  150, 100, 0
L 1251.0000, 1653.0000, 10.0000,  1239.0000, 1660.0000, 9.0000,  150, 100, 0
L 1239.0000, 1660.0000, 9.0000,  1226.0000, 1665.0000, 4.0000,  150, 100, 0
L 1226.0000, 1665.0000, 4.0000,  1193.0000, 1667.0000, 0.0000,  150, 100, 0
L 1193.0000, 1667.0000, 0.0000,  1154.0000, 1678.0000, -6.0000,  150, 100, 0
L 1154.0000, 1678.0000, -6.0000,  1115.0000, 1723.0000, -10.0000,  150, 100, 0
L 1115.0000, 1723.0000, -10.0000,  1108.0000, 1755.0000, -15.0000,  150, 100, 0
L 1108.0000, 1755.0000, -15.0000,  1105.0000, 1809.0000, -10.0000,  150, 100, 0
L 1105.0000, 1809.0000, -10.0000,  1115.0000, 1855.0000, -12.0000,  150, 100, 0
L 1115.0000, 1855.0000, -12.0000,  1144.0000, 1889.0000, -18.0000,  150, 100, 0
L 1144.0000, 1889.0000, -18.0000,  1193.0000, 1904.0000, -29.0000,  150, 100, 0
L 1193.0000, 1904.0000, -29.0000,  1230.0000, 1909.0000, -34.0000,  150, 100, 0
L 1230.0000, 1909.0000, -34.0000,  1263.0000, 1920.0000, -45.0000,  150, 100, 0
L 1263.0000, 1920.0000, -45.0000,  1276.0000, 1928.0000, -52.0000,  150, 100, 0
L 1276.0000, 1928.0000, -52.0000,  1292.0000, 1942.0000, -61.0000,  150, 100, 0
L 1292.0000, 1942.0000, -61.0000,  1301.0000, 1956.0000, -65.0000,  150, 100, 0
L 1301.0000, 1956.0000, -65.0000,  1304.0000, 1980.0000, -69.0000,  150, 100, 0
L 1304.0000, 1980.0000, -69.0000,  1304.0000, 2020.0000, -56.0000,  150, 100, 0
L 1304.0000, 2020.0000, -56.0000,  1304.0000, 2084.0000, -10.0000,  150, 100, 0
L 1304.0000, 2084.0000, -10.0000,  1304.0000, 2085.0000, -9.0000,  150, 100, 0
L 1372.0000, 2092.0000, -20.0000,  1373.0000, 2055.0000, -42.0000,  150, 100, 0
L 1373.0000, 2055.0000, -42.0000,  1374.0000, 2021.0000, -60.0000,  150, 100, 0
L 1374.0000, 2021.0000, -60.0000,  1374.0000, 1981.0000, -74.0000,  150, 100, 0
L 1374.0000, 1981.0000, -74.0000,  1370.0000, 1951.0000, -74.0000,  150, 100, 0
L 1370.0000, 1951.0000, -74.0000,  1356.0000, 1921.0000, -70.0000,  150, 100, 0
L 1356.0000, 1921.0000, -70.0000,  1341.0000, 1895.0000, -59.0000,  150, 100, 0
L 1341.0000, 1895.0000, -59.0000,  1318.0000, 1872.0000, -51.0000,  150, 100, 0
L 1318.0000, 1872.0000, -51.0000,  1286.0000, 1853.0000, -45.0000,  150, 100, 0
L 1286.0000, 1853.0000, -45.0000,  1238.0000, 1843.0000, -38.0000,  150, 100, 0
L 1238.0000, 1843.0000, -38.0000,  1199.0000, 1837.0000, -23.0000,  150, 100, 0
L 1199.0000, 1837.0000, -23.0000,  1177.0000, 1827.0000, -11.0000,  150, 100, 0
L 1177.0000, 1827.0000, -11.0000,  1172.0000, 1818.0000, -5.0000,  150, 100, 0
L 1172.0000, 1818.0000, -5.0000,  1170.0000, 1797.0000, -2.0000,  150, 100, 0
L 1170.0000, 1797.0000, -2.0000,  1173.0000, 1744.0000, -2.0000,  150, 100, 0
L 1173.0000, 1744.0000, -2.0000,  1195.0000, 1724.0000, -2.0000,  150, 100, 0
L 1195.0000, 1724.0000, -2.0000,  1226.0000, 1729.0000, 8.0000,  150, 100, 0
L 1226.0000, 1729.0000, 8.0000,  1261.0000, 1721.0000, 22.0000,  150, 100, 0
L 1261.0000, 1721.0000, 22.0000,  1285.0000, 1702.0000, 16.0000,  150, 100, 0
L 1285.0000, 1702.0000, 16.0000,  1306.0000, 1681.0000, 22.0000,  150, 100, 0
L 1306.0000, 1681.0000, 22.0000,  1318.0000, 1646.0000, 30.0000,  150, 100, 0
L 1318.0000, 1646.0000, 30.0000,  1315.0000, 1610.0000, 33.0000,  150, 100, 0
L 1315.0000, 1610.0000, 33.0000,  1300.0000, 1582.0000, 36.0000,  150, 100, 0
L 1300.0000, 1582.0000, 36.0000,  1281.0000, 1559.0000, 39.0000,  150, 100, 0
L 1281.0000, 1559.0000, 39.0000,  1263.0000, 1548.0000, 33.0000,  150, 100, 0
L 1263.0000, 1548.0000, 33.0000,  1246.0000, 1534.0000, 26.0000,  150, 100, 0
L 1172.0000, 1799.0000, 0.0000,  1104.0000, 1799.0000, -9.0000,  150, 0, 200
L 1048.0000, -528.0000, 12.0000,  1049.0000, -476.0000, 55.0000,  64, 64, 64
L 1049.0000, -476.0000, 55.0000,  1024.0000, -474.0000, 39.0000,  64, 64, 64
L 1024.0000, -474.0000, 39.0000,  1023.0000, -446.0000, 68.0000,  64, 64, 64
L 1023.0000, -446.0000, 68.0000,  1023.0000, -401.0000, 105.0000,  64, 64, 64
L 1023.0000, -401.0000, 105.0000,  1064.0000, -398.0000, 151.0000,  64, 64, 64
L 1064.0000, -398.0000, 151.0000,  1085.0000, -398.0000, 168.0000,  64, 64, 64
L 1085.0000, -398.0000, 168.0000,  1101.0000, -398.0000, 179.0000,  64, 64, 64
L 1101.0000, -398.0000, 179.0000,  1101.0000, -423.0000, 175.0000,  64, 64, 64
L 1101.0000, -423.0000, 175.0000,  1179.0000, -423.0000, 205.0000,  64, 64, 64
L 1179.0000, -423.0000, 205.0000,  1262.0000, -423.0000, 176.0000,  64, 64, 64
L 1262.0000, -423.0000, 176.0000,  1299.0000, -423.0000, 129.0000,  64, 64, 64
L 1299.0000, -423.0000, 129.0000,  1299.0000, -399.0000, 99.0000,  64, 64, 64
L 1299.0000, -399.0000, 99.0000,  1377.0000, -398.0000, 55.0000,  64, 64, 64
L 1377.0000, -398.0000, 56.0000,  1376.0000, -475.0000, 103.0000,  64, 64, 64
L 1376.0000, -475.0000, 103.0000,  1388.0000, -481.0000, 103.0000,  64, 64, 64
L 1388.0000, -481.0000, 103.0000,  1422.0000, -504.0000, 108.0000,  64, 64, 64
L 1422.0000, -504.0000, 108.0000,  1444.0000, -537.0000, 125.0000,  64, 64, 64
L 1444.0000, -537.0000, 125.0000,  1451.0000, -574.0000, 152.0000,  64, 64, 64
L 1451.0000, -574.0000, 152.0000,  1444.0000, -611.0000, 194.0000,  64, 64, 64
L 1444.0000, -611.0000, 194.0000,  1420.0000, -648.0000, 224.0000,  64, 64, 64
L 1420.0000, -648.0000, 224.0000,  1385.0000, -670.0000, 242.0000,  64, 64, 64
L 1385.0000, -670.0000, 242.0000,  1378.0000, -671.0000, 243.0000,  64, 64, 64
L 1378.0000, -671.0000, 243.0000,  1376.0000, -751.0000, 227.0000,  64, 64, 64
L 1376.0000, -751.0000, 227.0000,  1327.0000, -751.0000, 222.0000,  64, 64, 64
L 1327.0000, -751.0000, 222.0000,  1299.0000, -751.0000, 210.0000,  64, 64, 64
L 1299.0000, -751.0000, 210.0000,  1299.0000, -726.0000, 236.0000,  64, 64, 64
L 1299.0000, -726.0000, 236.0000,  1266.0000, -726.0000, 229.0000,  64, 64, 64
L 1266.0000, -726.0000, 229.0000,  1212.0000, -726.0000, 199.0000,  64, 64, 64
L 1212.0000, -726.0000, 199.0000,  1163.0000, -726.0000, 156.0000,  64, 64, 64
L 1163.0000, -726.0000, 156.0000,  1128.0000, -726.0000, 133.0000,  64, 64, 64
L 1128.0000, -726.0000, 133.0000,  1102.0000, -726.0000, 94.0000,  64, 64, 64
L 1102.0000, -726.0000, 94.0000,  1101.0000, -751.0000, 84.0000,  64, 64, 64
L 1101.0000, -751.0000, 84.0000,  1023.0000, -751.0000, 2.0000,  64, 64, 64
L 1023.0000, -751.0000, 2.0000,  1024.0000, -674.0000, 19.0000,  64, 64, 64
L 1024.0000, -674.0000, 19.0000,  1049.0000, -673.0000, 40.0000,  64, 64, 64
L 1049.0000, -673.0000, 40.0000,  1048.0000, -646.0000, 52.0000,  64, 64, 64
L 1048.0000, -646.0000, 52.0000,  1048.0000, -550.0000, 13.0000,  64, 64, 64
L 1048.0000, -550.0000, 13.0000,  1065.0000, -550.0000, 14.0000,  64, 64, 64
L 1065.0000, -550.0000, 14.0000,  1065.0000, -663.0000, 14.0000,  64, 64, 64
L 1065.0000, -663.0000, 14.0000,  1250.0000, -663.0000, 14.0000,  64, 64, 64
L 1305.0000, -486.0000, 14.0000,  1065.0000, -486.0000, 14.0000,  64, 64, 64
L 1065.0000, -486.0000, 14.0000,  1065.0000, -528.0000, 14.0000,  64, 64, 64
L 1048.0000, -528.0000, 14.0000,  1065.0000, -528.0000, 14.0000,  64, 64, 64
L 1305.0000, -574.0000, 12.0000,  1305.0000, -486.0000, 12.0000,  64, 64, 64
L 1250.0000, -663.0000, 12.0000,  1250.0000, -575.0000, 12.0000,  64, 64, 64
L 1305.0000, -563.0000, 12.0000,  1253.0000, -563.0000, 12.0000,  64, 64, 64
L 1253.0000, -563.0000, 12.0000,  1251.0000, -565.0000, 12.0000,  64, 64, 64
L 1251.0000, -565.0000, 12.0000,  1251.0000, -575.0000, 12.0000,  64, 64, 64
L 1305.0000, -571.0000, 16.0000,  1258.0000, -571.0000, 16.0000,  64, 64, 64
L 1258.0000, -571.0000, 16.0000,  1255.0000, -574.0000, 16.0000,  64, 64, 64
L 1305.0000, -574.0000, 18.0000,  1250.0000, -575.0000, 12.0000,  64, 64, 64
L 1305.0000, -567.0000, 14.0000,  1255.0000, -567.0000, 14.0000,  64, 64, 64
L 1255.0000, -567.0000, 14.0000,  1253.0000, -569.0000, 14.0000,  64, 64, 64
L 1253.0000, -569.0000, 14.0000,  1253.0000, -574.0000, 14.0000,  64, 64, 64
L 1305.0000, -574.0000, 18.0000,  1309.0000, -593.0000, 34.0000,  64, 64, 64
L 1309.0000, -593.0000, 34.0000,  1318.0000, -607.0000, 44.0000,  64, 64, 64
L 1318.0000, -607.0000, 44.0000,  1333.0000, -617.0000, 54.0000,  64, 64, 64
L 1333.0000, -617.0000, 54.0000,  1349.0000, -620.0000, 63.0000,  64, 64, 64
L 1349.0000, -620.0000, 63.0000,  1367.0000, -617.0000, 74.0000,  64, 64, 64
L 1367.0000, -617.0000, 74.0000,  1383.0000, -606.0000, 85.0000,  64, 64, 64
L 1383.0000, -606.0000, 85.0000,  1392.0000, -593.0000, 93.0000,  64, 64, 64
L 1392.0000, -593.0000, 93.0000,  1395.0000, -574.0000, 104.0000,  64, 64, 64
L 1395.0000, -574.0000, 104.0000,  1393.0000, -558.0000, 113.0000,  64, 64, 64
L 1393.0000, -558.0000, 113.0000,  1383.0000, -543.0000, 124.0000,  64, 64, 64
L 1383.0000, -543.0000, 124.0000,  1367.0000, -533.0000, 134.0000,  64, 64, 64
L 1367.0000, -533.0000, 134.0000,  1350.0000, -530.0000, 144.0000,  64, 64, 64
L 1321.0000, -485.0000, 140.0000,  1349.0000, -485.0000, 140.0000,  64, 64, 64
L 1349.0000, -485.0000, 140.0000,  1384.0000, -492.0000, 130.0000,  64, 64, 64
L 1384.0000, -492.0000, 130.0000,  1413.0000, -511.0000, 120.0000,  64, 64, 64
L 1413.0000, -511.0000, 120.0000,  1433.0000, -541.0000, 110.0000,  64, 64, 64
L 1433.0000, -541.0000, 110.0000,  1440.0000, -575.0000, 100.0000,  64, 64, 64
L 1440.0000, -575.0000, 100.0000,  1433.0000, -609.0000, 90.0000,  64, 64, 64
L 1433.0000, -609.0000, 90.0000,  1413.0000, -639.0000, 80.0000,  64, 64, 64
L 1413.0000, -639.0000, 80.0000,  1384.0000, -658.0000, 70.0000,  64, 64, 64
L 1384.0000, -658.0000, 70.0000,  1350.0000, -664.0000, 60.0000,  64, 64, 64
L 1350.0000, -664.0000, 60.0000,  1316.0000, -657.0000, 50.0000,  64, 64, 64
L 1316.0000, -657.0000, 50.0000,  1287.0000, -638.0000, 40.0000,  64, 64, 64
L 1287.0000, -638.0000, 40.0000,  1267.0000, -608.0000, 29.0000,  64, 64, 64
L 1267.0000, -608.0000, 29.0000,  1260.0000, -574.0000, 18.0000,  64, 64, 64
L 1080.0000, -514.0000, 140.0000,  1321.0000, -514.0000, 140.0000,  64, 64, 64
L 1134.0000, -485.0000, 252.0000,  1134.0000, -514.0000, 252.0000,  64, 64, 64
L 1137.0000, -485.0000, 250.0000,  1137.0000, -514.0000, 250.0000,  64, 64, 64
L 1141.0000, -485.0000, 248.0000,  1141.0000, -514.0000, 248.0000,  64, 64, 64
L 1144.0000, -485.0000, 246.0000,  1144.0000, -514.0000, 246.0000,  64, 64, 64
L 1147.0000, -485.0000, 244.0000,  1147.0000, -514.0000, 244.0000,  64, 64, 64
L 1151.0000, -485.0000, 242.0000,  1151.0000, -514.0000, 242.0000,  64, 64, 64
L 1154.0000, -485.0000, 240.0000,  1154.0000, -514.0000, 240.0000,  64, 64, 64
L 1157.0000, -485.0000, 238.0000,  1157.0000, -514.0000, 238.0000,  64, 64, 64
L 1161.0000, -485.0000, 236.0000,  1161.0000, -514.0000, 236.0000,  64, 64, 64
L 1164.0000, -485.0000, 234.0000,  1164.0000, -514.0000, 234.0000,  64, 64, 64
L 1167.0000, -485.0000, 232.0000,  1167.0000, -514.0000, 232.0000,  64, 64, 64
L 1171.0000, -485.0000, 230.0000,  1171.0000, -514.0000, 230.0000,  64, 64, 64
L 1174.0000, -485.0000, 228.0000,  1174.0000, -514.0000, 228.0000,  64, 64, 64
L 1177.0000, -485.0000, 226.0000,  1177.0000, -514.0000, 226.0000,  64, 64, 64
L 1181.0000, -485.0000, 224.0000,  1181.0000, -514.0000, 224.0000,  64, 64, 64
L 1184.0000, -485.0000, 222.0000,  1184.0000, -514.0000, 222.0000,  64, 64, 64
L 1187.0000, -485.0000, 220.0000,  1187.0000, -514.0000, 220.0000,  64, 64, 64
L 1191.0000, -485.0000, 218.0000,  1191.0000, -514.0000, 218.0000,  64, 64, 64
L 1194.0000, -485.0000, 216.0000,  1194.0000, -514.0000, 216.0000,  64, 64, 64
L 1197.0000, -485.0000, 214.0000,  1197.0000, -514.0000, 214.0000,  64, 64, 64
L 1201.0000, -485.0000, 212.0000,  1201.0000, -514.0000, 212.0000,  64, 64, 64
L 1204.0000, -485.0000, 210.0000,  1204.0000, -514.0000, 208.0000,  64, 64, 64
L 1321.0000, -485.0000, 140.0000,  1134.0000, -485.0000, 253.0000,  64, 64, 64
L 1207.0000, -485.0000, 208.0000,  1207.0000, -514.0000, 208.0000,  64, 64, 64
L 1211.0000, -485.0000, 206.0000,  1211.0000, -514.0000, 206.0000,  64, 64, 64
L 1214.0000, -485.0000, 204.0000,  1214.0000, -514.0000, 204.0000,  64, 64, 64
L 1217.0000, -485.0000, 202.0000,  1217.0000, -514.0000, 202.0000,  64, 64, 64
L 1221.0000, -485.0000, 200.0000,  1221.0000, -514.0000, 200.0000,  64, 64, 64
L 1224.0000, -485.0000, 198.0000,  1224.0000, -514.0000, 198.0000,  64, 64, 64
L 1227.0000, -485.0000, 196.0000,  1227.0000, -514.0000, 196.0000,  64, 64, 64
L 1231.0000, -485.0000, 194.0000,  1231.0000, -514.0000, 194.0000,  64, 64, 64
L 1234.0000, -485.0000, 192.0000,  1234.0000, -514.0000, 192.0000,  64, 64, 64
L 1237.0000, -485.0000, 190.0000,  1237.0000, -514.0000, 190.0000,  64, 64, 64
L 1241.0000, -485.0000, 188.0000,  1241.0000, -514.0000, 188.0000,  64, 64, 64
L 1244.0000, -485.0000, 186.0000,  1244.0000, -514.0000, 186.0000,  64, 64, 64
L 1247.0000, -485.0000, 184.0000,  1247.0000, -514.0000, 184.0000,  64, 64, 64
L 1251.0000, -485.0000, 182.0000,  1251.0000, -514.0000, 182.0000,  64, 64, 64
L 1254.0000, -485.0000, 180.0000,  1254.0000, -514.0000, 180.0000,  64, 64, 64
L 1257.0000, -485.0000, 178.0000,  1257.0000, -514.0000, 178.0000,  64, 64, 64
L 1261.0000, -485.0000, 176.0000,  1261.0000, -514.0000, 176.0000,  64, 64, 64
L 1264.0000, -485.0000, 174.0000,  1264.0000, -514.0000, 174.0000,  64, 64, 64
L 1267.0000, -485.0000, 172.0000,  1267.0000, -514.0000, 172.0000,  64, 64, 64
L 1271.0000, -485.0000, 170.0000,  1271.0000, -514.0000, 170.0000,  64, 64, 64
L 1274.0000, -485.0000, 168.0000,  1274.0000, -514.0000, 168.0000,  64, 64, 64
L 1277.0000, -485.0000, 166.0000,  1277.0000, -514.0000, 166.0000,  64, 64, 64
L 1281.0000, -485.0000, 164.0000,  1281.0000, -514.0000, 164.0000,  64, 64, 64
L 1284.0000, -485.0000, 162.0000,  1284.0000, -514.0000, 162.0000,  64, 64, 64
L 1287.0000, -485.0000, 160.0000,  1287.0000, -514.0000, 160.0000,  64, 64, 64
L 1291.0000, -485.0000, 158.0000,  1291.0000, -514.0000, 158.0000,  64, 64, 64
L 1294.0000, -485.0000, 156.0000,  1294.0000, -514.0000, 156.0000,  64, 64, 64
L 1297.0000, -485.0000, 154.0000,  1297.0000, -514.0000, 154.0000,  64, 64, 64
L 1301.0000, -485.0000, 152.0000,  1301.0000, -514.0000, 152.0000,  64, 64, 64
L 1304.0000, -485.0000, 150.0000,  1304.0000, -514.0000, 150.0000,  64, 64, 64
L 1307.0000, -485.0000, 148.0000,  1307.0000, -514.0000, 148.0000,  64, 64, 64
L 1311.0000, -485.0000, 146.0000,  1311.0000, -514.0000, 146.0000,  64, 64, 64
L 1314.0000, -485.0000, 144.0000,  1314.0000, -514.0000, 144.0000,  64, 64, 64
L 1317.0000, -485.0000, 142.0000,  1317.0000, -514.0000, 142.0000,  64, 64, 64
L 1321.0000, -485.0000, 140.0000,  1321.0000, -514.0000, 140.0000,  64, 64, 64
L 1134.0000, -485.0000, 253.0000,  1080.0000, -485.0000, 254.0000,  64, 64, 64
L 1080.0000, -485.0000, 254.0000,  1080.0000, -514.0000, 254.0000,  64, 64, 64
L 1080.0000, -514.0000, 254.0000,  1080.0000, -632.0000, 312.0000,  64, 64, 64
L 1080.0000, -632.0000, 312.0000,  1080.0000, -665.0000, 314.0000,  64, 64, 64
L 1080.0000, -665.0000, 314.0000,  1343.0000, -665.0000, 313.0000,  64, 64, 64
L 1343.0000, -665.0000, 313.0000,  1343.0000, -651.0000, 313.0000,  64, 64, 64
