P 91.7691, 34.8476, 5.5755,  0, 0, 240,  2,  Bloody_Kithicor
P -2.0812, -13.9265, 2.0000,  240, 0, 0,  2,  Zebuxoruk
P -142.9275, 195.9572, -61.6032,  240, 0, 120,  2,  Discord
P -156.9253, 113.1744, -61.6034,  240, 0, 120,  2,  Portal_4
P -86.9326, 54.0413, 2.2443,  240, 0, 120,  2,  Portal_4
P -310.7946, -82.0555, -25.3368,  0, 127, 0,  2,  Bloodfields
P -33.9571, -111.6651, 4.4594,  240, 240, 0,  2,  Portal_2
P -60.0759, -206.6848, 38.3047,  240, 240, 0,  2,  Portal_2
P 149.5848, -185.6688, -8.9535,  240, 127, 0,  2,  Portal_1
P 58.3613, -104.8055, 2.9630,  240, 127, 0,  2,  Portal_1
P -173.7275, -94.3185, -23.8723,  0, 127, 0,  2,  Portal_3
P -80.7204, -56.3046, 1.8202,  0, 127, 0,  2,  Portal_3
P -272.1549, 149.8789, -61.6203,  240, 0, 120,  2,  Toskirakk
P 87.9631, 172.0181, 27.6504,  0, 0, 240,  2,  Plane_of_Time
P -143.0000, 197.0000, -61.0000,  0, 0, 255,  2,  Heart_of_Discord
P -267.0000, 150.0000, -61.0000,  0, 0, 255,  2,  Toskirakk
P -312.0000, -82.0000, -23.0000,  0, 0, 255,  2,  Kuua
P 283.0000, -181.0000, -8.0000,  0, 0, 255,  2,  Field_of_Scale
P 91.0000, 35.0000, 9.0000,  0, 0, 255,  2,  Kithicor
P 85.0000, 170.0000, 30.0000,  0, 0, 255,  2,  Time
P -307.1292, -88.2152, -25.4716,  0, 0, 0,  3,  Bloodfields
P -34.5078, 10.5856, -3.6016,  0, 0, 0,  3,  Zeboxruk
P -223.2576, 170.1683, -66.6700,  0, 0, 0,  3,  Korafax_and_Toskirakk
P 82.0629, 29.8541, 5.5423,  0, 0, 0,  3,  Bloody_Kithicor
P -86.0000, -333.0000, 36.6813,  0, 0, 0,  3,  Oceangreen_Hills
P 79.0000, 158.0000, 26.7575,  0, 0, 0,  3,  Plane_of_Time
