P 0.0000, 0.0000, 0.0000,  0, 0, 0,  1,  Œãßwœš€r
P -162.0125, -399.1666, 60.9259,  0, 127, 0,  1,  Keega
P -65.5337, -299.6646, 60.9259,  240, 0, 0,  1,  Karivei_Skyflare_(Quest)
P -95.4722, -314.1549, 60.9259,  240, 0, 0,  1,  Lilith_(Mission
P 236.8172, 434.0040, 62.3018,  240, 0, 0,  1,  Galo_Maricwoman_(Quest)
P 187.6683, -206.3096, 60.9259,  240, 0, 0,  1,  a_Listless_Madwoman_(Quest)
P 236.8172, 434.0040, 62.3018,  0, 127, 0,  1,  Galo_Maric
P -686.1801, -542.9292, 56.5186,  240, 0, 0,  1,  Elard_Velsorn_(Mission)
P -789.0000, -550.0000, 57.0469,  0, 240, 0,  1,  Alkabor's_nightmare
P 1095.4596, -869.1996, 126.4939,  0, 240, 0,  1,  Morell's_Castle
P -855.9413, -171.2995, 64.6529,  0, 240, 0,  1,  Miragul's_Nightmare
P 1339.6919, -283.9799, 57.3210,  0, 127, 0,  1,  Switches
P 336.6125, 244.1414, 65.5227,  0, 240, 0,  1,  Fear_Itself
P 79.8020, -305.2058, 62.6895,  240, 0, 0,  1,  Andrea_MacDonnal_(Quest)
P 134.1123, -385.0316, 62.6888,  240, 0, 0,  1,  Abbit_Scribbletch_(Quest)
