P 0.0000, 0.0000, 0.0000,  0, 0, 0,  1,  lãswI¢Ÿq
P -256.2162, -15.6393, 4.5281,  0, 127, 0,  1,  Exp_on_Theology
P 128.5411, -656.0083, 16.9083,  0, 127, 0,  1,  Smooth_Sailing
P 458.4428, -348.3783, -45.5509,  0, 127, 0,  1,  Gen_Kunark_Wildlife
P 226.4761, -263.0479, 18.0893,  0, 127, 0,  1,  Nor.__Underground
P 3.0036, 331.4257, 0.2416,  0, 240, 0,  1,  Feerrott
P 45.8079, 338.6063, 0.0294,  240, 0, 0,  1,  Liss_(Raid)
P 393.3455, 336.3946, 7.5713,  240, 0, 0,  1,  Lady_Caroline_of_Thex_(Epic_Memories)
P 742.2618, -695.2397, -64.1762,  0, 127, 0,  1,  Torian
P -35.6326, -208.4253, 12.2808,  240, 0, 0,  1,  The_Butler_(Raid)
P 56.4517, -570.0980, 12.2808,  0, 127, 0,  1,  Fake_Wall
P 125.5485, -774.2565, 12.2808,  0, 240, 0,  1,  Grounds
P 189.1865, -641.1772, 12.2808,  0, 127, 0,  1,  Gumbor
P 264.7751, -543.0466, 12.2808,  0, 240, 0,  1,  Erudin_Burning
P 395.0341, -512.6783, 12.2809,  0, 127, 0,  1,  korlof
P -39.0827, 292.5966, 0.0610,  240, 0, 0,  1,  Groot_(Quest)
P 33.1034, 295.9138, 0.0224,  240, 0, 0,  1,  Ruppoc_Rockjumper_(Quest)
P 222.0911, 134.3843, 5.0427,  0, 127, 0,  1,  Alboct_Vinn
P 41.2663, -211.1165, 12.2808,  240, 0, 0,  1,  Researcher_Breoro_(Mission)
P -61.5746, -499.5086, 12.2808,  0, 127, 0,  1,  Laerdin_Helleh
P 39.8056, -304.3398, 12.2808,  0, 127, 0,  1,  Krantz
P -77.3697, -381.3876, 61.1898,  0, 240, 0,  1,  HoT_Upper
P 82.3643, -386.3347, 60.1375,  0, 240, 0,  1,  HoT_Upper
P -316.2940, -582.8140, 12.2808,  0, 240, 0,  1,  Zone_to_Library
P -246.4676, -500.4917, 12.2808,  0, 127, 0,  1,  Huorun
P 13.3011, -257.8293, 12.2808,  240, 0, 0,  1,  Elben_(Lore)
