L 109.6729, -114.8018, 83.3005,  109.6790, -97.8369, 87.0097,  0, 0, 0
L 122.0680, -114.8031, 83.2991,  122.0595, -97.8375, 86.8247,  0, 0, 0
L 122.0617, -102.2668, 88.0237,  109.6774, -102.2708, 88.0237,  240, 240, 0
L 174.3692, -54.2236, 88.0234,  166.3409, -54.1907, 88.0233,  240, 240, 0
L 122.0595, -97.8375, 88.0243,  122.8169, -97.8374, 88.0243,  0, 0, 0
L 122.8169, -97.8374, 88.0244,  122.8128, -83.3695, 88.0247,  0, 0, 0
L 108.9215, -97.8348, 88.0209,  108.9281, -67.4753, 88.0225,  0, 0, 0
L 108.9215, -97.8348, 88.0209,  109.6790, -97.8369, 88.0213,  0, 0, 0
L 109.8827, -96.3078, 88.0215,  109.8827, -96.3078, 88.0215,  0, 0, 0
L 109.8827, -96.3078, 88.0215,  109.8827, -96.3078, 88.0215,  0, 0, 0
L 109.8827, -96.3078, 88.0215,  109.8827, -96.3078, 88.0215,  0, 0, 0
L 109.8827, -96.3078, 88.0215,  109.8827, -96.3078, 88.0215,  0, 0, 0
L 109.8827, -96.3078, 88.0215,  109.8827, -96.3078, 88.0215,  0, 0, 0
L 109.8827, -96.3078, 88.0215,  109.8827, -96.3078, 88.0215,  0, 0, 0
L 109.8827, -96.3078, 88.0215,  109.8827, -96.3078, 88.0215,  0, 0, 0
L 109.8827, -96.3078, 88.0215,  109.8827, -96.3078, 88.0215,  0, 0, 0
L 108.9281, -67.4753, 88.0281,  163.4152, -67.4898, 88.0282,  0, 0, 0
L 112.4991, -67.4774, 88.0281,  112.4991, -67.4774, 88.0281,  0, 0, 0
L 122.8128, -83.3695, 88.0279,  178.3055, -83.3714, 88.0280,  0, 0, 0
L 137.9210, -83.3700, 88.0280,  137.9210, -83.3700, 88.0280,  0, 0, 0
L 178.3055, -83.3714, 88.0204,  178.3079, -58.6586, 88.0204,  0, 0, 0
L 178.3064, -73.9587, 88.0204,  178.3064, -73.9587, 88.0204,  0, 0, 0
L 163.4090, -58.6559, 88.0238,  163.4152, -67.4898, 88.0242,  0, 0, 0
L 162.8249, -69.4597, 88.0215,  162.8249, -69.4597, 88.0215,  0, 0, 0
L 166.5054, -58.6560, 88.0227,  166.4995, -49.4838, 88.0235,  0, 0, 0
L 174.2050, -49.4638, 88.0236,  174.2125, -58.6534, 88.0227,  0, 0, 0
L 174.2125, -58.6534, 88.0209,  178.3079, -58.6586, 88.0208,  0, 0, 0
L 166.5054, -58.6560, 88.0238,  163.4090, -58.6559, 88.0238,  0, 0, 0
L 167.4598, -61.9018, 88.0237,  167.4598, -61.9018, 88.0237,  0, 0, 0
L 167.4598, -61.9018, 88.0237,  167.4598, -61.9018, 88.0237,  0, 0, 0
L 167.4598, -61.9018, 88.0237,  167.4598, -61.9018, 88.0237,  0, 0, 0
L 167.4598, -61.9018, 88.0237,  167.4598, -61.9018, 88.0237,  0, 0, 0
L 166.4995, -49.4838, 88.0244,  134.7555, -49.4082, 88.0241,  0, 0, 0
L 158.5773, -49.4649, 88.0241,  158.5773, -49.4649, 88.0241,  0, 0, 0
L 174.2050, -49.4638, 88.0243,  206.2260, -49.4681, 88.0252,  0, 0, 0
L 174.3676, -46.6901, 88.0244,  174.3676, -46.6901, 88.0244,  0, 0, 0
L 182.1264, -30.0285, 88.0243,  158.5831, -30.0301, 88.0231,  0, 0, 0
L 134.7555, -49.4082, 88.0252,  134.7825, -19.2302, 88.0254,  0, 0, 0
L 134.7655, -38.1408, 88.0254,  134.7655, -38.1408, 88.0254,  0, 0, 0
L 158.5831, -30.0301, 88.0233,  158.5793, -17.7639, 88.0236,  0, 0, 0
L 182.1264, -30.0285, 88.0237,  182.1264, -17.8074, 88.0241,  0, 0, 0
L 176.9068, -36.3634, 88.0247,  176.9068, -36.3634, 88.0247,  0, 0, 0
L 176.9068, -36.3634, 88.0247,  176.9068, -36.3634, 88.0247,  0, 0, 0
L 206.2260, -49.4681, 88.0256,  206.1811, -18.7625, 88.0254,  0, 0, 0
L 202.1316, -41.6015, 88.0245,  202.1316, -41.6015, 88.0245,  0, 0, 0
L 134.7825, -19.2302, 88.0234,  119.3708, -15.1149, 88.0231,  0, 0, 0
L 119.3708, -15.1149, 88.0231,  106.8695, -6.7534, 88.0230,  0, 0, 0
L 106.8695, -6.7534, 88.0230,  98.0375, 5.4354, 88.0229,  0, 0, 0
L 98.0375, 5.4354, 88.0226,  111.5805, 5.4327, 88.0236,  0, 0, 0
L 107.9168, -4.4295, 88.0228,  107.9168, -4.4295, 88.0228,  0, 0, 0
L 107.9168, -4.4295, 88.0228,  107.9168, -4.4295, 88.0228,  0, 0, 0
L 206.1811, -18.7625, 88.0247,  221.3941, -15.0826, 88.0254,  0, 0, 0
L 221.3941, -15.0826, 88.0254,  233.8764, -6.7198, 88.0242,  0, 0, 0
L 233.8764, -6.7198, 88.0242,  242.6573, 5.4349, 88.0246,  0, 0, 0
L 242.6573, 5.4349, 88.0246,  228.4956, 5.4339, 88.0240,  0, 0, 0
L 233.2240, 0.8412, 88.0242,  233.2240, 0.8412, 88.0242,  0, 0, 0
L 233.2240, 0.8412, 88.0242,  233.2240, 0.8412, 88.0242,  0, 0, 0
L 228.4956, 5.4339, 88.0255,  228.4762, 35.6436, 88.0253,  0, 0, 0
L 228.0975, 9.5096, 88.0239,  228.0975, 9.5096, 88.0239,  0, 0, 0
L 228.4762, 35.6436, 88.0248,  242.7235, 35.6429, 88.0242,  0, 0, 0
L 237.7066, 35.6449, 88.0252,  237.7066, 35.6449, 88.0252,  0, 0, 0
L 242.7235, 35.6429, 88.0245,  233.8756, 47.8152, 88.0241,  0, 0, 0
L 233.8756, 47.8152, 88.0241,  221.3600, 56.1690, 88.0250,  0, 0, 0
L 221.3600, 56.1690, 88.0250,  206.1955, 59.7977, 88.0244,  0, 0, 0
L 230.4046, 50.7433, 88.0247,  230.4046, 50.7433, 88.0247,  0, 0, 0
L 206.1955, 59.7977, 88.0252,  206.1808, 90.7053, 88.0261,  0, 0, 0
L 206.1900, 71.4189, 88.0261,  206.1900, 71.4189, 88.0261,  0, 0, 0
L 206.1808, 90.7053, 88.0256,  175.3224, 90.6632, 88.0236,  0, 0, 0
L 195.0898, 90.6902, 88.0236,  195.0898, 90.6902, 88.0236,  0, 0, 0
L 175.3224, 90.6632, 88.7679,  175.3243, 94.1982, 88.7773,  0, 0, 0
L 175.3243, 94.1982, 88.7773,  165.3429, 94.1984, 88.7766,  0, 0, 0
L 165.3429, 94.1984, 88.7766,  165.3443, 90.6915, 88.7678,  0, 0, 0
L 179.1647, 89.8366, 88.0244,  179.1647, 89.8366, 88.0244,  0, 0, 0
L 165.3443, 90.6915, 88.0242,  134.7394, 90.6873, 88.0252,  0, 0, 0
L 159.9369, 90.6955, 88.0245,  159.9369, 90.6955, 88.0245,  0, 0, 0
L 158.5832, 71.1238, 88.0229,  182.1255, 71.1277, 88.0241,  0, 0, 0
L 182.1255, 71.1277, 88.0211,  182.1297, 58.9038, 88.0214,  0, 0, 0
L 178.1788, 77.6341, 88.0247,  178.1788, 77.6341, 88.0247,  0, 0, 0
L 134.7394, 90.6873, 88.0251,  134.8351, 59.8665, 88.0253,  0, 0, 0
L 137.2703, 87.4899, 88.0230,  137.2703, 87.4899, 88.0230,  0, 0, 0
L 158.5832, 71.1238, 88.0209,  158.5815, 58.9023, 88.0209,  0, 0, 0
L 159.4091, 76.6007, 88.0219,  159.4091, 76.6007, 88.0219,  0, 0, 0
L 134.8351, 59.8665, 88.0234,  119.3620, 56.1782, 88.0227,  0, 0, 0
L 119.3620, 56.1782, 88.0227,  106.8525, 47.8370, 88.0230,  0, 0, 0
L 106.8525, 47.8370, 88.0230,  97.9739, 35.6424, 88.0231,  0, 0, 0
L 97.9739, 35.6424, 88.0235,  111.5807, 35.6446, 88.0247,  0, 0, 0
L 107.2136, 39.8633, 88.0232,  107.2136, 39.8633, 88.0232,  0, 0, 0
L 107.2136, 39.8633, 88.0232,  107.2136, 39.8633, 88.0232,  0, 0, 0
L 111.5807, 35.6446, 88.7573,  111.5805, 5.4327, 88.7580,  0, 0, 0
L 111.5806, 23.3897, 88.7580,  111.5806, 23.3897, 88.7580,  0, 0, 0
L 111.5806, 23.3897, 88.7580,  111.5806, 23.3897, 88.7580,  0, 0, 0
L 170.2516, 60.5600, 88.0251,  158.5815, 58.9023, 88.0254,  0, 0, 0
L 170.3489, 60.5748, 88.0251,  182.1297, 58.9038, 88.0248,  0, 0, 0
L 175.3757, 59.7747, 88.0245,  175.3757, 59.7747, 88.0245,  0, 0, 0
L 175.3757, 59.7747, 88.0245,  175.3757, 59.7747, 88.0245,  0, 0, 0
L 170.3505, -19.4787, 88.0241,  158.5793, -17.7639, 88.0233,  0, 0, 0
L 170.3545, -19.4791, 88.0241,  182.1264, -17.8074, 88.0245,  0, 0, 0
L 168.2154, -19.1745, 88.0238,  168.2154, -19.1745, 88.0238,  0, 0, 0
L 168.2154, -19.1745, 88.0238,  168.2154, -19.1745, 88.0238,  0, 0, 0
L 155.6572, 38.3596, 88.0230,  151.3676, 32.4254, 88.0230,  0, 127, 127
L 151.3676, 32.4254, 88.0230,  149.0383, 25.5773, 88.0230,  0, 127, 127
L 149.0383, 25.5773, 88.0230,  148.8216, 17.0546, 88.0230,  0, 127, 127
L 148.8216, 17.0546, 88.0230,  151.7928, 8.8561, 88.0230,  0, 127, 127
L 151.7928, 8.8561, 88.0230,  157.5674, 2.5546, 88.0230,  0, 127, 127
L 157.5674, 2.5546, 88.0230,  165.6282, -0.8975, 88.0230,  0, 127, 127
L 165.6282, -0.8975, 88.0230,  173.8715, -0.9746, 88.0233,  0, 127, 127
L 173.8715, -0.9746, 88.0233,  181.8247, 1.9041, 88.0234,  0, 127, 127
L 181.8247, 1.9041, 88.0234,  188.5828, 7.7324, 88.0233,  0, 127, 127
L 188.5828, 7.7324, 88.0233,  191.8765, 15.8557, 88.0234,  0, 127, 127
L 191.8765, 15.8557, 88.0234,  192.1281, 24.5451, 88.0234,  0, 127, 127
L 192.1281, 24.5451, 88.0234,  189.0251, 32.2401, 88.0234,  0, 127, 127
L 189.0251, 32.2401, 88.0234,  182.9927, 38.7714, 88.0233,  0, 127, 127
L 182.9927, 38.7714, 88.0233,  175.0202, 41.9453, 88.0233,  0, 127, 127
L 175.0202, 41.9453, 88.0233,  166.8194, 42.3414, 88.0230,  0, 127, 127
L 166.8194, 42.3414, 88.0230,  155.6572, 38.3596, 88.0230,  0, 127, 127
L 156.9551, 40.2933, 88.0230,  156.9551, 40.2933, 88.0230,  0, 127, 127
L 165.0999, 29.5217, 88.0230,  162.4311, 26.9092, 88.0230,  0, 127, 127
L 162.4311, 26.9092, 88.0230,  160.4445, 23.0481, 88.0230,  0, 127, 127
L 160.4445, 23.0481, 88.0230,  160.0881, 19.2454, 88.0230,  0, 127, 127
L 160.0881, 19.2454, 88.0230,  161.6340, 15.1299, 88.0230,  0, 127, 127
L 161.6340, 15.1299, 88.0230,  164.1525, 12.2426, 88.0230,  0, 127, 127
L 164.1525, 12.2426, 88.0230,  167.3833, 10.6210, 88.0230,  0, 127, 127
L 167.3833, 10.6210, 88.0230,  172.0097, 10.2320, 88.0230,  0, 127, 127
L 172.0097, 10.2320, 88.0230,  175.7894, 11.7407, 88.0230,  0, 127, 127
L 175.7894, 11.7407, 88.0230,  178.9612, 14.7438, 88.0230,  0, 127, 127
L 178.9612, 14.7438, 88.0230,  180.4592, 17.7983, 88.0230,  0, 127, 127
L 180.4592, 17.7983, 88.0230,  180.5640, 22.0989, 88.0230,  0, 127, 127
L 180.5640, 22.0989, 88.0230,  179.1865, 25.6874, 88.0230,  0, 127, 127
L 179.1865, 25.6874, 88.0230,  176.3448, 28.9804, 88.0230,  0, 127, 127
L 176.3448, 28.9804, 88.0230,  172.4469, 30.9013, 88.0230,  0, 127, 127
L 172.4469, 30.9013, 88.0230,  169.3427, 30.9838, 88.0230,  0, 127, 127
L 169.3427, 30.9838, 88.0230,  165.0999, 29.5217, 88.0230,  0, 127, 127
L 169.0919, 32.0824, 88.0230,  169.0919, 32.0824, 88.0230,  0, 127, 127
L -1.4067, -27.3821, -5.4498,  -1.4067, -27.3821, -5.4498,  0, 0, 0
L -1.4067, -27.3821, -5.4498,  -1.4067, -27.3821, -5.4498,  0, 0, 0
L -4.3159, -39.1376, -5.4500,  -4.3240, -31.1272, -5.4501,  0, 0, 0
L 4.5264, -33.6762, -5.4501,  -4.0856, -33.6837, -5.4500,  240, 240, 0
L 4.5263, -31.1292, -5.4500,  4.5266, -39.1296, -5.4501,  0, 0, 0
L 9.9170, -32.6707, -5.4471,  9.9170, -32.6707, -5.4471,  0, 0, 0
L 9.9170, -32.6707, -5.4471,  9.9170, -32.6707, -5.4471,  0, 0, 0
L 11.2614, -31.1397, -5.4498,  9.9514, -31.1040, -5.4498,  0, 0, 0
L 11.2593, -29.9039, -5.4498,  11.2614, -31.1397, -5.4498,  0, 0, 0
L 7.4696, -32.4998, -5.4498,  7.4696, -32.4998, -5.4498,  0, 0, 0
L 7.4687, -33.3402, -4.4095,  7.4710, -31.1220, -5.4498,  0, 0, 0
L 9.8940, -33.3408, -4.4095,  7.4687, -33.3402, -4.4095,  0, 0, 0
L 9.9514, -31.1040, -5.4498,  9.8940, -33.3408, -4.4095,  0, 0, 0
L 4.5263, -31.1292, -5.4498,  7.4710, -31.1220, -5.4498,  0, 0, 0
L -7.1420, -31.1760, -5.4498,  -7.1420, -31.1760, -5.4498,  0, 0, 0
L -4.3240, -31.1272, -5.4498,  -7.2746, -31.1238, -5.4498,  0, 0, 0
L -10.7098, -31.1299, -5.4498,  -10.7098, -31.1299, -5.4498,  0, 0, 0
L -10.9458, -27.8149, -5.4498,  -10.9458, -27.8149, -5.4498,  0, 0, 0
L -11.0589, -31.1396, -5.4498,  -11.0561, -29.8479, -5.4498,  0, 0, 0
L -9.7096, -31.1038, -5.4498,  -11.0589, -31.1396, -5.4498,  0, 0, 0
L -9.7159, -33.3402, -4.4095,  -9.7096, -31.1038, -5.4471,  0, 0, 0
L -7.2661, -33.3403, -4.4095,  -9.7159, -33.3402, -4.4095,  0, 0, 0
L -7.2746, -31.1238, -5.4470,  -7.2661, -33.3403, -4.4095,  0, 0, 0
L -13.2719, 4.6759, -4.4095,  -13.2719, 4.6759, -4.4095,  0, 0, 0
L -9.7676, 6.1086, -5.4498,  -9.7676, 6.1086, -5.4498,  0, 0, 0
L -9.7152, 8.1688, -4.4095,  -9.7145, 5.9297, -5.4498,  0, 0, 0
L -11.0587, 5.9675, -5.4498,  -9.7145, 5.9297, -5.4498,  0, 0, 0
L -11.0521, 4.6752, -5.4498,  -11.0587, 5.9675, -5.4498,  0, 0, 0
L -10.2228, -21.4393, -5.4498,  -10.2228, -21.4393, -5.4498,  0, 0, 0
L -10.2228, -21.4393, -5.4498,  -10.2228, -21.4393, -5.4498,  0, 0, 0
L -10.2228, -21.4393, -5.4498,  -10.2228, -21.4393, -5.4498,  0, 0, 0
L -10.2228, -21.4393, -5.4498,  -10.2228, -21.4393, -5.4498,  0, 0, 0
L -13.2731, -29.8472, -4.4095,  -11.0561, -29.8479, -5.4498,  0, 0, 0
L -13.2733, -20.3461, -4.4095,  -13.2731, -29.8472, -4.4095,  0, 0, 0
L -11.0540, -20.3472, -5.4471,  -13.2733, -20.3461, -4.4095,  0, 0, 0
L -11.0600, -17.3371, -5.4498,  -11.0540, -20.3472, -5.4498,  0, 0, 0
L -13.2729, -17.3363, -4.4095,  -11.0600, -17.3371, -5.4498,  0, 0, 0
L -13.2729, -7.8359, -4.4095,  -13.2729, -17.3363, -4.4095,  0, 0, 0
L -11.0535, -7.8353, -5.4498,  -13.2729, -7.8359, -4.4095,  0, 0, 0
L -11.0610, -4.8206, -5.4498,  -11.0535, -7.8353, -5.4498,  0, 0, 0
L -13.2722, -4.8261, -4.4095,  -11.0610, -4.8206, -5.4498,  0, 0, 0
L -13.2718, 4.6759, -4.4095,  -13.2722, -4.8261, -4.4095,  0, 0, 0
L -11.0521, 4.6752, -5.4498,  -13.2718, 4.6759, -4.4095,  0, 0, 0
L 8.1117, -3.8918, -5.4498,  8.1117, -3.8918, -5.4498,  0, 0, 0
L 8.1117, -3.8918, -5.4498,  8.1117, -3.8918, -5.4498,  0, 0, 0
L 8.1117, -3.8918, -5.4498,  8.1117, -3.8918, -5.4498,  0, 0, 0
L 8.1117, -3.8918, -5.4498,  8.1117, -3.8918, -5.4498,  0, 0, 0
L 11.2637, -7.8349, -5.4498,  11.2559, -4.8241, -5.4498,  0, 0, 0
L 11.2612, -20.3487, -5.4498,  11.2577, -17.3219, -5.4498,  0, 0, 0
L 13.4755, -29.8222, -4.4095,  11.2593, -29.9039, -5.4471,  0, 0, 0
L 13.4746, -20.3460, -4.4095,  13.4755, -29.8222, -4.4095,  0, 0, 0
L 11.2612, -20.3487, -5.4471,  13.4746, -20.3460, -4.4095,  0, 0, 0
L 13.4552, -17.3373, -4.4095,  11.2577, -17.3219, -5.4471,  0, 0, 0
L 13.4758, -7.8358, -4.4095,  13.4552, -17.3373, -4.4095,  0, 0, 0
L 11.2637, -7.8349, -5.4498,  13.4758, -7.8358, -4.4095,  0, 0, 0
L 13.4748, -4.8261, -4.4095,  11.2559, -4.8241, -5.4471,  0, 0, 0
L 13.4545, 4.6761, -4.4095,  13.4758, -4.8038, -4.4095,  0, 0, 0
L 12.8048, 1.8756, -5.4479,  12.8048, 1.8756, -5.4479,  0, 0, 0
L 12.8048, 1.8756, -5.4479,  12.8048, 1.8756, -5.4479,  0, 0, 0
L 13.4745, 4.6759, -4.4095,  11.2590, 4.6741, -5.4498,  0, 0, 0
L 11.2613, 5.9672, -5.4498,  11.2590, 4.6741, -5.4498,  0, 0, 0
L 11.2614, 5.9674, -5.4498,  9.9153, 5.9301, -5.4498,  0, 0, 0
L 9.9147, 8.1688, -4.4095,  9.9153, 5.9301, -5.4498,  0, 0, 0
L 4.2301, 3.1379, -5.4498,  4.2301, 3.1379, -5.4498,  0, 0, 0
L 4.2301, 3.1379, -5.4498,  4.2301, 3.1379, -5.4498,  0, 0, 0
L 4.4639, 8.4141, -5.4499,  4.6262, 5.9534, -5.4500,  0, 0, 0
L -4.3232, 8.3179, -5.4499,  -4.3155, 5.9490, -5.4500,  0, 0, 0
L -9.9320, 4.5866, -5.4498,  -9.9320, 4.5866, -5.4498,  0, 0, 0
L -9.9320, 4.5866, -5.4498,  -9.9320, 4.5866, -5.4498,  0, 0, 0
L -7.2668, 8.1691, -4.4095,  -7.2747, 5.9567, -5.4498,  0, 0, 0
L -9.7164, 8.1683, -4.4093,  -7.2668, 8.1691, -4.4095,  0, 0, 0
L 7.4694, 8.1688, -4.4095,  7.4768, 5.9530, -5.4498,  0, 0, 0
L 9.9028, 8.1691, -4.4095,  7.4694, 8.1688, -4.4095,  0, 0, 0
L 4.6262, 5.9534, -5.4498,  7.4768, 5.9530, -5.4498,  0, 0, 0
L -7.2747, 5.9567, -5.4498,  -4.3155, 5.9490, -5.4498,  0, 0, 0
L 4.4168, 8.4197, -5.4499,  -4.2664, 8.4080, -5.4499,  255, 0, 255
L -123.5638, -41.9967, -5.4509,  -126.1483, -42.0042, -5.4509,  0, 0, 0
L -115.1960, -41.9976, -5.4509,  -112.6105, -42.0039, -5.4509,  0, 0, 0
L -114.5726, -39.2827, -5.7388,  -114.5726, -39.2827, -5.7388,  0, 0, 0
L -114.5726, -39.2827, -5.7388,  -114.5726, -39.2827, -5.7388,  0, 0, 0
L -4.3159, -39.1376, -5.4487,  -7.1769, -39.1247, -5.4489,  0, 0, 0
L -7.1769, -39.1247, -5.4489,  -7.1294, -82.4977, -5.4482,  0, 0, 0
L -8.1758, -44.1523, -5.4486,  -8.1758, -44.1523, -5.4486,  0, 0, 0
L -8.1758, -44.1523, -5.4486,  -8.1758, -44.1523, -5.4486,  0, 0, 0
L -4.0776, -82.4819, -5.4499,  -7.1294, -82.4977, -5.4500,  0, 0, 0
L -7.1735, -82.4979, -5.4500,  -7.1735, -82.4979, -5.4500,  0, 0, 0
L 4.2878, -82.4973, -5.4530,  7.3550, -82.4886, -5.4533,  0, 0, 0
L 7.3803, -39.1318, -5.4521,  7.3550, -82.4886, -5.4510,  0, 0, 0
L 5.3188, -43.0596, -5.4503,  5.3188, -43.0596, -5.4503,  0, 0, 0
L 7.3809, -39.1320, -5.4521,  4.5266, -39.1296, -5.4516,  0, 0, 0
L 5.7287, -41.6986, -5.4499,  5.7287, -41.6986, -5.4499,  0, 0, 0
L 5.7287, -41.6986, -5.4499,  5.7287, -41.6986, -5.4499,  0, 0, 0
L 4.2878, -82.4973, -5.4508,  4.2848, -92.0139, -5.4511,  0, 0, 0
L -4.0815, -88.4669, -5.4511,  -4.0776, -82.4819, -5.4508,  0, 0, 0
L -4.3729, -80.0529, -5.4494,  -4.3729, -80.0529, -5.4494,  0, 0, 0
L -4.3729, -80.0529, -5.4494,  -4.3729, -80.0529, -5.4494,  0, 0, 0
L -4.2937, -86.6401, -5.4507,  4.5015, -86.6385, -5.4508,  240, 240, 0
L 4.2848, -92.0139, -5.4509,  7.8448, -92.0115, -4.4557,  0, 0, 0
L 7.8448, -92.0115, -4.4557,  7.8449, -146.9308, -4.4560,  0, 0, 0
L 7.8449, -146.9308, -4.4558,  -72.6338, -146.9317, -4.4560,  0, 0, 0
L -72.6338, -146.9317, -4.4562,  -72.6058, -88.4187, -4.4630,  0, 0, 0
L 0.8596, -94.2508, -5.4509,  0.8596, -94.2508, -5.4509,  0, 0, 0
L 0.8596, -94.2508, -5.4509,  0.8596, -94.2508, -5.4509,  0, 0, 0
L 5.1460, -93.1288, -5.4509,  5.1460, -93.1288, -5.4509,  0, 0, 0
L 5.1460, -93.1288, -5.4509,  5.1460, -93.1288, -5.4509,  0, 0, 0
L -60.7076, -88.4515, -5.4511,  -60.7078, -84.0870, -5.4511,  0, 0, 0
L -69.0745, -84.0781, -5.4509,  -69.0753, -88.4632, -5.4511,  0, 0, 0
L -66.7861, -93.9245, -5.4509,  -66.7861, -93.9245, -5.4509,  0, 0, 0
L -59.7953, -92.8568, -5.4509,  -59.7953, -92.8568, -5.4509,  0, 0, 0
L -59.7953, -92.8568, -5.4509,  -59.7953, -92.8568, -5.4509,  0, 0, 0
L -59.7953, -92.8568, -5.4509,  -59.7953, -92.8568, -5.4509,  0, 0, 0
L -59.7953, -92.8568, -5.4509,  -59.7953, -92.8568, -5.4509,  0, 0, 0
L -60.7076, -88.4515, -4.4559,  -4.0815, -88.4669, -4.4561,  0, 0, 0
L -44.5764, -88.4559, -4.4561,  -44.5764, -88.4559, -4.4561,  0, 0, 0
L -44.8717, -89.8514, -5.4509,  -44.8717, -89.8514, -5.4509,  0, 0, 0
L -44.8717, -89.8514, -5.4509,  -44.8717, -89.8514, -5.4509,  0, 0, 0
L -72.6058, -88.4187, -5.4511,  -69.0753, -88.4632, -5.4512,  0, 0, 0
L -68.1930, -90.0398, -5.4509,  -68.1930, -90.0398, -5.4509,  0, 0, 0
L -68.1930, -90.0398, -5.4509,  -68.1930, -90.0398, -5.4509,  0, 0, 0
L -69.2897, -86.5836, -5.4508,  -60.4933, -86.5867, -5.4508,  240, 240, 0
L -56.6143, -84.0808, -5.4537,  -60.7078, -84.0870, -5.4534,  0, 0, 0
L -58.8274, -84.0841, -5.4534,  -58.8274, -84.0841, -5.4534,  0, 0, 0
L -69.0745, -84.0781, -5.4503,  -72.1690, -84.0908, -5.4503,  0, 0, 0
L -72.0523, -82.5490, -5.4499,  -72.0523, -82.5490, -5.4499,  0, 0, 0
L -72.1690, -84.0916, -5.4504,  -72.1661, -75.6115, -5.4461,  0, 0, 0
L -112.1049, -59.0583, -5.4513,  -56.6132, -59.0589, -5.4464,  0, 0, 0
L -56.6132, -59.0589, -5.4465,  -56.6143, -84.0808, -5.4465,  0, 0, 0
L -58.5284, -72.2741, -5.4463,  -58.5284, -72.2741, -5.4463,  0, 0, 0
L -58.5284, -72.2741, -5.4463,  -58.5284, -72.2741, -5.4463,  0, 0, 0
L -72.1661, -75.6115, -5.4464,  -127.6574, -75.6123, -5.4527,  0, 0, 0
L -127.6574, -75.6123, -5.4541,  -127.6593, -50.2684, -5.4542,  0, 0, 0
L -127.6560, -67.2644, -5.4542,  -127.6560, -67.2644, -5.4542,  0, 0, 0
L -127.6560, -67.2644, -5.4542,  -127.6560, -67.2644, -5.4542,  0, 0, 0
L -127.6593, -50.2684, -5.4544,  -123.5610, -50.2130, -5.4539,  0, 0, 0
L -116.9671, -52.4497, -5.4505,  -116.9671, -52.4497, -5.4505,  0, 0, 0
L -112.0988, -50.2291, -5.4510,  -112.1049, -59.0583, -5.4528,  0, 0, 0
L -115.1734, -60.9991, -5.4528,  -115.1734, -60.9991, -5.4528,  0, 0, 0
L -112.0988, -50.2291, -5.4510,  -115.1931, -50.2455, -5.4509,  0, 0, 0
L -113.6346, -52.2515, -5.4504,  -113.6346, -52.2515, -5.4504,  0, 0, 0
L -115.1931, -50.2455, -5.4519,  -115.1960, -41.9976, -5.4511,  0, 0, 0
L -115.1952, -44.2058, -5.4511,  -115.1952, -44.2058, -5.4511,  0, 0, 0
L -123.5610, -50.2130, -5.4519,  -123.5638, -41.9967, -5.4511,  0, 0, 0
L -123.5241, -47.5952, -5.4519,  -123.5241, -47.5952, -5.4519,  0, 0, 0
L -123.7774, -46.0914, -5.4512,  -114.9818, -46.0926, -5.4512,  240, 240, 0
L -162.3038, -61.4206, -5.8115,  -175.8913, -61.4249, -5.8115,  0, 0, 0
L -170.1087, -45.9109, -5.8117,  -170.1087, -45.9109, -5.8117,  0, 0, 0
L -170.1087, -45.9109, -5.8117,  -170.1087, -45.9109, -5.8117,  0, 0, 0
L -164.6119, -49.1839, -5.8115,  -150.3465, -49.1911, -5.8115,  0, 0, 0
L -150.3465, -49.1911, -5.8115,  -150.4340, -121.6339, -5.8115,  0, 0, 0
L -156.1438, -50.6571, -5.8115,  -156.1438, -50.6571, -5.8115,  0, 0, 0
L -156.1438, -50.6571, -5.8115,  -156.1438, -50.6571, -5.8115,  0, 0, 0
L -162.3038, -61.4206, -5.8115,  -162.2610, -110.3520, -5.8115,  0, 0, 0
L -162.8198, -56.9469, -5.8115,  -162.8198, -56.9469, -5.8115,  0, 0, 0
L -150.4340, -121.6339, -5.8115,  -233.7041, -121.6111, -5.8115,  0, 0, 0
L -159.4175, -121.6306, -5.8115,  -159.4175, -121.6306, -5.8115,  0, 0, 0
L -162.2610, -110.3520, -5.8114,  -203.1626, -110.3607, -5.8114,  0, 0, 0
L -153.9101, -121.6339, -5.8115,  -153.9101, -121.6339, -5.8115,  0, 0, 0
L -203.1626, -110.3607, -5.8114,  -203.1596, -98.1007, -5.8114,  0, 0, 0
L -205.9593, -108.2268, -5.8114,  -205.9593, -108.2268, -5.8114,  0, 0, 0
L -203.1596, -98.1007, -5.8114,  -190.2475, -98.0864, -5.8114,  0, 0, 0
L -199.2269, -98.0963, -5.8114,  -199.2269, -98.0963, -5.8114,  0, 0, 0
L -190.2475, -98.0864, -5.8114,  -190.2565, -86.5240, -5.8114,  0, 0, 0
L -190.2500, -94.9081, -5.8114,  -190.2500, -94.9081, -5.8114,  0, 0, 0
L -190.2565, -86.5240, -5.8114,  -167.2757, -86.5061, -5.8114,  0, 0, 0
L -167.2757, -86.5061, -5.8114,  -167.2834, -77.2887, -5.8114,  0, 0, 0
L -167.2802, -81.2401, -5.8114,  -167.2802, -81.2401, -5.8114,  0, 0, 0
L -167.2802, -81.2401, -5.8114,  -167.2802, -81.2401, -5.8114,  0, 0, 0
L -167.2834, -77.2887, -5.8115,  -190.4913, -77.2891, -5.8115,  0, 0, 0
L -171.4259, -77.2888, -5.8115,  -171.4259, -77.2888, -5.8115,  0, 0, 0
L -190.4913, -77.2891, -5.8115,  -190.4946, -61.4055, -5.8115,  0, 0, 0
L -190.9263, -74.3643, -5.8115,  -190.9263, -74.3643, -5.8115,  0, 0, 0
L -200.4465, -77.2900, -5.8115,  -211.9066, -77.2978, -5.8115,  0, 0, 0
L -211.9066, -77.2978, -5.8114,  -211.8760, -110.4213, -5.8114,  0, 0, 0
L -203.6824, -79.4509, -5.8114,  -203.6824, -79.4509, -5.8114,  0, 0, 0
L -211.8760, -110.4213, -5.8114,  -252.6691, -110.4841, -5.8114,  0, 0, 0
L -210.4921, -90.3839, -5.8114,  -210.4921, -90.3839, -5.8114,  0, 0, 0
L -200.4465, -77.2900, -5.8115,  -200.4370, -61.4119, -5.8115,  0, 0, 0
L -195.7938, -74.9480, -5.8115,  -195.7938, -74.9480, -5.8115,  0, 0, 0
L -200.4370, -61.4119, -5.8115,  -235.5883, -61.4788, -5.8115,  0, 0, 0
L -202.8690, -61.4216, -5.8115,  -202.8690, -61.4216, -5.8115,  0, 0, 0
L -190.4946, -61.4055, -5.8115,  -178.8163, -61.4245, -5.8115,  0, 0, 0
L -178.8163, -61.4245, -5.8115,  -178.7975, -51.0669, -5.8115,  0, 0, 0
L -178.7975, -51.0669, -5.8115,  -250.4247, -51.0757, -5.8115,  0, 0, 0
L -248.1298, -51.0754, -5.8115,  -248.1298, -51.0754, -5.8115,  0, 0, 0
L -250.3941, -58.2423, -5.8115,  -250.4247, -51.0757, -5.8115,  0, 0, 0
L -247.1530, -51.6115, -5.8115,  -247.1530, -51.6115, -5.8115,  0, 0, 0
L -235.5883, -61.4788, -1.4856,  -235.5911, -78.3330, 2.7294,  0, 0, 0
L -235.5911, -78.3330, 2.7294,  -235.5911, -78.3330, 2.7294,  0, 0, 0
L -246.9850, -80.1634, 4.3051,  -246.9803, -65.9493, -3.3611,  0, 0, 0
L -246.9803, -65.9493, -5.8118,  -259.2770, -65.9370, -5.8117,  0, 0, 0
L -252.3838, -65.6003, -5.8118,  -252.3838, -65.6003, -5.8118,  0, 0, 0
L -250.3941, -58.2423, -5.8117,  -259.2571, -58.2321, -5.8118,  0, 0, 0
L -250.4793, -57.5358, -5.8115,  -250.4793, -57.5358, -5.8115,  0, 0, 0
L -259.2571, -58.2321, -5.8138,  -259.2679, -54.3890, -5.8139,  0, 0, 0
L -260.0351, -57.1101, -5.8129,  -260.0351, -57.1101, -5.8129,  0, 0, 0
L -259.2679, -54.3890, -5.8069,  -283.3820, -54.3912, -5.8069,  0, 0, 0
L -272.6539, -57.6499, -5.8064,  -272.6539, -57.6499, -5.8064,  0, 0, 0
L -283.3820, -54.3912, -5.8067,  -283.3745, -112.7258, -5.8069,  0, 0, 0
L -283.3812, -60.7916, -5.8069,  -283.3812, -60.7916, -5.8069,  0, 0, 0
L -259.2770, -65.9370, -5.8107,  -259.2563, -69.0330, -5.8105,  0, 0, 0
L -260.4935, -66.6387, -5.8105,  -260.4935, -66.6387, -5.8105,  0, 0, 0
L -254.8994, -66.0677, -5.8115,  -254.9056, -58.1110, -5.8115,  240, 240, 0
L -259.2563, -69.0330, -5.8105,  -267.9841, -69.0411, -5.8103,  0, 0, 0
L -261.9433, -65.4131, -5.8103,  -261.9433, -65.4131, -5.8103,  0, 0, 0
L -267.9841, -69.0411, -5.8069,  -267.9836, -124.2758, -5.8073,  0, 0, 0
L -275.5978, -58.5621, -5.8065,  -275.5978, -58.5621, -5.8065,  0, 0, 0
L -267.9836, -124.2758, -5.8146,  -296.1592, -124.2802, -5.8147,  0, 0, 0
L -278.7184, -124.2775, -5.8147,  -278.7184, -124.2775, -5.8147,  0, 0, 0
L -296.1592, -124.2802, -5.8121,  -296.1913, -112.7219, -5.8121,  240, 240, 0
L -296.1913, -112.7219, -5.8121,  -296.1913, -112.7219, -5.8121,  0, 0, 0
L -295.9714, -112.7240, -5.8122,  -283.3745, -112.7258, -5.8123,  0, 0, 0
L -291.7446, -112.6712, -5.8112,  -291.7446, -112.6712, -5.8112,  0, 0, 0
L -252.6813, -121.6383, -5.8116,  -252.6691, -110.4841, -5.8115,  0, 0, 0
L -232.9069, -109.9787, -5.8115,  -232.9069, -109.9787, -5.8115,  0, 0, 0
L -233.7068, -128.3237, -5.8121,  -233.7041, -121.6111, -5.8120,  0, 0, 0
L -233.7042, -121.7152, -5.8120,  -233.7042, -121.7152, -5.8120,  0, 0, 0
L -242.0629, -121.6268, -5.8119,  -242.0625, -128.2844, -5.8119,  0, 0, 0
L -242.0629, -121.6268, -5.8115,  -252.6813, -121.6383, -5.8115,  0, 0, 0
L -239.1576, -123.6294, -5.8117,  -239.1576, -123.6294, -5.8117,  0, 0, 0
L -239.1576, -123.6294, -5.8117,  -239.1576, -123.6294, -5.8117,  0, 0, 0
L -242.1950, -123.9290, -5.8117,  -233.5728, -123.9402, -5.8119,  240, 240, 0
L -229.6301, -152.4314, -5.8063,  -245.9059, -152.4297, -5.8071,  0, 0, 0
L -245.9059, -152.4297, -5.8073,  -245.9098, -128.3247, -5.8072,  0, 0, 0
L -242.5780, -141.0141, -5.8069,  -242.5780, -141.0141, -5.8069,  0, 0, 0
L -245.9098, -128.3247, -5.8143,  -242.0625, -128.2844, -5.8142,  0, 0, 0
L -244.3636, -130.1379, -5.8128,  -244.3636, -130.1379, -5.8128,  0, 0, 0
L -244.3636, -130.1379, -5.8128,  -244.3636, -130.1379, -5.8128,  0, 0, 0
L -233.7068, -128.3237, -5.8112,  -230.6094, -128.3083, -5.8110,  0, 0, 0
L -234.2373, -133.6477, -5.8081,  -234.2373, -133.6477, -5.8081,  0, 0, 0
L -223.3294, -139.0411, -6.9251,  -230.6122, -139.0085, -6.0119,  0, 0, 0
L -230.6117, -128.3081, -5.8111,  -230.6122, -139.0085, -5.8108,  0, 0, 0
L -234.6824, -133.8576, -5.8077,  -234.6824, -133.8576, -5.8077,  0, 0, 0
L 157.0041, -102.3730, 24.8520,  157.0041, -102.3730, 24.8520,  0, 0, 0
L 157.0041, -102.3730, 24.8520,  157.0041, -102.3730, 24.8520,  0, 0, 0
L 163.9877, -123.0673, 24.8520,  161.5469, -122.6419, 24.8520,  0, 0, 0
L 158.7934, -106.1059, 24.8520,  158.7934, -106.1059, 24.8520,  0, 0, 0
L 158.7934, -106.1059, 24.8520,  158.7934, -106.1059, 24.8520,  0, 0, 0
L 161.7530, -112.9415, 24.8520,  165.0157, -112.3366, 24.8520,  0, 0, 0
L 151.9491, -92.9860, 24.8520,  151.9491, -92.9860, 24.8520,  0, 0, 0
L 156.6821, -99.9253, 24.8520,  161.7530, -112.9415, 24.8520,  0, 0, 0
L 145.4473, -90.1358, 24.8520,  145.4473, -90.1358, 24.8520,  0, 0, 0
L 147.8338, -88.9287, 24.8520,  156.6821, -99.9253, 24.8520,  0, 0, 0
L 129.2708, -83.8858, 24.8520,  129.2708, -83.8858, 24.8520,  0, 0, 0
L 129.2708, -83.8858, 24.8520,  129.2708, -83.8858, 24.8520,  0, 0, 0
L 129.2708, -83.8858, 24.8520,  129.2708, -83.8858, 24.8520,  0, 0, 0
L 139.4094, -84.0609, 24.8520,  140.6945, -80.5314, 24.8520,  0, 0, 0
L 150.2362, -86.0406, 24.8520,  147.8338, -88.9287, 24.8520,  0, 0, 0
L 140.6945, -80.5314, 24.8520,  150.2362, -86.0406, 24.8520,  0, 0, 0
L 137.4439, -83.7569, 24.8520,  137.4439, -83.7569, 24.8520,  0, 0, 0
L 125.5264, -81.9140, 24.8520,  139.4094, -84.0609, 24.8520,  0, 0, 0
L 111.6622, -84.0057, 24.8520,  125.5264, -81.9140, 24.8520,  0, 0, 0
L 104.5820, -86.2365, 24.8520,  104.5820, -86.2365, 24.8520,  0, 0, 0
L 104.5820, -86.2365, 24.8520,  104.5820, -86.2365, 24.8520,  0, 0, 0
L 100.8386, -86.0757, 24.8520,  103.2385, -88.8850, 24.8520,  0, 0, 0
L 103.0917, -86.1318, 24.8520,  103.0917, -86.1318, 24.8520,  0, 0, 0
L 110.3916, -80.5540, 24.8520,  111.6622, -84.0057, 24.8520,  0, 0, 0
L 100.8386, -86.0757, 24.8520,  110.3916, -80.5540, 24.8520,  0, 0, 0
L 101.9101, -90.5541, 24.8520,  101.9101, -90.5541, 24.8520,  0, 0, 0
L 94.3457, -100.0578, 24.8520,  103.2385, -88.8850, 24.8520,  0, 0, 0
L 90.3301, -110.0958, 24.8520,  94.3457, -100.0578, 24.8520,  0, 0, 0
L 59.1703, -110.0954, 24.8683,  59.1703, -110.0954, 24.8683,  0, 0, 0
L -235.5892, -70.4260, -4.0776,  -235.5887, -107.8316, 23.7399,  0, 0, 0
L -246.9865, -70.4287, -4.0735,  -246.9825, -108.5962, 24.6574,  0, 0, 0
L -253.1873, -127.6779, 24.8676,  -231.0002, -127.6756, 24.8676,  0, 0, 0
L -253.1873, -127.6779, 24.8676,  -253.1880, -108.5939, 24.8676,  0, 0, 0
L -253.1878, -112.0081, 24.8676,  -253.1878, -112.0081, 24.8676,  0, 0, 0
L -246.9825, -108.5962, 24.8676,  -253.1880, -108.5939, 24.8676,  0, 0, 0
L -249.7378, -114.0063, 24.8675,  -249.7378, -114.0063, 24.8675,  0, 0, 0
L -249.7661, -111.6850, 24.8676,  -249.7661, -111.6850, 24.8676,  0, 0, 0
L -235.5887, -107.8316, 24.8676,  -151.7817, -107.8368, 24.8676,  0, 0, 0
L -243.3802, -115.7864, 24.8672,  -243.3802, -115.7864, 24.8672,  0, 0, 0
L -231.0002, -127.6756, 24.8676,  -230.9992, -157.0234, 24.8676,  0, 0, 0
L -225.7305, -136.1478, 24.8676,  -225.7305, -136.1478, 24.8676,  0, 0, 0
L -215.6036, -127.6757, 24.8676,  -215.6030, -172.4161, 24.8676,  0, 0, 0
L -215.6030, -172.4161, 24.8676,  -258.2776, -172.4139, 24.8676,  0, 0, 0
L -221.5354, -165.6215, 24.8676,  -221.5354, -165.6215, 24.8676,  0, 0, 0
L -230.9992, -157.0234, 24.8676,  -258.2787, -157.0147, 24.8676,  0, 0, 0
L -236.1881, -163.0319, 24.8676,  -236.1881, -163.0319, 24.8676,  0, 0, 0
L -258.2776, -172.4139, 24.8676,  -258.2787, -157.0147, 24.8676,  0, 0, 0
L -228.9703, -168.8594, 24.8676,  -228.9703, -168.8594, 24.8676,  0, 0, 0
L -228.9703, -168.8594, 24.8676,  -228.9703, -168.8594, 24.8676,  0, 0, 0
L -215.6036, -127.6757, 24.8676,  -203.3445, -127.6748, 24.8676,  0, 0, 0
L -206.1962, -127.6750, 24.8676,  -206.1962, -127.6750, 24.8676,  0, 0, 0
L -203.3445, -127.6748, 24.8658,  -203.3375, -181.2973, 24.8658,  0, 0, 0
L -203.3420, -146.6664, 24.8658,  -203.3420, -146.6664, 24.8658,  0, 0, 0
L -203.3375, -181.2973, 24.8671,  -172.4759, -181.2903, 24.8667,  0, 0, 0
L -193.4143, -181.2951, 24.8667,  -193.4143, -181.2951, 24.8667,  0, 0, 0
L -172.4759, -181.2903, 24.8687,  -172.4770, -165.8981, 24.8688,  0, 0, 0
L -172.4770, -165.8981, 24.8682,  -187.9416, -165.9007, 24.8680,  0, 0, 0
L -187.9416, -165.9007, 24.8678,  -187.9476, -127.6740, 24.8678,  0, 0, 0
L -195.3196, -149.2605, 24.8677,  -195.3196, -149.2605, 24.8677,  0, 0, 0
L -195.3196, -149.2605, 24.8677,  -195.3196, -149.2605, 24.8677,  0, 0, 0
L -195.3196, -149.2605, 24.8677,  -195.3196, -149.2605, 24.8677,  0, 0, 0
L -187.9476, -127.6740, 24.8676,  -151.7815, -127.6800, 24.8676,  0, 0, 0
L -192.9815, -133.4415, 24.8671,  -192.9815, -133.4415, 24.8671,  0, 0, 0
L -192.9815, -133.4415, 24.8671,  -192.9815, -133.4415, 24.8671,  0, 0, 0
L -192.9815, -133.4415, 24.8671,  -192.9815, -133.4415, 24.8671,  0, 0, 0
L -192.9815, -133.4415, 24.8671,  -192.9815, -133.4415, 24.8671,  0, 0, 0
L -151.7799, -121.6444, 24.8676,  -151.7815, -127.6800, 24.8676,  0, 0, 0
L -151.7821, -113.9393, 24.8676,  -151.7817, -107.8368, 24.8676,  0, 0, 0
L -161.0472, -115.3455, 24.8673,  -161.0472, -115.3455, 24.8673,  0, 0, 0
L -161.0472, -115.3455, 24.8673,  -161.0472, -115.3455, 24.8673,  0, 0, 0
L -151.7821, -113.9393, 24.8667,  -143.6516, -113.9409, 24.8667,  0, 0, 0
L -143.6755, -121.6447, 24.8666,  -151.7799, -121.6444, 24.8668,  0, 0, 0
L -156.7475, -122.2101, 24.8676,  -156.7475, -122.2101, 24.8676,  0, 0, 0
L -156.7475, -122.2101, 24.8676,  -156.7475, -122.2101, 24.8676,  0, 0, 0
L -143.6862, -110.0973, 24.8683,  -100.9720, -110.0900, 24.8683,  0, 0, 0
L -143.6755, -121.6447, 24.8646,  -143.6649, -125.4930, 24.8644,  0, 0, 0
L -143.6516, -113.9409, 24.8676,  -143.6862, -110.0973, 24.8676,  0, 0, 0
L -143.6649, -125.4930, 24.8663,  -100.9370, -125.4910, 24.8663,  0, 0, 0
L -136.0491, -121.2550, 24.8670,  -136.0491, -121.2550, 24.8670,  0, 0, 0
L -136.0491, -121.2550, 24.8670,  -136.0491, -121.2550, 24.8670,  0, 0, 0
L -136.0491, -121.2550, 24.8670,  -136.0491, -121.2550, 24.8670,  0, 0, 0
L -136.0491, -121.2550, 24.8670,  -136.0491, -121.2550, 24.8670,  0, 0, 0
L -77.1390, -121.6521, 24.8627,  -101.0120, -121.6402, 24.8646,  0, 0, 0
L -77.1873, -113.9171, 24.8629,  -100.9691, -113.9401, 24.8664,  0, 0, 0
L -100.9691, -113.9401, 24.8689,  -100.9720, -110.0900, 24.8689,  0, 0, 0
L -107.3592, -122.9901, 24.8670,  -107.3592, -122.9901, 24.8670,  0, 0, 0
L -107.3592, -122.9901, 24.8670,  -107.3592, -122.9901, 24.8670,  0, 0, 0
L -107.3592, -122.9901, 24.8670,  -107.3592, -122.9901, 24.8670,  0, 0, 0
L -101.0120, -121.6402, 24.8660,  -100.9370, -125.4910, 24.8659,  0, 0, 0
L -105.4923, -123.1402, 24.8670,  -105.4923, -123.1402, 24.8670,  0, 0, 0
L -105.4923, -123.1402, 24.8670,  -105.4923, -123.1402, 24.8670,  0, 0, 0
L -77.1390, -121.6521, 31.5647,  -77.2901, -153.5840, 31.5689,  0, 0, 0
L -77.1927, -133.0052, 31.5689,  -77.1927, -133.0052, 31.5689,  0, 0, 0
L -77.1873, -113.9171, 31.5644,  -77.2045, -81.6895, 31.5677,  0, 0, 0
L -81.2762, -120.6411, 31.5633,  -81.2762, -120.6411, 31.5633,  0, 0, 0
L -44.6933, -164.4079, 31.5637,  -20.0976, -164.5631, 31.5630,  0, 0, 0
L -44.6933, -164.4079, 31.5644,  -44.6833, -153.5642, 31.5668,  0, 0, 0
L -38.2916, -162.0560, 31.5641,  -38.2916, -162.0560, 31.5641,  0, 0, 0
L -20.0976, -164.5631, 31.5658,  -20.0969, -153.5720, 31.5649,  0, 0, 0
L -34.9500, -160.5823, 31.5642,  -34.9500, -160.5823, 31.5642,  0, 0, 0
L -44.6833, -153.5642, 31.5656,  -77.2901, -153.5840, 31.5689,  0, 0, 0
L -52.5026, -153.0659, 31.5661,  -52.5026, -153.0659, 31.5661,  0, 0, 0
L -52.5026, -153.0659, 31.5661,  -52.5026, -153.0659, 31.5661,  0, 0, 0
L -20.0969, -153.5720, 31.5679,  12.2404, -153.5737, 31.5689,  0, 0, 0
L -5.0424, -153.5728, 31.5689,  -5.0424, -153.5728, 31.5689,  0, 0, 0
L 12.2404, -153.5737, 31.5654,  12.1592, -121.6447, 31.5645,  0, 0, 0
L -20.1327, -148.5317, 31.5634,  -20.1327, -148.5317, 31.5634,  0, 0, 0
L -3.4303, -137.8960, 31.5634,  -61.3500, -137.8882, 31.5634,  0, 0, 0
L -61.3500, -137.8882, 31.5634,  -61.3591, -123.7953, 31.5634,  0, 0, 0
L -3.4314, -123.8126, 31.5634,  -61.3591, -123.7953, 31.5634,  0, 0, 0
L -77.1881, -135.5098, 31.5661,  -77.1881, -135.5098, 31.5661,  0, 0, 0
L -77.1881, -135.5098, 31.5661,  -77.1881, -135.5098, 31.5661,  0, 0, 0
L -3.4303, -137.8960, 31.5634,  -3.4314, -123.8126, 31.5634,  0, 0, 0
L -7.6515, -142.1592, 31.5634,  -7.6515, -142.1592, 31.5634,  0, 0, 0
L -7.6515, -142.1592, 31.5634,  -7.6515, -142.1592, 31.5634,  0, 0, 0
L 36.1788, -121.6260, 31.5633,  12.1592, -121.6447, 31.5630,  0, 0, 0
L 12.7367, -121.6443, 31.5630,  12.7367, -121.6443, 31.5630,  0, 0, 0
L 36.1944, -113.9151, 31.5631,  12.2162, -113.9396, 31.5631,  0, 0, 0
L 12.2162, -113.9396, 31.5654,  12.2396, -81.7564, 31.5685,  0, 0, 0
L 5.0059, -119.5320, 31.5634,  5.0059, -119.5320, 31.5634,  0, 0, 0
L -3.4327, -111.6021, 31.5634,  -3.4325, -97.7321, 31.5634,  0, 0, 0
L -3.4327, -111.6021, 31.5634,  -61.3525, -111.5310, 31.5634,  0, 0, 0
L -61.3525, -111.5310, 31.5634,  -61.3515, -97.4718, 31.5634,  0, 0, 0
L -61.8693, -117.0337, 31.5634,  -61.8693, -117.0337, 31.5634,  0, 0, 0
L -61.8693, -117.0337, 31.5634,  -61.8693, -117.0337, 31.5634,  0, 0, 0
L -61.8693, -117.0337, 31.5634,  -61.8693, -117.0337, 31.5634,  0, 0, 0
L -61.8693, -117.0337, 31.5634,  -61.8693, -117.0337, 31.5634,  0, 0, 0
L -61.3515, -97.4718, 31.5634,  -3.4325, -97.7321, 31.5634,  0, 0, 0
L -65.9119, -99.1339, 31.5634,  -65.9119, -99.1339, 31.5634,  0, 0, 0
L -65.9119, -99.1339, 31.5634,  -65.9119, -99.1339, 31.5634,  0, 0, 0
L -77.2045, -81.6895, 31.5654,  -44.6982, -81.6330, 31.5684,  0, 0, 0
L -73.0081, -103.1790, 31.5634,  -73.0081, -103.1790, 31.5634,  0, 0, 0
L -187.8371, -173.8114, 24.8686,  -187.8371, -173.8114, 24.8686,  240, 0, 0
L -191.4584, -174.0878, 24.8680,  -191.4584, -174.0878, 24.8680,  240, 0, 0
L 2.8116, -112.4919, 31.5634,  2.8116, -112.4919, 31.5634,  240, 0, 0
L 12.2396, -81.7564, 31.5641,  -20.0990, -81.7846, 31.5656,  0, 0, 0
L 5.2134, -82.6453, 31.5634,  5.2134, -82.6453, 31.5634,  0, 0, 0
L -44.6982, -81.6330, 31.5659,  -44.6895, -70.8526, 31.5666,  0, 0, 0
L -44.6924, -74.4083, 31.5666,  -44.6924, -74.4083, 31.5666,  0, 0, 0
L -44.6895, -70.8526, 31.5631,  -20.0961, -70.8645, 31.5637,  0, 0, 0
L -27.9749, -73.1969, 31.5647,  -27.7518, -73.2625, 31.5648,  0, 0, 0
L -20.0961, -70.8645, 31.5662,  -20.0990, -81.7846, 31.5650,  0, 0, 0
L -20.0983, -77.6983, 31.5646,  -20.0977, -77.9070, 31.5645,  0, 0, 0
L -20.0974, -78.0233, 31.5644,  -20.1151, -78.0615, 31.5644,  0, 0, 0
L 14.6940, -113.7826, 31.5634,  14.6827, -121.7940, 31.5634,  240, 240, 0
L 36.1857, -125.4890, 24.8668,  90.4644, -125.4942, 24.8665,  0, 0, 0
L 90.3301, -110.0958, 24.8686,  36.1702, -110.0937, 24.8688,  0, 0, 0
L 36.1702, -110.0937, 24.8689,  36.1944, -113.9151, 24.8688,  0, 0, 0
L 36.1788, -121.6260, 24.8658,  36.1857, -125.4890, 24.8657,  0, 0, 0
L 36.1876, -122.2191, 24.8665,  36.1876, -122.2191, 24.8665,  0, 0, 0
L 36.1876, -122.2191, 24.8665,  36.1876, -122.2191, 24.8665,  0, 0, 0
L 33.6147, -121.6418, 24.8650,  33.6147, -121.6418, 24.8650,  0, 0, 0
L 33.6147, -121.6418, 24.8650,  33.6147, -121.6418, 24.8650,  0, 0, 0
L 90.4644, -125.4942, 24.8520,  94.5463, -135.8917, 24.8520,  0, 0, 0
L 94.5463, -135.8917, 24.8520,  103.3108, -146.5928, 24.8520,  0, 0, 0
L 100.8451, -149.5697, 24.8520,  110.3927, -155.0833, 24.8520,  0, 0, 0
L 103.3108, -146.5928, 24.8520,  100.8451, -149.5697, 24.8520,  0, 0, 0
L 102.1757, -147.9629, 24.8520,  102.1757, -147.9629, 24.8520,  0, 0, 0
L 102.1757, -147.9629, 24.8520,  102.1757, -147.9629, 24.8520,  0, 0, 0
L 111.7052, -151.4546, 24.8520,  125.2339, -153.6888, 24.8520,  0, 0, 0
L 125.2339, -153.6888, 24.8520,  140.4231, -151.3375, 24.8520,  0, 0, 0
L 110.3927, -155.0833, 24.8520,  111.7052, -151.4546, 24.8520,  0, 0, 0
L 108.9245, -154.2361, 24.8520,  108.9245, -154.2361, 24.8520,  0, 0, 0
L 108.9247, -154.2358, 24.8520,  108.9247, -154.2358, 24.8520,  0, 0, 0
L 142.1039, -154.2488, 24.8520,  148.7780, -150.3945, 24.8520,  0, 0, 0
L 148.7754, -150.3905, 24.8520,  147.1328, -147.5199, 24.8520,  0, 0, 0
L 142.1034, -154.2477, 24.8520,  140.4231, -151.3375, 24.8520,  0, 0, 0
L 141.8815, -153.8630, 24.8520,  142.1042, -154.2485, 24.8520,  0, 0, 0
L 147.1328, -147.5199, 24.8520,  156.6829, -135.6404, 24.8520,  0, 0, 0
L 156.6829, -135.6404, 24.8520,  161.5469, -122.6419, 24.8520,  0, 0, 0
L 163.6992, -113.5250, 24.8520,  163.6992, -113.5250, 24.8520,  0, 0, 0
L 163.3203, -112.6504, 24.8520,  163.3201, -112.6516, 24.8520,  0, 0, 0
L 163.9877, -123.0673, 24.8520,  165.0157, -112.3366, 24.9882,  0, 0, 0
L 103.7306, -122.7364, 24.8520,  103.6021, -113.0799, 24.8520,  0, 0, 0
L 103.6021, -113.0799, 24.8520,  106.3325, -106.6299, 24.8520,  0, 0, 0
L 106.3325, -106.6299, 24.8520,  110.7373, -101.1545, 24.8520,  0, 0, 0
L 110.7373, -101.1545, 24.8520,  117.8767, -96.8857, 24.8520,  0, 0, 0
L 117.8767, -96.8857, 24.8520,  125.0998, -95.9722, 24.8520,  0, 0, 0
L 125.0998, -95.9722, 24.8520,  132.2321, -96.6797, 24.8520,  0, 0, 0
L 132.2321, -96.6797, 24.8520,  140.2015, -101.0660, 24.8520,  0, 0, 0
L 140.2015, -101.0660, 24.8520,  144.5046, -106.5513, 24.8520,  0, 0, 0
L 144.5046, -106.5513, 24.8520,  147.3629, -113.4541, 24.8520,  0, 0, 0
L 147.3629, -113.4541, 24.8520,  147.2971, -121.7470, 24.8520,  0, 0, 0
L 147.2971, -121.7470, 24.8520,  144.8406, -128.8852, 24.8520,  0, 0, 0
L 144.8406, -128.8852, 24.8520,  140.6640, -134.2530, 24.8520,  0, 0, 0
L 140.6640, -134.2530, 24.8520,  132.6075, -138.7118, 24.8520,  0, 0, 0
L 132.6075, -138.7118, 24.8520,  125.7219, -139.8525, 24.8520,  0, 0, 0
L 125.7219, -139.8525, 24.8520,  119.0393, -139.0689, 24.8520,  0, 0, 0
L 119.0393, -139.0689, 24.8520,  110.9466, -134.8442, 24.8520,  0, 0, 0
L 110.9466, -134.8442, 24.8520,  106.6374, -129.4300, 24.8520,  0, 0, 0
L 106.6374, -129.4300, 24.8520,  103.7306, -122.7364, 24.8520,  0, 0, 0
L 101.6395, -123.0765, 24.8520,  101.6395, -123.0765, 24.8520,  0, 0, 0
L 125.1342, -121.2221, 24.8520,  123.2073, -120.3550, 24.8520,  0, 0, 0
L 123.2073, -120.3550, 24.8520,  122.2223, -118.7012, 24.8520,  0, 0, 0
L 122.2223, -118.7012, 24.8520,  122.2742, -116.7471, 24.8520,  0, 0, 0
L 122.2742, -116.7471, 24.8520,  123.4256, -115.1394, 24.8520,  0, 0, 0
L 123.4256, -115.1394, 24.8520,  125.2090, -114.3850, 24.8520,  0, 0, 0
L 125.2090, -114.3850, 24.8520,  127.1634, -114.8007, 24.8520,  0, 0, 0
L 127.1634, -114.8007, 24.8520,  128.5905, -116.1448, 24.8520,  0, 0, 0
L 128.5905, -116.1448, 24.8520,  128.9796, -118.1023, 27.5794,  0, 0, 0
L 128.9796, -118.1023, 27.5794,  128.2926, -119.9733, 29.9550,  0, 0, 0
L 128.2926, -119.9733, 29.9550,  126.6638, -121.0851, 32.2957,  0, 0, 0
L 126.6638, -121.0851, 32.2957,  125.1342, -121.2221, 34.4430,  0, 0, 0
L 125.1899, -122.5207, 33.8810,  125.1899, -122.5207, 33.8810,  0, 0, 0
L 146.3238, -110.9446, 25.6094,  128.7550, -116.9720, 26.2834,  0, 0, 0
L 132.7996, -115.7401, 25.6087,  132.7996, -115.7401, 25.6087,  0, 0, 0
L 132.7996, -115.7401, 25.6087,  132.7996, -115.7401, 25.6087,  0, 0, 0
L 128.9719, -118.2530, 27.7838,  147.3199, -118.8757, 27.1222,  0, 0, 0
L 139.1332, -118.4972, 27.1222,  139.1332, -118.4972, 27.1222,  0, 0, 0
L 139.1332, -118.4972, 27.1222,  139.1332, -118.4972, 27.1222,  0, 0, 0
L 128.6970, -119.2245, 29.0365,  145.3457, -127.4175, 28.6357,  0, 0, 0
L 136.9130, -123.2073, 28.6357,  136.9130, -123.2073, 28.6357,  0, 0, 0
L 136.9130, -123.2073, 28.6357,  136.9130, -123.2073, 28.6357,  0, 0, 0
L 127.7056, -120.5214, 30.9961,  136.6251, -136.4883, 30.9060,  0, 0, 0
L 134.2867, -126.4832, 30.1493,  134.2867, -126.4832, 30.1493,  0, 0, 0
L 134.2867, -126.4832, 30.1493,  134.2867, -126.4832, 30.1493,  0, 0, 0
L 129.0065, -117.5929, 27.0321,  129.0065, -117.5929, 27.0321,  0, 0, 0
L 129.0065, -117.5929, 27.0321,  129.0065, -117.5929, 27.0321,  0, 0, 0
L 128.8657, -117.5288, 26.9021,  146.6801, -111.8051, 25.6087,  0, 0, 0
L 140.2309, -113.8772, 25.6087,  140.2309, -113.8772, 25.6087,  0, 0, 0
L 140.2309, -113.8772, 25.6087,  140.2309, -113.8772, 25.6087,  0, 0, 0
L 128.9919, -117.8733, 27.3547,  128.9919, -117.8733, 27.3547,  0, 0, 0
L 128.9919, -117.8733, 27.3547,  128.9919, -117.8733, 27.3547,  0, 0, 0
L 128.9919, -117.8733, 27.3547,  147.3260, -118.1091, 27.1072,  0, 0, 0
L 140.4584, -118.7903, 27.1222,  140.4584, -118.7903, 27.1222,  0, 0, 0
L 140.4584, -118.7903, 27.1222,  140.4584, -118.7903, 27.1222,  0, 0, 0
L 129.0019, -117.6769, 27.1318,  147.3525, -114.7774, 26.3655,  0, 0, 0
L 139.8875, -116.9782, 26.3655,  139.8875, -116.9782, 26.3655,  0, 0, 0
L 139.8875, -116.9782, 26.3655,  139.8875, -116.9782, 26.3655,  0, 0, 0
L 128.9954, -117.7966, 27.2701,  147.3391, -116.4603, 26.3655,  0, 0, 0
L 140.7234, -116.9422, 26.3655,  140.7234, -116.9422, 26.3655,  0, 0, 0
L 140.7234, -116.9422, 26.3655,  140.7234, -116.9422, 26.3655,  0, 0, 0
L 129.0066, -117.5787, 27.0156,  147.2885, -113.2743, 25.6087,  0, 0, 0
L 140.4896, -114.8751, 25.6087,  140.4896, -114.8751, 25.6087,  0, 0, 0
L 140.4896, -114.8751, 25.6087,  140.4896, -114.8751, 25.6087,  0, 0, 0
L 128.8894, -118.8012, 28.4184,  146.9923, -122.6327, 27.8790,  0, 0, 0
L 137.5078, -121.1399, 27.8790,  137.5078, -121.1399, 27.8790,  0, 0, 0
L 137.5078, -121.1399, 27.8790,  137.5078, -121.1399, 27.8790,  0, 0, 0
L -148.9771, 98.4990, -30.0864,  -176.3803, 98.5274, -30.0869,  0, 0, 0
L -140.6149, 102.5786, -17.7099,  -140.6149, 102.5786, -17.7099,  0, 0, 0
L -140.6149, 102.5786, -17.7099,  -140.6149, 102.5786, -17.7099,  0, 0, 0
L -140.6149, 102.5786, -17.7099,  -140.6149, 102.5786, -17.7099,  0, 0, 0
L -140.6151, 102.7627, -17.7100,  -140.6138, 99.0840, -17.7100,  0, 0, 0
L -148.9643, 102.7572, -17.7103,  -148.9771, 98.4990, -17.7100,  0, 0, 0
L -148.9643, 102.7572, -17.7099,  -140.6151, 102.7627, -17.7098,  0, 0, 0
L -170.1294, -17.8448, -17.2193,  -170.1294, -17.8448, -17.2193,  0, 0, 0
L -164.5112, -26.8315, -16.1289,  -164.6119, -49.1839, -5.8618,  0, 0, 0
L -164.5410, -14.3923, -18.0164,  -164.5112, -26.8315, -16.1289,  0, 0, 0
L -164.4806, 8.1166, -28.3533,  -164.5410, -14.3923, -18.0164,  0, 0, 0
L -175.9061, -2.3708, -28.3518,  -175.9061, -2.3708, -28.3518,  0, 0, 0
L -175.9080, -17.8874, -17.2187,  -175.9048, 8.1092, -28.3518,  0, 0, 0
L -175.8913, -61.4249, -16.2128,  -175.9080, -17.8874, -17.2187,  0, 0, 0
L -198.6009, 63.3015, -30.0868,  -198.6009, 63.3015, -30.0868,  0, 0, 0
L -201.6602, 60.0306, -30.0847,  -201.6602, 60.0306, -30.0847,  0, 0, 0
L -206.9745, 58.5532, -30.0868,  -190.0617, 58.5570, -30.0869,  0, 0, 0
L -218.7616, 58.7803, -30.0820,  -218.7616, 58.7803, -30.0820,  0, 0, 0
L -219.3766, 74.4302, -31.9463,  -219.3491, 14.2768, -58.8060,  0, 0, 0
L -206.9745, 58.5532, -30.5487,  -206.9659, -0.6139, -60.7630,  0, 0, 0
L -188.7559, 50.1421, -30.0879,  -188.7559, 50.1421, -30.0879,  0, 0, 0
L -190.0627, 49.7431, -30.0876,  -190.0617, 58.5570, -30.0876,  0, 0, 0
L -182.5797, 51.7088, -30.0885,  -182.5797, 51.7088, -30.0885,  0, 0, 0
L -175.8077, 49.7521, -30.0885,  -190.0627, 49.7431, -30.0885,  0, 0, 0
L -175.8067, 43.2010, -30.0885,  -175.8067, 43.2010, -30.0885,  0, 0, 0
L -175.8089, 36.7174, -30.0885,  -175.8077, 49.7521, -30.0885,  0, 0, 0
L -184.4530, 33.2481, -30.0885,  -184.4530, 33.2481, -30.0885,  0, 0, 0
L -175.8089, 36.7174, -30.0885,  -190.0831, 36.7927, -30.0885,  0, 0, 0
L -189.5284, 18.6769, -30.0876,  -189.5284, 18.6769, -30.0876,  0, 0, 0
L -190.0520, 8.1128, -30.0878,  -190.0831, 36.7927, -30.0876,  0, 0, 0
L -175.9048, 8.1092, -30.0858,  -190.0520, 8.1128, -30.0867,  0, 0, 0
L -155.7628, 8.1121, -30.0876,  -155.7628, 8.1121, -30.0876,  0, 0, 0
L -150.3519, 8.1094, -30.0876,  -164.4806, 8.1166, -30.0876,  0, 0, 0
L -150.3530, 49.2223, -30.0876,  -150.3530, 49.2223, -30.0876,  0, 0, 0
L -150.3533, 61.0723, -30.0876,  -150.3519, 8.1094, -30.0876,  0, 0, 0
L -143.2309, 70.0065, -30.0872,  -143.2309, 70.0065, -30.0872,  0, 0, 0
L -143.2309, 70.0065, -30.0872,  -143.2309, 70.0065, -30.0872,  0, 0, 0
L -143.2309, 70.0065, -30.0872,  -143.2309, 70.0065, -30.0872,  0, 0, 0
L -143.2309, 70.0065, -30.0872,  -143.2309, 70.0065, -30.0872,  0, 0, 0
L -152.5639, 70.0077, -30.0867,  -152.5677, 74.1585, -30.0867,  0, 0, 0
L -137.0226, 70.0041, -30.0872,  -152.5639, 70.0077, -30.0872,  0, 0, 0
L -137.0226, 70.0041, -30.0867,  -137.0181, 74.1605, -30.0867,  0, 0, 0
L -152.5677, 74.1585, -30.0866,  -137.0181, 74.1605, -30.0866,  0, 0, 0
L -124.4674, 83.4945, -30.0875,  -165.3827, 83.6972, -30.0875,  0, 0, 0
L -174.3268, 98.8539, -28.6922,  -174.3268, 98.8539, -28.6922,  0, 0, 0
L -181.2049, 77.5957, -29.7270,  -181.2049, 77.5957, -29.7270,  0, 0, 0
L -176.3803, 98.5274, -29.7270,  -176.3780, 79.0063, -29.7270,  0, 0, 0
L -183.7209, 79.0220, -29.7270,  -183.7209, 79.0220, -29.7270,  0, 0, 0
L -190.3914, 79.0363, -29.7270,  -176.3780, 79.0063, -29.7270,  0, 0, 0
L -189.2731, 76.3883, -29.7268,  -189.2731, 76.3883, -29.7268,  0, 0, 0
L -190.3939, 74.4331, -28.6917,  -190.3914, 79.0363, -28.6920,  0, 0, 0
L -221.4457, 61.4748, -29.7223,  -221.4457, 61.4748, -29.7223,  0, 0, 0
L -219.3766, 74.4302, -29.7226,  -190.3939, 74.4331, -29.7227,  0, 0, 0
L -126.1483, -42.0042, -5.3539,  -126.1355, -26.4719, -16.1148,  0, 0, 0
L -126.1355, -26.4719, -16.1148,  -126.1479, -17.6231, -16.8587,  0, 0, 0
L -126.1479, -17.6231, -16.8587,  -126.1488, 1.1702, -28.2539,  0, 0, 0
L -126.1487, -2.1094, -28.2539,  -126.1483, -2.1090, -28.2540,  0, 0, 0
L -112.6255, 1.1702, -28.2544,  -112.6100, -17.6242, -16.8587,  0, 0, 0
L -112.6100, -17.6242, -16.8587,  -112.6092, -26.4727, -16.1147,  0, 0, 0
L -112.6092, -26.4727, -16.1147,  -112.6105, -42.0039, -5.3545,  0, 0, 0
L -115.2499, -20.8873, -16.8587,  -115.2499, -20.8873, -16.8587,  0, 0, 0
L -115.2499, -20.8873, -16.8587,  -115.2499, -20.8873, -16.8587,  0, 0, 0
L -114.6024, 5.9186, -29.7260,  -124.1548, 5.9180, -29.7260,  240, 240, 0
L -123.7989, 7.5401, -29.7273,  -123.8058, 1.1686, -29.7273,  0, 0, 0
L -114.9584, 1.1689, -29.7273,  -114.9481, 10.6749, -29.7274,  0, 0, 0
L -114.9584, 1.1689, -29.7271,  -112.6255, 1.1702, -29.7271,  0, 0, 0
L -123.8058, 1.1686, -29.7270,  -126.1488, 1.1702, -29.7270,  0, 0, 0
L -122.3622, 1.0891, -29.7270,  -122.3622, 1.0891, -29.7270,  0, 0, 0
L -122.3622, 1.0891, -29.7270,  -122.3622, 1.0891, -29.7270,  0, 0, 0
L -122.3622, 1.0891, -29.7270,  -122.3622, 1.0891, -29.7270,  0, 0, 0
L -122.3622, 1.0891, -29.7270,  -122.3622, 1.0891, -29.7270,  0, 0, 0
L -114.9481, 10.6749, -29.7279,  -102.0606, 10.4294, -29.7279,  0, 0, 0
L -102.0596, 22.6982, -29.7279,  -110.8848, 22.6987, -29.7279,  0, 0, 0
L -102.0596, 22.6982, -29.7279,  -102.0606, 10.4294, -29.7279,  0, 0, 0
L -102.0604, 12.3500, -29.7279,  -102.0604, 12.3500, -29.7279,  0, 0, 0
L -102.0604, 12.3500, -29.7279,  -102.0604, 12.3500, -29.7279,  0, 0, 0
L -102.0604, 12.3500, -29.7279,  -102.0604, 12.3500, -29.7279,  0, 0, 0
L -98.9525, 27.4642, -29.6912,  -110.8916, 27.4990, -29.7187,  0, 0, 0
L -110.8916, 27.4990, -29.7279,  -110.8848, 22.6987, -29.7279,  0, 0, 0
L -110.8884, 25.2406, -29.7279,  -110.8884, 25.2406, -29.7279,  0, 0, 0
L -110.8884, 25.2406, -29.7279,  -110.8884, 25.2406, -29.7279,  0, 0, 0
L -98.9525, 27.4642, -28.6867,  -98.9548, 66.3025, -28.6867,  0, 0, 0
L -112.1870, 47.5347, -29.7279,  -112.1870, 47.5347, -29.7279,  0, 0, 0
L -123.7989, 7.5401, -28.6867,  -139.8062, 7.5483, -28.6867,  0, 0, 0
L -134.1267, 7.5454, -28.6867,  -134.1267, 7.5454, -28.6867,  0, 0, 0
L -139.8062, 7.5483, -28.6867,  -139.7904, 61.0833, -28.6867,  0, 0, 0
L -139.8029, 18.6811, -28.6867,  -139.8029, 18.6811, -28.6867,  0, 0, 0
L -139.7904, 61.0833, -29.7270,  -150.3533, 61.0723, -29.7270,  0, 0, 0
L -134.6417, 62.1701, -29.7269,  -134.6417, 62.1701, -29.7269,  0, 0, 0
L -140.6138, 99.0840, -28.6854,  -98.9546, 99.0998, -28.6867,  0, 0, 0
L -98.9548, 66.3025, -29.7275,  -119.2656, 66.3030, -29.7273,  0, 0, 0
L -116.2684, 66.3029, -29.7273,  -116.2684, 66.3029, -29.7273,  0, 0, 0
L -107.2730, 71.0155, -29.7255,  -107.2577, 71.8196, -29.7255,  0, 0, 0
L -107.2730, 71.0155, -29.7271,  -119.2571, 71.0308, -29.7271,  0, 0, 0
L -119.2571, 71.0308, -29.7268,  -119.2656, 66.3030, -29.7268,  0, 0, 0
L -114.6141, 71.4556, -29.7270,  -114.6141, 71.4556, -29.7270,  0, 0, 0
L -114.6141, 71.4556, -29.7270,  -114.6141, 71.4556, -29.7270,  0, 0, 0
L -114.6141, 71.4556, -29.7270,  -114.6141, 71.4556, -29.7270,  0, 0, 0
L -107.2577, 71.8196, -29.7270,  -119.2497, 71.7271, -29.7270,  0, 0, 0
L -108.2033, 71.0161, -29.7271,  -108.2033, 71.0161, -29.7271,  0, 0, 0
L -119.2497, 71.7271, -29.7266,  -119.2587, 76.3371, -29.7266,  0, 0, 0
L -119.7350, 72.9152, -29.7265,  -119.7350, 72.9152, -29.7265,  0, 0, 0
L -119.2587, 76.3371, -29.7269,  -107.1528, 76.3238, -29.7270,  0, 0, 0
L -114.8353, 77.3660, -29.7270,  -114.8353, 77.3660, -29.7270,  0, 0, 0
L -107.1528, 76.3238, -29.7260,  -107.1850, 81.0022, -29.5476,  0, 0, 0
L -110.6175, 80.6331, -29.7270,  -110.6175, 80.6331, -29.7270,  0, 0, 0
L -107.1850, 81.0022, -29.6698,  -98.9522, 81.1184, -29.6539,  0, 0, 0
L -109.8318, 80.3150, -29.7270,  -109.8318, 80.3150, -29.7270,  0, 0, 0
L -98.9522, 81.1184, -28.6860,  -98.9546, 99.0998, -28.6867,  0, 0, 0
L -98.9538, 93.4045, -28.6867,  -98.9538, 93.4045, -28.6867,  0, 0, 0
L -98.9538, 93.4045, -28.6867,  -98.9538, 93.4045, -28.6867,  0, 0, 0
L 0.0000, 0.0000, -5.8094,  0.0000, 0.0000, -5.8094,  0, 0, 0
L 0.0000, 0.0000, -5.8094,  0.0000, 0.0000, -5.8094,  0, 0, 0
L -206.9659, -0.6139, -60.7647,  -231.9140, -0.6032, -60.7650,  0, 0, 0
L -217.1365, -0.6096, -60.7650,  -217.1365, -0.6096, -60.7650,  0, 0, 0
L -231.9300, 14.2941, -60.7618,  -219.3491, 14.2768, -60.7615,  0, 0, 0
L -218.4517, 8.9240, -60.7637,  -218.4517, 8.9240, -60.7637,  0, 0, 0
L -231.9300, 14.2941, -60.7627,  -231.9140, -0.6032, -60.7627,  0, 0, 0
L -218.8227, 5.2773, -60.7642,  -218.8227, 5.2773, -60.7642,  0, 0, 0
L -218.8227, 5.2773, -60.7642,  -218.8227, 5.2773, -60.7642,  0, 0, 0
L -174.1952, -46.1764, -5.8118,  -166.2133, -46.1753, -5.8118,  240, 240, 0
L -223.2840, -139.0388, -6.9626,  -171.6889, -139.0298, -34.7095,  0, 0, 0
L -171.6889, -139.0298, -36.4884,  -171.7002, -163.4830, -36.4888,  0, 0, 0
L -177.2512, -144.4286, -36.4881,  -177.2512, -144.4286, -36.4881,  0, 0, 0
L -229.6581, -152.4316, -5.8062,  -186.3396, -152.5393, -36.4880,  0, 0, 0
L -186.3396, -152.5393, -36.4880,  -186.2898, -163.4931, -36.4860,  0, 0, 0
L -186.2898, -163.4931, -36.4869,  -171.7002, -163.4830, -36.4868,  0, 0, 0
L -177.2328, -156.3960, -36.4862,  -177.2328, -156.3960, -36.4862,  0, 0, 0
L -177.2328, -156.3960, -36.4862,  -177.2328, -156.3960, -36.4862,  0, 0, 0
L 161.6752, -122.6683, 54.0783,  156.6390, -135.7144, 54.0784,  0, 0, 0
L 156.6390, -135.7144, 54.0784,  147.8400, -146.7090, 54.0783,  0, 0, 0
L 150.2536, -149.5437, 54.0783,  140.6973, -155.0608, 54.0783,  0, 0, 0
L 140.6973, -155.0608, 54.0783,  139.4080, -151.5712, 54.0783,  0, 0, 0
L 150.2536, -149.5437, 54.0783,  147.8400, -146.7090, 54.0783,  0, 0, 0
L 148.7226, -147.7456, 54.0783,  148.7226, -147.7456, 54.0783,  0, 0, 0
L 148.7226, -147.7456, 54.0783,  148.7226, -147.7456, 54.0783,  0, 0, 0
L 139.4080, -151.5712, 54.0783,  125.7201, -153.6894, 54.0783,  0, 0, 0
L 125.7201, -153.6894, 54.0783,  111.6470, -151.5918, 54.0783,  0, 0, 0
L 113.8419, -151.9190, 54.0783,  113.8419, -151.9190, 54.0783,  0, 0, 0
L 113.8419, -151.9190, 54.0783,  113.8419, -151.9190, 54.0783,  0, 0, 0
L 110.4014, -155.0883, 54.0783,  111.6470, -151.5918, 54.0783,  0, 0, 0
L 110.4014, -155.0883, 54.0783,  100.8334, -149.5643, 54.0783,  0, 0, 0
L 100.8334, -149.5643, 54.0783,  103.2571, -146.6730, 54.0783,  0, 0, 0
L 105.3812, -147.6033, 54.0783,  105.3812, -147.6033, 54.0783,  0, 0, 0
L 105.3812, -147.6033, 54.0783,  105.3812, -147.6033, 54.0783,  0, 0, 0
L 105.3812, -147.6033, 54.0783,  105.3812, -147.6033, 54.0783,  0, 0, 0
L 103.2571, -146.6730, 54.0783,  94.4960, -135.8056, 54.0783,  0, 0, 0
L 94.4960, -135.8056, 54.0783,  89.3173, -122.6636, 54.0783,  0, 0, 0
L 85.6999, -123.3352, 54.0783,  85.6888, -112.2955, 54.0783,  0, 0, 0
L 85.6888, -112.2955, 54.0783,  89.3822, -112.9303, 54.0783,  0, 0, 0
L 85.6999, -123.3352, 54.0783,  89.3173, -122.6636, 54.0783,  0, 0, 0
L 90.5059, -124.8937, 54.0783,  90.5059, -124.8937, 54.0783,  0, 0, 0
L 90.5059, -124.8937, 54.0783,  90.5059, -124.8937, 54.0783,  0, 0, 0
L 90.5059, -124.8937, 54.0783,  90.5059, -124.8937, 54.0783,  0, 0, 0
L 89.3822, -112.9303, 54.0783,  94.3524, -100.0456, 54.0783,  0, 0, 0
L 94.3524, -100.0456, 54.0783,  103.2536, -88.9016, 54.0783,  0, 0, 0
L 99.1106, -95.8631, 54.0783,  99.1106, -95.8631, 54.0783,  0, 0, 0
L 99.1106, -95.8631, 54.0783,  99.1106, -95.8631, 54.0783,  0, 0, 0
L 100.8187, -86.0558, 54.0783,  103.2536, -88.9016, 54.0783,  0, 0, 0
L 100.8187, -86.0558, 54.0783,  110.3866, -80.5319, 54.0783,  0, 0, 0
L 110.3866, -80.5319, 54.0783,  111.6727, -84.0400, 54.0783,  0, 0, 0
L 110.1115, -86.1800, 54.0783,  110.1115, -86.1800, 54.0783,  0, 0, 0
L 110.1115, -86.1800, 54.0783,  110.1115, -86.1800, 54.0783,  0, 0, 0
L 110.1115, -86.1800, 54.0783,  110.1115, -86.1800, 54.0783,  0, 0, 0
L 111.6727, -84.0400, 54.0783,  125.4825, -81.9134, 54.0783,  0, 0, 0
L 125.4825, -81.9134, 54.0783,  139.4315, -84.0251, 54.0783,  0, 0, 0
L 137.2879, -83.7006, 54.0783,  137.2879, -83.7006, 54.0783,  0, 0, 0
L 140.6758, -80.5203, 54.0783,  150.2397, -86.0423, 54.0783,  0, 0, 0
L 150.2397, -86.0423, 54.0783,  147.8368, -88.9205, 54.0783,  0, 0, 0
L 140.6758, -80.5203, 54.0783,  139.4315, -84.0251, 54.0783,  0, 0, 0
L 141.3174, -85.5421, 54.0783,  141.3174, -85.5421, 54.0783,  0, 0, 0
L 141.3174, -85.5421, 54.0783,  141.3174, -85.5421, 54.0783,  0, 0, 0
L 141.3174, -85.5421, 54.0783,  141.3174, -85.5421, 54.0783,  0, 0, 0
L 147.8368, -88.9205, 54.0783,  156.5732, -99.7744, 54.0783,  0, 0, 0
L 156.5732, -99.7744, 54.0783,  161.7502, -112.9385, 54.0783,  0, 0, 0
L 160.9369, -110.8704, 54.0783,  160.9369, -110.8704, 54.0783,  0, 0, 0
L 165.3825, -112.2731, 54.0783,  165.3934, -123.3071, 54.0783,  0, 0, 0
L 165.3934, -123.3071, 54.0783,  161.6752, -122.6683, 54.0783,  0, 0, 0
L 165.3825, -112.2731, 54.0783,  161.7502, -112.9385, 54.0783,  0, 0, 0
L 160.9496, -110.9598, 54.0783,  160.9496, -110.9598, 54.0783,  0, 0, 0
L 160.9496, -110.9598, 54.0783,  160.9496, -110.9598, 54.0783,  0, 0, 0
L 160.9496, -110.9598, 54.0783,  160.9496, -110.9598, 54.0783,  0, 0, 0
L 160.9496, -110.9598, 54.0783,  160.9496, -110.9598, 54.0783,  0, 0, 0
L 143.7482, -134.0808, 54.0783,  135.6309, -129.1949, 54.0783,  0, 0, 0
L 135.6309, -129.1949, 54.0783,  132.9854, -131.0243, 54.0783,  0, 0, 0
L 132.9854, -131.0243, 54.0783,  131.3606, -131.8572, 54.0783,  0, 0, 0
L 131.3606, -131.8572, 54.0783,  129.6504, -132.3287, 54.0783,  0, 0, 0
L 129.6504, -132.3287, 54.0783,  126.4713, -133.0228, 54.0783,  0, 0, 0
L 126.4713, -133.0228, 54.0783,  124.5103, -132.9375, 54.0783,  0, 0, 0
L 124.5103, -132.9375, 54.0783,  122.7241, -132.6756, 54.0783,  0, 0, 0
L 122.7241, -132.6756, 54.0783,  120.8748, -132.3053, 54.0783,  0, 0, 0
L 120.8748, -132.3053, 54.0783,  119.1543, -131.5514, 54.0783,  0, 0, 0
L 119.1543, -131.5514, 54.0783,  117.2041, -130.3501, 54.0783,  0, 0, 0
L 117.2041, -130.3501, 54.0783,  110.6761, -136.3238, 54.0783,  0, 0, 0
L 113.1308, -134.0780, 54.0783,  113.1308, -134.0780, 54.0783,  0, 0, 0
L 113.1308, -134.0780, 54.0783,  113.1308, -134.0780, 54.0783,  0, 0, 0
L 110.6761, -136.3238, 54.0783,  118.4052, -140.6159, 54.0783,  0, 0, 0
L 118.4052, -140.6159, 54.0783,  120.2120, -140.6945, 54.0783,  0, 0, 0
L 120.2120, -140.6945, 54.0783,  122.0630, -141.0581, 54.0783,  0, 0, 0
L 122.0630, -141.0581, 54.0783,  123.9268, -141.3261, 54.0783,  0, 0, 0
L 123.9268, -141.3261, 54.0783,  126.4792, -141.5672, 54.0783,  0, 0, 0
L 126.4792, -141.5672, 54.0783,  128.4106, -141.2507, 54.0783,  0, 0, 0
L 128.4106, -141.2507, 54.0783,  134.8306, -139.8880, 54.0783,  0, 0, 0
L 134.8306, -139.8880, 54.0783,  136.4816, -138.9220, 54.0783,  0, 0, 0
L 136.4816, -138.9220, 54.0783,  138.0377, -137.6677, 54.0783,  0, 0, 0
L 138.0377, -137.6677, 54.0783,  139.6881, -136.7678, 54.0783,  0, 0, 0
L 139.6881, -136.7678, 54.0783,  141.8143, -135.5162, 54.0783,  0, 0, 0
L 141.8143, -135.5162, 54.0783,  143.7482, -134.0808, 54.0783,  0, 0, 0
L 142.6194, -134.9186, 54.0783,  142.6194, -134.9186, 54.0783,  0, 0, 0
L 142.6194, -134.9186, 54.0783,  142.6194, -134.9186, 54.0783,  0, 0, 0
L 106.2711, -129.6223, 58.3797,  103.6756, -121.9853, 58.3782,  0, 0, 0
L 103.6756, -121.9853, 58.3782,  103.6430, -113.6608, 58.3782,  0, 0, 0
L 103.6430, -113.6608, 58.3782,  106.2629, -106.8570, 58.3781,  0, 0, 0
L 106.2629, -106.8570, 58.3781,  110.5800, -101.0874, 58.3776,  0, 0, 0
L 110.5800, -101.0874, 58.3776,  118.0947, -96.5878, 58.3775,  0, 0, 0
L 118.0947, -96.5878, 58.3775,  125.7015, -95.3132, 58.3767,  0, 0, 0
L 125.7015, -95.3132, 58.3767,  132.5093, -96.3383, 58.3762,  0, 0, 0
L 132.5093, -96.3383, 58.3762,  139.9773, -100.3598, 58.3764,  0, 0, 0
L 139.9773, -100.3598, 58.3764,  144.7736, -106.0235, 58.3765,  0, 0, 0
L 144.7736, -106.0235, 58.3765,  147.6488, -113.2387, 58.3774,  0, 0, 0
L 147.6488, -113.2387, 58.3774,  148.0580, -121.7380, 58.3503,  0, 0, 0
L 148.0580, -121.7380, 58.3503,  146.6066, -125.0837, 58.3797,  0, 0, 0
L 146.6066, -125.0837, 58.3797,  141.3748, -122.0134, 58.3799,  0, 0, 0
L 110.5115, -125.6330, 58.3794,  109.3142, -121.1107, 59.8267,  0, 0, 0
L 109.3142, -121.1107, 59.8267,  109.0783, -117.2757, 60.7884,  0, 0, 0
L 109.0783, -117.2757, 60.7884,  109.9256, -112.4656, 62.0011,  0, 0, 0
L 109.9256, -112.4656, 62.0011,  111.4959, -108.9219, 62.9613,  0, 0, 0
L 111.4959, -108.9219, 62.9613,  113.5242, -106.2554, 63.7818,  0, 0, 0
L 113.5242, -106.2554, 63.7818,  115.9052, -104.2957, 64.5384,  0, 0, 0
L 115.9052, -104.2957, 64.5384,  119.0113, -102.5075, 65.4156,  0, 0, 0
L 119.0113, -102.5075, 65.4156,  122.4655, -101.5563, 66.2925,  0, 0, 0
L 122.4655, -101.5563, 66.2925,  127.3366, -101.3796, 67.5090,  0, 0, 0
L 127.3366, -101.3796, 67.5090,  131.5834, -102.3490, 68.5740,  0, 0, 0
L 131.5834, -102.3490, 68.5740,  137.2993, -106.1233, 70.2762,  0, 0, 0
L 137.2943, -106.1201, 70.2762,  137.2943, -106.1201, 70.2762,  0, 0, 0
L 141.3748, -122.0134, 58.3757,  141.8419, -118.7601, 57.4333,  0, 0, 0
L 141.8419, -118.7601, 57.4333,  141.8827, -115.1801, 56.4562,  0, 0, 0
L 141.8827, -115.1801, 56.4562,  139.9004, -109.9450, 55.0554,  0, 0, 0
L 139.9004, -109.9450, 55.0554,  137.2993, -106.1233, 53.9021,  0, 0, 0
L 138.0867, -121.1370, 54.0783,  138.0867, -121.1370, 54.0783,  0, 0, 0
L 138.0867, -121.1370, 54.0783,  138.0867, -121.1370, 54.0783,  0, 0, 0
L 138.0867, -121.1370, 54.0783,  138.0867, -121.1370, 54.0783,  0, 0, 0
L 124.6382, -114.5134, 45.5102,  126.8604, -114.6560, 48.0475,  0, 0, 0
L 126.8604, -114.6560, 48.0475,  128.3997, -115.8646, 50.4109,  0, 0, 0
L 128.3997, -115.8646, 50.4109,  128.9993, -117.7303, 52.7642,  0, 0, 0
L 128.9993, -117.7303, 52.7642,  128.4886, -119.6620, 54.0783,  0, 0, 0
L 128.4886, -119.6620, 54.0783,  127.1229, -120.9293, 54.0783,  0, 0, 0
L 127.1229, -120.9293, 54.0783,  125.1678, -121.2521, 54.0783,  0, 0, 0
L 122.2851, -116.7924, 57.5922,  123.2953, -115.2566, 59.8734,  0, 0, 0
L 123.2953, -115.2566, 59.8734,  124.6382, -114.5134, 61.8432,  0, 0, 0
L 120.6207, -116.8619, 57.1022,  120.6207, -116.8619, 57.1022,  0, 0, 0
L 116.2523, -122.3811, 54.0783,  116.2523, -122.3811, 54.0783,  0, 0, 0
L 116.2523, -122.3811, 54.0783,  116.2523, -122.3811, 54.0783,  0, 0, 0
L 116.2523, -122.3811, 54.0783,  116.2523, -122.3811, 54.0783,  0, 0, 0
L 116.2523, -122.3811, 54.0783,  116.2523, -122.3811, 54.0783,  0, 0, 0
L 116.2523, -122.3811, 54.0783,  116.2523, -122.3811, 54.0783,  0, 0, 0
L 125.2244, -121.2548, 54.0783,  123.2592, -120.4175, 54.0783,  0, 0, 0
L 123.2592, -120.4175, 54.0783,  122.2253, -118.7063, 55.3770,  0, 0, 0
L 122.2253, -118.7063, 55.3770,  122.2851, -116.7924, 57.7986,  0, 0, 0
L 122.0372, -119.3947, 54.6911,  122.0372, -119.3947, 54.6911,  0, 0, 0
L 110.5115, -125.6330, 54.0783,  106.2711, -129.6223, 54.0783,  0, 0, 0
L 110.1740, -126.0740, 54.0783,  110.1740, -126.0740, 54.0783,  0, 0, 0
L 110.1740, -126.0740, 54.0783,  110.1740, -126.0740, 54.0783,  0, 0, 0
L 109.2534, -120.8811, 54.8350,  122.2290, -118.5873, 55.6450,  0, 0, 0
L 118.6624, -121.3571, 54.0783,  118.6624, -121.3571, 54.0783,  0, 0, 0
L 122.1141, -118.2767, 56.0069,  122.1141, -118.2767, 56.0069,  0, 0, 0
L 122.1141, -118.2767, 56.0069,  122.1141, -118.2767, 56.0069,  0, 0, 0
L 122.1063, -118.1500, 56.1482,  109.2656, -120.3214, 55.5918,  0, 0, 0
L 111.7241, -119.6868, 55.5918,  111.7241, -119.6868, 55.5918,  0, 0, 0
L 111.7241, -119.6868, 55.5918,  111.7241, -119.6868, 55.5918,  0, 0, 0
L 111.7241, -119.6868, 55.5918,  111.7241, -119.6868, 55.5918,  0, 0, 0
L 122.5935, -116.0818, 58.6865,  111.6192, -108.7599, 58.6189,  0, 0, 0
L 116.4483, -110.7948, 58.6188,  116.4483, -110.7948, 58.6188,  0, 0, 0
L 116.4483, -110.7948, 58.6188,  116.4483, -110.7948, 58.6188,  0, 0, 0
L 138.2919, -107.5818, 66.1864,  128.4253, -115.8962, 66.9502,  0, 0, 0
L 128.0082, -109.9863, 63.9161,  128.0082, -109.9863, 63.9161,  0, 0, 0
L 128.0082, -109.9863, 63.9161,  128.0082, -109.9863, 63.9161,  0, 0, 0
L -117.3926, 60.1254, -30.0883,  -117.3926, 60.1254, -30.0883,  240, 0, 0
L -134.4324, 65.7922, -30.0872,  -134.4324, 65.7922, -30.0872,  240, 0, 0
L -171.3776, -42.6286, -5.8114,  -171.3776, -42.6286, -5.8114,  240, 0, 0
L -122.5045, -54.0494, -5.4510,  -122.5045, -54.0494, -5.4510,  240, 0, 0
L -67.7873, -74.2308, -5.4450,  -67.7873, -74.2308, -5.4450,  240, 0, 0
L -61.5678, -67.9603, -5.4460,  -61.5678, -67.9603, -5.4460,  240, 0, 0
L -118.7147, -61.4441, -5.4529,  -118.7147, -61.4441, -5.4529,  240, 0, 0
