P -45.0000, -106.0000, 0.0000,  255, 255, 255,  2,  Thurgadin
P -211.0000, -730.0000, 0.0000,  255, 0, 255,  2,  Hall_of_Ancestors
P 34.0000, -750.0000, 0.0000,  255, 255, 255,  2,  Guarded_Door
P 68.0000, -744.0000, 0.0000,  102, 102, 102,  2,  Barracks
P 0.0000, -600.0000, 0.0000,  255, 0, 0,  2,  The_Pit
P 77.0000, 759.0000, 0.0000,  255, 255, 255,  2,  Thurgadin
P -877.0000, 78.0000, 0.0000,  255, 255, 255,  2,  Great_Divide
P 0.0000, -250.0000, 0.0000,  255, 255, 255,  2,  Succor_Point
P -42.0000, -103.0000, -0.9990,  0, 0, 0,  3,  to_The_City_of_Thurgadin
P 78.0000, 762.0000, -99.9677,  0, 0, 0,  3,  to_The_City_of_Thurgadin
