P -3566.0000, -5873.0000, 0.0000,  255, 255, 255,  2,  Dock
P -2783.0000, 1293.0000, 0.0000,  255, 255, 255,  2,  Ogre_Raiders
P 6800.0000, -3580.0000, 0.0000,  0, 240, 0,  2,  To/from_Butcherblock
P 2494.0000, -677.0000, 0.0000,  0, 240, 0,  2,  To_Firiona_Vie
P -1183.0000, 1756.0000, 0.0000,  0, 240, 0,  2,  From_The_Overthere
P -200.0000, 5500.0000, 0.0000,  0, 240, 0,  2,  To_The_Overthere
P 2094.0000, 2153.0000, 0.0000,  0, 240, 0,  2,  From_Firiona_Vie
P 3226.0000, 4489.0000, 0.0000,  255, 255, 255,  2,  Dock
P -5360.0000, -7586.0000, 0.0000,  0, 240, 0,  2,  To/from_Ro
P -2194.0000, 5392.0000, 0.0000,  255, 255, 255,  2,  Succor_Point
P 4337.0000, 5197.0000, 2.2640,  0, 0, 0,  3,  Mircus_(Bar)
P 3439.0000, 4868.0000, 15.5950,  0, 0, 0,  3,  Seloris_(Merchant)
P 2276.0000, 11594.0000, 71.1720,  0, 0, 0,  3,  Portik_(Bar)
P -2795.0000, 5064.0000, 286.0130,  0, 0, 0,  3,  Iksar_Master_(GM_Monk)
