P 1373.0000, -2010.0000, 107.0000,  0, 240, 0,  3,  To_Shadowrest
P 1240.0000, 1610.0000, 29.0000,  240, 0, 0,  3,  kobolds
P -325.0000, 754.0000, 21.0000,  240, 0, 0,  3,  Sanidella_Syllvic
P -968.0000, -2165.0000, 19.0000,  240, 0, 0,  3,  Assistant_T`os
P -532.0000, -2160.0000, 74.0000,  240, 0, 0,  3,  Islan_Hetston_(Tasks)
P -567.0000, -2159.0000, 79.0000,  240, 0, 0,  3,  Win_Karnam_(smithing)
P 715.0000, -2002.0000, 28.0000,  240, 0, 0,  3,  Emil_Parsini_(bags)
P 668.0000, -2000.0000, 35.0000,  240, 0, 0,  3,  Stylia_parsini_(bags)
P 1258.0000, -1957.0000, 90.0000,  240, 0, 0,  3,  Ricandrow_Starbourne
P 1647.0000, -1985.0000, 91.0000,  240, 0, 0,  3,  Quana_Rainsparkle_(baking)
P 1626.0000, -1960.0000, 84.0000,  240, 0, 0,  3,  Xylania_Rainsparkle_(jewels)
P 1187.0000, -1400.0000, 34.0000,  240, 0, 0,  3,  Tran_Lilspin
P 1164.0000, -1411.0000, 30.0000,  240, 0, 0,  3,  Cyria_Lorewhisper_(jewelcraft)
P 1670.0000, -1126.0000, 39.0000,  240, 0, 0,  3,  Terago_Omath_(Tasks)
P 1552.0000, -366.0000, 15.0000,  240, 0, 0,  3,  Friedalla_Dawncrest
P 1297.0000, 1120.0000, 25.0000,  240, 0, 0,  3,  kobolds
P 2175.0000, 1124.0000, 132.0000,  0, 240, 0,  3,  To_The_Barren_Coast
P -2343.0000, 2.0000, -3.0000,  240, 0, 0,  3,  a_banished_kerran
P -2053.0000, -624.0000, 56.0000,  240, 0, 0,  3,  Melixis_(fish+alchemy)
P -2209.0000, 378.0000, 19.0000,  240, 0, 0,  3,  Allix
P -2223.0000, 371.0000, 19.0000,  240, 0, 0,  3,  Graalf_Sharpclaw
P -2220.0000, 361.0000, 19.0000,  240, 0, 0,  3,  Errrak_Thickshank
P -2109.0000, 292.0000, 47.0000,  240, 0, 0,  3,  Feskr_Drinkmaker
P -2158.0000, 280.0000, 19.0000,  240, 0, 0,  3,  Raarrk_(Booze)
P -2121.0000, 277.0000, 22.0000,  240, 0, 0,  3,  Iffir_Soulcaller
P -2106.0000, 351.0000, 19.0000,  240, 0, 0,  3,  Wislen_Mamluk
P -2133.0000, 251.0000, 19.0000,  240, 0, 0,  3,  Falthrik_Lothoro
P -1944.0000, 76.0000, 35.0000,  240, 0, 0,  3,  Shazda_Asad
P -1961.0000, 415.0000, 20.0000,  240, 0, 0,  3,  Thalith_Mumluk
P -1584.0000, 42.0000, 54.0000,  240, 0, 0,  3,  Roary_(fishing_supplies)
P -2299.0000, -4.0000, -2.0000,  240, 0, 0,  3,  Maugarim
P -1208.0000, 519.0000, 20.0000,  127, 127, 0,  2,  row_boat
P 1658.0000, 1503.0000, 68.0000,  0, 240, 240,  3,  Wizard_Spires
P 1147.0000, -941.0000, 25.0000,  0, 240, 240,  3,  Druid_Ring
P 920.0000, -2303.0000, 40.0000,  0, 240, 0,  3,  To_Erudin
P 198.0000, 1996.0000, 48.0000,  0, 240, 0,  3,  To_Paineel
P 267.0000, -281.0000, 60.0000,  255, 0, 255,  3,  Map_by_Latan_(Saryrn)
