P 660.9310, -571.5230, -72.7490,  0, 0, 0,  2,  Gloomingdeep_Mushrooms
P 647.1380, -649.8360, -93.7490,  0, 0, 0,  3,  POXAN'S_SWORD
P 655.3900, -730.2280, -72.7490,  0, 0, 0,  3,  Poxan_(Swimming)
P 682.8700, -805.0390, -72.7420,  0, 0, 0,  3,  Absor_(Weapons)
P 813.8250, -724.8830, -72.7490,  0, 0, 0,  3,  OVEN
P 755.6020, -774.5530, -72.7450,  0, 0, 0,  3,  Hobart_Wolfkin
P 743.3950, -775.1630, -72.7450,  0, 0, 0,  3,  Vahlara_(Armor)
P 746.6760, -769.7860, -72.7490,  0, 0, 0,  3,  Vyrinn_Shadowmist
P 769.1800, -587.6510, -72.7450,  0, 0, 0,  3,  Wijdan_(Merchant)
P 826.0600, -645.1430, -72.7490,  0, 0, 0,  3,  Lyndroh_(Banker)
P 768.0090, -673.4530, -72.7490,  127, 0, 0,  3,  Arias_(Exit_Tutorial)
P -605.6290, 12.1230, -13.4990,  0, 0, 0,  3,  Spider_Tamer_Gugan
P 620.3710, -677.4800, -75.2970,  0, 240, 0,  2,  Exit_Water
P 727.9230, -733.7000, -72.7420,  240, 240, 0,  2,  Guard_Maddoc
P 742.9690, -685.9380, -72.7420,  240, 240, 0,  2,  Guard_Kaikachi
P 671.9570, -599.2500, -72.7490,  0, 0, 0,  2,  Rytan_(Buffs/Spells)
P 718.3620, -622.7950, -72.7490,  0, 0, 0,  2,  Rashere_Al-Ayahd_(Soulbinder)
P 815.9470, -746.2310, -72.7490,  0, 0, 0,  2,  Frizznik_Hailstorm_(Tradeskills)
P 699.7400, -762.9370, -72.7490,  0, 0, 0,  2,  Prathun_Stumblebum_(Chat)
P 688.9810, -804.2140, -72.7490,  0, 240, 240,  2,  Forge
P 613.5410, -705.3860, -72.7490,  0, 0, 0,  2,  Xenaida_Akh`zrial_(Maps/Potions)
P 539.1160, -734.1400, -73.8350,  240, 240, 0,  2,  Guard_Rahtiz
P 539.0360, -719.1370, -73.8280,  240, 240, 0,  2,  Guard_Zajeer
P -50.9490, -14.8190, -14.2490,  240, 0, 0,  2,  Slavemaster_Ruga
P 719.0410, -702.5070, -72.7490,  0, 0, 0,  3,  Valtron_Ogrebane_(Revolt_Leader)
P 670.5630, -635.1280, -72.7450,  0, 0, 0,  3,  Kesh'yk_Vahren_(Combat_Abilities)
