P -261.0000, -25.0000, -197.1875,  0, 255, 0,  3,  Arthicrex
P -25.6250, -218.1250, -196.9375,  0, 252, 0,  3,  Brells_Rest
P -287.5481, 490.7305, -253.4169,  0, 0, 0,  2,  Goralf
P -213.2773, 9.0391, -200.4637,  240, 0, 0,  2,  a_lone_adventurer_(Quests)
P -155.6182, 26.7977, -197.8296,  240, 0, 0,  2,  Haeger_Stonecracker_(Quests)
P -149.3909, 27.2569, -196.6381,  240, 0, 0,  2,  Tenkar_Everhot_(Quests
P -142.8164, 18.2328, -195.0003,  240, 0, 0,  2,  Peramin_Longbottle_(Quests)
P -159.4631, 16.9992, -196.8294,  240, 0, 0,  2,  Clontik_Beardburner_(Quests)
P 557.1250, -237.3750, -187.1875,  0, 255, 0,  3,  Pellucid_Grotto
P -64.0000, 128.0000, -195.1875,  0, 255, 0,  3,  Foundation
P 780.5709, 591.0070, -634.3683,  0, 0, 0,  2,  Keolyx
P 672.1974, 659.2495, -541.1657,  0, 0, 0,  2,  Protauris
P 559.3158, 4.5210, -200.5027,  240, 0, 0,  2,  Yolgund_Murkwader
P 455.0253, -132.3116, -200.5027,  240, 0, 0,  2,  Kronidar_Stoutaxe
P 176.0000, 592.0000, -262.0000,  255, 0, 0,  2,  Drenkar_Darkhammer
P -37.0000, -409.0000, -338.0000,  0, 0, 0,  2,  Reggund_Tilecracker
P 1375.0000, 250.0000, -312.0000,  0, 0, 0,  2,  Lord_Ragarrh
P 566.0000, 79.0000, -199.0000,  255, 0, 0,  2,  Baslo_Crackhammer
P -149.0000, 27.0000, -197.0000,  240, 0, 0,  2,  Tenkar_Everhot_(Mission_Raid)
P -220.4059, -73.8423, -198.9237,  255, 0, 0,  2,  Dwekcard_Gravelpick_(Spells)
