P 480.9870, -171.5110, -22.1670,  240, 127, 0,  2,  Decaying_Slavemaster
P -457.2450, -262.7120, -27.9990,  240, 240, 0,  2,  Warlock_Area
P 308.1520, 393.7110, 22.0010,  240, 127, 0,  2,  Remains_of_Slythax
P 157.2860, 392.3260, -30.2250,  240, 127, 0,  2,  Bloodgill_Warlord
P -238.1900, -251.2200, -27.9990,  240, 127, 0,  2,  Heirophant_Vradik
P -140.3390, -288.4470, -27.9990,  240, 127, 0,  2,  Luminary_Salox
P -109.2100, -349.2200, -21.9990,  240, 127, 0,  2,  Warlock_Gurag
P 176.9380, 240.0240, 8.0010,  240, 127, 0,  2,  Undead_Smith
P 50.8360, 249.2990, -29.9990,  240, 127, 0,  2,  Undead_Storekeeper
P 9.3180, 114.5050, -29.9990,  240, 127, 0,  2,  Behemoth_Golem
P -619.9810, 513.9370, -11.9990,  240, 127, 0,  2,  Lord_Sasil
P -476.3880, 497.8420, 34.0010,  240, 127, 0,  2,  Champion_Karmak
P -5.1130, 352.4820, -29.9990,  240, 240, 0,  2,  Bloodgills
P -608.9220, 307.3690, -30.2780,  240, 240, 0,  2,  Underwater_tunnel
P 507.7540, 41.7100, 8.0010,  240, 127, 0,  2,  Undead_Chef
P -617.3860, -291.9170, -27.9990,  240, 127, 0,  2,  Worlock_Dirloz
P -595.8030, 171.0980, -36.4040,  240, 127, 0,  2,  Feral_Lord_Gulok
P -271.2310, 364.5790, -13.9990,  240, 127, 0,  2,  Shaman_Soothsayer
P 242.1530, -342.5860, -25.9990,  240, 127, 0,  2,  Brother_Eruk
P 385.1500, -346.4850, -29.9990,  0, 240, 240,  2,  Wanderer
P 199.5810, -262.9950, 42.0010,  240, 127, 0,  2,  Trooper_Muruk
P 228.2500, 400.2500, 37.1300,  240, 240, 0,  2,  Iksar_Highborn
P -277.8200, 127.5200, -13.8700,  240, 240, 0,  2,  Hiero_#1
P 492.5300, -730.7200, -44.8700,  240, 240, 0,  2,  Plauge
P 775.5900, -415.0600, -44.8700,  240, 240, 0,  2,  Thief
P 524.1600, 275.8800, -26.8700,  240, 240, 0,  2,  Kylong_Crusader
P -70.1500, 361.1000, -27.1900,  240, 240, 0,  2,  Goblin_Warlod
P 122.9700, 372.6100, -27.8700,  240, 240, 0,  2,  Goblin_Soothsayer
P 254.6700, 98.6200, -5.1300,  240, 240, 0,  2,  Garudon
P 570.4700, -199.4800, 45.1300,  240, 240, 0,  2,  Sad_Slave
