P 5000.0000, 673.0000, 0.0000,  255, 255, 255,  2,  Succor_Point
P 1061.0000, -458.0000, 0.0000,  255, 255, 255,  2,  Plane_of_Growth
P -4530.0000, -1454.0000, 0.0000,  255, 255, 255,  2,  Skyshrine
P 4809.0000, 683.0000, 0.0000,  255, 255, 255,  2,  Kael_Drakkal
P 2978.0000, 3017.0000, 0.0000,  255, 255, 255,  2,  Dragon_Portal
P 1408.0000, 3040.0000, 0.0000,  255, 255, 255,  2,  Rock_People_Lair
P -180.0000, 1692.0000, 0.0000,  255, 255, 255,  2,  Rock_People_Lair
P -707.0000, 2559.0000, 0.0000,  255, 255, 255,  2,  Rock_People_Lair
P -2044.0000, 3394.0000, 0.0000,  255, 255, 255,  2,  Holgesh_Lair
P -1447.0000, -1857.0000, 0.0000,  255, 255, 255,  2,  Lady_Gelestial
P 39.0000, -1726.0000, 0.0000,  255, 255, 255,  2,  Fairie_Village
