P 1460.0000, 2286.0000, 0.0000,  0, 240, 0,  2,  to_Nobles'_Causeway
P -1350.7200, -1712.7419, 119.3610,  0, 240, 0,  2,  to_Citadel_of_Anguish
P 1696.0000, -1980.0000, 105.4140,  0, 240, 0,  2,  to_Muramite_Proving_Grounds
P 870.0000, 1078.0000, -22.0000,  240, 240, 0,  2,  Feran_Savageclaw
P 706.0000, 1144.0000, -11.0000,  240, 240, 0,  2,  Feran_Bloodkeeper
P 575.0000, 1213.0000, -11.0000,  240, 240, 0,  2,  Chimera_Seether
P 277.0000, 1329.0000, 3.0000,  240, 240, 0,  2,  Chimera_Deathbringer
P 300.0000, 1169.0000, 0.0000,  240, 240, 0,  2,  Bazu_Bonesmasher
P 447.0000, 1238.0000, -11.0000,  240, 240, 0,  2,  Bazu_Destroyer
P 541.0000, 1166.0000, -4.0000,  240, 240, 0,  2,  Shadowhunter
P 414.0000, -684.0000, -5.0000,  240, 240, 0,  2,  Discordling_Warfiend
P 785.0000, -237.0000, 21.0000,  0, 0, 240,  2,  Dragorn_Champion
P 658.0000, 281.0000, -9.0000,  0, 0, 240,  2,  Cipheron
P 606.0000, -479.0000, -12.0000,  0, 0, 240,  2,  Dragorn_Mastermind
P -934.0000, -639.0000, 122.0000,  240, 0, 0,  2,  Girplan_Mastercrafter
P -500.0000, 234.0000, 58.0000,  240, 0, 0,  2,  Dragorn_Strategist
P 883.0000, -790.0000, -10.0000,  240, 0, 0,  2,  Discordling_Bloodfiend
P 619.0000, 1721.0000, 20.0000,  0, 0, 240,  1,  Camp_HERE
P -2503.0000, -132.0000, 41.0000,  240, 0, 0,  2,  Dragorn_Blightkeeper
P -2281.0000, -566.0000, 43.0000,  240, 0, 0,  2,  Dragorn_Nightwalker
P -2333.0000, -330.0000, 40.0000,  0, 0, 240,  1,  Camp_HERE
P 36.0000, -645.0000, -11.0000,  240, 0, 0,  2,  Ukun_Tendonslicer
P -162.0000, -310.0000, -15.0000,  0, 0, 240,  2,  Camp_HERE
P 124.0000, -692.0000, -18.0000,  240, 0, 0,  2,  Kyv_Assassin
P -178.0000, -725.0000, 93.0000,  240, 0, 0,  2,  Kyv_Trueshot
P -240.0000, -803.0000, 93.0000,  240, 0, 0,  2,  Noc_Bonecleaver
P -475.0000, -932.0000, 88.0000,  240, 0, 0,  2,  Girplan_Taskmaster
P -227.0000, -551.0000, -4.0000,  240, 0, 0,  2,  Girplan_Mastercrafter
P 112.0000, 48.0000, -5.0000,  0, 0, 240,  2,  Velitorkin
P 1306.0000, -1580.0000, 45.0000,  0, 0, 240,  2,  Hulcror
P 750.1340, -1123.5750, -13.8690,  0, 0, 240,  3,  Best_way_to_MPG
P 840.8900, -1034.7980, -16.5890,  0, 0, 240,  3,  Beware_of_Discordling_Warfiend
P -1191.6470, -1334.0330, 84.3410,  255, 0, 255,  3,  Best_way_to_Anguish
P -814.7430, 586.6840, 94.7330,  0, 240, 0,  3,  Best_way_from_NC
P 1175.1890, -1175.3240, -13.2840,  240, 127, 0,  1,  a_Dragorn_Mastermind
P -657.1890, 531.3240, -13.2840,  240, 127, 0,  1,  a_Dragorn_Mastermind
P 903.1890, 819.3240, -13.2840,  240, 127, 0,  1,  a_Dragorn_Mastermind
P 603.2800, -497.9080, -16.6380,  240, 127, 0,  1,  a_Dragorn_Mastermind
