L 259.6618, 38.2755, -3.7567,  251.2756, 37.5938, -4.1795,  0, 0, 0
L 270.3047, 39.6809, -5.6176,  259.6618, 38.2755, -3.7567,  0, 0, 0
L 286.4785, 44.6273, -3.6640,  270.3047, 39.6809, -5.6176,  0, 0, 0
L 285.6300, 48.8931, -5.4277,  281.1080, 42.9848, -3.6640,  127, 127, 127
L 291.1490, 68.3461, -5.1395,  285.6300, 48.8931, -5.4277,  127, 127, 127
L 290.1097, 72.0962, -8.5541,  291.1490, 68.3461, -5.1395,  127, 127, 127
L 279.6299, 69.7201, -8.6874,  290.1097, 72.0962, -8.5542,  0, 0, 0
L 266.4957, 67.0350, -8.2572,  279.6299, 69.7201, -8.6874,  0, 0, 0
L 257.6373, 66.2404, -7.0950,  266.4957, 67.0350, -8.2573,  0, 0, 0
L 248.7656, 65.2987, -8.0958,  257.6373, 66.2762, -7.4967,  0, 0, 0
L 241.4110, 64.1388, -8.5725,  248.7655, 65.3333, -8.4848,  0, 0, 0
L 239.4560, 64.5222, -7.5339,  241.4242, 64.1665, -8.6442,  0, 0, 0
L 232.0550, 64.6863, -6.2663,  239.5047, 64.6228, -7.7948,  0, 0, 0
L 225.5483, 65.6757, -7.4451,  232.0550, 64.6863, -6.6944,  0, 0, 0
L 210.9160, 75.4121, -2.9539,  225.5483, 65.6757, -7.4451,  0, 0, 0
L 196.1922, 84.1102, -7.3914,  210.9221, 75.4220, -2.9690,  0, 0, 0
L 179.9986, 93.2391, -6.8961,  196.1922, 84.1102, -7.7619,  0, 0, 0
L 160.1396, 94.0636, -4.1366,  180.0130, 93.2621, -7.1391,  0, 0, 0
L 142.7854, 90.3082, -3.1166,  160.1396, 94.0636, -4.3960,  0, 0, 0
L 126.4765, 85.1995, -4.7589,  142.7854, 90.3082, -3.5426,  0, 0, 0
L 116.9130, 80.7096, -6.5796,  126.4788, 85.2153, -5.1749,  0, 0, 0
L 108.8560, 74.9074, -5.2212,  116.8780, 80.7943, -6.8673,  0, 0, 0
L 103.1075, 66.7280, -1.0605,  108.7791, 75.0086, -5.5233,  0, 0, 0
L 95.6963, 56.5786, 2.0792,  103.1075, 66.7280, -1.0605,  0, 0, 0
L 87.6541, 43.9536, 6.2435,  95.6963, 56.5786, 2.0792,  0, 0, 0
L 85.4164, 40.4071, 7.4399,  87.6822, 44.1050, 6.1163,  0, 0, 0
L 82.7646, 36.4334, 7.0366,  85.4164, 40.4071, 7.4400,  0, 0, 0
L 85.8164, 1.6690, 10.6833,  84.5569, -0.0236, 11.6202,  0, 0, 0
L 91.3023, 6.8558, 8.4075,  85.8164, 1.6690, 10.4019,  0, 0, 0
L 105.5800, 19.8538, 5.7427,  91.3023, 6.8558, 8.4075,  0, 0, 0
L 110.8212, 31.5729, 1.7834,  105.6308, 19.8181, 5.3817,  0, 0, 0
L 117.9350, 42.2163, -0.2857,  110.8212, 31.5729, 1.7834,  0, 0, 0
L 128.7495, 56.3935, -2.5717,  117.9350, 42.2163, -0.7573,  0, 0, 0
L 134.6352, 60.6801, -2.9438,  128.7495, 56.3935, -2.5717,  0, 0, 0
L 144.0218, 64.8957, -3.1043,  134.6471, 60.6655, -3.3203,  0, 0, 0
L 152.5355, 68.8949, -3.4396,  144.0218, 64.8957, -3.4125,  0, 0, 0
L 159.3295, 68.7255, -3.3602,  152.5355, 68.8949, -3.8344,  0, 0, 0
L 166.4588, 68.4694, -3.2280,  159.3295, 68.7255, -3.3602,  0, 0, 0
L 166.4588, 68.4694, -3.2280,  166.4588, 68.4694, -3.2280,  0, 0, 0
L 170.5103, 67.6247, -4.6914,  166.4588, 68.4694, -3.2280,  0, 0, 0
L 170.5103, 67.6247, -4.6914,  170.5103, 67.6247, -4.6914,  0, 0, 0
L 178.8713, 64.2396, -3.9137,  170.5103, 67.6247, -4.6914,  0, 0, 0
L 184.6542, 61.2499, -4.3299,  178.8713, 64.2396, -3.9137,  0, 0, 0
L 191.5179, 56.5703, -5.8182,  184.6542, 61.2499, -4.3687,  0, 0, 0
L 199.1069, 52.2274, -5.7724,  191.5179, 56.5703, -5.8182,  0, 0, 0
L 205.2521, 47.6614, -5.3956,  199.1069, 52.2274, -5.7724,  0, 0, 0
L 211.0896, 44.0597, -3.9153,  205.2521, 47.6614, -5.3956,  0, 0, 0
L 212.8382, 42.4535, -1.6340,  211.0896, 44.0597, -3.9153,  0, 0, 0
L 214.5741, 41.7829, -2.4280,  212.8382, 42.4535, -1.6340,  0, 0, 0
L 222.0377, 40.6467, -4.3730,  214.5741, 41.7829, -2.4280,  0, 0, 0
L 231.4589, 39.5620, -4.7738,  222.0377, 40.6467, -4.3730,  0, 0, 0
L 239.6797, 37.9501, -5.6541,  231.4589, 39.5620, -4.7738,  0, 0, 0
L 246.0905, 37.6643, -6.2165,  239.6797, 37.9501, -5.6541,  0, 0, 0
L 251.2756, 37.5938, -5.4687,  246.0905, 37.6643, -6.2165,  0, 0, 0
L 246.0907, 49.3705, 27.0718,  246.0634, 51.4198, 27.0685,  127, 127, 127
L 247.3508, 46.8688, 27.0691,  246.0907, 49.3705, 27.0718,  127, 127, 127
L 248.7660, 45.5869, 27.0678,  247.3508, 46.8688, 27.0691,  127, 127, 127
L 251.1376, 44.4657, 27.0588,  248.7660, 45.5869, 27.0678,  127, 127, 127
L 253.0516, 44.0853, 27.0478,  251.1376, 44.4657, 27.0588,  127, 127, 127
L 255.9508, 44.7738, 27.0631,  253.0516, 44.0853, 26.9711,  127, 127, 127
L 258.4109, 47.4862, 27.0695,  255.9508, 44.7738, 26.2449,  127, 127, 127
L 259.3888, 50.4420, 27.0727,  258.4109, 47.4862, 26.6806,  127, 127, 127
L 257.5148, 54.9711, 27.0722,  259.3888, 50.4420, 27.0727,  127, 127, 127
L 254.7656, 56.8581, 27.0718,  257.5148, 54.9711, 27.0722,  127, 127, 127
L 251.6776, 57.5122, 27.0714,  254.7656, 56.8581, 26.5900,  127, 127, 127
L 249.2861, 57.0059, 27.0700,  251.6776, 57.5122, 26.5500,  127, 127, 127
L 247.0511, 54.5394, 27.0690,  249.2861, 57.0059, 26.9876,  127, 127, 127
L 246.0634, 51.4198, 27.0675,  247.0511, 54.5394, 27.0690,  127, 127, 127
L 349.2539, 65.2201, -62.8646,  349.6890, 67.9309, -63.2243,  127, 127, 127
L 352.7463, 64.8765, -62.4055,  349.2539, 65.2201, -62.8646,  127, 127, 127
L 354.2810, 68.2246, -61.9248,  352.7463, 64.8765, -62.4055,  127, 127, 127
L 354.1722, 71.2089, -60.6878,  354.2810, 68.2246, -61.9248,  127, 127, 127
L 351.4167, 70.6609, -58.7617,  354.1722, 71.2089, -60.6878,  127, 127, 127
L 349.6916, 67.7584, -57.1320,  351.4167, 70.6609, -58.7560,  127, 127, 127
L 303.6616, -8.0546, -37.6672,  299.0342, -5.9030, -37.7402,  120, 20, 0
L 317.0463, -12.2650, -39.2481,  303.6609, -8.0724, -38.0358,  120, 20, 0
L 317.8160, -12.4844, -39.1663,  317.0463, -12.2789, -39.5379,  120, 20, 0
L 323.5454, -14.1250, -38.5370,  317.8160, -12.4956, -39.4002,  120, 20, 0
L 335.1823, -15.9586, -38.5776,  323.5454, -14.1250, -38.5374,  120, 20, 0
L 335.9115, -12.6837, -38.5696,  335.1999, -15.9831, -38.9616,  120, 20, 0
L 337.3517, -5.8797, -39.2185,  335.9214, -12.6848, -39.0313,  120, 20, 0
L 338.9064, 1.0963, -41.1655,  337.3595, -5.8804, -39.5764,  120, 20, 0
L 348.0185, 8.5520, -40.7788,  338.9199, 1.0932, -41.6297,  120, 20, 0
L 353.3813, 11.9800, -40.7896,  348.0476, 8.5300, -41.1244,  120, 20, 0
L 367.2022, 10.8944, -42.5479,  353.3899, 11.9630, -41.2042,  120, 20, 0
L 381.1863, 10.5384, -42.4884,  367.2022, 10.8944, -42.8566,  120, 20, 0
L 395.5959, 15.0823, -41.8783,  381.1863, 10.5384, -42.5973,  120, 20, 0
L 405.3103, 19.1443, -39.4218,  395.6109, 15.0722, -42.4116,  120, 20, 0
L 406.4239, 25.7568, -40.6347,  405.3242, 19.1368, -39.8599,  120, 20, 0
L 407.6101, 32.8882, -40.0171,  406.4239, 25.7568, -40.6347,  120, 20, 0
L 409.6758, 43.5258, -39.0647,  407.6101, 32.8882, -40.0171,  120, 20, 0
L 412.6775, 53.7976, -40.3383,  409.6817, 43.5249, -39.1546,  120, 20, 0
L 416.0598, 65.6194, -40.8375,  412.6775, 53.7976, -40.3387,  120, 20, 0
L 416.0598, 65.6194, -40.8399,  416.0598, 65.6194, -40.8380,  120, 20, 0
L 419.4427, 75.9170, -38.1932,  416.0598, 65.6194, -40.8403,  120, 20, 0
L 419.8116, 93.4158, -38.2700,  419.4997, 75.9058, -38.6007,  120, 20, 0
L 410.7196, 106.3019, -38.5018,  419.8286, 93.4172, -38.6493,  120, 20, 0
L 397.8795, 115.4114, -40.1063,  410.7196, 106.3019, -38.9786,  120, 20, 0
L 382.2791, 121.8601, -39.4813,  397.8819, 115.4129, -40.5381,  120, 20, 0
L 368.4349, 128.4043, -41.2392,  382.2870, 121.8670, -39.9531,  120, 20, 0
L 352.6289, 133.8652, -42.9885,  368.4964, 128.4699, -41.6327,  120, 20, 0
L 336.6299, 133.8647, -41.4231,  352.6289, 133.8652, -42.9901,  120, 20, 0
L 328.5426, 130.7967, -40.7471,  336.6299, 133.8688, -41.9213,  120, 20, 0
L 316.1448, 125.0209, -41.6561,  328.5242, 130.8345, -41.1120,  120, 20, 0
L 306.7476, 120.1124, -42.5314,  316.1447, 125.0688, -42.0698,  120, 20, 0
L 298.5334, 115.9347, -42.2552,  306.7459, 120.1299, -42.9440,  120, 20, 0
L 295.5148, 106.9143, -42.2473,  298.5334, 115.9347, -42.2552,  120, 20, 0
L 292.8255, 96.2719, -40.8919,  295.5148, 106.9143, -42.2473,  120, 20, 0
L 292.8560, 83.8095, -38.1283,  292.8255, 96.2719, -40.8919,  120, 20, 0
L 291.6251, 70.4974, -39.0678,  292.8560, 83.8095, -38.4671,  120, 20, 0
L 288.6364, 50.8776, -41.1901,  291.6247, 70.4977, -39.0832,  120, 20, 0
L 286.7058, 42.1926, -40.6277,  288.6364, 50.8776, -41.1901,  120, 20, 0
L 287.9104, 29.2875, -39.6016,  286.7058, 42.1926, -41.4419,  120, 20, 0
L 295.4265, 15.3228, -38.9039,  287.9104, 29.2875, -39.6019,  120, 20, 0
L 296.3534, -0.4914, -38.9150,  295.4265, 15.3228, -38.9039,  120, 20, 0
L 299.0342, -5.9030, -37.5268,  296.3534, -0.4914, -38.9150,  120, 20, 0
L 348.7804, 30.3742, -81.5818,  345.9500, 31.2421, -81.2599,  0, 0, 0
L 353.9706, 30.3346, -81.9202,  348.7804, 30.3742, -81.9964,  0, 0, 0
L 363.3888, 30.2617, -81.5231,  353.9706, 30.3346, -82.3971,  0, 0, 0
L 368.3711, 32.0334, -81.3025,  363.3888, 30.2617, -82.0384,  0, 0, 0
L 378.8976, 41.4065, -81.6998,  368.3711, 32.0334, -81.7549,  0, 0, 0
L 383.3100, 44.6129, -81.2526,  378.8976, 41.4065, -82.2532,  0, 0, 0
L 385.1173, 55.3050, -80.9306,  383.3100, 44.6129, -81.7187,  0, 0, 0
L 386.3955, 64.0072, -81.3474,  385.1173, 55.3050, -80.9306,  0, 0, 0
L 384.6047, 76.5055, -80.9253,  386.3955, 64.0072, -81.7459,  0, 0, 0
L 383.3192, 83.6845, -81.3951,  384.6047, 76.5055, -80.9253,  0, 0, 0
L 375.4412, 89.8736, -81.5972,  383.3192, 83.6845, -81.9154,  0, 0, 0
L 369.9194, 95.7305, -80.9125,  375.4412, 89.8736, -82.1540,  0, 0, 0
L 364.5667, 97.6323, -81.5473,  369.9194, 95.7305, -81.3565,  0, 0, 0
L 350.8132, 97.9551, -81.4539,  364.5667, 97.6323, -82.1381,  0, 0, 0
L 340.1096, 95.2814, -81.0690,  350.8132, 97.9551, -81.4539,  0, 0, 0
L 338.1756, 94.6864, -81.2444,  340.1096, 95.2814, -81.0690,  0, 0, 0
L 334.8027, 91.4360, -81.3639,  338.1756, 94.6864, -81.6304,  0, 0, 0
L 325.9835, 78.3416, -82.4538,  334.8027, 91.4360, -81.8189,  0, 0, 0
L 319.5770, 73.2860, -76.4383,  325.9835, 78.3416, -82.4538,  0, 0, 0
L 314.8687, 75.0103, -76.7553,  319.5770, 73.2860, -76.4383,  0, 0, 0
L 308.5100, 77.8876, -76.8849,  314.8687, 75.0103, -76.7553,  0, 0, 0
L 300.3171, 84.7412, -70.5449,  308.5100, 77.8876, -76.8849,  0, 0, 0
L 297.4351, 85.7349, -69.9795,  300.3797, 84.8549, -70.8287,  0, 0, 0
L 287.0571, 88.9362, -66.8961,  297.4972, 85.8505, -70.2669,  0, 0, 0
L 272.6617, 95.4150, -60.1090,  287.1284, 89.0594, -67.1700,  0, 0, 0
L 260.9143, 108.6636, -51.6606,  272.6617, 95.4150, -60.1090,  0, 0, 0
L 259.7322, 109.9962, -50.9286,  260.9143, 108.6636, -51.6610,  0, 0, 0
L 250.1374, 122.7674, -46.2150,  259.7322, 109.9962, -50.9290,  0, 0, 0
L 240.3406, 138.0607, -40.4728,  250.1374, 122.7674, -46.7092,  0, 0, 0
L 235.2811, 146.6773, -38.4677,  240.3406, 138.0607, -40.4733,  0, 0, 0
L 219.8389, 154.9873, -32.4638,  235.3363, 146.7675, -38.7866,  0, 0, 0
L 205.0130, 162.3369, -27.3192,  219.8389, 154.9873, -32.5240,  0, 0, 0
L 184.8985, 169.4153, -26.7384,  205.0130, 162.3369, -27.8916,  0, 0, 0
L 174.3633, 173.2636, -24.4579,  184.9519, 169.5249, -27.0649,  0, 0, 0
L 168.8626, 173.0803, -23.1641,  174.4281, 173.3945, -24.8491,  0, 0, 0
L 139.0883, 167.4751, -11.8258,  168.8988, 173.2379, -23.4648,  0, 0, 0
L 114.0475, 154.8270, -8.4525,  139.0883, 167.4751, -12.3160,  0, 0, 0
L 101.0224, 139.6315, -4.7225,  114.0364, 154.9857, -8.7323,  0, 0, 0
L 89.2111, 128.7766, -0.4176,  100.9897, 139.6811, -5.2027,  0, 0, 0
L 86.3351, 120.3061, 2.2174,  89.1123, 128.8295, -0.7871,  0, 0, 0
L 80.6869, 104.0123, 8.7577,  86.2874, 120.3298, 2.0414,  0, 0, 0
L 81.5079, 92.2659, 12.3682,  80.6869, 104.0123, 8.7577,  0, 0, 0
L 81.5079, 92.2659, 12.2518,  81.5079, 92.2659, 12.3682,  0, 0, 0
L 76.8818, 79.3201, 16.2129,  81.5079, 92.2659, 11.8205,  0, 0, 0
L 78.2427, 59.9579, 19.4304,  76.8818, 79.3201, 16.2129,  0, 0, 0
L 81.8299, 52.8748, 23.7161,  78.1844, 59.9667, 19.2982,  0, 0, 0
L 87.8105, 36.6061, 28.3011,  81.8299, 52.8748, 23.7161,  0, 0, 0
L 92.3031, 25.9204, 31.4051,  87.8105, 36.6061, 28.3015,  0, 0, 0
L 95.6060, 4.2317, 27.4647,  92.3031, 25.9204, 31.4055,  0, 0, 0
L 92.4572, -6.6624, 28.6080,  95.6060, 4.2317, 26.9917,  0, 0, 0
L 90.7138, -13.3026, 28.9346,  92.4274, -6.6498, 28.4864,  0, 0, 0
L 95.9395, -32.4706, 31.8938,  90.6487, -13.2995, 28.6008,  0, 0, 0
L 103.7620, -57.6591, 32.1972,  95.9395, -32.4706, 31.3454,  0, 0, 0
L 109.8087, -67.4297, 29.1438,  103.7620, -57.6591, 31.4855,  0, 0, 0
L 119.7305, -80.8083, 30.3979,  109.7092, -67.4948, 28.7760,  0, 0, 0
L 143.2948, -97.3374, 40.3004,  119.6148, -80.8948, 30.1291,  0, 0, 0
L 153.7169, -101.1463, 39.7858,  143.2948, -97.3374, 40.3009,  0, 0, 0
L 173.4383, -105.7629, 37.7173,  153.7079, -101.2083, 39.7045,  0, 0, 0
L 197.4317, -106.0637, 30.8930,  173.4383, -105.7629, 37.2186,  0, 0, 0
L 205.9134, -105.2459, 28.6126,  197.4252, -106.1827, 30.3048,  0, 0, 0
L 228.6494, -94.1080, 32.3807,  205.9315, -105.3213, 28.2498,  0, 0, 0
L 246.5714, -80.3308, 30.7259,  228.6494, -94.1080, 31.8772,  0, 0, 0
L 256.3684, -72.9441, 27.9708,  246.5714, -80.3308, 30.2554,  0, 0, 0
L 263.0075, -64.4633, 28.0272,  256.4379, -73.0120, 27.6707,  0, 0, 0
L 268.0547, -47.8992, 28.3976,  263.1258, -64.5445, 27.8196,  0, 0, 0
L 272.4496, -33.8890, 32.1533,  268.0547, -47.8992, 28.3976,  0, 0, 0
L 273.4051, -24.8065, 30.1437,  272.5838, -33.9335, 31.9536,  0, 0, 0
L 272.2589, -12.4211, 26.1994,  273.4051, -24.8065, 29.6586,  0, 0, 0
L 271.1025, -2.2572, 27.1048,  272.3066, -12.4196, 25.8885,  0, 0, 0
L 269.3817, 6.8546, 27.5708,  271.1323, -2.2516, 26.8807,  0, 0, 0
L 263.6127, 16.5366, 26.0964,  269.3817, 6.8546, 27.5708,  0, 0, 0
L 262.6461, 19.6072, 26.6609,  263.6127, 16.5366, 26.0964,  0, 0, 0
L 266.8391, 25.3748, 27.0697,  262.6461, 19.6072, 26.6609,  0, 0, 0
L 276.5381, 30.8907, 28.5881,  266.8391, 25.3748, 27.0697,  0, 0, 0
L 283.2709, 38.2965, 29.3659,  276.5381, 30.8907, 28.1147,  0, 0, 0
L 286.2736, 52.3665, 29.0927,  283.2709, 38.2965, 28.8571,  0, 0, 0
L 286.3517, 62.3478, 29.2414,  286.2736, 52.3665, 28.5757,  0, 0, 0
L 283.9673, 69.2985, 29.4638,  286.3517, 62.3478, 28.7855,  0, 0, 0
L 273.4980, 80.4500, 29.3028,  283.9673, 69.2985, 28.9224,  0, 0, 0
L 269.5132, 83.0327, 29.5512,  273.4980, 80.4500, 28.8440,  0, 0, 0
L 257.5969, 84.8623, 29.5989,  269.5132, 83.0327, 29.0823,  0, 0, 0
L 249.0382, 85.1149, 29.5659,  257.5969, 84.8623, 29.1474,  0, 0, 0
L 233.7918, 82.6974, 29.6783,  249.0382, 85.1149, 29.0617,  0, 0, 0
L 224.5492, 72.7230, 29.8401,  233.7918, 82.6974, 29.3423,  0, 0, 0
L 218.6263, 62.7650, 29.3852,  224.5492, 72.7230, 29.6103,  0, 0, 0
L 218.6752, 48.0510, 29.1777,  218.6263, 62.7650, 28.9229,  0, 0, 0
L 221.4650, 38.8786, 29.6852,  218.6752, 48.0510, 28.6665,  0, 0, 0
L 227.7800, 31.3017, 29.4550,  221.4650, 38.8786, 29.6852,  0, 0, 0
L 236.7608, 26.0878, 27.0709,  227.7800, 31.3017, 29.4550,  0, 0, 0
L 241.2493, 21.6052, 27.8472,  236.7608, 26.0878, 27.0709,  0, 0, 0
L 243.0718, 12.4087, 29.3901,  241.2493, 21.6052, 27.8472,  0, 0, 0
L 244.1267, -2.4927, 28.4577,  243.0269, 12.4034, 29.1929,  0, 0, 0
L 246.8106, -22.3206, 28.6860,  244.1267, -2.4927, 27.8903,  0, 0, 0
L 244.0397, -39.5925, 30.4244,  246.8088, -22.3206, 28.2091,  0, 0, 0
L 236.7162, -55.7270, 33.1809,  244.0397, -39.5925, 30.2573,  0, 0, 0
L 223.2545, -67.2316, 32.3017,  236.7162, -55.7270, 32.7489,  0, 0, 0
L 208.1789, -75.5927, 33.4615,  223.2545, -67.2316, 32.3017,  0, 0, 0
L 196.2583, -78.6417, 31.3405,  208.1789, -75.5927, 33.2847,  0, 0, 0
L 168.0100, -80.8326, 34.1236,  196.2583, -78.6417, 31.3405,  0, 0, 0
L 154.4160, -71.7324, 35.2659,  168.0100, -80.8326, 34.1236,  0, 0, 0
L 137.5210, -59.7607, 32.9402,  154.4160, -71.7324, 34.7847,  0, 0, 0
L 127.9059, -47.9581, 31.8179,  137.5210, -59.7607, 32.9402,  0, 0, 0
L 120.4856, -28.8859, 32.3990,  127.9223, -47.9499, 31.4146,  0, 0, 0
L 118.4920, -13.4562, 31.4713,  120.4856, -28.8859, 32.3990,  0, 0, 0
L 122.4233, 5.0854, 30.8387,  118.4920, -13.4562, 31.4713,  0, 0, 0
L 121.2230, 24.9952, 29.9250,  122.4233, 5.0854, 30.8387,  0, 0, 0
L 112.4528, 46.3644, 25.9070,  121.2230, 24.9952, 29.6839,  0, 0, 0
L 106.7571, 58.6690, 21.9432,  112.4528, 46.3644, 25.8570,  0, 0, 0
L 103.0623, 75.6112, 17.2868,  106.7571, 58.6690, 21.6457,  0, 0, 0
L 103.8573, 88.0121, 12.2654,  103.0791, 75.6130, 16.8196,  0, 0, 0
L 107.8891, 103.9264, 7.0151,  103.8573, 88.0121, 12.1490,  0, 0, 0
L 113.9477, 115.5855, -0.0072,  107.8891, 103.9264, 6.7258,  0, 0, 0
L 119.7924, 121.9131, -3.3845,  113.9581, 115.5801, -0.3017,  0, 0, 0
L 128.8620, 131.0370, -8.7740,  119.7924, 121.9131, -3.3845,  0, 0, 0
L 134.3467, 137.8533, -12.6355,  128.8620, 131.0370, -8.7740,  0, 0, 0
L 142.1410, 141.5887, -15.5115,  134.3467, 137.8533, -12.6355,  0, 0, 0
L 154.9990, 142.3875, -19.4979,  142.1410, 141.5887, -15.5115,  0, 0, 0
L 164.5188, 145.4125, -21.9238,  154.9990, 142.3875, -19.4979,  0, 0, 0
L 175.7004, 146.0924, -22.7498,  164.5188, 145.4125, -21.9238,  0, 0, 0
L 180.3263, 145.0816, -23.2418,  175.7004, 146.0924, -22.7498,  0, 0, 0
L 182.9480, 144.4857, -24.7262,  180.3263, 145.0816, -23.2418,  0, 0, 0
L 188.9880, 143.1699, -27.9089,  182.9480, 144.4857, -24.7262,  0, 0, 0
L 194.4845, 140.6660, -28.8649,  188.9880, 143.1699, -27.9089,  0, 0, 0
L 202.6827, 136.5856, -32.8770,  194.4845, 140.6660, -28.8649,  0, 0, 0
L 208.8701, 132.4852, -34.5661,  202.6827, 136.5856, -32.8770,  0, 0, 0
L 215.7142, 126.7653, -37.4107,  208.8701, 132.4852, -34.5661,  0, 0, 0
L 217.1314, 124.4098, -38.7730,  215.7142, 126.7653, -37.4110,  0, 0, 0
L 224.1729, 116.8286, -44.7170,  217.1314, 124.4098, -38.7732,  0, 0, 0
L 230.1117, 105.4913, -47.3926,  224.1729, 116.8286, -44.7170,  0, 0, 0
L 236.9400, 95.4739, -53.0752,  230.1117, 105.4913, -47.3926,  0, 0, 0
L 245.1238, 84.8151, -57.1468,  236.9400, 95.4739, -53.0752,  0, 0, 0
L 254.2209, 77.6087, -60.4461,  245.1238, 84.8151, -57.1468,  0, 0, 0
L 265.2717, 69.9505, -63.6636,  254.2209, 77.6087, -60.4461,  0, 0, 0
L 273.3459, 65.0332, -65.9770,  265.2717, 69.9505, -63.6636,  0, 0, 0
L 286.3946, 60.5406, -68.4285,  273.3459, 65.0332, -65.9770,  0, 0, 0
L 294.7107, 57.3350, -72.3041,  286.3946, 60.5406, -68.4285,  0, 0, 0
L 304.0904, 56.7823, -75.3050,  294.7107, 57.3350, -72.3041,  0, 0, 0
L 311.8622, 58.0697, -80.6266,  304.0904, 56.7823, -75.3050,  0, 0, 0
L 319.3795, 54.6261, -84.7758,  311.8622, 58.0697, -80.6266,  0, 0, 0
L 324.9862, 51.5414, -85.2827,  319.3795, 54.6261, -84.7758,  0, 0, 0
L 328.1508, 45.9939, -83.6998,  324.9862, 51.5414, -85.2827,  0, 0, 0
L 335.3553, 36.3456, -82.7380,  328.1508, 45.9939, -83.6998,  0, 0, 0
L 337.5198, 34.2601, -82.8089,  335.3553, 36.3456, -82.7380,  0, 0, 0
L 346.2334, 31.1555, -82.7880,  337.5198, 34.2601, -82.8089,  0, 0, 0
L 699.7090, 186.4576, 61.5221,  694.4595, 167.6773, 59.0731,  127, 127, 127
L 513.7534, 309.9037, 69.0036,  507.6533, 313.2553, 66.8783,  0, 0, 0
L 518.9593, 307.8923, 69.0069,  513.7534, 309.9037, 69.0036,  0, 0, 0
L 529.1062, 302.2856, 70.5442,  535.8282, 297.9636, 70.9298,  0, 0, 0
L 519.0028, 307.7909, 67.1164,  528.9431, 302.2008, 70.9159,  127, 127, 127
L 674.5933, 323.2468, 28.9571,  675.2776, 307.6488, 27.1985,  127, 127, 127
L 667.3756, 327.9064, 30.9742,  674.3606, 323.6193, 29.4399,  0, 0, 0
L 658.9606, 329.0448, 29.0468,  670.1466, 326.2000, 30.9204,  0, 0, 0
L 649.5652, 327.6496, 31.7814,  658.9606, 329.0448, 29.0468,  0, 0, 0
L 641.3889, 332.5369, 36.9243,  649.5652, 327.6496, 31.7814,  0, 0, 0
L 633.4103, 335.5590, 40.7623,  641.3889, 332.5369, 36.9247,  0, 0, 0
L 624.4495, 340.0136, 43.6351,  633.4103, 335.5590, 40.7626,  0, 0, 0
L 614.7580, 344.4996, 46.1984,  624.4495, 340.0136, 43.1672,  0, 0, 0
L 608.9265, 348.4859, 49.4085,  614.8030, 344.5402, 45.9985,  0, 0, 0
L 601.7186, 350.5410, 49.6279,  608.9340, 348.5066, 49.3773,  0, 0, 0
L 589.7979, 350.3401, 54.9616,  601.7186, 350.5410, 49.6283,  0, 0, 0
L 582.7351, 349.0493, 57.2571,  589.7979, 350.3401, 54.9616,  0, 0, 0
L 573.2104, 349.9196, 60.0709,  582.7351, 349.0493, 56.8345,  0, 0, 0
L 562.8243, 347.5759, 60.1329,  573.2104, 349.9196, 59.7288,  0, 0, 0
L 552.8947, 345.0125, 60.4971,  562.8243, 347.5759, 59.6918,  0, 0, 0
L 542.8200, 340.3893, 63.5806,  552.8947, 345.0125, 60.4975,  0, 0, 0
L 538.0470, 332.8548, 65.9495,  542.8176, 340.4019, 63.4130,  0, 0, 0
L 531.0589, 327.1622, 68.4693,  538.0470, 332.8548, 65.9495,  0, 0, 0
L 524.2600, 316.9196, 70.1208,  531.0589, 327.1622, 68.3378,  0, 0, 0
L 519.0028, 307.7909, 67.7463,  524.2600, 316.9196, 70.1208,  0, 0, 0
L 531.9741, 303.7748, 69.8325,  529.1062, 302.2856, 69.0826,  0, 0, 0
L 535.8211, 306.4167, 70.3937,  531.9741, 303.7748, 69.8325,  0, 0, 0
L 538.2626, 309.7692, 69.5120,  535.8211, 306.4167, 70.3937,  0, 0, 0
L 546.1040, 315.9615, 67.6432,  538.2626, 309.7692, 69.5027,  0, 0, 0
L 552.6342, 322.1346, 64.2581,  546.1040, 315.9615, 67.1886,  0, 0, 0
L 563.5994, 326.1208, 64.7086,  552.6342, 322.1346, 64.2581,  0, 0, 0
L 574.6469, 328.8196, 60.1976,  563.6428, 326.0833, 64.3439,  0, 0, 0
L 584.8751, 329.7159, 54.3292,  574.6469, 328.8196, 59.7682,  0, 0, 0
L 594.0015, 329.2782, 53.1422,  584.8751, 329.7159, 54.3292,  0, 0, 0
L 604.0776, 325.5938, 49.8305,  594.0015, 329.2782, 53.1422,  0, 0, 0
L 612.9942, 321.1702, 46.1344,  604.0776, 325.5938, 49.3766,  0, 0, 0
L 622.3707, 316.6091, 39.7531,  612.9942, 321.1702, 45.6120,  0, 0, 0
L 632.4348, 311.1618, 36.5803,  622.3707, 316.6091, 39.7531,  0, 0, 0
L 644.4902, 308.5750, 33.4732,  632.4348, 311.1618, 36.5803,  0, 0, 0
L 655.1953, 307.3209, 30.7890,  644.4902, 308.5750, 33.4732,  0, 0, 0
L 666.2880, 307.0551, 29.4504,  655.1953, 307.3209, 30.7890,  0, 0, 0
L 676.9815, 307.8442, 27.6461,  666.2880, 307.0551, 29.4508,  0, 0, 0
L 26.4377, 84.7798, 19.4266,  25.5993, 82.3821, 20.1270,  0, 0, 0
L 30.3994, 87.0413, 20.0944,  26.4377, 84.7798, 19.4266,  0, 0, 0
L 41.8317, 94.7163, 22.6028,  30.3994, 87.0413, 20.0944,  0, 0, 0
L 51.5995, 103.0258, 20.7713,  41.8366, 94.7098, 22.5926,  0, 0, 0
L 59.1024, 111.6532, 21.1354,  51.5995, 103.0258, 20.7713,  0, 0, 0
L 66.5204, 122.1160, 23.1203,  59.1024, 111.6532, 21.1354,  0, 0, 0
L 70.6353, 133.1708, 22.6171,  66.5204, 122.1160, 23.1203,  0, 0, 0
L 69.5316, 148.8405, 23.0212,  70.6353, 133.1708, 22.6171,  0, 0, 0
L 69.5405, 161.0776, 22.6889,  69.5316, 148.8405, 23.0212,  0, 0, 0
L 65.6829, 170.8383, 20.8169,  69.5405, 161.0776, 22.6889,  0, 0, 0
L 61.4839, 181.1327, 20.3798,  65.6829, 170.8383, 20.8169,  0, 0, 0
L 56.6064, 189.2525, 23.2869,  61.4839, 181.1327, 20.3798,  0, 0, 0
L 48.6265, 195.7583, 25.3118,  56.6064, 189.2525, 23.2869,  0, 0, 0
L 39.1152, 203.0572, 27.9599,  48.6265, 195.7583, 25.3118,  0, 0, 0
L 31.8728, 208.8140, 31.5805,  39.1152, 203.0572, 27.9599,  0, 0, 0
L 25.1435, 213.4886, 31.8700,  31.8728, 208.8140, 31.5812,  0, 0, 0
L 16.3100, 217.4671, 32.4908,  25.1435, 213.4886, 31.8700,  0, 0, 0
L 13.1963, 223.2932, 35.8685,  16.3100, 217.4671, 32.4908,  0, 0, 0
L 10.0685, 228.3915, 38.3666,  13.1963, 223.2932, 35.8685,  0, 0, 0
L 8.0930, 233.7533, 39.2701,  10.0685, 228.3915, 38.3666,  0, 0, 0
L 5.2885, 241.7716, 40.4473,  8.1009, 233.7579, 39.0667,  0, 0, 0
L 4.4064, 248.0148, 41.6572,  5.2885, 241.7716, 40.4477,  0, 0, 0
L 3.8959, 254.3469, 43.5189,  4.5034, 248.0274, 41.4125,  0, 0, 0
L 3.7778, 262.9456, 45.8591,  3.8959, 254.3469, 43.5189,  0, 0, 0
L 3.6992, 267.0659, 46.4375,  3.7778, 262.9456, 45.8591,  0, 0, 0
L 3.5197, 275.5427, 47.0222,  3.6992, 267.0659, 46.4375,  0, 0, 0
L 7.9056, 279.6931, 46.9074,  3.5197, 275.5427, 47.0222,  0, 0, 0
L 17.8325, 290.1884, 45.5838,  7.9056, 279.6931, 46.9074,  0, 0, 0
L 24.1050, 298.2798, 44.2484,  17.8325, 290.1884, 45.4669,  0, 0, 0
L 31.5539, 305.0285, 44.9148,  24.1050, 298.2798, 44.2484,  0, 0, 0
L 41.9937, 309.9818, 43.8298,  31.5539, 305.0285, 44.9152,  0, 0, 0
L 52.2919, 312.8114, 43.1626,  41.9937, 309.9818, 43.8298,  0, 0, 0
L 63.4164, 314.9279, 43.0544,  52.2919, 312.8114, 43.1626,  0, 0, 0
L 72.7968, 315.2999, 42.7430,  63.4164, 314.9279, 43.0544,  0, 0, 0
L 72.7968, 315.2999, 42.7430,  72.7968, 315.2999, 42.7430,  0, 0, 0
L 83.9785, 312.5313, 43.3565,  72.7968, 315.2999, 42.7430,  0, 0, 0
L 93.7739, 309.1289, 43.1360,  83.9785, 312.5313, 43.3565,  0, 0, 0
L 103.8529, 310.5683, 49.0070,  93.7739, 309.1289, 43.1360,  0, 0, 0
L 111.0887, 310.8619, 57.3034,  103.8529, 310.5683, 49.0070,  0, 0, 0
L 116.6557, 303.8597, 64.5799,  111.0887, 310.8619, 57.3034,  0, 0, 0
L 124.5988, 294.4851, 73.6472,  116.6557, 303.8597, 64.5799,  0, 0, 0
L 132.7516, 289.4640, 77.4512,  124.5988, 294.4851, 73.3430,  0, 0, 0
L 143.3653, 287.1182, 80.3843,  132.7516, 289.4640, 77.4512,  0, 0, 0
L 156.9998, 286.0071, 80.3208,  143.3377, 287.0701, 80.2899,  0, 0, 0
L 168.5305, 281.8252, 83.9068,  156.9998, 286.0071, 80.3216,  0, 0, 0
L 174.9232, 280.7243, 76.1900,  168.5305, 281.8252, 83.9068,  0, 0, 0
L 179.7410, 274.0705, 70.8282,  174.9232, 280.7243, 76.1900,  0, 0, 0
L 188.3055, 269.6595, 70.7208,  179.7410, 274.0705, 70.8282,  0, 0, 0
L 201.5288, 266.5111, 71.2296,  188.3055, 269.6595, 70.7208,  0, 0, 0
L 214.4828, 263.7550, 73.0833,  201.5288, 266.5111, 71.3188,  0, 0, 0
L 225.9982, 260.1036, 75.2403,  214.4828, 263.7550, 73.0833,  0, 0, 0
L 231.9754, 255.5061, 77.6803,  225.9982, 260.1036, 75.3232,  0, 0, 0
L 237.2221, 250.0809, 81.5077,  231.9754, 255.5061, 77.7695,  0, 0, 0
L 243.2692, 244.9387, 85.2796,  237.2221, 250.0809, 81.7365,  0, 0, 0
L 253.1042, 240.7529, 86.0396,  243.2692, 244.9387, 85.2796,  0, 0, 0
L 262.8585, 235.7996, 87.6738,  253.1042, 240.7529, 86.0396,  0, 0, 0
L 273.6971, 235.9487, 84.4456,  262.8545, 235.7782, 87.5520,  0, 0, 0
L 282.9790, 241.8159, 73.2656,  273.6971, 235.9487, 84.2140,  0, 0, 0
L 296.1291, 242.3492, 65.0354,  282.9790, 241.8159, 73.2656,  0, 0, 0
L 307.5584, 245.7336, 53.6138,  296.1291, 242.3492, 65.0354,  0, 0, 0
L 316.4129, 249.1495, 48.0800,  307.5584, 245.7336, 53.2593,  0, 0, 0
L 320.6410, 250.7386, 39.5827,  316.4129, 249.1495, 48.0800,  0, 0, 0
L 327.5613, 245.4827, 39.7793,  320.6410, 250.7386, 39.5827,  0, 0, 0
L 334.6048, 238.4271, 41.7861,  327.5613, 245.4827, 39.7793,  0, 0, 0
L 341.5106, 231.6593, 43.1715,  334.6048, 238.4271, 41.7861,  0, 0, 0
L 350.2710, 225.9168, 46.0543,  341.5106, 231.6593, 43.1715,  0, 0, 0
L 361.0751, 222.1351, 49.6058,  350.2710, 225.9168, 46.0543,  0, 0, 0
L 371.5481, 222.9746, 51.2521,  361.0751, 222.1351, 49.6058,  0, 0, 0
L 382.5196, 224.4503, 52.9334,  371.5481, 222.9746, 51.2521,  0, 0, 0
L 390.9604, 228.7750, 53.7466,  382.5196, 224.4503, 52.9334,  0, 0, 0
L 393.6870, 235.6052, 53.8378,  390.9639, 228.7732, 53.6848,  0, 0, 0
L 392.3606, 241.6813, 53.0691,  393.6870, 235.6052, 53.5477,  0, 0, 0
L 387.8885, 249.0367, 54.8283,  392.3606, 241.6813, 53.0691,  0, 0, 0
L 385.0788, 257.3684, 56.5515,  387.8885, 249.0367, 54.8283,  0, 0, 0
L 389.2799, 262.6073, 57.7332,  385.0788, 257.3684, 56.5515,  0, 0, 0
L 392.2397, 263.6423, 58.7874,  389.2799, 262.6073, 57.7332,  0, 0, 0
L 397.4330, 263.4230, 60.2724,  392.2397, 263.6423, 58.7874,  0, 0, 0
L 402.8404, 261.8008, 61.3620,  397.4330, 263.4230, 60.2724,  0, 0, 0
L 410.1585, 260.3645, 60.0977,  402.8404, 261.8008, 61.3620,  0, 0, 0
L 419.4472, 264.9825, 43.9437,  410.1585, 260.3645, 60.0977,  0, 0, 0
L 429.7128, 266.2151, 41.3264,  419.4472, 264.9825, 43.5327,  0, 0, 0
L 438.4748, 267.9791, 43.7734,  429.7128, 266.2151, 41.3264,  0, 0, 0
L 448.1660, 270.7237, 47.8997,  438.4748, 267.9791, 43.7734,  0, 0, 0
L 454.2758, 274.0403, 51.6647,  448.1660, 270.7237, 47.8997,  0, 0, 0
L 452.7776, 280.6210, 60.9771,  454.2758, 274.0403, 51.6647,  0, 0, 0
L 450.7337, 286.8470, 69.6111,  452.7776, 280.6210, 60.9771,  0, 0, 0
L 451.7444, 292.3098, 73.2285,  450.7337, 286.8470, 69.6111,  0, 0, 0
L 453.6279, 293.9488, 75.0213,  451.7444, 292.3098, 73.2285,  0, 0, 0
L 456.6553, 294.2050, 76.4076,  453.6279, 293.9488, 75.0213,  0, 0, 0
L 460.4951, 294.5350, 74.5427,  456.6553, 294.2050, 76.4076,  0, 0, 0
L 464.8494, 294.1896, 70.5777,  460.4951, 294.5350, 74.5427,  0, 0, 0
L 469.6069, 293.2214, 69.6423,  464.8494, 294.1896, 70.5777,  0, 0, 0
L 480.7685, 290.8490, 68.9324,  469.6069, 293.2214, 69.6423,  0, 0, 0
L 492.4974, 291.2506, 69.1777,  480.7685, 290.8490, 68.9324,  0, 0, 0
L 501.1185, 291.2043, 71.6327,  492.4974, 291.2506, 69.1777,  0, 0, 0
L 504.8022, 289.6454, 71.6464,  501.1185, 291.2043, 71.6328,  0, 0, 0
L 511.2730, 286.6748, 72.2276,  504.8022, 289.6454, 71.6464,  0, 0, 0
L 516.7747, 283.5241, 72.4472,  511.2730, 286.6748, 72.2277,  0, 0, 0
L 522.6623, 280.1835, 71.8423,  516.7747, 283.5241, 72.4472,  0, 0, 0
L 526.8914, 277.3455, 71.6988,  522.6623, 280.1835, 71.8424,  0, 0, 0
L 533.2411, 270.7225, 72.1025,  526.8914, 277.3455, 71.6988,  0, 0, 0
L 536.6539, 265.5477, 73.0660,  533.2411, 270.7225, 72.1030,  0, 0, 0
L 539.3686, 259.2813, 74.5989,  536.6539, 265.5477, 73.0660,  0, 0, 0
L 544.0880, 248.5598, 74.3531,  539.3686, 259.2813, 74.5989,  0, 0, 0
L 547.4943, 243.0312, 74.8697,  544.0880, 248.5598, 74.3534,  0, 0, 0
L 547.8769, 237.7238, 74.9624,  547.4943, 243.0312, 74.8697,  0, 0, 0
L 547.1752, 225.1187, 74.3167,  547.8769, 237.7238, 74.9624,  0, 0, 0
L 548.7996, 214.4581, 70.7570,  547.1752, 225.1187, 74.3167,  0, 0, 0
L 551.1161, 200.8357, 70.6940,  548.7996, 214.4581, 70.7570,  0, 0, 0
L 556.7344, 187.6615, 71.3053,  551.1161, 200.8357, 70.6940,  0, 0, 0
L 564.0811, 178.2561, 70.6288,  556.6484, 187.6030, 71.1860,  0, 0, 0
L 577.1589, 170.3090, 69.8864,  564.0811, 178.2561, 70.6288,  0, 0, 0
L 589.0745, 162.5998, 69.0965,  577.1589, 170.3090, 69.8864,  0, 0, 0
L 600.0906, 160.1119, 64.6929,  589.0745, 162.5998, 68.8597,  0, 0, 0
L 612.4616, 162.4497, 65.7578,  600.0889, 160.0408, 64.4653,  0, 0, 0
L 626.5344, 165.8934, 68.3536,  612.4616, 162.4497, 65.7578,  0, 0, 0
L 626.5344, 165.8934, 68.3536,  626.5344, 165.8934, 68.3536,  0, 0, 0
L 639.3505, 171.1613, 65.6204,  626.5344, 165.8934, 68.3538,  0, 0, 0
L 648.2511, 175.0859, 65.5527,  639.3505, 171.1613, 65.6204,  0, 0, 0
L 656.2188, 174.3219, 65.2457,  648.2511, 175.0859, 65.5527,  0, 0, 0
L 660.9557, 173.7737, 63.8822,  656.2188, 174.3219, 65.2463,  0, 0, 0
L 685.1938, 168.7144, 64.7701,  702.5735, 166.7681, 63.2080,  0, 0, 0
L 673.0478, 170.2743, 65.3521,  685.1938, 168.7144, 64.7707,  0, 0, 0
L 660.9557, 173.7737, 63.9250,  673.0478, 170.2743, 65.3524,  0, 0, 0
L 695.8568, 161.7647, 66.6535,  695.8568, 161.7647, 66.6535,  0, 0, 0
L 765.4308, 94.3496, 86.8277,  767.9448, 102.7162, 83.7334,  0, 0, 0
L 759.6366, 86.2027, 88.6758,  765.4308, 94.3496, 86.7697,  0, 0, 0
L 752.9101, 75.4500, 94.4641,  759.6366, 86.2027, 88.6758,  0, 0, 0
L 745.6452, 69.7652, 93.2912,  752.9101, 75.4500, 94.4641,  0, 0, 0
L 735.6931, 60.6800, 96.8023,  745.6451, 69.7774, 93.0454,  0, 0, 0
L 727.3143, 56.7699, 99.2835,  735.6931, 60.6817, 96.6027,  0, 0, 0
L 716.6937, 49.5430, 102.4066,  727.3143, 56.7699, 99.2835,  0, 0, 0
L 707.2501, 41.8208, 106.2501,  716.6937, 49.5430, 102.0323,  0, 0, 0
L 699.2903, 39.2678, 109.0633,  707.2501, 41.8208, 106.2501,  0, 0, 0
L 689.8919, 40.1379, 113.1793,  699.2903, 39.2678, 109.0633,  0, 0, 0
L 673.7299, 40.9387, 119.0381,  689.8919, 40.1379, 112.6219,  0, 0, 0
L 659.1504, 40.5475, 125.3102,  673.7638, 40.9883, 118.6134,  0, 0, 0
L 645.3935, 41.7460, 133.0556,  659.1504, 40.5475, 125.3102,  0, 0, 0
L 636.9203, 44.9204, 136.6374,  645.3935, 41.7460, 133.0556,  0, 0, 0
L 625.6257, 49.7960, 139.0424,  636.9203, 44.9204, 136.2022,  0, 0, 0
L 613.9854, 55.7488, 144.8955,  625.6257, 49.7960, 139.0424,  0, 0, 0
L 604.3226, 58.7580, 145.5387,  613.9854, 55.7488, 144.8955,  0, 0, 0
L 589.6248, 39.5104, 147.8124,  604.3037, 58.7591, 145.5352,  0, 0, 0
L 601.7097, 19.9284, 143.1040,  589.6248, 39.5104, 147.8124,  0, 0, 0
L 609.6633, 15.7924, 138.0304,  601.7097, 19.9284, 143.1040,  0, 0, 0
L 623.6105, 9.6522, 131.9777,  609.6633, 15.7924, 137.6842,  0, 0, 0
L 636.6441, 3.6777, 127.5756,  623.6105, 9.6522, 131.9777,  0, 0, 0
L 656.7631, 3.2702, 121.7551,  636.6379, 3.6383, 127.4408,  0, 0, 0
L 671.2178, 3.8230, 117.6465,  656.7997, 3.2344, 121.4182,  0, 0, 0
L 688.3875, 2.1834, 115.5455,  671.2178, 3.8230, 117.5256,  0, 0, 0
L 702.8181, 3.8788, 113.8006,  688.3875, 2.1834, 115.5455,  0, 0, 0
L 719.4884, 9.4974, 110.9906,  702.8181, 3.8788, 113.8014,  0, 0, 0
L 735.2712, 16.2795, 105.9686,  719.4884, 9.4974, 110.7170,  0, 0, 0
L 746.2330, 23.8988, 99.9280,  735.2712, 16.2795, 105.9686,  0, 0, 0
L 746.2330, 23.8988, 99.9280,  746.2330, 23.8988, 99.9280,  0, 0, 0
L 759.1210, 31.4654, 95.5555,  746.2330, 23.8988, 99.9280,  0, 0, 0
L 771.7754, 40.0872, 96.7656,  759.1210, 31.4654, 95.5555,  0, 0, 0
L 779.4145, 50.5424, 97.1275,  771.7754, 40.0872, 96.7656,  0, 0, 0
L 787.2538, 60.7030, 94.1344,  779.4145, 50.5424, 97.1275,  0, 0, 0
L 795.0662, 74.2641, 88.5263,  787.2538, 60.7030, 94.1353,  0, 0, 0
L 794.7913, 84.1838, 82.5124,  795.0662, 74.2641, 88.5263,  0, 0, 0
L 798.5237, 91.5259, 83.4442,  794.7913, 84.1838, 82.5124,  0, 0, 0
L 812.9102, 94.0714, 55.0150,  798.5237, 91.5259, 53.0927,  0, 0, 0
L 822.9452, 96.9370, 56.3891,  812.9102, 94.0714, 55.0150,  0, 0, 0
L 834.7576, 103.3790, 54.7262,  822.9452, 96.9370, 56.3891,  0, 0, 0
L 844.0704, 106.8327, 53.8997,  834.7576, 103.3790, 54.7262,  0, 0, 0
L 852.8003, 104.7726, 54.0421,  844.0704, 106.8327, 53.8997,  0, 0, 0
L 870.3312, 106.0248, 53.8439,  852.8003, 104.7726, 54.0421,  0, 0, 0
L 888.4351, 112.8523, 55.0393,  870.3312, 106.0248, 53.8439,  0, 0, 0
L 905.9514, 115.4463, 55.9756,  888.4351, 112.8523, 55.0393,  0, 0, 0
L 922.6393, 127.3649, 59.2347,  905.9514, 115.4463, 55.9756,  0, 0, 0
L 942.3012, 146.3356, 59.5906,  922.6393, 127.3649, 59.2347,  0, 0, 0
L 954.3931, 164.0443, 57.0762,  942.3012, 146.3356, 59.5906,  0, 0, 0
L 967.2014, 175.9846, 56.0841,  954.3931, 164.0443, 57.0762,  0, 0, 0
L 980.2136, 193.6342, 55.9780,  967.2014, 175.9846, 56.0841,  0, 0, 0
L 984.6713, 208.9646, 55.8314,  980.2136, 193.6342, 55.9780,  0, 0, 0
L 987.6226, 230.3050, 53.6060,  984.6713, 208.9646, 55.8314,  0, 0, 0
L 987.6226, 230.3050, 53.6060,  987.6226, 230.3050, 53.6060,  0, 0, 0
L 992.1654, 249.8556, 63.0473,  987.6226, 230.3050, 53.6060,  0, 0, 0
L 986.6470, 271.6457, 62.4599,  992.1654, 249.8556, 63.0473,  0, 0, 0
L 974.4183, 285.7631, 62.6383,  986.6470, 271.6457, 62.4599,  0, 0, 0
L 960.3778, 296.0827, 57.8700,  974.4183, 285.7631, 62.6383,  0, 0, 0
L 958.3459, 306.0034, 56.7604,  960.3778, 296.0827, 57.8700,  0, 0, 0
L 961.8146, 314.4614, 59.6663,  958.3459, 306.0034, 56.7604,  0, 0, 0
L 969.5572, 322.8612, 63.2673,  961.8146, 314.4614, 59.6663,  0, 0, 0
L 982.3875, 333.5758, 68.7875,  969.5572, 322.8612, 63.2673,  0, 0, 0
L 993.8522, 346.1140, 76.1258,  982.3875, 333.5758, 68.7875,  0, 0, 0
L 993.8522, 346.1140, 76.1258,  993.8522, 346.1140, 76.1258,  0, 0, 0
L 1006.5001, 367.0646, 80.6758,  993.8522, 346.1140, 76.1258,  0, 0, 0
L 1011.5575, 390.4927, 92.5857,  1006.5001, 367.0646, 80.6758,  0, 0, 0
L 1007.7223, 401.9606, 93.4651,  1011.5575, 390.4927, 92.5861,  0, 0, 0
L 1008.9831, 404.5580, 95.1288,  1007.7223, 401.9606, 93.4651,  0, 0, 0
L 1019.4271, 406.0240, 98.3401,  1008.9831, 404.5580, 95.1288,  0, 0, 0
L 1032.7666, 414.2383, 98.6951,  1019.4271, 406.0240, 97.9664,  0, 0, 0
L 1053.7129, 428.3739, 101.1857,  1032.7666, 414.2383, 98.2251,  0, 0, 0
L 1063.0967, 441.4055, 105.5574,  1053.7129, 428.3739, 101.1863,  0, 0, 0
L 1071.0436, 459.5594, 112.2354,  1063.0967, 441.4055, 105.5574,  0, 0, 0
L 1080.2164, 476.1578, 118.2844,  1071.0436, 459.5594, 112.2354,  0, 0, 0
L 1084.5031, 493.3928, 119.8516,  1080.2164, 476.1578, 117.8643,  0, 0, 0
L 1089.2927, 518.9777, 124.7333,  1084.5031, 493.3928, 119.8200,  0, 0, 0
L 1085.9130, 539.6008, 128.7354,  1089.2927, 518.9777, 124.2283,  0, 0, 0
L 1085.0387, 557.4672, 134.4305,  1085.9130, 539.6008, 128.4431,  0, 0, 0
L 1082.3016, 575.2269, 139.0843,  1085.0537, 557.4720, 134.3006,  0, 0, 0
L 1074.5405, 588.9759, 144.3438,  1082.3016, 575.2269, 139.0846,  0, 0, 0
L 1065.8810, 604.0152, 150.3918,  1074.5405, 588.9759, 144.3438,  0, 0, 0
L 1053.2639, 614.4875, 155.3537,  1065.8810, 604.0152, 150.3918,  0, 0, 0
L 1043.2863, 617.3469, 158.4822,  1053.2639, 614.4875, 155.3537,  0, 0, 0
L 1024.8237, 601.8090, 162.2828,  1043.2863, 617.3469, 158.4822,  0, 0, 0
L 1025.3438, 601.2798, 158.1607,  1024.8237, 601.8090, 162.2828,  0, 0, 0
L 1027.9863, 593.9622, 154.0525,  1025.3438, 601.2798, 158.1607,  0, 0, 0
L 1038.9574, 575.9355, 148.4752,  1027.9863, 593.9622, 153.5966,  0, 0, 0
L 1046.3911, 564.4044, 142.4089,  1038.9574, 575.9355, 148.4752,  0, 0, 0
L 1048.3047, 543.5957, 131.9849,  1046.3911, 564.4044, 142.4089,  0, 0, 0
L 1050.1266, 524.5525, 127.3332,  1048.3032, 543.5957, 131.9719,  0, 0, 0
L 1052.9653, 509.0766, 120.3773,  1050.1266, 524.5525, 127.1238,  0, 0, 0
L 1051.7755, 500.9473, 117.4995,  1052.9653, 509.0766, 119.8089,  0, 0, 0
L 1051.7755, 500.9473, 117.2345,  1051.7755, 500.9473, 117.4995,  0, 0, 0
L 1041.8347, 486.6436, 112.2357,  1051.7755, 500.9473, 116.7610,  0, 0, 0
L 1041.8347, 486.6436, 112.2357,  1041.8347, 486.6436, 112.2357,  0, 0, 0
L 1036.3361, 472.9878, 109.9192,  1041.8347, 486.6436, 112.2357,  0, 0, 0
L 1022.7042, 453.8233, 109.8431,  1036.3361, 472.9878, 109.9192,  0, 0, 0
L 1019.3542, 451.0284, 105.5855,  1022.7042, 453.8233, 109.4226,  0, 0, 0
L 1009.0833, 441.7328, 98.9596,  1019.3536, 451.0481, 105.2682,  0, 0, 0
L 1000.9780, 433.7664, 93.5861,  1009.0833, 441.7328, 98.8394,  0, 0, 0
L 995.0244, 428.9801, 81.5092,  1000.9780, 433.7664, 93.5861,  0, 0, 0
L 992.5230, 433.3029, 77.7104,  995.0244, 428.9801, 81.1463,  0, 0, 0
L 974.6390, 437.9868, 75.6438,  992.5230, 433.3029, 77.7104,  0, 0, 0
L 962.8195, 426.6591, 60.1883,  974.6390, 437.9868, 75.2751,  0, 0, 0
L 955.6550, 415.0251, 51.1455,  962.8195, 426.6591, 59.8413,  0, 0, 0
L 947.1476, 406.9235, 40.5128,  955.6550, 415.0251, 51.0306,  0, 0, 0
L 941.8802, 406.6173, 33.3594,  947.1476, 406.9235, 40.5128,  0, 0, 0
L 933.5602, 413.7628, 32.8093,  941.8802, 406.6173, 33.3594,  0, 0, 0
L 923.8788, 422.7791, 33.2766,  933.5602, 413.7628, 32.8093,  0, 0, 0
L 918.6422, 437.5017, 33.1009,  923.8788, 422.7791, 33.2766,  0, 0, 0
L 917.1901, 449.6201, 33.4614,  918.6422, 437.5017, 33.1009,  0, 0, 0
L 918.3879, 458.9355, 35.9327,  917.1901, 449.6201, 33.4614,  0, 0, 0
L 920.1221, 472.1935, 39.3860,  918.3879, 458.9355, 35.9327,  0, 0, 0
L 920.1221, 472.1935, 39.3860,  920.1221, 472.1935, 39.3860,  0, 0, 0
L 914.6490, 490.0929, 37.1667,  920.1221, 472.1935, 39.3860,  0, 0, 0
L 895.0477, 505.7368, 42.1531,  914.6490, 490.0929, 37.1667,  0, 0, 0
L 888.1721, 520.8071, 43.5030,  895.0477, 505.7368, 42.1531,  0, 0, 0
L 888.1721, 520.8071, 43.5030,  888.1721, 520.8071, 43.5030,  0, 0, 0
L 876.4474, 534.3569, 48.6691,  888.1721, 520.8071, 43.5030,  0, 0, 0
L 856.3676, 545.6336, 52.6155,  876.4474, 534.3569, 48.6691,  0, 0, 0
L 831.4282, 549.1200, 55.7773,  856.3676, 545.6336, 52.6155,  0, 0, 0
L 807.4280, 549.5294, 56.9955,  831.4282, 549.1200, 55.3460,  0, 0, 0
L 783.6498, 548.3364, 54.0376,  807.4280, 549.5294, 56.9955,  0, 0, 0
L 764.5966, 540.1155, 43.8593,  783.6498, 548.3364, 54.0376,  0, 0, 0
L 756.7631, 537.5745, 43.9023,  764.5966, 540.1155, 43.8593,  0, 0, 0
L 751.7526, 526.0715, 38.8156,  756.7064, 537.6581, 43.6572,  0, 0, 0
L 742.4568, 518.9670, 36.6919,  751.7526, 526.0715, 38.8156,  0, 0, 0
L 728.2354, 515.1596, 41.8319,  742.4568, 518.9670, 36.6919,  0, 0, 0
L 711.8483, 512.9511, 44.1806,  728.2354, 515.1596, 41.8319,  0, 0, 0
L 697.5583, 509.0213, 47.6070,  711.8483, 512.9511, 44.1806,  0, 0, 0
L 692.8378, 498.5784, 50.5942,  697.5583, 509.0213, 47.6070,  0, 0, 0
L 690.0566, 478.8833, 54.8110,  692.8378, 498.5784, 50.5942,  0, 0, 0
L 687.6942, 460.2209, 56.6254,  690.0566, 478.8833, 54.7690,  0, 0, 0
L 683.2318, 448.2309, 60.4253,  687.6942, 460.2209, 56.6254,  0, 0, 0
L 676.8857, 440.9295, 60.1385,  683.2318, 448.2309, 60.4253,  0, 0, 0
L 669.5026, 429.5118, 67.2143,  676.8857, 440.9295, 60.1385,  0, 0, 0
L 663.4490, 415.9077, 75.6604,  669.5026, 429.5118, 67.2143,  0, 0, 0
L 660.2355, 400.2851, 81.7398,  663.4490, 415.9077, 75.6604,  0, 0, 0
L 660.8179, 380.1824, 87.3978,  660.2355, 400.2851, 81.7398,  0, 0, 0
L 666.4276, 365.6654, 79.1900,  660.8179, 380.1824, 87.1653,  0, 0, 0
L 667.3756, 327.9064, 67.0102,  666.4276, 365.6654, 78.9162,  0, 0, 0
L 672.5326, 295.2661, 37.5490,  676.9815, 307.8442, 38.5549,  0, 0, 0
L 666.7659, 288.8628, 38.3234,  672.5326, 295.2661, 37.5490,  0, 0, 0
L 657.5359, 280.5385, 40.6322,  666.7659, 288.8628, 38.3234,  0, 0, 0
L 657.5359, 280.5385, 40.6322,  657.5359, 280.5385, 40.6322,  0, 0, 0
L 649.5789, 273.6866, 43.2259,  657.5359, 280.5385, 40.6322,  0, 0, 0
L 640.6846, 265.7210, 44.8279,  649.5789, 273.6866, 43.2259,  0, 0, 0
L 635.1929, 255.6104, 45.5306,  640.6846, 265.7210, 44.8279,  0, 0, 0
L 632.2385, 248.5860, 48.4518,  635.1929, 255.6104, 45.5306,  0, 0, 0
L 630.1207, 237.7007, 49.7801,  632.2385, 248.5860, 48.4518,  0, 0, 0
L 631.9677, 224.3890, 49.5863,  630.1207, 237.7007, 49.7801,  0, 0, 0
L 633.4186, 214.1492, 49.8927,  631.9677, 224.3890, 49.5863,  0, 0, 0
L 641.9465, 204.3409, 51.1796,  633.4186, 214.1492, 49.8927,  0, 0, 0
L 657.0251, 200.4832, 54.8400,  641.9452, 204.3393, 51.1431,  0, 0, 0
L 670.5554, 204.6454, 56.1469,  657.0251, 200.4832, 54.8400,  0, 0, 0
L 682.0142, 207.1525, 57.0633,  670.5554, 204.6454, 56.1469,  0, 0, 0
L 689.7999, 207.9193, 57.6538,  682.0142, 207.1525, 57.0633,  0, 0, 0
L 695.3759, 207.0434, 58.3586,  689.7999, 207.9193, 57.6538,  0, 0, 0
L 699.8761, 203.8360, 60.1498,  695.3759, 207.0434, 58.3586,  0, 0, 0
L 699.7150, 186.4185, 62.0179,  699.8761, 203.8360, 60.1498,  0, 0, 0
L 681.6870, 194.1385, 67.2039,  699.7150, 186.4185, 68.3891,  0, 0, 0
L 669.0717, 197.6091, 66.4919,  681.6870, 194.1385, 67.2039,  0, 0, 0
L 657.7756, 198.1684, 66.3756,  669.1302, 197.7354, 66.1830,  0, 0, 0
L 642.7484, 197.5654, 68.8617,  657.7756, 198.1684, 66.3756,  0, 0, 0
L 631.7742, 195.4292, 66.8193,  642.7484, 197.5654, 68.8624,  0, 0, 0
L 621.2607, 189.4352, 66.3215,  631.7742, 195.4292, 66.8202,  0, 0, 0
L 612.3932, 185.6058, 64.5064,  621.2607, 189.4498, 65.8502,  0, 0, 0
L 603.9619, 185.1450, 66.8756,  612.3932, 185.6058, 64.5064,  0, 0, 0
L 595.1127, 185.2585, 68.8692,  603.9619, 185.1450, 66.8756,  0, 0, 0
L 586.4552, 189.0453, 69.1552,  595.1127, 185.2585, 68.8692,  0, 0, 0
L 580.4611, 195.0331, 68.4767,  586.4552, 189.0453, 68.8734,  0, 0, 0
L 575.1014, 202.1552, 69.0609,  580.4611, 195.0331, 68.4767,  0, 0, 0
L 574.7770, 205.8836, 68.4857,  575.1014, 202.1552, 69.0609,  0, 0, 0
L 572.2380, 214.6682, 70.1931,  574.7814, 205.8847, 68.1616,  0, 0, 0
L 572.3290, 222.5741, 71.2590,  572.2380, 214.6682, 70.1931,  0, 0, 0
L 571.5820, 235.3952, 73.9730,  572.3290, 222.5741, 71.2590,  0, 0, 0
L 569.7796, 247.0763, 76.0523,  571.5820, 235.3952, 73.9730,  0, 0, 0
L 567.2683, 256.5370, 74.9887,  569.7796, 247.0763, 76.0528,  0, 0, 0
L 567.2683, 256.5370, 74.9888,  567.2683, 256.5370, 74.9887,  0, 0, 0
L 561.0831, 268.6067, 71.9221,  567.2683, 256.5370, 74.9896,  0, 0, 0
L 554.7050, 281.1392, 72.1791,  561.0831, 268.6067, 71.9221,  0, 0, 0
L 545.6160, 292.3637, 72.8389,  554.7050, 281.1392, 72.1791,  0, 0, 0
L 535.8282, 297.9636, 70.6230,  545.6788, 292.4204, 72.7427,  0, 0, 0
L 501.4456, 315.8035, 67.6701,  507.6533, 313.2553, 66.3637,  0, 0, 0
L 493.3416, 315.4904, 66.9794,  501.4633, 315.8615, 67.3635,  0, 0, 0
L 484.4637, 315.7055, 67.5979,  493.3412, 315.5489, 66.7474,  0, 0, 0
L 473.6425, 317.2224, 71.0275,  484.4637, 315.7055, 67.5979,  0, 0, 0
L 470.0326, 320.8118, 70.4380,  473.6425, 317.2224, 71.0275,  0, 0, 0
L 466.8328, 323.6110, 68.4643,  470.0326, 320.8118, 70.4380,  0, 0, 0
L 464.4297, 324.3549, 52.9817,  466.8328, 323.6110, 68.4643,  0, 0, 0
L 461.1654, 334.0565, 52.7707,  464.4297, 324.3549, 52.9817,  0, 0, 0
L 455.4635, 344.4308, 52.2343,  461.1654, 334.0565, 52.7707,  0, 0, 0
L 456.1965, 348.5467, 52.2336,  455.4635, 344.4308, 52.2343,  0, 0, 0
L 456.7371, 350.9346, 53.8689,  456.1965, 348.5467, 52.2336,  0, 0, 0
L 457.3054, 357.8015, 53.7662,  456.7371, 350.9346, 53.8689,  0, 0, 0
L 451.6746, 369.6236, 55.6785,  457.3054, 357.8015, 53.7662,  0, 0, 0
L 449.4843, 381.9826, 56.2614,  451.6746, 369.6236, 55.6785,  0, 0, 0
L 443.5735, 389.4728, 58.5223,  449.4843, 381.9826, 56.2614,  0, 0, 0
L 443.5735, 389.4728, 58.5223,  443.5735, 389.4728, 58.5223,  0, 0, 0
L 433.2113, 399.3334, 58.9672,  443.5735, 389.4728, 58.5223,  0, 0, 0
L 418.8157, 408.2911, 57.7501,  433.2113, 399.3334, 58.9672,  0, 0, 0
L 408.3623, 417.0713, 56.6477,  418.8157, 408.2911, 57.7501,  0, 0, 0
L 399.3127, 424.0864, 56.5328,  408.3623, 417.0713, 56.6477,  0, 0, 0
L 383.5313, 427.8173, 56.1964,  399.3127, 424.0864, 56.5328,  0, 0, 0
L 375.3662, 427.8559, 50.8994,  383.5392, 427.8362, 55.9641,  0, 0, 0
L 361.0944, 430.7255, 53.3789,  375.3662, 427.8559, 50.8994,  0, 0, 0
L 349.9861, 430.0283, 52.0076,  361.0944, 430.7255, 53.3789,  0, 0, 0
L 338.6941, 425.6635, 54.2511,  349.9861, 430.0283, 52.0076,  0, 0, 0
L 333.1272, 420.2658, 53.1556,  338.6941, 425.6635, 54.2511,  0, 0, 0
L 326.1208, 411.5908, 51.2554,  333.1272, 420.2658, 53.1556,  0, 0, 0
L 318.4048, 411.6389, 47.9086,  326.1208, 411.5908, 51.2554,  0, 0, 0
L 312.3853, 413.9497, 50.6064,  318.4048, 411.6389, 47.9086,  0, 0, 0
L 306.3298, 418.8929, 53.9215,  312.3853, 413.9497, 50.6064,  0, 0, 0
L 299.4792, 425.9432, 57.5540,  306.3298, 418.8929, 53.9215,  0, 0, 0
L 292.1292, 433.0397, 61.1930,  299.4792, 425.9432, 57.5540,  0, 0, 0
L 282.4595, 438.7590, 64.4366,  292.1292, 433.0397, 61.1930,  0, 0, 0
L 274.3915, 442.0754, 70.4506,  282.4595, 438.7590, 64.4374,  0, 0, 0
L 261.1930, 443.2083, 80.1757,  274.3915, 442.0754, 70.4506,  0, 0, 0
L 256.9091, 442.6605, 82.6527,  261.2022, 443.2267, 80.1301,  0, 0, 0
L 254.0526, 441.6210, 81.9538,  256.9091, 442.6605, 82.6527,  0, 0, 0
L 251.0481, 441.7076, 83.6363,  254.0526, 441.6210, 81.9538,  0, 0, 0
L 248.2490, 444.0539, 84.5068,  251.0481, 441.7076, 83.6363,  0, 0, 0
L 248.7912, 446.0233, 85.0729,  248.2490, 444.0539, 84.5068,  0, 0, 0
L 248.9915, 449.2998, 86.2310,  248.7912, 446.0233, 85.0729,  0, 0, 0
L 243.0906, 456.7476, 86.1604,  248.9915, 449.2998, 85.8839,  0, 0, 0
L 236.1228, 464.7897, 86.1859,  243.0906, 456.7476, 85.6802,  0, 0, 0
L 226.7514, 472.5489, 90.0363,  236.1228, 464.7897, 86.1859,  0, 0, 0
L 215.3851, 477.0475, 93.9696,  226.7514, 472.5489, 90.0363,  0, 0, 0
L 204.2205, 482.5920, 98.9835,  215.3851, 477.0475, 93.9696,  0, 0, 0
L 194.2519, 485.1877, 99.8733,  204.2205, 482.5920, 98.9835,  0, 0, 0
L 176.2285, 488.7795, 101.9374,  194.2519, 485.1877, 99.8733,  0, 0, 0
L 163.6994, 487.4672, 104.3668,  176.2285, 488.7795, 101.9378,  0, 0, 0
L 149.4904, 486.1575, 107.7934,  163.6994, 487.4672, 104.3668,  0, 0, 0
L 141.8168, 486.0458, 108.5938,  149.4904, 486.1835, 107.5382,  0, 0, 0
L 131.7165, 483.6050, 112.3790,  141.8168, 486.0458, 108.5947,  0, 0, 0
L 124.2986, 480.0385, 117.3620,  131.7165, 483.6050, 112.3790,  0, 0, 0
L 113.5425, 475.3634, 121.5836,  124.2986, 480.0385, 117.3620,  0, 0, 0
L 107.2620, 469.1306, 124.2643,  113.5425, 475.3634, 121.5836,  0, 0, 0
L 105.3127, 466.5981, 124.1494,  107.2620, 469.1306, 124.2643,  0, 0, 0
L 104.2768, 462.4902, 126.4316,  105.3127, 466.5981, 124.1494,  0, 0, 0
L 104.2752, 462.4855, 126.4410,  104.2768, 462.4902, 126.4316,  0, 0, 0
L 110.9083, 458.2807, 124.9486,  104.2769, 462.4870, 126.4278,  0, 0, 0
L 112.7925, 456.2428, 123.8348,  110.9083, 458.2807, 124.9486,  0, 0, 0
L 114.2809, 453.3217, 126.1884,  112.7925, 456.2428, 123.8348,  0, 0, 0
L 115.3461, 452.1164, 125.5869,  114.2809, 453.3217, 126.1884,  0, 0, 0
L 123.3296, 455.4829, 121.3369,  115.3461, 452.1164, 125.5742,  0, 0, 0
L 132.2851, 459.9217, 118.6613,  123.3296, 455.4829, 121.3369,  0, 0, 0
L 140.8549, 464.3544, 114.5649,  132.2851, 459.9217, 118.2112,  0, 0, 0
L 148.0162, 465.0325, 109.3572,  140.8549, 464.3544, 114.5649,  0, 0, 0
L 159.9754, 466.0580, 106.8657,  148.0162, 465.0325, 109.3572,  0, 0, 0
L 169.5792, 466.8522, 103.9781,  159.9778, 466.0495, 106.7831,  0, 0, 0
L 181.0127, 468.6747, 98.9557,  169.5792, 466.8522, 103.8462,  0, 0, 0
L 185.8489, 466.7676, 97.5972,  181.0127, 468.6747, 98.9557,  0, 0, 0
L 198.9601, 459.6557, 93.6812,  185.8489, 466.7676, 96.9370,  0, 0, 0
L 208.7987, 455.6872, 91.5292,  198.9601, 459.6557, 93.5417,  0, 0, 0
L 208.7987, 455.6872, 91.5292,  208.7987, 455.6872, 91.5292,  0, 0, 0
L 217.2818, 450.4441, 92.5628,  208.7987, 455.6872, 91.5292,  0, 0, 0
L 219.5865, 447.9580, 88.5380,  217.2818, 450.4441, 92.5636,  0, 0, 0
L 224.9243, 442.9775, 86.3122,  219.5865, 447.9580, 88.5380,  0, 0, 0
L 229.6987, 438.3980, 83.9961,  224.9243, 442.9775, 86.3122,  0, 0, 0
L 229.5352, 433.6122, 83.0219,  229.6987, 438.3980, 83.9961,  0, 0, 0
L 225.9113, 427.8605, 83.4490,  229.5352, 433.6122, 83.0219,  0, 0, 0
L 224.4727, 417.9999, 82.9526,  225.9113, 427.8605, 83.4490,  0, 0, 0
L 229.5793, 408.8599, 78.3452,  224.4727, 417.9999, 82.9526,  0, 0, 0
L 231.3575, 401.1530, 75.0339,  229.5793, 408.8599, 78.0378,  0, 0, 0
L 231.0228, 399.8669, 74.0507,  231.3575, 401.1530, 75.0339,  0, 0, 0
L 228.8479, 397.2020, 72.0337,  231.0228, 399.8669, 74.0507,  0, 0, 0
L 220.8745, 393.2130, 73.3252,  228.8479, 397.2020, 72.0337,  0, 0, 0
L 214.6344, 388.9420, 71.8782,  220.8745, 393.2130, 73.3252,  0, 0, 0
L 206.0546, 389.8819, 45.2483,  214.6344, 388.9420, 42.2158,  0, 0, 0
L 196.9014, 388.3936, 41.9355,  206.0546, 389.8819, 45.2483,  0, 0, 0
L 190.6710, 385.2358, 41.9302,  196.9014, 388.3936, 41.9355,  0, 0, 0
L 190.6710, 385.2358, 41.7675,  190.6710, 385.2358, 41.9302,  0, 0, 0
L 184.0428, 378.9761, 40.4008,  190.6710, 385.2358, 41.3125,  0, 0, 0
L 178.7469, 375.2894, 40.1994,  184.0428, 378.9761, 40.1606,  0, 0, 0
L 173.0534, 374.2397, 39.8663,  178.7469, 375.2894, 40.1994,  0, 0, 0
L 165.9606, 370.3733, 39.1790,  173.0513, 374.2967, 39.5550,  0, 0, 0
L 163.7300, 365.1472, 39.8995,  165.9582, 370.3799, 38.8415,  0, 0, 0
L 163.3439, 360.9952, 37.7971,  163.7287, 365.1576, 39.5210,  0, 0, 0
L 161.0714, 357.5636, 38.3496,  163.3439, 360.9952, 37.7971,  0, 0, 0
L 158.7564, 356.6540, 38.2346,  161.0714, 357.5636, 38.3496,  0, 0, 0
L 153.9732, 356.1859, 38.0780,  158.7564, 356.6540, 38.2346,  0, 0, 0
L 146.8084, 357.0198, 39.2638,  153.9732, 356.1859, 38.0780,  0, 0, 0
L 136.2103, 358.7817, 39.7962,  146.8084, 357.0198, 39.2638,  0, 0, 0
L 123.6040, 354.9326, 42.0530,  136.2103, 358.7817, 39.4157,  0, 0, 0
L 115.1932, 347.8268, 45.0897,  123.6040, 354.9326, 42.0530,  0, 0, 0
L 112.5566, 343.0664, 45.4321,  115.1932, 347.8271, 44.6261,  0, 0, 0
L 109.4319, 337.7535, 44.0713,  112.5566, 343.0664, 45.1859,  0, 0, 0
L 106.6625, 336.1956, 43.0201,  109.4319, 337.7535, 43.8108,  0, 0, 0
L 104.1883, 336.6678, 42.1398,  106.6625, 336.1956, 43.0201,  0, 0, 0
L 97.3515, 337.0522, 38.5073,  104.1895, 336.7041, 42.0809,  0, 0, 0
L 86.9048, 339.6269, 38.6885,  97.3515, 337.0522, 38.0307,  0, 0, 0
L 76.3700, 342.6242, 39.5173,  86.9330, 339.7108, 38.3224,  0, 0, 0
L 63.2516, 339.5916, 41.4072,  76.3829, 342.7081, 39.0831,  0, 0, 0
L 53.0086, 337.5912, 43.0071,  63.2516, 339.5916, 41.4072,  0, 0, 0
L 45.2111, 335.2646, 43.0802,  53.0086, 337.5912, 42.5272,  0, 0, 0
L 34.9955, 334.7754, 43.3239,  45.2111, 335.2646, 42.7166,  0, 0, 0
L 21.2280, 328.3977, 40.0035,  34.9955, 334.7754, 43.3239,  0, 0, 0
L 8.6013, 321.3744, 39.9273,  21.1819, 328.5124, 39.6213,  0, 0, 0
L 1.1069, 311.7248, 44.3619,  8.5841, 321.4075, 39.8579,  0, 0, 0
L -8.0548, 301.2782, 48.0816,  1.1069, 311.7248, 44.3619,  0, 0, 0
L -15.2066, 289.8085, 49.4517,  -8.0548, 301.2782, 48.0816,  0, 0, 0
L -19.0632, 280.3354, 49.1980,  -15.2066, 289.8085, 49.1179,  0, 0, 0
L -22.8842, 269.1010, 49.6322,  -19.0632, 280.3354, 49.1980,  0, 0, 0
L -22.6504, 259.4195, 44.4803,  -22.9236, 269.0971, 49.1978,  0, 0, 0
L -22.1403, 246.5243, 42.5699,  -22.6504, 259.4195, 44.1567,  0, 0, 0
L -22.0503, 235.0283, 42.7436,  -22.1403, 246.5243, 42.5699,  0, 0, 0
L -19.1179, 224.7307, 42.0860,  -22.0503, 235.0283, 42.7436,  0, 0, 0
L -14.3758, 214.1579, 38.9278,  -19.2121, 224.6957, 41.6765,  0, 0, 0
L -8.8918, 208.1911, 36.7032,  -14.3758, 214.1579, 38.9278,  0, 0, 0
L -0.8343, 198.3861, 35.7960,  -8.8918, 208.1911, 36.7032,  0, 0, 0
L 4.1076, 194.4047, 31.3118,  -0.8343, 198.3861, 35.7965,  0, 0, 0
L 11.2345, 189.3387, 27.9180,  4.1076, 194.4047, 31.3017,  0, 0, 0
L 21.9157, 181.9424, 26.2113,  11.2173, 189.3167, 27.8264,  0, 0, 0
L 26.5452, 179.5376, 25.7939,  21.9157, 181.9424, 26.2113,  0, 0, 0
L 30.5330, 176.6384, 23.6791,  26.5452, 179.5376, 25.2453,  0, 0, 0
L 36.1835, 171.0177, 22.6630,  30.5297, 176.6378, 23.1877,  0, 0, 0
L 36.1835, 171.0177, 22.6630,  36.1835, 171.0177, 22.6630,  0, 0, 0
L 40.5554, 165.4721, 22.8499,  36.1835, 171.0177, 22.6630,  0, 0, 0
L 43.8049, 159.1298, 23.3034,  40.5554, 165.4721, 22.8499,  0, 0, 0
L 44.9947, 154.3001, 22.8941,  43.8049, 159.1298, 23.3034,  0, 0, 0
L 46.4772, 148.2275, 22.3370,  44.9947, 154.3001, 22.8941,  0, 0, 0
L 45.4469, 140.7597, 22.1152,  46.4772, 148.2275, 22.3370,  0, 0, 0
L 41.4653, 132.5091, 19.9241,  45.4469, 140.7597, 22.1154,  0, 0, 0
L 35.0418, 123.0684, 19.9523,  41.4653, 132.5091, 19.9243,  0, 0, 0
L 26.9859, 117.0313, 19.2289,  35.0418, 123.0684, 19.9523,  0, 0, 0
L 17.2746, 111.5144, 19.4049,  26.9859, 117.0313, 19.2291,  0, 0, 0
L 10.8342, 106.9104, 23.7516,  17.2613, 111.5466, 19.1268,  0, 0, 0
L 4.8746, 97.5567, 21.5141,  10.8342, 106.9104, 23.7518,  0, 0, 0
L -2.0908, 86.6177, 20.4471,  4.8746, 97.5567, 21.5141,  0, 0, 0
L -7.3126, 75.9565, 21.0550,  -2.0908, 86.6177, 20.4471,  0, 0, 0
L -9.9008, 67.6665, 21.7570,  -7.3126, 75.9565, 21.0550,  0, 0, 0
L -12.6001, 57.8233, 19.0038,  -9.9008, 67.6665, 21.7570,  0, 0, 0
L -13.4127, 49.1750, 19.6008,  -12.6001, 57.8233, 19.0038,  0, 0, 0
L -18.9308, 30.9577, 50.4978,  -24.6751, 26.8612, 50.5007,  0, 0, 0
L -8.8875, 39.5010, 18.5682,  -18.9308, 30.9577, 50.4985,  0, 0, 0
L -11.2277, 42.4472, 20.0973,  -8.8875, 39.5010, 18.5682,  0, 0, 0
L -13.5162, 49.0288, 21.1118,  -11.2277, 42.4472, 20.0973,  0, 0, 0
L 7.8049, 36.1609, 10.5750,  10.3286, 35.2725, 9.9165,  0, 0, 0
L 8.6733, 39.4440, 17.1020,  7.8049, 36.1609, 10.5750,  0, 0, 0
L 10.3636, 42.5508, 17.3342,  8.7186, 39.4342, 16.6407,  0, 0, 0
L 13.6542, 48.2551, 18.0223,  10.3839, 42.5391, 17.2359,  0, 0, 0
L 17.9622, 61.2400, 18.0179,  13.6542, 48.2551, 18.0225,  0, 0, 0
L 20.0287, 71.5322, 16.4526,  17.9622, 61.2400, 18.0181,  0, 0, 0
L 25.5993, 82.3821, 19.9513,  20.0287, 71.5322, 16.4527,  0, 0, 0
L 18.9795, 31.0729, 49.5067,  10.3286, 35.2725, 50.4991,  0, 0, 0
L 27.7936, 23.9390, 42.7332,  19.0082, 31.1138, 48.9176,  0, 0, 0
L 34.6241, 13.3248, 29.5782,  27.7936, 23.9390, 42.7332,  0, 0, 0
L 39.4769, 8.7463, 17.0885,  34.6241, 13.3248, 29.5782,  0, 0, 0
L 46.8609, 12.1840, 16.1101,  39.4769, 8.7463, 16.8333,  0, 0, 0
L 48.3116, 12.8996, 15.9784,  46.8609, 12.1840, 16.1104,  0, 0, 0
L 58.1516, 17.0526, 14.6489,  48.2790, 12.9743, 15.6590,  0, 0, 0
L 68.8474, 21.8743, 12.8575,  58.1516, 17.0526, 14.6491,  0, 0, 0
L 78.4320, 27.8470, 5.9122,  68.8474, 21.8743, 12.5404,  0, 0, 0
L 82.8563, 36.8726, 6.9539,  78.4320, 27.8470, 5.9123,  0, 0, 0
L 33.9721, -15.1155, 17.2178,  31.4834, -18.6698, 18.0574,  0, 0, 0
L 34.9225, -12.4249, 16.7888,  33.9721, -15.1155, 17.2178,  0, 0, 0
L 36.0039, -9.1605, 16.3515,  34.9225, -12.4249, 16.7888,  0, 0, 0
L 39.3960, -8.7671, 17.3082,  36.0039, -9.1605, 16.3515,  0, 0, 0
L 72.0768, -7.3763, 17.1205,  84.5569, -0.0236, 12.8400,  0, 0, 0
L 53.9714, -12.3103, 18.5681,  72.0768, -7.3763, 17.1205,  0, 0, 0
L 39.3960, -8.7443, 17.5224,  53.9714, -12.3103, 18.5681,  0, 0, 0
L -25.9609, 25.9609, 50.5013,  -22.3983, 28.4601, 50.4224,  0, 0, 0
L -29.1975, 21.3386, 50.5021,  -25.9609, 25.9609, 50.5017,  0, 0, 0
L -33.8500, 14.5598, 50.5004,  -29.1975, 21.3386, 50.5025,  0, 0, 0
L -36.9670, 5.1505, 50.5011,  -33.8500, 14.5598, 50.5007,  0, 0, 0
L -36.9670, -2.5320, 50.5002,  -36.9689, 5.1508, 50.4761,  0, 0, 0
L -33.7650, -14.8159, 50.5025,  -36.9670, -2.5320, 50.5007,  0, 0, 0
L -32.1456, -17.1286, 50.5021,  -33.7779, -14.8216, 50.3159,  0, 0, 0
L -25.9781, -25.9769, 50.1917,  -32.1616, -17.1396, 50.2402,  0, 0, 0
L -17.9470, -31.5729, 50.5020,  -25.9990, -25.9917, 49.8446,  0, 0, 0
L -11.8270, -34.7557, 50.5020,  -17.9470, -31.5729, 50.5025,  0, 0, 0
L 2.0645, -36.9675, 50.5024,  -11.8270, -34.7557, 50.5020,  0, 0, 0
L 19.2313, -30.6742, 50.4999,  2.0645, -36.9675, 50.5024,  0, 0, 0
L 31.4834, -18.6698, 50.5010,  19.2313, -30.6742, 50.5004,  0, 0, 0
L 706.0930, 145.0488, 30.0568,  702.5735, 166.7681, 35.9178,  0, 0, 0
L 710.2485, 124.2217, 35.1477,  706.0930, 145.0488, 30.0568,  0, 0, 0
L 719.5547, 106.0207, 40.6089,  710.2485, 124.2217, 35.1477,  0, 0, 0
L 737.0244, 99.6911, 40.3973,  719.5547, 106.0207, 40.6089,  0, 0, 0
L 767.9448, 102.7162, 41.8873,  737.0244, 99.6911, 40.3973,  0, 0, 0
