P 0.0000, 0.0000, 0.0000,  0, 0, 0,  1,  å„ﬂw›fâr
P -2.6228, 2.2486, 36.7080,  0, 240, 0,  1,  Zone_in_from_Grounds
P 283.4176, 63.2193, -11.6084,  0, 127, 0,  1,  Fake_wall_(1_way)
P 253.2177, 52.0813, -12.0064,  0, 127, 0,  1,  Pit
P 348.0027, 66.5559, -85.4021,  0, 127, 0,  1,  Pit
P 336.3193, -10.2483, -40.3560,  240, 0, 0,  1,  Dahlmar_Raltend_(Quests)
P 39.4683, -0.0153, 14.0620,  0, 127, 0,  1,  fake_wall
P -2.4665, 44.3810, 13.8043,  0, 127, 0,  1,  fake_wall
P 15.1284, 67.0028, 13.0784,  240, 0, 0,  1,  Mortimer_(Raid)
P 259.4976, 427.9927, 37.7926,  240, 0, 0,  1,  Retta_Kole_(Quests)
P 351.3646, 246.2016, 28.6906,  240, 0, 0,  1,  Fallen_Soul_(Mission)
P 695.6533, 175.7987, 59.8080,  127, 64, 0,  1,  fake_wall_(1_way)
P 781.1095, 518.0997, 15.9434,  240, 0, 0,  1,  Dtaemi_(Quests)
P 862.5817, 157.2331, 17.8781,  240, 0, 0,  1,  Morrin_Fredricks_(Quests)
P 972.4941, 388.4120, 22.4959,  0, 240, 0,  1,  Grounds
P 745.9335, 289.0184, 6.6140,  0, 127, 0,  1,  Fetid_Spider
P 659.8301, 314.1239, 26.6292,  240, 0, 0,  1,  Traelphor_(Quest)
P 161.2390, 324.1264, 32.2401,  0, 127, 0,  1,  Frostbitten
