P -209.1180, 207.3220, 104.3540,  240, 0, 0,  1,  Captain_Klegor
P -756.1580, 460.7430, 160.5910,  240, 0, 0,  1,  Commander_Olag
P 1076.6300, -1131.7490, 65.8940,  255, 0, 0,  1,  Slave_Driver_Skeliz
P 560.3440, 968.6720, 99.2690,  240, 0, 0,  1,  Reknid_the_Tower_Watcher
P 425.9680, 1133.6379, 33.9420,  240, 0, 0,  1,  The_Drachnid_Champion
P -17.8660, 999.2780, 71.4860,  240, 0, 0,  1,  Drillak_the_Slayer
P 1395.5300, 731.7690, 0.1960,  240, 0, 0,  1,  Stonebite
P 1439.8330, 939.5400, 3.3950,  240, 0, 0,  1,  The_Drained_Shiliskin_Captain
P 1479.8149, -1109.7380, 97.4510,  240, 0, 0,  1,  Zoriles_the_Champion
P -1317.0341, -465.6710, 72.2760,  240, 0, 0,  1,  The_Shadow_Guardian
P -858.2580, 682.1140, 38.7800,  240, 240, 0,  1,  Shadowalker_Dustspirit
P -913.1060, 678.1230, 35.4330,  240, 240, 0,  1,  Spiritualist_Ryianna
P -890.7330, 612.5630, 20.6230,  240, 240, 0,  1,  Watcher_Shadowfang
P -810.2150, 589.3340, 20.5850,  240, 240, 0,  1,  Watcher_Greypaw
P -770.7780, 645.1870, 36.6070,  240, 240, 0,  1,  Scout_Whiteclaw
P 956.0740, -74.9520, 4.3910,  240, 240, 0,  1,  Nightmoon
P 1138.9380, -1070.4130, 2.8360,  240, 240, 0,  1,  Cutfang
P 1632.5680, -743.0980, 4.8850,  240, 240, 0,  1,  Sintal
P 1742.7581, -953.5990, 11.3650,  240, 240, 0,  1,  Illusionist_Zimix
P 1798.0291, -841.8400, 5.1390,  240, 240, 0,  1,  Calisar
P 1777.7670, -764.4870, 3.7080,  240, 240, 0,  1,  Fihtzen
P 599.3600, -405.4150, 63.8890,  240, 240, 0,  1,  Researcher_Briznek
P 1158.1750, -259.3280, -94.3320,  240, 0, 0,  1,  Grokui
P 1733.1810, 195.7020, 19.8200,  240, 240, 0,  1,  Meldrek
P 1851.7510, -702.0670, 5.7880,  240, 240, 0,  1,  Kelliad
P 1134.7220, -1101.1270, -82.0890,  0, 240, 0,  3,  Instance
P 416.3180, 44.9070, 60.3100,  0, 240, 0,  3,  to_The_Hive
P 2209.5710, -558.7760, 951.3020,  0, 240, 0,  3,  to_Undershore
P 947.6600, 391.1070, 31.4230,  0, 240, 0,  3,  _Instance
P -33.5310, 1001.5950, 71.2260,  0, 240, 0,  3,  Instance
P 798.8190, 1561.6100, 358.8580,  0, 240, 0,  3,  to_The_Hive
P 1800.2300, -454.6200, 14.0500,  0, 0, 0,  1,  The_Deeping_Way_Trade_Route
P 1044.0500, -170.6300, 9.7100,  0, 0, 0,  1,  The_Living_Isles
P 30.4700, 975.0200, 54.2000,  0, 0, 0,  1,  The_Ruins_of_Xill
P 1514.3900, 928.4000, 15.0700,  0, 0, 0,  1,  Versarin
P 1198.9680, 70.9980, 63.4640,  240, 240, 0,  1,  Widdlethorpe_Gemfinder
P 542.0010, 973.1460, 129.2600,  240, 127, 0,  1,  Assistant_Savil's_corpse
P -1475.5830, -565.1230, 65.7640,  240, 0, 0,  1,  Throatripper
P -1065.8120, -303.8120, 13.8170,  240, 0, 0,  1,  Squeakers
P -18.1250, 25.5630, -0.0280,  240, 0, 0,  1,  Krage_the_Lake_Champion
P 1436.2271, 463.6060, 0.0020,  0, 0, 240,  1,  The_Coral_Bog
P 416.3180, 44.9070, 60.3100,  0, 240, 0,  3,  Instance
P 389.6750, 499.5510, 42.5290,  0, 240, 0,  3,  Underwater_entrance_to_the_Hive
